1750927643.599994898 0.038847511 0.005149489 -0.054292052 0.049799808 0.027927308 0.047538820 0.997236233 0.792503167 0.115878699 -1.003233029
1750927643.699995041 0.114817328 0.036241453 -0.171263293 0.174772669 0.073125508 0.208665020 0.959461351 0.683213714 -0.230507800 -0.757481677
1750927643.799994946 0.166297552 0.086948244 -0.246801821 0.258788293 0.113006252 0.360499288 0.888987328 0.535641038 -0.370786137 -0.551387357
1750927643.899995089 0.180144705 0.117444172 -0.287061307 0.274674107 0.194248897 0.443351587 0.830819397 0.445083436 -0.290479715 -0.372600580
1750927643.999994993 0.195967333 0.142369061 -0.329035926 0.286054685 0.283884005 0.500110462 0.766467295 0.409347203 -0.232953909 -0.249624803
1750927644.099994898 0.196368152 0.181591300 -0.372786869 0.318697168 0.383375467 0.539514086 0.678513020 0.452649514 -0.241771623 -0.047813584
1750927644.199995041 0.202505771 0.222168768 -0.400196791 0.298711381 0.501070497 0.572507425 0.576138105 0.412438207 -0.140780635 0.324104534
1750927644.299993992 0.247330974 0.275325662 -0.401836562 0.209573192 0.589838674 0.609217803 0.486850165 0.135533887 0.005677976 0.629520461
1750927644.399993896 0.318360487 0.320605121 -0.365886778 0.086239826 0.581425321 0.637600278 0.497969049 -0.080532847 -0.065340720 0.619287874
1750927644.499994040 0.378100879 0.354134028 -0.333898347 -0.040806448 0.541229547 0.642848073 0.540510653 -0.111220197 -0.260106229 0.358415382
1750927644.599993944 0.392075812 0.348627699 -0.346058661 -0.042196117 0.552406160 0.633143778 0.540551458 -0.096344071 -0.345030098 0.016572341
1750927644.699994087 0.419816702 0.329373515 -0.393269332 0.003204637 0.598907108 0.595958845 0.534914069 -0.207692960 -0.418266303 -0.220797349
1750927644.799993992 0.441428787 0.268730787 -0.422025418 0.073079196 0.635183924 0.533693483 0.553508880 -0.430967157 -0.421780049 -0.273343031
1750927644.899993896 0.454037197 0.175720620 -0.412525128 0.133517318 0.649398236 0.430754674 0.612295245 -0.624601745 -0.357527189 -0.210841705
1750927644.999994040 0.449592627 0.099711910 -0.381071648 0.171513250 0.654565526 0.337345840 0.654465401 -0.717977638 -0.247118144 -0.103344837
1750927645.099993944 0.446995981 0.043194177 -0.337721184 0.195277926 0.644321040 0.276428462 0.685787309 -0.743921934 -0.089836323 -0.002542728
1750927645.199994087 0.450679301 -0.003174081 -0.271615519 0.201799960 0.607012342 0.248104009 0.727500648 -0.745180252 0.051712380 0.091480997
1750927645.299993992 0.452391780 -0.034426503 -0.200466561 0.188245175 0.566268360 0.231436178 0.768336641 -0.734057422 0.126887686 0.151141938
1750927645.399992943 0.437673913 -0.061989898 -0.132615334 0.173542630 0.534687796 0.194018350 0.803958206 -0.660595612 0.112087783 0.141951582
1750927645.499993086 0.423276766 -0.084466128 -0.058853468 0.118218827 0.504951026 0.147849076 0.842133850 -0.483559732 0.005348081 0.020334959
1750927645.599992990 0.405370416 -0.094628368 -0.030486537 0.060067514 0.455046301 0.146666012 0.876249872 -0.261488719 -0.015995289 -0.200256562
1750927645.699992895 0.366105748 -0.103291562 -0.053956411 0.049664697 0.404412357 0.179576751 0.895397260 -0.134985941 0.061443989 -0.483820844
1750927645.799993038 0.311148492 -0.102325251 -0.102705474 0.066819201 0.371500557 0.208550296 0.902235725 -0.146622649 0.184555347 -0.669739650
1750927645.899992943 0.237032271 -0.086948934 -0.143182207 0.083726899 0.354212575 0.211540034 0.907068946 -0.214131010 0.331908551 -0.669501876
1750927645.999993086 0.153297551 -0.061310279 -0.159853163 0.092064109 0.334985958 0.186457429 0.918989790 -0.295897292 0.438666616 -0.616238283
1750927646.099992990 0.086424373 -0.017684817 -0.156214711 0.105897768 0.314701134 0.134030065 0.933694169 -0.346859884 0.420902943 -0.551418036
1750927646.199992895 0.018482825 0.021924764 -0.174482832 0.142626533 0.315884782 0.073482791 0.935133550 -0.308524025 0.261044862 -0.456485738
1750927646.299993038 -0.034210172 0.048194370 -0.190671975 0.177312428 0.310197977 0.004725651 0.933978151 -0.237518708 0.039281021 -0.248418046
1750927646.399991989 -0.044404412 0.042695454 -0.183082245 0.176256165 0.275963086 -0.039484426 0.944044024 -0.122582321 -0.139838301 0.068788580
1750927646.499991894 -0.038125015 0.010161441 -0.167597663 0.157543581 0.263575424 -0.057873193 0.949925634 0.006345757 -0.299518832 0.320390159
1750927646.599992037 -0.020290308 -0.043769433 -0.145760085 0.143394312 0.261365572 -0.064824744 0.952325502 0.081952770 -0.389941310 0.446192286
1750927646.699991941 0.010712036 -0.111700990 -0.117723345 0.140345835 0.264332786 -0.063845893 0.952026747 0.133180938 -0.363519146 0.509738047
1750927646.799992085 0.036688839 -0.155469263 -0.092896674 0.149859347 0.273142391 -0.067587398 0.947822428 0.240476832 -0.222233661 0.527620773
1750927646.899991989 0.078873422 -0.187936560 -0.059438733 0.149796269 0.324983949 -0.079900625 0.930356061 0.351946028 -0.034589311 0.491423952
1750927646.999991894 0.158699858 -0.197700842 -0.055831907 0.145161480 0.392352128 -0.064293471 0.906010100 0.587215997 0.171632067 0.451018545
1750927647.099992037 0.226015479 -0.190578445 -0.070289528 0.138253255 0.424897226 -0.028335754 0.894173065 0.935622058 0.360868455 0.312183253
1750927647.199991941 0.342540822 -0.142591601 -0.137832543 0.138674044 0.464415836 0.090400966 0.870008682 1.264137325 0.354971127 0.197805819
1750927647.299992085 0.438759436 -0.042278571 -0.258199247 0.154309774 0.507109302 0.250326220 0.810163831 1.448220518 0.154518922 0.182123267
1750927647.399991989 0.477337566 0.074279480 -0.357281320 0.149284617 0.568151556 0.354419824 0.727533161 1.316768792 0.090941793 0.193408970
1750927647.499990940 0.479394683 0.180511488 -0.425972643 0.125368040 0.622687921 0.417134576 0.650031809 0.933200609 0.101708617 0.147731661
1750927647.599991083 0.455428237 0.250990610 -0.469525200 0.111643008 0.632225771 0.475838671 0.601168839 0.456371125 0.095482106 -0.091367371
1750927647.699990988 0.429359491 0.242903887 -0.468471220 0.116059671 0.611416158 0.498223219 0.603716869 0.019921840 0.139339740 -0.407256370
1750927647.799990892 0.380198463 0.198190561 -0.450176677 0.120231259 0.581786870 0.485484129 0.641384162 -0.397126282 0.222072211 -0.654028753
1750927647.899991035 0.298169255 0.138955328 -0.431161191 0.165232881 0.569102103 0.457490482 0.662965572 -0.670741491 0.321802125 -0.779341422
1750927647.999990940 0.205832437 0.057142077 -0.371651715 0.206090056 0.522326042 0.380450835 0.734819405 -0.868712136 0.353209595 -0.679647087
1750927648.099991083 0.115194378 0.009373397 -0.297989829 0.178950709 0.473718882 0.261301009 0.821759604 -0.906563733 0.276559900 -0.479401962
1750927648.199990988 0.023930658 0.008161944 -0.248232205 0.175746655 0.419098467 0.134996276 0.880480320 -0.741139252 0.175976882 -0.344409515
1750927648.299990892 -0.038973192 0.024187878 -0.221651199 0.176588908 0.345427615 0.029154351 0.921219922 -0.534020397 0.046042355 -0.270254463
1750927648.399991035 -0.083674621 0.030184089 -0.222213979 0.198993414 0.256330152 -0.057344243 0.944144116 -0.343190870 -0.143041310 -0.139070656
1750927648.499989986 -0.117110825 0.016519025 -0.237598008 0.230493478 0.162100999 -0.144114832 0.948592082 -0.095133197 -0.321191905 0.065817465
1750927648.599989891 -0.122539909 -0.028025429 -0.238101510 0.243267480 0.121916046 -0.174538955 0.946305217 0.213254303 -0.361500997 0.260446883
1750927648.699990034 -0.104747644 -0.094929833 -0.233306035 0.256750016 0.114417578 -0.150676665 0.947778766 0.512369059 -0.290898543 0.393648286
1750927648.799989939 -0.034498065 -0.164764540 -0.220417547 0.260367032 0.155158080 -0.070645199 0.950339010 0.764089912 -0.202925141 0.439140385
1750927648.899990082 0.065923968 -0.198562364 -0.221370270 0.238226693 0.232720151 0.015809223 0.942782818 1.018264671 -0.091206486 0.455453432
1750927648.999989986 0.192357171 -0.195726478 -0.241387292 0.208748448 0.318065318 0.120106306 0.916969473 1.219356537 -0.009381922 0.451696108
1750927649.099989891 0.348457312 -0.139210111 -0.290765274 0.184688766 0.388734808 0.257399033 0.865171108 1.367500581 -0.027686072 0.439306438
1750927649.199990034 0.441046429 -0.035887327 -0.359752531 0.169037961 0.427572170 0.381367664 0.801976877 1.455412406 -0.054943322 0.336711847
1750927649.299989939 0.500885304 0.095738768 -0.428267900 0.145974737 0.457755186 0.497156695 0.722486530 1.360668465 -0.120701610 0.246798699
1750927649.399990082 0.507977377 0.241337110 -0.501355576 0.127843268 0.480881871 0.605241108 0.621362959 0.953991434 -0.219307955 0.153409007
1750927649.499989986 0.484328915 0.306081793 -0.544263089 0.151688324 0.492114141 0.646467831 0.562933093 0.423898215 -0.141289507 -0.115609009
1750927649.599988937 0.477165008 0.278940456 -0.549842742 0.180438720 0.494881728 0.622994319 0.578283687 -0.116596391 -0.020653193 -0.414847714
1750927649.699989080 0.439707459 0.213293564 -0.561304779 0.197414472 0.498581467 0.583193876 0.610187634 -0.590983794 0.056079967 -0.615393209
1750927649.799988985 0.382200805 0.127301489 -0.567337318 0.255111375 0.488144062 0.533583060 0.641812028 -0.955966611 0.172124499 -0.667263289
1750927649.899988890 0.311079034 0.005518592 -0.529479334 0.273398444 0.457241124 0.452452230 0.715171885 -1.193421481 0.240124427 -0.571335881
1750927649.999989033 0.209367481 -0.113139442 -0.448034176 0.238461145 0.409465024 0.346195991 0.809705510 -1.209119124 0.239812063 -0.434140878
1750927650.099988937 0.112198348 -0.153986678 -0.394185793 0.207392858 0.393336379 0.240503839 0.862805076 -1.011643814 0.327045866 -0.465012796
1750927650.199989080 -0.001360497 -0.145824902 -0.370491584 0.220750035 0.410631067 0.107626304 0.878104850 -0.805448184 0.422280262 -0.535582609
1750927650.299988985 -0.099581615 -0.085282456 -0.325551403 0.241444807 0.424695858 -0.082597301 0.868628528 -0.755420159 0.373021750 -0.473883791
1750927650.399988890 -0.138491311 -0.011824099 -0.265873105 0.209540569 0.406300945 -0.224153180 0.860678595 -0.667519435 0.298455568 -0.236850690
1750927650.499989033 -0.149716957 0.038853217 -0.210360258 0.138343168 0.385482914 -0.301563484 0.861001485 -0.369830439 0.165553849 -0.018261459
1750927650.599987984 -0.148910860 0.046775780 -0.205613796 0.114232029 0.357698902 -0.290779384 0.880028346 0.047292553 -0.008766756 0.070175325
1750927650.699987888 -0.137331504 0.020438840 -0.231980187 0.137493258 0.338669991 -0.243231154 0.898463604 0.373803682 -0.224256987 0.093942613
1750927650.799988031 -0.115582131 -0.034852060 -0.253679049 0.166663654 0.354957860 -0.194885870 0.899025941 0.563688702 -0.342234109 0.175013157
1750927650.899987936 -0.075056882 -0.104095085 -0.299561893 0.226410400 0.350428240 -0.114325283 0.901591986 0.660556097 -0.369584338 0.233631681
1750927650.999988079 -0.015967249 -0.145117654 -0.342576515 0.277787048 0.337560473 -0.020083472 0.899157349 0.773690927 -0.318545328 0.183418964
1750927651.099987984 0.057227274 -0.159068430 -0.395337986 0.332181207 0.335068305 0.084760839 0.877610664 0.903869019 -0.237998928 0.133439211
1750927651.199987888 0.142709136 -0.125692703 -0.468631516 0.390019670 0.333581770 0.201661121 0.834230575 1.040036346 -0.204267057 0.117722195
1750927651.299988031 0.228525162 -0.062644506 -0.513390423 0.404726096 0.372218960 0.291006768 0.782920745 1.166490175 -0.100546523 0.186384878
1750927651.399987936 0.312272156 0.028486245 -0.543516200 0.376475090 0.424094501 0.391171589 0.724841464 1.171560443 -0.001199522 0.371201768
1750927651.499988079 0.381926246 0.154306898 -0.565885733 0.330437193 0.451192187 0.513755486 0.650609078 0.950817324 -0.013674141 0.575900042
1750927651.599987984 0.427027332 0.253522198 -0.555655236 0.262069155 0.461875838 0.608306341 0.589876143 0.536046961 -0.002440423 0.593680237
1750927651.699986935 0.466666425 0.292531760 -0.517693771 0.181269100 0.447505283 0.660173587 0.575370637 0.087287219 0.033716458 0.314642770
1750927651.799987078 0.476066546 0.283935721 -0.493666547 0.127462219 0.437443485 0.666988825 0.589510379 -0.373760012 0.145678107 -0.151508674
1750927651.899986982 0.448485047 0.222999972 -0.508543969 0.166420916 0.449535550 0.631229604 0.609730313 -0.805080598 0.308170178 -0.564663468
1750927651.999986887 0.392258478 0.085257133 -0.486980096 0.218197222 0.456538287 0.517913980 0.689730290 -1.201888382 0.251556934 -0.648096651
1750927652.099987030 0.272312911 -0.073288001 -0.413546503 0.212333697 0.429218103 0.351594915 0.804404896 -1.350677645 0.023662353 -0.420719417
1750927652.199986935 0.183265972 -0.137589217 -0.353203438 0.196546739 0.403915093 0.228479437 0.863723986 -1.153573125 0.025742159 -0.274730624
1750927652.299987078 0.103668918 -0.156316818 -0.312660381 0.186149523 0.375562439 0.129291307 0.898657314 -0.855065799 0.091106895 -0.177766924
1750927652.399986982 0.027761700 -0.154004977 -0.260085958 0.150443556 0.345885356 0.014390346 0.926025364 -0.542531269 0.037857610 -0.074551341
1750927652.499986887 -0.002922547 -0.143783716 -0.235467478 0.141910168 0.342004790 -0.055989545 0.927232117 -0.147540781 0.011216509 -0.007616541
1750927652.599987030 0.009936652 -0.145073151 -0.245153843 0.173045963 0.360306425 -0.059362420 0.914718797 0.284507193 0.018772403 0.093304039
1750927652.699985981 0.065325825 -0.155405114 -0.279349705 0.222321268 0.413443571 -0.020576738 0.882731140 0.581394790 0.043657999 0.317054609
1750927652.799985886 0.147147351 -0.156933466 -0.309857994 0.239220997 0.468961148 0.036096281 0.849438529 0.658252693 0.136059448 0.587835038
1750927652.899986029 0.244304195 -0.143043136 -0.325770042 0.217133210 0.506637605 0.111058805 0.826944647 0.625148683 0.241852771 0.790292533
1750927652.999985933 0.362683609 -0.102425792 -0.316690308 0.151807374 0.517306064 0.211653686 0.815200389 0.587215209 0.244725763 0.859898266
1750927653.099986076 0.457613074 -0.038906594 -0.307302610 0.105221282 0.514664783 0.290966681 0.799616804 0.578635425 0.258219404 0.743644055
1750927653.199985981 0.516874092 0.037344318 -0.308311994 0.073575790 0.526379323 0.333668559 0.778573506 0.569970524 0.313966911 0.505490866
1750927653.299985886 0.534255113 0.113520708 -0.323554161 0.037317564 0.560373974 0.342326098 0.753260414 0.525346183 0.373428997 0.222287964
1750927653.399986029 0.526016515 0.174567432 -0.348458975 -0.012189060 0.573495682 0.379272257 0.726021132 0.448221660 0.355358680 -0.026493118
1750927653.499985933 0.489166850 0.218095689 -0.381675040 -0.031851892 0.578316015 0.433702267 0.690245165 0.280535763 0.295914290 -0.245807486
1750927653.599986076 0.432187962 0.222916510 -0.399663503 -0.008144393 0.550281578 0.478798213 0.684014712 0.022415807 0.269501699 -0.461676408
1750927653.699985981 0.381396943 0.182567718 -0.382495161 0.001218164 0.522647778 0.474023215 0.708618238 -0.264013433 0.251964161 -0.619191308
1750927653.799984932 0.316650895 0.141385458 -0.374298449 0.018002568 0.534131792 0.443691726 0.719386397 -0.470102689 0.216634689 -0.734973330
1750927653.899985075 0.226982922 0.077647590 -0.372117841 0.117044976 0.547569959 0.395757487 0.727903583 -0.585372381 0.172310982 -0.779385798
1750927653.999984980 0.141071471 0.012598183 -0.325493515 0.166358398 0.501169229 0.285040972 0.799941205 -0.703074409 0.097770114 -0.637694307
1750927654.099984884 0.054613376 -0.006451730 -0.292359187 0.188089569 0.448330597 0.171081741 0.856944005 -0.650171210 0.046926219 -0.428240672
1750927654.199985027 -0.020032539 0.000472101 -0.280092310 0.197848968 0.379270497 0.071929871 0.901019295 -0.469428353 -0.016251560 -0.213453975
1750927654.299984932 -0.043922687 -0.000486907 -0.271221363 0.151399205 0.325354383 0.016376634 0.933249491 -0.276094973 -0.123880851 -0.002815507
1750927654.399985075 -0.043827603 -0.024626246 -0.259933340 0.099254665 0.307198678 -0.020044098 0.946242949 -0.161842779 -0.294620186 0.172735634
1750927654.499984980 -0.041105647 -0.075317140 -0.238404434 0.065562794 0.291556540 -0.068788724 0.951821630 -0.136047125 -0.443696493 0.295668260
1750927654.599984884 -0.042933120 -0.132854591 -0.203663080 0.067784901 0.286531441 -0.119613227 0.948154848 -0.191254597 -0.466601503 0.397427217
1750927654.699985027 -0.054416310 -0.185210991 -0.156475365 0.093735032 0.285125392 -0.181351172 0.936498269 -0.241864244 -0.344692619 0.474421073
1750927654.799983978 -0.072353116 -0.216829364 -0.090699342 0.136921152 0.293505985 -0.275148127 0.905207348 -0.196048074 -0.120929214 0.477937888
1750927654.899983883 -0.068497917 -0.217550007 -0.038950862 0.178562215 0.300591519 -0.358027055 0.865781093 -0.054268573 0.151853801 0.407529104
1750927654.999984026 -0.027271443 -0.218125370 -0.018174292 0.199107620 0.317463748 -0.373110581 0.848741079 0.194797408 0.420486519 0.319818557
1750927655.099983931 0.051530745 -0.224274175 -0.016131275 0.196103936 0.360854639 -0.322962688 0.852656014 0.506222371 0.606384310 0.311280110
1750927655.199984074 0.153034664 -0.217625717 -0.042155661 0.178194475 0.395660221 -0.232382719 0.870458494 0.820157186 0.697648316 0.319189237
1750927655.299983978 0.267808404 -0.195141119 -0.086242532 0.146381505 0.437910672 -0.115793246 0.879430852 1.110857003 0.730641012 0.327362958
1750927655.399983883 0.397633046 -0.124986002 -0.165317159 0.104837899 0.473056884 0.056174358 0.872966575 1.395217137 0.627581083 0.334638976
1750927655.499984026 0.500192872 -0.020853571 -0.261201596 0.094022417 0.468524983 0.264662747 0.837614324 1.603329100 0.347439773 0.221711054
1750927655.599983931 0.559959858 0.124232953 -0.365111063 0.107190676 0.438768417 0.462487956 0.762953030 1.489887383 -0.002606791 0.051812122
1750927655.699984074 0.541045929 0.276859892 -0.451948119 0.121511068 0.443009569 0.598128245 0.656673575 0.978599788 -0.089065212 -0.087221647
1750927655.799983978 0.520754075 0.330913716 -0.473638055 0.129709209 0.471007562 0.631342218 0.602274358 0.321698164 0.114656482 -0.307095273
1750927655.899982929 0.458996964 0.280365141 -0.466204087 0.120297295 0.480591568 0.605048212 0.623279204 -0.397279195 0.275415873 -0.533575689
1750927655.999983072 0.407798839 0.189505786 -0.450363281 0.137583176 0.478195233 0.557230674 0.664751205 -0.955761797 0.299937745 -0.584586764
1750927656.099982977 0.352761339 0.065948749 -0.395096079 0.137213019 0.440891348 0.482894475 0.744043233 -1.237949141 0.248137596 -0.436011317
1750927656.199982882 0.283863430 -0.043633574 -0.315977657 0.089393921 0.399841900 0.370786589 0.833458150 -1.274324976 0.128690246 -0.358200500
1750927656.299983025 0.176200150 -0.114709701 -0.251772468 0.049561792 0.375880362 0.220738485 0.898627901 -1.110653264 0.039940355 -0.402644074
1750927656.399982929 0.065172593 -0.133648117 -0.228897429 0.059600807 0.351083422 0.080836768 0.930942314 -0.916580944 0.049796906 -0.485941608
1750927656.499983072 -0.037461686 -0.119186572 -0.219963030 0.084605979 0.318164529 -0.058047278 0.942466803 -0.725507532 0.016704341 -0.506578445
1750927656.599982977 -0.119895377 -0.080951913 -0.222235335 0.114952165 0.263443292 -0.189340187 0.938900381 -0.493602254 -0.050298779 -0.426798139
1750927656.699982882 -0.160810813 -0.052807151 -0.238950818 0.145200278 0.205787574 -0.267311953 0.930114334 -0.151393452 -0.074786290 -0.339927356
1750927656.799983025 -0.167146336 -0.047092873 -0.267158711 0.192072005 0.184314133 -0.281503701 0.921896042 0.265605358 -0.075400353 -0.269793612
1750927656.899981976 -0.131770523 -0.074317017 -0.319324048 0.258424222 0.182692729 -0.194763486 0.928389720 0.618806978 -0.125363428 -0.133661555
1750927656.999982119 -0.068261266 -0.106274570 -0.369050985 0.313987822 0.176747836 -0.054746722 0.931222125 0.808710825 -0.227942326 0.016982665
1750927657.099982023 0.016861364 -0.122245546 -0.408235346 0.356729042 0.189663123 0.082769884 0.911000239 0.895842436 -0.245584652 0.124859022
1750927657.199981928 0.127006616 -0.119947108 -0.426619422 0.389015322 0.258548400 0.194281957 0.862597429 0.965447057 -0.165936822 0.191151769
1750927657.299982071 0.214980718 -0.062792379 -0.453926097 0.410554117 0.336509059 0.262951326 0.805644816 1.067909368 -0.056010719 0.153926409
1750927657.399981976 0.283154719 0.022140325 -0.495873450 0.420645724 0.419934155 0.332937649 0.732028007 1.145001702 0.001286653 0.198680183
1750927657.499982119 0.338935262 0.144880342 -0.539376028 0.395358972 0.497875946 0.429615889 0.641280760 1.004565654 0.020769761 0.436826936
1750927657.599982023 0.384540112 0.242859414 -0.549817532 0.336919277 0.536736029 0.519138119 0.573494070 0.612302633 0.041537373 0.581162252
1750927657.699981928 0.437660233 0.289479252 -0.523706136 0.258565894 0.527099177 0.587667981 0.556737353 0.167772076 0.004519808 0.415865601
1750927657.799982071 0.473398881 0.291521111 -0.502442829 0.177513829 0.500445974 0.622617724 0.574795474 -0.231270580 -0.010938249 -0.045468295
1750927657.899981022 0.455654744 0.249167312 -0.514683409 0.143958217 0.523283146 0.606767049 0.580762025 -0.591457708 0.077105643 -0.617785429
1750927657.999980927 0.389357589 0.137301426 -0.530508060 0.200300488 0.530122398 0.541633036 0.620873266 -0.995793914 0.128866426 -0.953062552
1750927658.099981070 0.289059629 -0.044216844 -0.475092997 0.215268108 0.492595752 0.402535916 0.740927732 -1.332427251 -0.024376830 -0.849905836
1750927658.199980974 0.166534662 -0.152460446 -0.414812361 0.184418545 0.475284258 0.264271077 0.818691317 -1.235629196 -0.081964381 -0.739083211
1750927658.299981117 0.055217754 -0.186533646 -0.384789228 0.200652804 0.484930514 0.123121255 0.842271931 -0.935140571 0.032242445 -0.727259383
1750927658.399981022 -0.066706481 -0.166950053 -0.351444405 0.242329015 0.493758623 -0.076701012 0.831622526 -0.765020502 0.101705168 -0.896130150
