1750927643.599994898 0.612346902 -0.742689559 1.021474395 -0.309862492 0.268743378 0.164264151 0.897095046 0.792503167 0.115878699 -1.003233029
1750927643.699995041 0.631005800 -0.796748140 0.890516731 -0.155423612 0.377064085 0.259127542 0.875510762 0.683213714 -0.230507800 -0.757481677
1750927643.799994946 0.632417888 -0.810073488 0.786844640 -0.027071210 0.464205778 0.351933090 0.812356600 0.535641038 -0.370786137 -0.551387357
1750927643.899995089 0.620011795 -0.816073279 0.736320756 0.014784381 0.556334744 0.384820009 0.736333237 0.445083436 -0.290479715 -0.372600580
1750927643.999994993 0.611125870 -0.826983516 0.686970160 0.047904601 0.644522448 0.391435155 0.655037772 0.409347203 -0.232953909 -0.249624803
1750927644.099994898 0.582489203 -0.830684074 0.635794610 0.103354258 0.733097688 0.370901105 0.560640748 0.452649514 -0.241771623 -0.047813584
1750927644.199995041 0.562974516 -0.821275115 0.591453280 0.112929129 0.824926860 0.347560838 0.431212419 0.412438207 -0.140780635 0.324104534
1750927644.299993992 0.579062084 -0.781039789 0.537047841 0.060871701 0.885203045 0.355103308 0.294298904 0.135533887 0.005677976 0.629520461
1750927644.399993896 0.631915545 -0.717051879 0.498319724 -0.046023461 0.872733246 0.412265987 0.257401006 -0.080532847 -0.065340720 0.619287874
1750927644.499994040 0.678768797 -0.665163617 0.469531829 -0.168149958 0.829844825 0.465552532 0.257573287 -0.111220197 -0.260106229 0.358415382
1750927644.599993944 0.689578326 -0.676286054 0.458001992 -0.173143573 0.836140580 0.453139197 0.256037305 -0.096344071 -0.345030098 0.016572341
1750927644.699994087 0.707802800 -0.720557394 0.425183628 -0.145333642 0.869540499 0.392252949 0.262516813 -0.207692960 -0.418266303 -0.220797349
1750927644.799993992 0.743289418 -0.781164123 0.431433398 -0.108455325 0.893555722 0.310717021 0.305369525 -0.430967157 -0.421780049 -0.273343031
1750927644.899993896 0.795554536 -0.838029174 0.485607580 -0.100352268 0.890609883 0.208614296 0.391437778 -0.624601745 -0.357527189 -0.210841705
1750927644.999994040 0.832420887 -0.869100162 0.552404777 -0.102918346 0.876150202 0.120868614 0.455147686 -0.717977638 -0.247118144 -0.103344837
1750927645.099993944 0.866233404 -0.877953445 0.614522347 -0.104932342 0.855237445 0.069341475 0.502742355 -0.743921934 -0.089836323 -0.002542728
1750927645.199994087 0.907842910 -0.862957546 0.682178190 -0.115082970 0.821727511 0.062044446 0.554680353 -0.745180252 0.051712380 0.091480997
1750927645.299993992 0.942936193 -0.834032855 0.745215040 -0.139817989 0.786294842 0.070709371 0.597655032 -0.734057422 0.126887686 0.151141938
1750927645.399992943 0.961375061 -0.806471997 0.812151970 -0.169570693 0.750238323 0.057003327 0.636505192 -0.660595612 0.112087783 0.141951582
1750927645.499993086 0.979691172 -0.771134914 0.879746957 -0.238772976 0.707409207 0.044105812 0.663787886 -0.483559732 0.005348081 0.020334959
1750927645.599992990 0.976701404 -0.759802730 0.912780791 -0.296248750 0.661520855 0.078787392 0.684411706 -0.261488719 -0.015995289 -0.200256562
1750927645.699992895 0.939641768 -0.786320957 0.922318459 -0.297990558 0.630861682 0.131579801 0.704203040 -0.134985941 0.061443989 -0.483820844
1750927645.799993038 0.877721174 -0.825606142 0.917821900 -0.274032293 0.615868002 0.166611036 0.719620503 -0.146622649 0.184555347 -0.669739650
1750927645.899992943 0.795695185 -0.850826795 0.919736873 -0.257523877 0.604970490 0.172513158 0.733438047 -0.214131010 0.331908551 -0.669501876
1750927645.999993086 0.708017024 -0.852914395 0.935703923 -0.257145871 0.582512584 0.156906905 0.754940603 -0.295897292 0.438666616 -0.616238283
1750927646.099992990 0.633293628 -0.826401261 0.945798921 -0.258723880 0.550612449 0.116412915 0.785070646 -0.346859884 0.420902943 -0.551418036
1750927646.199992895 0.552964451 -0.818353594 0.944723941 -0.239883013 0.535337292 0.053949581 0.808059135 -0.308524025 0.261044862 -0.456485738
1750927646.299993038 0.491926687 -0.816650020 0.945194699 -0.222753137 0.510082138 -0.013293328 0.830674750 -0.237518708 0.039281021 -0.248418046
1750927646.399991989 0.487623163 -0.816079678 0.958344566 -0.232165873 0.465524389 -0.038776772 0.853160250 -0.122582321 -0.139838301 0.068788580
1750927646.499991894 0.511043316 -0.827149771 0.984163446 -0.253304913 0.446403826 -0.045783087 0.857008842 0.006345757 -0.299518832 0.320390159
1750927646.599992037 0.555157323 -0.847502053 1.020813613 -0.268042999 0.440413440 -0.047744547 0.855517043 0.081952770 -0.389941310 0.446192286
1750927646.699991941 0.618238025 -0.871933728 1.063072564 -0.270871270 0.442919546 -0.047314716 0.853353590 0.133180938 -0.363519146 0.509738047
1750927646.799992085 0.666016746 -0.882289060 1.091651937 -0.262924836 0.449883025 -0.056544794 0.851632832 0.240476832 -0.222233661 0.527620773
1750927646.899991989 0.725577392 -0.877063822 1.111102504 -0.266793798 0.487947185 -0.088806152 0.826342593 0.351946028 -0.034589311 0.491423952
1750927646.999991894 0.799502590 -0.873570026 1.079424931 -0.268342552 0.547834994 -0.101690592 0.785829573 0.587215997 0.171632067 0.451018545
1750927647.099992037 0.850387446 -0.872350501 1.032516634 -0.266986952 0.586364710 -0.081478544 0.760431221 0.935622058 0.360868455 0.312183253
1750927647.199991941 0.911327227 -0.875586640 0.903215349 -0.237398883 0.659424477 0.006877791 0.713269813 1.264137325 0.354971127 0.197805819
1750927647.299992085 0.917702252 -0.881841339 0.719560491 -0.172681059 0.744556809 0.122471042 0.633101298 1.448220518 0.154518922 0.182123267
1750927647.399991989 0.873806139 -0.867238619 0.568725481 -0.133111424 0.817925982 0.182766291 0.529032060 1.316768792 0.090941793 0.193408970
1750927647.499990940 0.811526494 -0.841784606 0.461574614 -0.120469492 0.868925277 0.213293810 0.430071757 0.933200609 0.101708617 0.147731661
1750927647.599991083 0.748953823 -0.825917494 0.404378304 -0.103513283 0.885983037 0.258375908 0.370892099 0.456371125 0.095482106 -0.091367371
1750927647.699990988 0.730143673 -0.833332905 0.422743364 -0.092579280 0.876662277 0.285322276 0.376142962 0.019921840 0.139339740 -0.407256370
1750927647.799990892 0.711640170 -0.856271030 0.485050998 -0.101038586 0.854434572 0.289125180 0.419689643 -0.397126282 0.222072211 -0.654028753
1750927647.899991035 0.671041160 -0.892006158 0.572651875 -0.072937502 0.844150957 0.261863599 0.462078714 -0.670741491 0.321802125 -0.779341422
1750927647.999990940 0.642678518 -0.915712310 0.704539905 -0.072645700 0.796092740 0.211177987 0.562461385 -0.868712136 0.353209595 -0.679647087
1750927648.099991083 0.605741468 -0.905467819 0.824764207 -0.147639558 0.724740642 0.140609570 0.658166021 -0.906563733 0.276559900 -0.479401962
1750927648.199990988 0.541991196 -0.879811127 0.902764158 -0.191724793 0.642638781 0.056509438 0.739637536 -0.741139252 0.175976882 -0.344409515
1750927648.299990892 0.488809210 -0.855854083 0.941725821 -0.218453203 0.547524127 -0.005858201 0.807750710 -0.534020397 0.046042355 -0.270254463
1750927648.399991035 0.447615396 -0.856407178 0.960090265 -0.212982018 0.444777835 -0.052636484 0.868355191 -0.343190870 -0.143041310 -0.139070656
1750927648.499989986 0.420003683 -0.880102958 0.974837650 -0.192013873 0.334579870 -0.102448219 0.916892221 -0.095133197 -0.321191905 0.065817465
1750927648.599989891 0.433682229 -0.912038334 1.003244796 -0.180699912 0.288950962 -0.118259074 0.932668041 0.213254303 -0.361500997 0.260446883
1750927648.699990034 0.478206997 -0.953545174 1.036568778 -0.162848678 0.293133565 -0.096956453 0.937097896 0.512369059 -0.290898543 0.393648286
1750927648.799989939 0.571522478 -0.986260392 1.050708732 -0.148763956 0.359618151 -0.040540397 0.920271996 0.764089912 -0.202925141 0.439140385
1750927648.899990082 0.671866338 -1.000762752 1.019909763 -0.157917903 0.455449412 0.012515257 0.876054300 1.018264671 -0.091206486 0.455453432
1750927648.999989986 0.773888242 -1.000750086 0.942543044 -0.164217398 0.559631332 0.077714862 0.808582599 1.219356537 -0.009381922 0.451696108
1750927649.099989891 0.870672140 -0.981299688 0.800226151 -0.146905004 0.657684285 0.172826366 0.718332338 1.367500581 -0.027686072 0.439306438
1750927649.199990034 0.887567910 -0.949308074 0.649565427 -0.116320478 0.721138503 0.264056411 0.629843646 1.455412406 -0.054943322 0.336711847
1750927649.299989939 0.864606578 -0.900426007 0.498954019 -0.087029788 0.769244271 0.350398950 0.527171360 1.360668465 -0.120701610 0.246798699
1750927649.399990082 0.789038772 -0.850165298 0.363475788 -0.046184071 0.804196226 0.428220139 0.409588787 0.953991434 -0.219307955 0.153409007
1750927649.499989986 0.729309598 -0.837806531 0.309886003 0.003752206 0.819720099 0.447418822 0.357576955 0.423898215 -0.141289507 -0.115609009
1750927649.599988937 0.732790504 -0.861384676 0.325730896 0.018353142 0.821196107 0.421292365 0.384464380 -0.116596391 -0.020653193 -0.414847714
1750927649.699989080 0.724444179 -0.918919995 0.375369455 0.012705516 0.819553913 0.385185467 0.424030789 -0.590983794 0.056079967 -0.615393209
1750927649.799988985 0.708839072 -0.988724056 0.450348903 0.043449877 0.807485754 0.336418837 0.482598417 -0.955966611 0.172124499 -0.667263289
1750927649.899988890 0.709092806 -1.053617343 0.581159469 0.019834517 0.769244886 0.281511575 0.573253985 -1.193421481 0.240124427 -0.571335881
1750927649.999989033 0.694315714 -1.088333150 0.753306885 -0.062164379 0.703856127 0.224978934 0.670899860 -1.209119124 0.239812063 -0.434140878
1750927650.099988937 0.643126448 -1.087972457 0.860028553 -0.130116530 0.658417148 0.150713925 0.725838729 -1.011643814 0.327045866 -0.465012796
1750927650.199989080 0.548701841 -1.076458510 0.926924472 -0.155419568 0.631082150 0.024848577 0.759580559 -0.805448184 0.422280262 -0.535582609
1750927650.299988985 0.451901464 -1.011850650 0.969208121 -0.177349120 0.575705320 -0.156306443 0.782738123 -0.755420159 0.373021750 -0.473883791
1750927650.399988890 0.405145163 -0.922019850 0.983900624 -0.231523867 0.501708359 -0.270389788 0.788400142 -0.667519435 0.298455568 -0.236850690
1750927650.499989033 0.390512830 -0.848345007 0.995467560 -0.309378634 0.444949780 -0.316387544 0.778590699 -0.369830439 0.165553849 -0.018261459
1750927650.599987984 0.389293006 -0.839372244 0.993480789 -0.331479687 0.424733331 -0.288657012 0.791454322 0.047292553 -0.008766756 0.070175325
1750927650.699987888 0.402571087 -0.875339702 0.986205004 -0.304156418 0.432305692 -0.241717576 0.813740300 0.373803682 -0.224256987 0.093942613
1750927650.799988031 0.437999367 -0.927188957 0.993784658 -0.269961734 0.468670802 -0.210704882 0.814292204 0.563688702 -0.342234109 0.175013157
1750927650.899987936 0.488398082 -1.004124371 0.984672068 -0.199072014 0.502891863 -0.149783401 0.827668436 0.660556097 -0.369584338 0.233631681
1750927650.999988079 0.543910243 -1.057550488 0.951675952 -0.129655350 0.532306346 -0.072481133 0.833418220 0.773690927 -0.318545328 0.183418964
1750927651.099987984 0.597509834 -1.097662089 0.889595533 -0.049776310 0.571065275 0.007149631 0.819362956 0.903869019 -0.237998928 0.133439211
1750927651.199987888 0.636087588 -1.118177878 0.780582283 0.043593244 0.610775514 0.093316117 0.785076431 1.040036346 -0.204267057 0.117722195
1750927651.299988031 0.670901672 -1.097705885 0.672361664 0.089442023 0.668483840 0.148670535 0.723205747 1.166490175 -0.100546523 0.186384878
1750927651.399987936 0.696509160 -1.047463029 0.558143246 0.099799964 0.734307941 0.217394945 0.635272581 1.171560443 -0.001199522 0.371201768
1750927651.499988079 0.697804362 -0.968894309 0.435635271 0.108574079 0.779979703 0.316740176 0.528695559 0.950817324 -0.013674141 0.575900042
1750927651.599987984 0.698437995 -0.888092803 0.361789744 0.088671076 0.800597512 0.403796193 0.433739206 0.536046961 -0.002440423 0.593680237
1750927651.699986935 0.727416163 -0.830089327 0.343625524 0.035115173 0.791749913 0.471093405 0.387259607 0.087287219 0.033716458 0.314642770
1750927651.799987078 0.746059626 -0.818101317 0.359382129 -0.015191306 0.780621969 0.494694972 0.381674535 -0.373760012 0.145678107 -0.151508674
1750927651.899986982 0.743280343 -0.873821506 0.399166277 0.002740306 0.788526152 0.452655813 0.416319245 -0.805080598 0.308170178 -0.564663468
1750927651.999986887 0.758280985 -0.959971772 0.521447223 -0.005831759 0.778801905 0.348824398 0.521301374 -1.201888382 0.251556934 -0.648096651
1750927652.099987030 0.742030404 -1.029951374 0.720833193 -0.085257906 0.718571152 0.227650167 0.651584216 -1.350677645 0.023662353 -0.420719417
1750927652.199986935 0.709470800 -1.040539002 0.841386349 -0.144311577 0.662177556 0.138648126 0.722130009 -1.153573125 0.025742159 -0.274730624
1750927652.299987078 0.660383539 -1.032507739 0.917911464 -0.184018068 0.607120695 0.067474655 0.770057779 -0.855065799 0.091106895 -0.177766924
1750927652.399986982 0.609226147 -1.000905340 0.988022304 -0.246893299 0.539904281 -0.012789159 0.804601456 -0.542531269 0.037857610 -0.074551341
1750927652.499986887 0.585664780 -0.979265605 1.013095210 -0.269893528 0.510008325 -0.072289165 0.813525211 -0.147540781 0.011216509 -0.007616541
1750927652.599987030 0.594477989 -0.985799151 1.001242471 -0.240877363 0.526863845 -0.090571920 0.810055129 0.284507193 0.018772403 0.093304039
1750927652.699985981 0.636607342 -1.011925049 0.957807209 -0.184300298 0.588448107 -0.090529892 0.782027214 0.581394790 0.043657999 0.317054609
1750927652.799985886 0.698937585 -1.026732145 0.898447758 -0.152615938 0.653711215 -0.068412133 0.738031031 0.658252693 0.136059448 0.587835038
1750927652.899986029 0.772316790 -1.018935310 0.831812269 -0.153134386 0.706426965 -0.013353222 0.690892535 0.625148683 0.241852771 0.790292533
1750927652.999985933 0.860137577 -0.972695936 0.755031245 -0.186711573 0.740433269 0.085460465 0.639995212 0.587215209 0.244725763 0.859898266
1750927653.099986076 0.918315969 -0.912546318 0.676725952 -0.204913576 0.756671506 0.165380702 0.598421157 0.578635425 0.258219404 0.743644055
1750927653.199985981 0.937438228 -0.854365245 0.602050718 -0.217887061 0.773440722 0.203288097 0.559453865 0.569970524 0.313966911 0.505490866
1750927653.299985886 0.916356808 -0.810406805 0.539118252 -0.244123035 0.796219806 0.203083912 0.514970765 0.525346183 0.373428997 0.222287964
1750927653.399986029 0.876670458 -0.786342910 0.491570914 -0.272299118 0.808243852 0.238376444 0.464512366 0.448221660 0.355358680 -0.026493118
1750927653.499985933 0.817184387 -0.783168708 0.463158843 -0.265654956 0.821564459 0.284523098 0.416540383 0.280535763 0.295914290 -0.245807486
1750927653.599986076 0.760840261 -0.798110528 0.477140983 -0.228256727 0.814830534 0.328897462 0.419257114 0.022415807 0.269501699 -0.461676408
1750927653.699985981 0.738791673 -0.818964248 0.536986507 -0.225878702 0.795138599 0.336089193 0.451417185 -0.264013433 0.251964161 -0.619191308
1750927653.799984932 0.702456117 -0.848125181 0.598505469 -0.223080287 0.799207912 0.302650822 0.468939633 -0.470102689 0.216634689 -0.734973330
1750927653.899985075 0.652259657 -0.899699051 0.681740483 -0.150040708 0.809939388 0.234337572 0.516305990 -0.585372381 0.172310982 -0.779385798
1750927653.999984980 0.618735654 -0.920250116 0.792374228 -0.149715194 0.751281650 0.151557859 0.624653071 -0.703074409 0.097770114 -0.637694307
1750927654.099984884 0.561718442 -0.918371793 0.867748590 -0.168412931 0.678433781 0.072123327 0.711451274 -0.650171210 0.046926219 -0.428240672
1750927654.199985027 0.498043128 -0.912066739 0.908689144 -0.187560255 0.591875277 0.012587019 0.783802510 -0.469428353 -0.016251560 -0.213453975
1750927654.299984932 0.480417131 -0.908749128 0.926818410 -0.245275566 0.523984547 -0.002758673 0.815642373 -0.276094973 -0.123880851 -0.002815507
1750927654.399985075 0.493800991 -0.917548122 0.948115974 -0.302034714 0.489956656 -0.015432615 0.817605860 -0.161842779 -0.294620186 0.172735634
1750927654.499984980 0.523449945 -0.937326105 0.990190199 -0.342676438 0.454728412 -0.045161905 0.820826006 -0.136047125 -0.443696493 0.295668260
1750927654.599984884 0.555852551 -0.952931592 1.047000405 -0.349825512 0.431353008 -0.089819960 0.826733977 -0.191254597 -0.466601503 0.397427217
1750927654.699985027 0.581387550 -0.957019494 1.113566084 -0.335778236 0.408905412 -0.151914869 0.834848018 -0.241864244 -0.344692619 0.474421073
1750927654.799983978 0.598133948 -0.934071574 1.183142566 -0.307663917 0.381758706 -0.252832200 0.834073788 -0.196048074 -0.120929214 0.477937888
1750927654.899983883 0.616764418 -0.897437978 1.214831243 -0.275399904 0.355393151 -0.344339741 0.824184897 -0.054268573 0.151853801 0.407529104
1750927654.999984026 0.658572374 -0.879083000 1.207989559 -0.256590834 0.364219756 -0.370898354 0.814824843 0.194797408 0.420486519 0.319818557
1750927655.099983931 0.729659008 -0.874279118 1.173705747 -0.255873551 0.421611151 -0.340521427 0.800511037 0.506222371 0.606384310 0.311280110
1750927655.199984074 0.806861960 -0.878292946 1.102655697 -0.263389001 0.486875388 -0.265602781 0.789324872 0.820157186 0.697648316 0.319189237
1750927655.299983978 0.883688481 -0.882812895 1.004169776 -0.275488842 0.564277163 -0.168317935 0.759846204 1.110857003 0.730641012 0.327362958
1750927655.399983883 0.943540646 -0.877498694 0.847905729 -0.277504145 0.650573814 -0.018996047 0.706671290 1.395217137 0.627581083 0.334638976
1750927655.499984026 0.960896048 -0.863083983 0.674565277 -0.227861680 0.712638073 0.166453868 0.642276530 1.603329100 0.347439773 0.221711054
1750927655.599983931 0.922016357 -0.829969827 0.493426679 -0.141275150 0.743065280 0.340587258 0.558476179 1.489887383 -0.002606791 0.051812122
1750927655.699984074 0.817120033 -0.787098078 0.357956505 -0.060767816 0.774608416 0.442012331 0.448234508 0.978599788 -0.089065212 -0.087221647
1750927655.799983978 0.770879323 -0.766793390 0.322551069 -0.030450208 0.800875882 0.451996694 0.391624303 0.321698164 0.114656482 -0.307095273
1750927655.899982929 0.740790581 -0.802735590 0.387567905 -0.053628238 0.803207805 0.430087441 0.408663708 -0.397279195 0.275415873 -0.533575689
1750927655.999983072 0.738989815 -0.859782175 0.476281184 -0.063351934 0.795361267 0.390317153 0.459390365 -0.955761797 0.299937745 -0.584586764
1750927656.099982977 0.758896485 -0.911985499 0.611294032 -0.103391149 0.752487103 0.348758744 0.549036218 -1.237949141 0.248137596 -0.436011317
1750927656.199982882 0.767964729 -0.938846827 0.760328149 -0.197311328 0.688026813 0.286659106 0.636799734 -1.274324976 0.128690246 -0.358200500
1750927656.299983025 0.723289510 -0.953218100 0.896574599 -0.286108807 0.620931148 0.179209054 0.707439308 -1.110653264 0.039940355 -0.402644074
1750927656.399982929 0.642068042 -0.960931944 0.977522850 -0.316055058 0.556672079 0.065458881 0.765467525 -0.916580944 0.049796906 -0.485941608
1750927656.499983072 0.550164553 -0.954452921 1.025839783 -0.323703868 0.483084817 -0.050712123 0.811956370 -0.725507532 0.016704341 -0.506578445
1750927656.599982977 0.462550952 -0.937405043 1.043032592 -0.316321778 0.390186671 -0.155539499 0.850589419 -0.493602254 -0.050298779 -0.426798139
1750927656.699982882 0.410735630 -0.933626562 1.036213253 -0.294985781 0.312796382 -0.212335150 0.877528117 -0.151393452 -0.074786290 -0.339927356
1750927656.799983025 0.394719094 -0.950296300 1.017935740 -0.250132825 0.293356576 -0.228749414 0.893895517 0.265605358 -0.075400353 -0.269793612
1750927656.899981976 0.421400173 -1.002903112 0.982800744 -0.173812524 0.334225379 -0.164243663 0.911650493 0.618806978 -0.125363428 -0.133661555
1750927656.999982119 0.475010217 -1.054350136 0.938005141 -0.093475822 0.388155441 -0.048667972 0.915548499 0.808710825 -0.227942326 0.016982665
1750927657.099982023 0.543670377 -1.085068519 0.879880175 -0.019516986 0.451142228 0.057366414 0.890392538 0.895842436 -0.245584652 0.124859022
1750927657.199981928 0.632346373 -1.085849344 0.811974420 0.041550873 0.547085877 0.118150891 0.827653874 0.965447057 -0.165936822 0.191151769
1750927657.299982071 0.676530632 -1.056878316 0.717316134 0.085372483 0.632223663 0.138469020 0.757516409 1.067909368 -0.056010719 0.153926409
1750927657.399981976 0.687858346 -1.020863706 0.606883033 0.124492131 0.717419976 0.158120228 0.666939488 1.145001702 0.001286653 0.198680183
1750927657.499982119 0.672343511 -0.960800273 0.479522408 0.144823266 0.798534961 0.208963007 0.545621297 1.004565654 0.020769761 0.436826936
1750927657.599982023 0.667930056 -0.895497131 0.392892465 0.131212339 0.842406508 0.278130035 0.442468395 0.612302633 0.041537373 0.581162252
1750927657.699981928 0.701932820 -0.839300139 0.355978082 0.083648140 0.843677909 0.357758224 0.391432788 0.167772076 0.004519808 0.415865601
1750927657.799982071 0.738063291 -0.819306916 0.350648122 0.016119442 0.824850661 0.419086040 0.379115341 -0.231270580 -0.010938249 -0.045468295
1750927657.899981022 0.736810467 -0.859247032 0.376372585 -0.022813140 0.836050291 0.404881420 0.369554472 -0.591457708 0.077105643 -0.617785429
1750927657.999980927 0.721535682 -0.954895877 0.464563788 -0.002241318 0.835492140 0.337490800 0.433644809 -0.995793914 0.128866426 -0.953062552
1750927658.099981070 0.726542748 -1.051785624 0.656049293 -0.057529453 0.780149304 0.240546762 0.574625688 -1.332427251 -0.024376830 -0.849905836
1750927658.199980974 0.683356938 -1.096294550 0.818888911 -0.141208905 0.727323507 0.141057328 0.656630331 -1.235629196 -0.081964381 -0.739083211
1750927658.299981117 0.610246490 -1.109508699 0.913409142 -0.167659926 0.692387592 0.011112920 0.701688018 -0.935140571 0.032242445 -0.727259383
1750927658.399981022 0.506663332 -1.083987828 0.983979163 -0.171759263 0.631599521 -0.181517761 0.733915597 -0.765020502 0.101705168 -0.896130150
