1750927643.599994898 0.581187000 -0.775615000 1.146457000 -0.398331211 0.216488658 0.115031350 0.883873688 0.792503167 0.115878699 -1.003233029
1750927643.699995041 0.617708409 -0.851632712 1.031097177 -0.249722475 0.333720096 0.211061784 0.884150726 0.683213714 -0.230507800 -0.757481677
1750927643.799994946 0.633902606 -0.882918017 0.932677469 -0.123258426 0.432822665 0.305091027 0.839280267 0.535641038 -0.370786137 -0.551387357
1750927643.899995089 0.628848925 -0.897794101 0.882720148 -0.077197444 0.532716597 0.332858504 0.774247246 0.445083436 -0.290479715 -0.372600580
1750927643.999994993 0.627024690 -0.917267434 0.835276120 -0.037437061 0.626783575 0.334246314 0.702865718 0.409347203 -0.232953909 -0.249624803
1750927644.099994898 0.606047399 -0.930138000 0.781918914 0.027645958 0.719756056 0.310288480 0.620409526 0.452649514 -0.241771623 -0.047813584
1750927644.199995041 0.593325892 -0.928823507 0.734254037 0.050454294 0.818368032 0.279973223 0.499342692 0.412438207 -0.140780635 0.324104534
1750927644.299993992 0.617805408 -0.898611053 0.676585987 0.010373388 0.889027843 0.278626780 0.363165259 0.135533887 0.005677976 0.629520461
1750927644.399993896 0.676787449 -0.841940329 0.635387007 -0.096772138 0.884591031 0.328771646 0.316295851 -0.080532847 -0.065340720 0.619287874
1750927644.499994040 0.728188460 -0.795491351 0.605108464 -0.222093310 0.846914778 0.376557278 0.302678933 -0.111220197 -0.260106229 0.358415382
1750927644.599993944 0.740364963 -0.808367103 0.597398767 -0.225998416 0.852197816 0.363308906 0.301148198 -0.096344071 -0.345030098 0.016572341
1750927644.699994087 0.762401271 -0.857544201 0.575831612 -0.194423090 0.879483286 0.301900431 0.312353873 -0.207692960 -0.418266303 -0.220797349
1750927644.799993992 0.795577613 -0.915799253 0.597676850 -0.155553128 0.892948666 0.221394245 0.359764497 -0.430967157 -0.421780049 -0.273343031
1750927644.899993896 0.838471751 -0.961818368 0.667979429 -0.147627812 0.874716982 0.120640626 0.445558155 -0.624601745 -0.357527189 -0.210841705
1750927644.999994040 0.864738966 -0.980366968 0.743823892 -0.149404491 0.847968475 0.034429376 0.507387802 -0.717977638 -0.247118144 -0.103344837
1750927645.099993944 0.889038869 -0.977890647 0.810783894 -0.151873914 0.819177619 -0.015159963 0.552858498 -0.743921934 -0.089836323 -0.002542728
1750927645.199994087 0.920653159 -0.950895421 0.880104423 -0.166068423 0.781468471 -0.020303902 0.601095715 -0.745180252 0.051712380 0.091480997
1750927645.299993992 0.946725820 -0.911055451 0.941543936 -0.195132545 0.743940525 -0.010469594 0.639035346 -0.734057422 0.126887686 0.151141938
1750927645.399992943 0.955734045 -0.872021704 1.004594423 -0.227183619 0.704133472 -0.023162622 0.672344517 -0.660595612 0.112087783 0.141951582
1750927645.499993086 0.964656984 -0.825218228 1.066908846 -0.297478420 0.658595318 -0.037316494 0.690192927 -0.483559732 0.005348081 0.020334959
1750927645.599992990 0.957104095 -0.808295898 1.096660819 -0.359021943 0.614673267 -0.003063850 0.702332280 -0.261488719 -0.015995289 -0.200256562
1750927645.699992895 0.918610427 -0.833057863 1.105186231 -0.366418007 0.587423808 0.051915169 0.719705446 -0.134985941 0.061443989 -0.483820844
1750927645.799993038 0.857339495 -0.873069584 1.098656301 -0.346567360 0.574439549 0.089757424 0.736107244 -0.146622649 0.184555347 -0.669739650
1750927645.899992943 0.775487075 -0.898289002 1.092984126 -0.331838598 0.563090051 0.097759838 0.750503667 -0.214131010 0.331908551 -0.669501876
1750927645.999993086 0.686397970 -0.898320672 1.096129767 -0.332262179 0.537831960 0.084219027 0.770224501 -0.295897292 0.438666616 -0.616238283
1750927646.099992990 0.611459613 -0.871110890 1.090445433 -0.333588623 0.500374109 0.046625634 0.797602929 -0.346859884 0.420902943 -0.551418036
1750927646.199992895 0.532281746 -0.864088077 1.076294727 -0.312361341 0.477976913 -0.012750056 0.820856808 -0.308524025 0.261044862 -0.456485738
1750927646.299993038 0.471857616 -0.862868921 1.067567145 -0.292471732 0.445274973 -0.076118890 0.842850164 -0.237518708 0.039281021 -0.248418046
1750927646.399991989 0.465704303 -0.860039647 1.079645910 -0.302030927 0.397140129 -0.098242537 0.861049036 -0.122582321 -0.139838301 0.068788580
1750927646.499991894 0.484945390 -0.866202898 1.110132957 -0.322896533 0.377289502 -0.105071389 0.861597623 0.006345757 -0.299518832 0.320390159
1750927646.599992037 0.522932443 -0.879421569 1.155802928 -0.337274971 0.371304648 -0.107566644 0.858375133 0.081952770 -0.389941310 0.446192286
1750927646.699991941 0.578801536 -0.895504776 1.210409479 -0.339920363 0.373996050 -0.107562846 0.856160812 0.133180938 -0.363519146 0.509738047
1750927646.799992085 0.621752660 -0.900264601 1.247006811 -0.331185637 0.380210166 -0.116761286 0.855641926 0.240476832 -0.222233661 0.527620773
1750927646.899991989 0.677945961 -0.891182349 1.273707445 -0.330364983 0.417038287 -0.152395817 0.832894687 0.351946028 -0.034589311 0.491423952
1750927646.999991894 0.755729556 -0.892643038 1.253014718 -0.327270554 0.478362045 -0.170503253 0.796864091 0.587215997 0.171632067 0.451018545
1750927647.099992037 0.812887857 -0.899217486 1.214532912 -0.325085666 0.520273352 -0.153668369 0.774610213 0.935622058 0.360868455 0.312183253
1750927647.199991941 0.891857284 -0.924537403 1.098061099 -0.297848650 0.604025598 -0.070071605 0.735886695 1.264137325 0.354971127 0.197805819
1750927647.299992085 0.924670780 -0.962843365 0.921242557 -0.234771602 0.704512802 0.042154538 0.668406315 1.448220518 0.154518922 0.182123267
1750927647.399991989 0.903347976 -0.975305943 0.765417877 -0.190552354 0.790240387 0.098692695 0.573994498 1.316768792 0.090941793 0.193408970
1750927647.499990940 0.857691804 -0.969588338 0.647558673 -0.171402804 0.850803508 0.125650827 0.480589575 0.933200609 0.101708617 0.147731661
1750927647.599991083 0.804344954 -0.964551495 0.579977121 -0.152605322 0.876013564 0.170293124 0.424631726 0.456371125 0.095482106 -0.091367371
1750927647.699990988 0.782949459 -0.968797866 0.596417516 -0.144194891 0.868722265 0.198672243 0.430184610 0.019921840 0.139339740 -0.407256370
1750927647.799990892 0.755227322 -0.980617524 0.658405880 -0.156758514 0.843809213 0.203701825 0.471082101 -0.397126282 0.222072211 -0.654028753
1750927647.899991035 0.701764543 -1.000795743 0.744043274 -0.130604843 0.828035128 0.179494228 0.514861170 -0.670741491 0.321802125 -0.779341422
1750927647.999990940 0.654193232 -1.001257502 0.872486378 -0.135551301 0.768487412 0.133194193 0.610992840 -0.868712136 0.353209595 -0.679647087
1750927648.099991083 0.600403555 -0.970417255 0.982389643 -0.213469573 0.684541851 0.063699748 0.694100524 -0.906563733 0.276559900 -0.479401962
1750927648.199990988 0.526466689 -0.932045937 1.044577562 -0.258460938 0.589702914 -0.016001602 0.764978670 -0.741139252 0.175976882 -0.344409515
1750927648.299990892 0.468613128 -0.902099856 1.070586646 -0.286647948 0.484793075 -0.071670793 0.823208313 -0.534020397 0.046042355 -0.270254463
1750927648.399991035 0.425189595 -0.899788834 1.082567672 -0.283340829 0.374159050 -0.108811360 0.876289374 -0.343190870 -0.143041310 -0.139070656
1750927648.499989986 0.395335587 -0.920774982 1.097048759 -0.263368763 0.256705949 -0.147151385 0.918196831 -0.095133197 -0.321191905 0.065817465
1750927648.599989891 0.404211365 -0.947111779 1.132284118 -0.252455770 0.208807767 -0.158042717 0.931497665 0.213254303 -0.361500997 0.260446883
1750927648.699990034 0.442728996 -0.981736007 1.178471946 -0.236661267 0.214479741 -0.135952592 0.937820227 0.512369059 -0.290898543 0.393648286
1750927648.799989939 0.532443873 -1.010637158 1.211547119 -0.225176566 0.286699376 -0.084701658 0.927321202 0.764089912 -0.202925141 0.439140385
1750927648.899990082 0.635931813 -1.029426429 1.198702082 -0.234059018 0.389826348 -0.041018214 0.889701804 1.018264671 -0.091206486 0.455453432
1750927648.999989986 0.748073208 -1.042077208 1.138217841 -0.238927842 0.504013396 0.014249371 0.829868024 1.219356537 -0.009381922 0.451696108
1750927649.099989891 0.864772958 -1.047027963 1.010326491 -0.220532442 0.616364816 0.101544610 0.749098490 1.367500581 -0.027686072 0.439306438
1750927649.199990034 0.903860456 -1.041802890 0.860485075 -0.188893793 0.693847395 0.188999163 0.668710882 1.455412406 -0.054943322 0.336711847
1750927649.299989939 0.903795787 -1.020294047 0.701935900 -0.156964550 0.756691467 0.272884862 0.572986916 1.360668465 -0.120701610 0.246798699
1750927649.399990082 0.849517924 -0.995240136 0.550221700 -0.111646216 0.806784133 0.350339274 0.462489867 0.953991434 -0.219307955 0.153409007
1750927649.499989986 0.798402214 -0.992999534 0.487179316 -0.058827882 0.827598906 0.371800269 0.416393913 0.423898215 -0.141289507 -0.115609009
1750927649.599988937 0.799151123 -1.013402088 0.507236264 -0.044778867 0.824767832 0.346728609 0.444445889 -0.116596391 -0.020653193 -0.414847714
1750927649.699989080 0.782728192 -1.061413135 0.564413073 -0.051238987 0.817073769 0.310510782 0.483061152 -0.590983794 0.056079967 -0.615393209
1750927649.799988985 0.755244635 -1.117122947 0.647353501 -0.022316247 0.796443883 0.265257283 0.542971177 -0.955966611 0.172124499 -0.667263289
1750927649.899988890 0.735443106 -1.158067548 0.786112452 -0.049827002 0.747036613 0.212170193 0.628042497 -1.193421481 0.240124427 -0.571335881
1750927649.999989033 0.695292024 -1.162187925 0.957661849 -0.135889366 0.670124119 0.155577685 0.712925893 -1.209119124 0.239812063 -0.434140878
1750927650.099988937 0.629192055 -1.143571902 1.054068401 -0.202897614 0.614561705 0.080725270 0.758043468 -1.011643814 0.327045866 -0.465012796
1750927650.199989080 0.526278880 -1.121342408 1.103448250 -0.221860334 0.573901011 -0.043822045 0.787080206 -0.805448184 0.422280262 -0.535582609
1750927650.299988985 0.425479715 -1.051180728 1.119236309 -0.232553710 0.501278418 -0.220556497 0.803737240 -0.755420159 0.373021750 -0.473883791
1750927650.399988890 0.378613869 -0.960583045 1.111035941 -0.278680151 0.417412310 -0.331341902 0.798947358 -0.667519435 0.298455568 -0.236850690
1750927650.499989033 0.363707977 -0.886153961 1.107293276 -0.351910586 0.357849310 -0.377708365 0.778099738 -0.369830439 0.165553849 -0.018261459
1750927650.599987984 0.362940844 -0.877679780 1.103612860 -0.377068083 0.339313481 -0.350020923 0.787509603 0.047292553 -0.008766756 0.070175325
1750927650.699987888 0.376522875 -0.914246764 1.104747133 -0.355304623 0.349287052 -0.302104976 0.812705214 0.373803682 -0.224256987 0.093942613
1750927650.799988031 0.409596904 -0.963647701 1.126348417 -0.323577164 0.388035770 -0.272001458 0.818987953 0.563688702 -0.342234109 0.175013157
1750927650.899987936 0.459475727 -1.040539601 1.138259184 -0.258717025 0.426277766 -0.209340139 0.841147712 0.660556097 -0.369584338 0.233631681
1750927650.999988079 0.518271714 -1.098430239 1.123548655 -0.195855668 0.461748669 -0.130074517 0.855283195 0.773690927 -0.318545328 0.183418964
1750927651.099987984 0.579615223 -1.148330223 1.077910945 -0.121007049 0.508134484 -0.048513965 0.851353649 0.903869019 -0.237998928 0.133439211
1750927651.199987888 0.633229807 -1.187301760 0.980958765 -0.031450007 0.557493001 0.040482834 0.828597364 1.040036346 -0.204267057 0.117722195
1750927651.299988031 0.683699319 -1.185816580 0.877067245 0.015618486 0.624129475 0.093866045 0.775504757 1.166490175 -0.100546523 0.186384878
1750927651.399987936 0.726433334 -1.156156290 0.760791683 0.028764889 0.701983793 0.157274265 0.694014511 1.171560443 -0.001199522 0.371201768
1750927651.499988079 0.746795422 -1.100279078 0.627953256 0.039700969 0.763882604 0.252799492 0.592452206 0.950817324 -0.013674141 0.575900042
1750927651.599987984 0.759489362 -1.033676399 0.542014943 0.021972372 0.799018012 0.336203622 0.498050757 0.536046961 -0.002440423 0.593680237
1750927651.699986935 0.791770535 -0.979502572 0.518409885 -0.032074136 0.799664907 0.400016373 0.446647722 0.087287219 0.033716458 0.314642770
1750927651.799987078 0.808134068 -0.964772693 0.534373190 -0.083305724 0.791200008 0.420776482 0.435901199 -0.373760012 0.145678107 -0.151508674
1750927651.899986982 0.798677266 -1.012675533 0.582447394 -0.065454987 0.792778868 0.379558196 0.472390609 -0.805080598 0.308170178 -0.564663468
1750927651.999986887 0.794341352 -1.075912022 0.718762704 -0.075648943 0.766312032 0.276427000 0.575005410 -1.201888382 0.251556934 -0.648096651
1750927652.099987030 0.748189165 -1.109985003 0.922784759 -0.157294565 0.686436736 0.155285570 0.692783818 -1.350677645 0.023662353 -0.420719417
1750927652.199986935 0.698330134 -1.099556826 1.037286372 -0.215782736 0.617534204 0.067377206 0.753358898 -1.153573125 0.025742159 -0.274730624
1750927652.299987078 0.638815029 -1.078665908 1.103253601 -0.254358910 0.553144892 -0.001477274 0.793303278 -0.855065799 0.091106895 -0.177766924
1750927652.399986982 0.578580036 -1.035713134 1.158553919 -0.314132202 0.476900584 -0.079957708 0.817002790 -0.542531269 0.037857610 -0.074551341
1750927652.499986887 0.552003541 -1.010221536 1.175756682 -0.333477855 0.441352994 -0.138131904 0.821534925 -0.147540781 0.011216509 -0.007616541
1750927652.599987030 0.562329480 -1.018653984 1.166639879 -0.302975948 0.456681635 -0.155651057 0.821839527 0.284507193 0.018772403 0.093304039
1750927652.699985981 0.609860226 -1.051617571 1.135044039 -0.244179741 0.519798963 -0.156842149 0.803483561 0.581394790 0.043657999 0.317054609
1750927652.799985886 0.679874648 -1.076051698 1.088905034 -0.210312085 0.589733951 -0.138214443 0.767384820 0.658252693 0.136059448 0.587835038
1750927652.899986029 0.762256432 -1.079411091 1.033339370 -0.210592373 0.650401565 -0.088104773 0.724476504 0.625148683 0.241852771 0.790292533
1750927652.999985933 0.861045567 -1.046576326 0.963278818 -0.246619685 0.696679840 0.004710961 0.673642144 0.587215209 0.244725763 0.859898266
1750927653.099986076 0.930965573 -1.000577188 0.884986464 -0.266849104 0.722929425 0.081428259 0.632087052 0.578635425 0.258219404 0.743644055
1750927653.199985981 0.961688001 -0.956225313 0.804885700 -0.279041362 0.745803597 0.116739272 0.593535893 0.569970524 0.313966911 0.505490866
1750927653.299985886 0.950694769 -0.924171984 0.732850994 -0.301124277 0.771720290 0.112701414 0.548698783 0.525346183 0.373428997 0.222287964
1750927653.399986029 0.918729825 -0.909171029 0.676565646 -0.327225103 0.790521073 0.144744664 0.497040388 0.448221660 0.355358680 -0.026493118
1750927653.499985933 0.864050917 -0.911555111 0.639681406 -0.319744742 0.811313850 0.189997134 0.451036834 0.280535763 0.295914290 -0.245807486
1750927653.599986076 0.806030838 -0.924311911 0.647703451 -0.286089835 0.808259552 0.237401673 0.456628458 0.022415807 0.269501699 -0.461676408
1750927653.699985981 0.775193568 -0.934542682 0.706413746 -0.287126775 0.786974700 0.246389791 0.487361373 -0.264013433 0.251964161 -0.619191308
1750927653.799984932 0.729839204 -0.952784686 0.766124937 -0.283437659 0.786784247 0.212981903 0.505244842 -0.470102689 0.216634689 -0.734973330
1750927653.899985075 0.667246424 -0.989406162 0.848881373 -0.210035665 0.787814979 0.149416503 0.559381164 -0.585372381 0.172310982 -0.779385798
1750927653.999984980 0.617702179 -0.990534608 0.955324432 -0.213325399 0.714327322 0.072153711 0.662587801 -0.703074409 0.097770114 -0.637694307
1750927654.099984884 0.550404656 -0.975973059 1.020091629 -0.233887942 0.628651667 -0.001882760 0.741680502 -0.650171210 0.046926219 -0.428240672
1750927654.199985027 0.481584751 -0.963150661 1.049584597 -0.255106801 0.532165938 -0.054947445 0.805419588 -0.469428353 -0.016251560 -0.213453975
1750927654.299984932 0.461576425 -0.956861605 1.064092086 -0.314263541 0.461158843 -0.068494640 0.826970031 -0.276094973 -0.123880851 -0.002815507
1750927654.399985075 0.471582165 -0.961670749 1.088317971 -0.369964707 0.426209624 -0.082240799 0.821406064 -0.161842779 -0.294620186 0.172735634
1750927654.499984980 0.494482666 -0.973500995 1.137063042 -0.408520676 0.388440663 -0.111648527 0.818388242 -0.136047125 -0.443696493 0.295668260
1750927654.599984884 0.518042611 -0.978615146 1.199829546 -0.412925628 0.360866795 -0.154487899 0.821827885 -0.191254597 -0.466601503 0.397427217
1750927654.699985027 0.533589596 -0.970740771 1.269082865 -0.395191309 0.332474019 -0.213185941 0.829359156 -0.241864244 -0.344692619 0.474421073
1750927654.799983978 0.540462962 -0.935800430 1.335263415 -0.359870488 0.296613754 -0.308990508 0.828877783 -0.196048074 -0.120929214 0.477937888
1750927654.899983883 0.554921817 -0.894014164 1.362432083 -0.320310570 0.263016566 -0.395194136 0.819783520 -0.054268573 0.151853801 0.407529104
1750927654.999984026 0.597584285 -0.876773831 1.358650052 -0.298840872 0.270091251 -0.420961606 0.812733767 0.194797408 0.420486519 0.319818557
1750927655.099983931 0.672959498 -0.877426941 1.334777111 -0.298971684 0.330826665 -0.395759736 0.802834903 0.506222371 0.606384310 0.311280110
1750927655.199984074 0.759564067 -0.893153780 1.277533495 -0.310797216 0.403095687 -0.327611062 0.795983637 0.820157186 0.697648316 0.319189237
1750927655.299983978 0.849763259 -0.914193239 1.193606935 -0.327175874 0.490739768 -0.238610824 0.771489016 1.110857003 0.730641012 0.327362958
1750927655.399983883 0.931708342 -0.935833340 1.049226589 -0.335234970 0.593517181 -0.097914216 0.725098391 1.395217137 0.627581083 0.334638976
1750927655.499984026 0.974239693 -0.951885062 0.880438756 -0.293678054 0.676120375 0.084607411 0.670414816 1.603329100 0.347439773 0.221711054
1750927655.599983931 0.962583841 -0.951393251 0.692600345 -0.212947054 0.727641410 0.261414861 0.597372414 1.489887383 -0.002606791 0.051812122
1750927655.699984074 0.879165114 -0.933871813 0.537914506 -0.130607432 0.775810274 0.365503094 0.497461160 0.978599788 -0.089065212 -0.087221647
1750927655.799983978 0.838892939 -0.920500559 0.493155261 -0.096178098 0.806862078 0.375438737 0.445835301 0.321698164 0.114656482 -0.307095273
1750927655.899982929 0.799097011 -0.944749796 0.558367389 -0.119098434 0.806049469 0.351739001 0.460846496 -0.397279195 0.275415873 -0.533575689
1750927655.999983072 0.783495762 -0.985369772 0.654462239 -0.130335872 0.791061413 0.312107902 0.509728416 -0.955761797 0.299937745 -0.584586764
1750927656.099982977 0.782742587 -1.012910620 0.797957416 -0.175058836 0.738334601 0.271491361 0.592037889 -1.237949141 0.248137596 -0.436011317
1750927656.199982882 0.769663781 -1.013140422 0.949099151 -0.271684444 0.662600655 0.208435117 0.666110153 -1.274324976 0.128690246 -0.358200500
1750927656.299983025 0.705480737 -1.003792494 1.077779596 -0.358401961 0.581494465 0.100968224 0.723337846 -1.110653264 0.039940355 -0.402644074
1750927656.399982929 0.613268012 -0.997911024 1.146126294 -0.385077831 0.503453831 -0.008678981 0.773417080 -0.916580944 0.049796906 -0.485941608
1750927656.499983072 0.515456014 -0.983873839 1.178661283 -0.388428131 0.416731524 -0.118255587 0.813310543 -0.725507532 0.016704341 -0.506578445
1750927656.599982977 0.426576780 -0.964851780 1.179665784 -0.377022744 0.312368713 -0.213746855 0.845335389 -0.493602254 -0.050298779 -0.426798139
1750927656.699982882 0.376367883 -0.962786641 1.164819582 -0.354205111 0.228470483 -0.261844823 0.868203470 -0.151393452 -0.074786290 -0.339927356
1750927656.799983025 0.362889285 -0.982544312 1.147602181 -0.309928650 0.206424713 -0.273192190 0.886960595 0.265605358 -0.075400353 -0.269793612
1750927656.899981976 0.393486442 -1.040258742 1.126467301 -0.240308033 0.251255380 -0.207167743 0.914442076 0.618806978 -0.125363428 -0.133661555
1750927656.999982119 0.452143934 -1.098286979 1.099643777 -0.169183849 0.314566080 -0.091238364 0.929570098 0.808710825 -0.227942326 0.016982665
1750927657.099982023 0.527972575 -1.138112692 1.058409347 -0.101119715 0.388170379 0.014007102 0.915916132 0.895842436 -0.245584652 0.124859022
1750927657.199981928 0.625526492 -1.150003785 1.005333281 -0.039175254 0.493301703 0.070530231 0.866108663 0.965447057 -0.165936822 0.191151769
1750927657.299982071 0.683444419 -1.137690395 0.914527696 0.009224968 0.584708702 0.086559386 0.806559425 1.067909368 -0.056010719 0.153926409
1750927657.399981976 0.711262298 -1.121499995 0.802345364 0.054803937 0.677618983 0.101618524 0.726293824 1.145001702 0.001286653 0.198680183
1750927657.499982119 0.715384408 -1.084840393 0.665567673 0.082137818 0.771508691 0.146712322 0.613598577 1.004565654 0.020769761 0.436826936
1750927657.599982023 0.724675672 -1.035781826 0.569153694 0.072737145 0.828755199 0.210772917 0.513272739 0.612302633 0.041537373 0.581162252
1750927657.699981928 0.764614119 -0.986629870 0.528337432 0.024163328 0.840861953 0.286391258 0.458636410 0.167772076 0.004519808 0.415865601
1750927657.799982071 0.801468495 -0.967561928 0.524914437 -0.046357857 0.828599557 0.344062333 0.439197945 -0.231270580 -0.010938249 -0.045468295
1750927657.899981022 0.795826009 -1.002381759 0.556762077 -0.083130708 0.839251911 0.326137310 0.427059680 -0.591457708 0.077105643 -0.617785429
1750927657.999980927 0.766317706 -1.081215187 0.657132688 -0.063415219 0.828032229 0.260613262 0.492363551 -0.995793914 0.128866426 -0.953062552
1750927658.099981070 0.741885442 -1.142977422 0.861259813 -0.123785808 0.754316502 0.164855056 0.623302896 -1.332427251 -0.024376830 -0.849905836
1750927658.199980974 0.674812706 -1.158622524 1.021320048 -0.206973412 0.687246417 0.064390258 0.693331280 -1.235629196 -0.081964381 -0.739083211
1750927658.299981117 0.588564555 -1.155704169 1.105025275 -0.227790778 0.637850405 -0.063646451 0.732944304 -0.935140571 0.032242445 -0.727259383
1750927658.399981022 0.476295307 -1.119122171 1.154201355 -0.220742340 0.558141777 -0.250019086 0.759763800 -0.765020502 0.101705168 -0.896130150
