956.700000000 0.000000000 0.000000000 0.000000000 0.000000000 0.000000000 0.000000000 1.000000000 0.000000000 0.000000000 0.000000000
956.800000000 0.000000000 0.000000000 0.000000000 0.000000000 0.000000000 0.000000000 1.000000000 0.000000000 0.000000000 0.000000000
956.900000000 0.000000000 0.000000000 0.000000000 0.000000000 0.000000000 0.000000000 1.000000000 0.000000000 0.000000000 0.000000000
957.000000000 0.000000000 0.000000000 0.000000000 0.000000000 0.000000000 0.000000000 1.000000000 0.000000000 0.000000000 0.000000000
957.100000000 0.000000000 0.000000000 0.000000000 0.000000000 0.000000000 0.000000000 1.000000000 0.000000000 0.000000000 0.000000000
957.200000000 0.000000000 0.000000000 0.000000000 0.000000000 0.000000000 0.000000000 1.000000000 0.000000000 0.000000000 0.000000000
957.300000000 0.000000000 0.000000000 0.000000000 0.000000000 0.000000000 0.000000000 1.000000000 0.000000000 0.000000000 0.000000000
957.400000000 0.000000000 0.000000000 0.000000000 0.000000000 0.000000000 0.000000000 1.000000000 0.000000000 0.000000000 0.000000000
957.500000000 0.000000000 0.000000000 0.000000000 0.000000000 0.000000000 0.000000000 1.000000000 0.000000000 0.000000000 0.000000000
957.600000000 0.000000000 0.000000000 0.000000000 0.000000000 0.000000000 0.000000000 1.000000000 0.000000000 0.000000000 0.000000000
957.700000000 0.000000000 0.000000000 0.000000000 0.000000000 0.000000000 0.000000000 1.000000000 0.000000000 0.000000000 0.000000000
957.800000000 0.000000000 0.000000000 0.000000000 0.000000000 0.000000000 0.000000000 1.000000000 0.000000000 0.000000000 0.000000000
957.900000000 0.000000000 0.000000000 0.000000000 0.000000000 0.000000000 0.000000000 1.000000000 0.000000000 0.000000000 0.000000000
958.000000000 0.000000000 0.000000000 0.000000000 0.000000000 0.000000000 0.000000000 1.000000000 0.000000000 0.000000000 0.000000000
958.100000000 0.000000000 0.000000000 0.000000000 0.000000000 0.000000000 0.000000000 1.000000000 0.000000000 0.000000000 0.000000000
958.200000000 0.000000000 0.000000000 0.000000000 0.000000000 0.000000000 0.000000000 1.000000000 0.000000000 0.000000000 0.000000000
958.300000000 0.000000000 0.000000000 0.000000000 0.000000000 0.000000000 0.000000000 1.000000000 0.000000000 0.000000000 0.000000000
958.400000000 0.000000000 0.000000000 0.000000000 0.000000000 0.000000000 0.000000000 1.000000000 0.891870994 0.632657795 1.224453995
958.500000000 0.178374199 0.126531559 0.244890799 0.008590410 -0.004901598 0.010018471 0.999900900 2.854762489 0.307699592 2.769168179
958.600000000 0.564238845 0.063340643 0.560471321 0.010038658 -0.024819665 0.025205852 0.999323709 1.298870539 -0.019992171 1.882203102
958.700000000 0.419218474 0.127472553 0.633734295 0.014126229 -0.028262722 0.023678707 0.999220189 -0.231516799 0.327493946 1.034614817
958.800000000 0.503360782 0.120467239 0.766096268 0.011911983 -0.033446368 0.059171581 0.997616243 0.221997572 0.070380607 0.062912611
958.900000000 0.460712749 0.146303731 0.649589445 0.002019210 -0.031758847 0.075776881 0.996616859 0.152385259 0.085726281 -0.129999728
959.000000000 0.532472424 0.142244617 0.742074074 0.020230987 -0.029856836 0.041512399 0.998486854 0.801681727 -0.210547550 0.546791083
959.100000000 0.617415730 0.112782640 0.766895397 0.051452849 -0.028957841 -0.001447471 0.998254453 0.973017163 0.029015254 0.407533718
959.200000000 0.722023728 0.138508597 0.834831102 0.079870800 -0.029792620 -0.028581954 0.995949862 0.597455716 0.193729350 0.250855665
959.300000000 0.735314601 0.135702757 0.829113103 0.080098085 -0.030251011 -0.033020641 0.995780503 0.079570764 -0.062455216 -0.090234577
959.400000000 0.738295870 0.127924186 0.815905849 0.077919357 -0.030889075 -0.031976034 0.995967857 0.013777805 -0.047843319 -0.060140097
959.500000000 0.738295870 0.127924186 0.815905849 0.077919357 -0.030889075 -0.031976034 0.995967857 0.000000000 0.000000000 0.000000000
959.600000000 0.738295870 0.127924186 0.815905849 0.077919357 -0.030889075 -0.031976034 0.995967857 0.000000000 0.000000000 0.000000000
959.700000000 0.738295870 0.127924186 0.815905849 0.077919357 -0.030889075 -0.031976034 0.995967857 0.000000000 0.000000000 0.000000000
959.800000000 0.738295870 0.127924186 0.815905849 0.077919357 -0.030889075 -0.031976034 0.995967857 0.000000000 0.000000000 0.000000000
959.900000000 0.738295870 0.127924186 0.815905849 0.077919357 -0.030889075 -0.031976034 0.995967857 0.000000000 0.000000000 0.000000000
960.000000000 0.738295870 0.127924186 0.815905849 0.077919357 -0.030889075 -0.031976034 0.995967857 0.000000000 0.000000000 0.000000000
960.100000000 0.738295870 0.127924186 0.815905849 0.077919357 -0.030889075 -0.031976034 0.995967857 0.000000000 0.000000000 0.000000000
960.200000000 0.738295870 0.127924186 0.815905849 0.077919357 -0.030889075 -0.031976034 0.995967857 0.000000000 0.000000000 0.000000000
960.300000000 0.738295870 0.127924186 0.815905849 0.077919357 -0.030889075 -0.031976034 0.995967857 0.000000000 0.000000000 0.000000000
960.400000000 0.738295870 0.127924186 0.815905849 0.077919357 -0.030889075 -0.031976034 0.995967857 0.000000000 0.000000000 0.000000000
960.500000000 0.738295870 0.127924186 0.815905849 0.077919357 -0.030889075 -0.031976034 0.995967857 0.000000000 0.000000000 0.000000000
960.600000000 0.738295870 0.127924186 0.815905849 0.077919357 -0.030889075 -0.031976034 0.995967857 0.617797450 -0.502812736 1.620920795
960.700000000 0.833883545 -0.029352741 1.126714643 0.070453418 -0.029122674 -0.027130088 0.996720695 0.422844101 -0.817517488 1.619699092
960.800000000 0.794380587 -0.083619927 1.117445029 0.062704922 -0.025236651 -0.020904303 0.997493967 -0.609920650 -0.070894796 0.509824705
960.900000000 0.706214044 -0.050582309 1.220137467 0.076893130 -0.009810768 -0.028244072 0.996590923 -0.402235142 0.061341832 0.598850036
961.000000000 0.711887252 -0.085155837 1.236439073 0.089026432 -0.010836250 -0.022382684 0.995718778 0.133244876 -0.272463875 0.316481659
961.100000000 0.728888082 -0.116587096 1.273196981 0.097528157 -0.013378113 -0.021982719 0.994900017 -0.017445687 -0.110115902 0.907010750
961.200000000 0.701890172 -0.141673533 1.409960666 0.104385931 -0.005530150 -0.026174752 0.994176985 0.288329646 -0.080149255 0.691708199
961.300000000 0.783378541 -0.163987041 1.405502536 0.110479855 -0.015678949 -0.024877087 0.993443256 0.630711166 -0.707163668 -0.576710087
961.400000000 0.825540691 -0.260921716 1.269570914 0.105935556 -0.030590664 -0.018521993 0.993729744 0.244795067 -0.779682933 -0.426319953
961.500000000 0.833001162 -0.300581186 1.292088308 0.108845152 -0.031206390 -0.017943241 0.993406731 0.505416091 -0.643507099 -0.052441095
961.600000000 0.923339315 -0.388524653 1.237247629 0.106371997 -0.046074571 -0.014765199 0.993148590 0.641476032 -0.629173698 -0.254977451
961.700000000 0.963065857 -0.417828362 1.227043272 0.110209462 -0.052783723 -0.014209076 0.992404079 0.568780128 -0.252166869 0.048182012
961.800000000 1.034540218 -0.444337657 1.247050000 0.115910290 -0.059965691 -0.010942124 0.991387508 0.914275942 0.051331029 0.431646927
961.900000000 1.134158810 -0.434076853 1.334082356 0.125424911 -0.065161934 -0.009696617 0.989913375 1.370828605 -0.040247378 -0.395279164
962.000000000 1.316694405 -0.442345955 1.203846885 0.132005448 -0.096135117 -0.003355242 0.986570496 0.879023091 -0.654127767 -1.147618444
962.100000000 1.352905483 -0.506331113 1.115832664 0.130862201 -0.102213260 0.002263152 0.986114807 0.485253712 -0.390924607 0.148475047
962.200000000 1.408188254 -0.527693078 1.231383519 0.135354879 -0.105464263 -0.004096864 0.985159663 1.566584769 0.502556419 1.632263566
962.300000000 1.588985407 -0.507760858 1.514713136 0.146617502 -0.119953904 0.007285858 0.981866226 1.209906027 0.102603346 1.329142844
962.400000000 1.580114711 -0.590107673 1.541523071 0.146196000 -0.115491595 0.020077322 0.982285764 -0.328594083 -0.197099655 1.555837411
962.500000000 1.459184183 -0.636651103 1.777842463 0.152302374 -0.102434647 0.035298917 0.982377278 0.039083593 -0.018203543 1.283514357
962.600000000 1.539210383 -0.671943519 1.781524009 0.157555856 -0.108652606 0.047471357 0.980365867 -0.318996433 -0.955448741 -1.168334553
962.700000000 1.467792337 -0.746550488 1.489686445 0.153559439 -0.107711823 0.035704841 0.981602173 -0.822043924 -1.250181111 -1.015390906
962.800000000 1.445549566 -0.852852260 1.482711714 0.145382924 -0.106627435 0.029420483 0.983172839 0.226779309 -1.052331239 -0.621802128
962.900000000 1.555749572 -0.910206258 1.324462279 0.141359009 -0.126149116 0.026072203 0.981541783 0.420453985 -0.895630323 -1.517106772
963.000000000 1.615309247 -0.937076027 1.173988642 0.147043662 -0.131204981 0.033640364 0.979812094 0.465051231 -0.475049762 -0.889032866
963.100000000 1.699233534 -0.945545373 1.158762327 0.150329076 -0.136784027 0.038350887 0.978376466 1.093692077 0.492763915 0.474498491
963.200000000 1.789464463 -0.864759380 1.350072035 0.160772584 -0.144411437 0.042555612 0.975441712 1.467287242 0.486750098 0.344253874
963.300000000 1.948330453 -0.865285214 1.337210531 0.161248160 -0.168063788 0.019849166 0.972296048 1.664770321 -0.002616656 0.028078717
963.400000000 2.101596501 -0.872247992 1.465863792 0.165594396 -0.178999323 0.029845688 0.969353895 0.118006494 -1.393839282 0.433613499
963.500000000 1.973795521 -1.157069484 1.335526522 0.147964962 -0.163450133 0.040451485 0.974553283 -0.893816792 -1.571103578 0.031349717
963.600000000 1.971020690 -1.179020389 1.325967535 0.119832766 -0.164609430 0.030783340 0.978568459 -0.377220650 -0.112005866 -0.411220718
963.700000000 1.930705508 -1.160231634 1.230212800 0.113770605 -0.164405984 0.030697696 0.979328634 -0.318437352 0.084984728 -0.233239643
963.800000000 1.923933802 -1.153076515 1.265711749 0.129866130 -0.161309098 0.035804158 0.977666725 0.164563165 0.162386534 0.420289784
963.900000000 1.932455247 -1.150323762 1.325619977 0.147767651 -0.158888819 0.040350357 0.975341434 0.440336832 0.048889949 0.361766402
964.000000000 1.984476488 -1.162744351 1.362291164 0.157411968 -0.160177819 0.050695666 0.973136418 -0.445086171 -0.185258236 -0.321189935
964.100000000 1.872988543 -1.168919319 1.227940256 0.157499115 -0.158324956 0.060694784 0.972853216 0.350619710 -0.918640792 1.697291933
964.200000000 1.983346899 -1.441769804 1.638060851 0.155084548 -0.157127654 0.084273135 0.971677787 1.039531052 -0.832798340 2.143934122
964.300000000 1.983346899 -1.441769804 1.638060851 0.155084548 -0.157127654 0.084273135 0.971677787 0.607537944 0.242190442 -0.280959643
964.400000000 2.102524941 -1.363948387 1.640941249 0.151887023 -0.159077055 0.067385019 0.973182451 0.597304669 0.264619167 -0.282667141
964.500000000 2.102524941 -1.363948387 1.640941249 0.151887023 -0.159077055 0.067385019 0.973182451 0.000000000 0.000000000 0.000000000
964.600000000 2.102524941 -1.363948387 1.640941249 0.151887023 -0.159077055 0.067385019 0.973182451 -0.109921401 0.016055496 -0.653958256
964.700000000 2.119095322 -1.321265980 1.516427352 0.153832719 -0.164608340 0.073059543 0.971546135 -0.116156688 0.013956778 -0.652927811
964.800000000 2.119095322 -1.321265980 1.516427352 0.153832719 -0.164608340 0.073059543 0.971546135 2.284508784 -0.722798080 2.034231971
964.900000000 2.453217710 -1.547114112 1.998646740 0.150429121 -0.174675631 0.077619166 0.969966375 3.691890980 -0.875294791 2.340371294
965.000000000 2.691397239 -1.563201479 2.155864012 0.149249097 -0.181244534 0.071779554 0.969393017 1.459967021 -0.043187102 -0.245167583
965.100000000 2.740867344 -1.514975332 2.061605663 0.147578117 -0.181851350 0.064297378 0.970060118 1.027981664 0.836209807 -0.591135269
965.200000000 2.891324767 -1.353399961 2.171018824 0.153526338 -0.188427481 0.057559078 0.968303517 0.946493063 0.787844867 -0.036513797
965.300000000 2.891324767 -1.353399961 2.171018824 0.153526338 -0.188427481 0.057559078 0.968303517 0.397360664 -0.173638467 -0.109607463
965.400000000 2.978119264 -1.375006576 2.172520155 0.152691290 -0.189829476 0.058791365 0.968087659 0.396554989 -0.174753973 -0.110746560
965.500000000 2.978119264 -1.375006576 2.172520155 0.152691290 -0.189829476 0.058791365 0.968087659 0.000000000 0.000000000 0.000000000
965.600000000 2.978119264 -1.375006576 2.172520155 0.152691290 -0.189829476 0.058791365 0.968087659 0.000000000 0.000000000 0.000000000
965.700000000 2.978119264 -1.375006576 2.172520155 0.152691290 -0.189829476 0.058791365 0.968087659 0.000000000 0.000000000 0.000000000
965.800000000 2.978119264 -1.375006576 2.172520155 0.152691290 -0.189829476 0.058791365 0.968087659 0.000000000 0.000000000 0.000000000
965.900000000 2.978119264 -1.375006576 2.172520155 0.152691290 -0.189829476 0.058791365 0.968087659 0.000000000 0.000000000 0.000000000
966.000000000 2.978119264 -1.375006576 2.172520155 0.152691290 -0.189829476 0.058791365 0.968087659 0.000000000 0.000000000 0.000000000
966.100000000 2.978119264 -1.375006576 2.172520155 0.152691290 -0.189829476 0.058791365 0.968087659 0.523967913 -0.184817485 -0.592152275
966.200000000 3.122388287 -1.366481340 2.098442242 0.153672371 -0.195026125 0.062695768 0.966653430 0.516622177 -0.191377603 -0.596506775
966.300000000 3.122388287 -1.366481340 2.098442242 0.153672371 -0.195026125 0.062695768 0.966653430 -0.436150609 -0.062418111 -1.818888627
966.400000000 3.174891955 -1.266648896 1.741544475 0.150728808 -0.195223862 0.055223148 0.967532363 -0.438964055 -0.052070989 -1.818537430
966.500000000 3.174891955 -1.266648896 1.741544475 0.150728808 -0.195223862 0.055223148 0.967532363 0.000000000 0.000000000 0.000000000
966.600000000 3.174891955 -1.266648896 1.741544475 0.150728808 -0.195223862 0.055223148 0.967532363 -0.048924341 -0.146763513 -0.502918226
966.700000000 3.207099818 -1.263452600 1.641410406 0.150437401 -0.195539585 0.063716139 0.966991785 -0.050490876 -0.147381318 -0.502582611
966.800000000 3.207099818 -1.263452600 1.641410406 0.150437401 -0.195539585 0.063716139 0.966991785 0.000000000 0.000000000 0.000000000
966.900000000 3.207099818 -1.263452600 1.641410406 0.150437401 -0.195539585 0.063716139 0.966991785 0.000000000 0.000000000 0.000000000
967.000000000 3.207099818 -1.263452600 1.641410406 0.150437401 -0.195539585 0.063716139 0.966991785 0.000000000 0.000000000 0.000000000
967.100000000 3.207099818 -1.263452600 1.641410406 0.150437401 -0.195539585 0.063716139 0.966991785 0.000000000 0.000000000 0.000000000
967.200000000 3.207099818 -1.263452600 1.641410406 0.150437401 -0.195539585 0.063716139 0.966991785 0.000000000 0.000000000 0.000000000
967.300000000 3.207099818 -1.263452600 1.641410406 0.150437401 -0.195539585 0.063716139 0.966991785 0.000000000 0.000000000 0.000000000
967.400000000 3.207099818 -1.263452600 1.641410406 0.150437401 -0.195539585 0.063716139 0.966991785 0.882291109 -0.115030963 0.064080928
967.500000000 3.368218745 -1.277916128 1.716660264 0.153212290 -0.198153521 0.064772377 0.965953268 0.882414822 -0.116329585 0.059896570
967.600000000 3.368218745 -1.277916128 1.716660264 0.153212290 -0.198153521 0.064772377 0.965953268 0.000000000 0.000000000 0.000000000
967.700000000 3.368218745 -1.277916128 1.716660264 0.153212290 -0.198153521 0.064772377 0.965953268 0.000000000 0.000000000 0.000000000
967.800000000 3.368218745 -1.277916128 1.716660264 0.153212290 -0.198153521 0.064772377 0.965953268 0.000000000 0.000000000 0.000000000
967.900000000 3.368218745 -1.277916128 1.716660264 0.153212290 -0.198153521 0.064772377 0.965953268 0.000000000 0.000000000 0.000000000
968.000000000 3.368218745 -1.277916128 1.716660264 0.153212290 -0.198153521 0.064772377 0.965953268 0.000000000 0.000000000 0.000000000
968.100000000 3.368218745 -1.277916128 1.716660264 0.153212290 -0.198153521 0.064772377 0.965953268 0.000000000 0.000000000 0.000000000
968.200000000 3.368218745 -1.277916128 1.716660264 0.153212290 -0.198153521 0.064772377 0.965953268 0.000000000 0.000000000 0.000000000
968.300000000 3.368218745 -1.277916128 1.716660264 0.153212290 -0.198153521 0.064772377 0.965953268 0.000000000 0.000000000 0.000000000
968.400000000 3.368218745 -1.277916128 1.716660264 0.153212290 -0.198153521 0.064772377 0.965953268 0.000000000 0.000000000 0.000000000
968.500000000 3.368218745 -1.277916128 1.716660264 0.153212290 -0.198153521 0.064772377 0.965953268 0.000000000 0.000000000 0.000000000
968.600000000 3.368218745 -1.277916128 1.716660264 0.153212290 -0.198153521 0.064772377 0.965953268 0.000000000 0.000000000 0.000000000
968.700000000 3.368218745 -1.277916128 1.716660264 0.153212290 -0.198153521 0.064772377 0.965953268 0.000000000 0.000000000 0.000000000
968.800000000 3.368218745 -1.277916128 1.716660264 0.153212290 -0.198153521 0.064772377 0.965953268 0.000000000 0.000000000 0.000000000
968.900000000 3.368218745 -1.277916128 1.716660264 0.153212290 -0.198153521 0.064772377 0.965953268 0.000000000 0.000000000 0.000000000
969.000000000 3.368218745 -1.277916128 1.716660264 0.153212290 -0.198153521 0.064772377 0.965953268 0.000000000 0.000000000 0.000000000
969.100000000 3.368218745 -1.277916128 1.716660264 0.153212290 -0.198153521 0.064772377 0.965953268 0.000000000 0.000000000 0.000000000
969.200000000 3.368218745 -1.277916128 1.716660264 0.153212290 -0.198153521 0.064772377 0.965953268 0.000000000 0.000000000 0.000000000
969.300000000 3.368218745 -1.277916128 1.716660264 0.153212290 -0.198153521 0.064772377 0.965953268 0.000000000 0.000000000 0.000000000
969.400000000 3.368218745 -1.277916128 1.716660264 0.153212290 -0.198153521 0.064772377 0.965953268 0.092423377 0.014866646 -0.046823935
969.500000000 3.387943221 -1.270904356 1.716717380 0.150441597 -0.200855454 0.067737357 0.965627290 0.107191263 0.076704007 0.075933848
969.600000000 3.379215070 -1.266727225 1.742726834 0.098265978 -0.204302335 0.035552387 0.973314123 -0.074247043 0.050178927 0.049612815
969.700000000 3.369396578 -1.263561415 1.721384544 0.084642489 -0.205597256 -0.046324632 0.973868290 -0.202258774 0.012378502 -0.019438596
969.800000000 3.344081276 -1.258672952 1.723797145 0.111021174 -0.216526412 -0.105700631 0.964166992 -0.178532010 0.033050525 0.172666593
969.900000000 3.323636276 -1.254079742 1.739475519 0.140853726 -0.236973591 -0.136537953 0.951504668 -0.402223543 0.309979770 0.339853557
970.000000000 3.254374185 -1.188996815 1.768883072 0.160831677 -0.260839107 -0.161571847 0.938078179 -0.720166975 0.260383157 0.459080427
970.100000000 3.168434722 -1.171636061 1.771150509 0.163551065 -0.286919458 -0.180870903 0.926398397 -0.823981480 -0.084799766 0.574395428
970.200000000 3.055534668 -1.156135344 1.773946035 0.160969506 -0.316235624 -0.195127004 0.914335442 -0.755772903 -0.095465169 0.963187127
970.300000000 2.930652089 -1.151892444 1.829383127 0.157339683 -0.351790716 -0.208948502 0.898792546 -0.512714392 -0.179073006 1.200969867
970.400000000 2.810153581 -1.169805353 1.869298672 0.152291882 -0.388418800 -0.219867010 0.881814332 -0.274509357 -0.161879471 1.633856274
970.500000000 2.643170190 -1.183805630 1.994239348 0.148310919 -0.426875475 -0.230248626 0.861839179 -0.675317629 -0.195671493 2.164550079
970.600000000 2.379957938 -1.157933555 2.017540029 0.143104239 -0.462427405 -0.233917313 0.843187264 -1.108072435 -0.623073760 2.424562172
970.700000000 2.097311789 -1.185044604 2.036888582 0.135330736 -0.501963382 -0.237096253 0.820672725 -0.920745347 -0.979976252 2.579480696
970.800000000 1.801516196 -1.219828182 2.024471904 0.126686169 -0.537230414 -0.238390460 0.799064507 -0.723343278 -0.975846455 2.369792979
970.900000000 1.569253281 -1.251516105 2.017075075 0.119057025 -0.573203138 -0.241877085 0.773795234 -0.474744497 -1.305760058 2.835427319
971.000000000 1.182245039 -1.341757908 2.003544249 0.109032134 -0.609608259 -0.245514432 0.745796506 -1.373027176 -1.774145782 3.406939338
971.100000000 0.793021918 -1.324917357 1.776911739 0.100938520 -0.633700234 -0.247574063 0.725908060 -2.496331541 -1.898584870 3.608427020
971.200000000 0.357231240 -1.303177807 1.521729495 0.094505214 -0.657728602 -0.242742743 0.706779889 -2.422305744 -1.790258139 4.284466131
971.300000000 -0.129532405 -1.248766897 1.286744213 0.092473683 -0.680872010 -0.239416912 0.685960252 -2.413374200 -1.933511935 4.768653276
971.400000000 -0.634019716 -1.229670594 0.970245923 0.087845833 -0.703661559 -0.234288370 0.665020661 -2.357901870 -2.145276350 4.819375763
971.500000000 -1.104767020 -1.213656114 0.667699415 0.088526024 -0.725822679 -0.223352865 0.644560377 -2.023563113 -1.980530529 4.952764367
971.600000000 -1.601085256 -1.203386663 0.365282498 0.090748475 -0.748780200 -0.210418983 0.621945960 -1.760752274 -2.026000861 5.717674257
971.700000000 -2.190603623 -1.205010522 0.022135163 0.093141667 -0.769623404 -0.200910106 0.598865240 -1.525791764 -2.059219774 6.059283226
971.800000000 -2.722611005 -1.218080773 -0.322683830 0.093857703 -0.786702596 -0.194244603 0.578410574 -1.174397385 -2.022677424 6.320155619
971.900000000 -3.344637869 -1.235350726 -0.673477115 0.096669564 -0.802924928 -0.190419344 0.556513279 -0.852128054 -1.945094629 6.484172326
972.000000000 -3.889688437 -1.252022576 -1.029039595 0.099803797 -0.819035219 -0.183761886 0.534277158 -0.865488810 -2.089173342 6.585302670
972.100000000 -4.488526518 -1.298357902 -1.465149994 0.102299078 -0.835435015 -0.176672894 0.510264562 -0.637738805 -2.109381752 6.711352365
972.200000000 -5.028102716 -1.337831407 -1.861258246 -0.104705349 0.850343038 0.170885679 -0.486571262 -0.230198235 -1.809814042 6.334566330
972.300000000 -5.554748114 -1.376285490 -2.236709938 -0.104585213 0.865032996 0.164858984 -0.462170276 0.054533885 -1.752662172 6.778153380
972.400000000 -6.154791688 -1.409680369 -2.689591610 -0.104031564 0.880254616 0.156272761 -0.435784430 0.370873151 -1.685310060 7.324555602
