1750921983.200000048 -0.007541733 -0.011093735 -0.101751584 0.000792885 0.034232457 -0.002536462 0.999410364 -0.124552175 -0.145124302 -1.754185104
1750921983.299999952 -0.042246643 -0.023595156 -0.257557036 0.001276553 0.092018656 -0.005910210 0.995738925 -0.131130905 -0.150745009 -1.723802985
1750921983.400000095 -0.102650609 -0.038692041 -0.430992701 0.003528819 0.158797579 -0.009138234 0.987262563 -0.112927990 -0.206022967 -1.654185491
1750921983.500000000 -0.169862127 -0.049967530 -0.576304134 0.002071385 0.218530119 -0.009165042 0.975784965 -0.061515221 -0.132769307 -1.654265854
1750921983.599999905 -0.256586496 -0.057677689 -0.712618298 0.003320750 0.274772398 -0.011492989 0.961434872 -0.108771234 -0.085168059 -1.645228926
1750921983.700000048 -0.367811391 -0.064741076 -0.849478850 0.006463773 0.335009981 -0.013954433 0.942089065 -0.114363797 -0.059747108 -1.663933836
1750921983.799998999 -0.488235233 -0.068486058 -0.962811067 0.009909625 0.386128131 -0.015654291 0.922259079 -0.107947264 -0.050368472 -1.796681957
1750921983.899998903 -0.623698919 -0.071949684 -1.063764817 0.010387232 0.434208794 -0.016164441 0.900607317 -0.170325932 -0.042078467 -1.699544085
1750921983.999999046 -0.782315165 -0.070638200 -1.161774569 0.011230372 0.484896002 -0.019110112 0.874290884 -0.060245555 -0.076030976 -1.848434004
1750921984.099998951 -0.936283233 -0.070612572 -1.237572716 0.009725039 0.527772762 -0.020708903 0.849077427 -0.152602866 -0.099382641 -1.704561859
1750921984.199999094 -1.095093873 -0.068146654 -1.297691476 0.008872888 0.569716483 -0.023192155 0.821466083 0.027648315 -0.045371261 -1.864186601
1750921984.299998999 -1.279896539 -0.073891356 -1.339581015 0.006595432 0.615128173 -0.023600831 0.788046211 -0.134814210 -0.082201660 -1.717877017
1750921984.399998903 -1.432591173 -0.074936695 -1.351846137 0.006529721 0.652423747 -0.024616354 0.757426334 -0.322824364 -0.130014607 -1.568358420
1750921984.499999046 -1.588025728 -0.076097454 -1.354424798 0.007402646 0.690376789 -0.028333278 0.722857051 -0.099960860 -0.089184503 -1.446275609
1750921984.599998951 -1.764237895 -0.076834554 -1.332232145 0.010716587 0.733398043 -0.030643229 0.679023900 -0.156338942 -0.070632228 -1.605312301
1750921984.699999094 -1.923264831 -0.079183274 -1.298396021 0.011446774 0.769413203 -0.032435785 0.637824596 -0.173456854 -0.175760167 -1.813644940
1750921984.799998999 -2.074914769 -0.077426229 -1.239020264 0.008844874 0.801684847 -0.028510007 0.597001133 -0.215644903 -0.077222133 -1.660932646
1750921984.899997950 -2.229715830 -0.078834263 -1.159685185 0.009641360 0.836357180 -0.027582347 0.547405632 -0.195848508 -0.114278906 -1.555086589
1750921984.999998093 -2.361535884 -0.078134167 -1.071154429 0.008857969 0.865256832 -0.029720650 0.500368699 -0.205665070 -0.093699990 -1.698036964
1750921985.099997997 -2.481151726 -0.077650906 -0.972638878 0.008947920 0.892063341 -0.030346986 0.450801499 -0.120949323 -0.075619397 -1.644476437
1750921985.199997902 -2.610986448 -0.072656511 -0.848250227 0.005056000 0.919149061 -0.029383683 0.392779887 -0.044819314 -0.021013106 -1.627700349
1750921985.299998045 -2.710831419 -0.076384207 -0.726518297 0.002163113 0.939702317 -0.032420543 0.340446450 -0.166656752 -0.161596717 -1.570443401
1750921985.399997950 -2.797758867 -0.075176924 -0.598876907 -0.001817162 0.958053142 -0.031020787 0.284901010 0.022692815 -0.065913204 -1.625795409
1750921985.499998093 -2.874385116 -0.073096029 -0.453425987 -0.003266655 0.974408344 -0.032135483 0.222452283 0.102292615 0.011780598 -1.356690712
1750921985.599997997 -2.924374763 -0.074058231 -0.313962841 -0.006495130 0.985191424 -0.034753340 0.167773292 -0.061886275 -0.126599512 -1.555228863
1750921985.699997902 -2.961994214 -0.068717152 -0.177030539 -0.008449017 0.993189248 -0.033141823 0.111379309 -0.095900802 -0.033124499 -1.433547268
1750921985.799998045 -2.981507166 -0.070522371 -0.002973084 -0.009248557 0.998281203 -0.033840849 0.046945728 0.086403980 -0.130544743 -1.642743860
1750921985.899996996 -2.970967051 -0.064554617 0.157925668 -0.008021450 0.999393607 -0.033069674 -0.007380456 -0.165660822 -0.030480184 -1.647393756
1750921985.999996901 -2.949867725 -0.062846882 0.310948127 -0.009244440 0.997289847 -0.034857921 -0.064128199 -0.199234110 -0.109516516 -1.761692611
1750921986.099997044 -2.898435331 -0.061355615 0.492471734 -0.011107523 0.990732947 -0.034873919 -0.130800076 -0.190369409 -0.074463593 -1.756074332
1750921986.199996948 -2.818078786 -0.054606200 0.645136244 -0.009161397 0.982168431 -0.035123826 -0.184465601 -0.137015686 -0.113774844 -1.683556860
1750921986.299997091 -2.724221301 -0.049725600 0.794842591 -0.010155213 0.971133889 -0.035621114 -0.235641629 -0.123717282 -0.099830875 -1.680317062
1750921986.399996996 -2.616461104 -0.046851014 0.941456156 -0.013376368 0.954251869 -0.034559288 -0.296698668 -0.135254298 -0.103838438 -1.576980585
1750921986.499996901 -2.497613080 -0.042513337 1.064088575 -0.014655552 0.936162372 -0.032966534 -0.349711933 -0.212365876 -0.078178007 -1.794556862
1750921986.599997044 -2.372747794 -0.040671174 1.170687818 -0.013858351 0.915791823 -0.030236730 -0.400273686 -0.136534543 -0.093401715 -1.592195227
1750921986.699996948 -2.220551282 -0.037093036 1.273221696 -0.012329318 0.889839665 -0.026339109 -0.455345594 -0.154093910 -0.057137189 -1.660496468
1750921986.799997091 -2.070965906 -0.034075928 1.353323324 0.013627837 -0.863167270 0.027821851 0.503966756 -0.115971874 -0.115155750 -1.942608080
1750921986.899996996 -1.921812736 -0.033344582 1.414237388 0.014878124 -0.832813273 0.025211988 0.552779386 -0.068556256 -0.119208389 -1.953171036
1750921986.999995947 -1.744630490 -0.034219815 1.464444290 0.013812296 -0.797270521 0.022697316 0.603037121 -0.077838717 -0.150426325 -1.667424908
1750921987.099996090 -1.577801735 -0.036068195 1.490018007 0.012307874 -0.763101351 0.019118697 0.645878719 -0.112793901 -0.053297895 -1.779155440
1750921987.199995995 -1.412575610 -0.034976485 1.498667784 0.013968653 -0.726475925 0.017613628 0.686824117 -0.082818200 -0.044968216 -1.835330158
1750921987.299995899 -1.229587236 -0.034732845 1.488536346 0.014017741 -0.682239211 0.016378487 0.730811130 -0.069073963 -0.111012003 -1.739257258
1750921987.399996042 -1.057688621 -0.039899282 1.456424781 0.014745247 -0.641041430 0.014660410 0.767224566 -0.166122278 -0.182728110 -1.774705118
1750921987.499995947 -0.900635237 -0.038803840 1.410547658 0.012638564 -0.596030270 0.012091977 0.802771430 -0.095520782 -0.017215136 -1.592801669
1750921987.599996090 -0.732948764 -0.023401824 1.331666687 0.015703482 -0.543843269 0.013588652 0.838929823 -0.225436646 0.106567911 -2.139023051
1750921987.699995995 -0.576431271 -0.028073217 1.240335569 0.014930904 -0.494828425 0.012430831 0.868773487 0.052936430 0.111284765 -2.157970084
1750921987.799995899 -0.443933735 -0.022070799 1.139358430 0.019056725 -0.445041551 0.012742606 0.895216446 -0.122239374 -0.004254997 -1.722895556
1750921987.899996042 -0.316172767 -0.019831506 1.012405314 0.018910199 -0.390840167 0.014284544 0.920153422 -0.118640541 0.014299705 -1.623117801
1750921987.999994993 -0.218437692 -0.012663291 0.890507396 0.017967005 -0.340522885 0.012871075 0.939976429 -0.085982305 0.009758656 -1.553005815
1750921988.099994898 -0.132094860 -0.016798147 0.757426730 0.018975060 -0.289364432 0.013518949 0.956935427 -0.120319916 -0.256602279 -1.813637362
1750921988.199995041 -0.050754231 -0.012974760 0.593388654 0.015191182 -0.231035537 0.011319593 0.972760852 -0.082721939 -0.099464343 -1.666900339
1750921988.299994946 -0.003560211 -0.011411327 0.436327042 0.012590321 -0.179090162 0.010316593 0.983698005 -0.321604613 -0.024064934 -1.850350057
1750921988.399995089 0.031214841 -0.012536493 0.272486983 0.010628026 -0.125331496 0.007633803 0.992028622 -0.144045089 -0.156975681 -1.784314149
1750921988.499994993 0.055932111 -0.025515354 0.084107593 0.006928986 -0.065895551 0.005711294 0.997786123 -0.030875702 -0.327820013 -1.609749490
1750921988.599994898 0.061741117 -0.033776176 -0.090715157 0.006861444 -0.011188316 -0.000362968 0.999913802 -0.051684035 -0.193939921 -1.701473838
1750921988.699995041 0.049140589 -0.043117926 -0.250834080 0.003091303 0.052681070 -0.004159796 0.998597940 -0.066103490 0.000626219 -1.627050190
1750921988.799994946 0.015641310 -0.046175144 -0.434990821 0.006454569 0.121684495 -0.008286931 0.992513249 0.076416471 -0.111780286 -1.782454717
1750921988.899995089 -0.038057861 -0.054836514 -0.599401593 0.003286946 0.182117392 -0.012064940 0.983197279 -0.027336067 -0.098597444 -1.795867476
1750921988.999994993 -0.117292764 -0.062839904 -0.762364803 0.004298126 0.240173558 -0.014123455 0.970617698 -0.037567248 -0.129505221 -1.917910633
1750921989.099993944 -0.234443621 -0.066533204 -0.936292330 0.006716750 0.298470887 -0.014317411 0.954287706 -0.072712349 -0.081485922 -1.966889542
1750921989.199994087 -0.348757098 -0.074304588 -1.060943300 0.008834305 0.350745718 -0.013748588 0.936328133 -0.104545577 -0.106582296 -1.847293257
1750921989.299993992 -0.470603015 -0.082284023 -1.169712469 0.010271209 0.399742769 -0.014878940 0.916449037 -0.128095234 -0.153163756 -1.753187714
1750921989.399993896 -0.627636093 -0.088789891 -1.278968745 0.008782307 0.455302460 -0.016929028 0.890132546 -0.163075453 -0.134166243 -1.658172020
1750921989.499994040 -0.768787144 -0.095893077 -1.349032962 0.008045769 0.501718106 -0.020596967 0.864748503 -0.120571826 -0.081526947 -1.722969055
1750921989.599993944 -0.911941515 -0.104622312 -1.400730499 0.009955696 0.545827520 -0.022083092 0.837547336 -0.216348677 -0.199950444 -1.484843022
1750921989.699994087 -1.091308375 -0.106780877 -1.449458081 0.012208839 0.594862080 -0.024246715 0.803369247 -0.207177397 -0.169250289 -1.726447201
1750921989.799993992 -1.261838850 -0.110178293 -1.481230266 0.012234392 0.635803453 -0.025612985 0.771328895 -0.004110333 -0.063659362 -1.831889244
1750921989.899993896 -1.429536820 -0.102290603 -1.502349033 0.009024630 0.677881375 -0.027739654 0.734592342 -0.051641302 -0.006933467 -1.564086731
1750921989.999994040 -1.616834408 -0.095929304 -1.500951719 0.011989236 0.725348500 -0.031716125 0.687546289 -0.002615738 -0.030656880 -1.922972093
1750921990.099992990 -1.785837211 -0.091291228 -1.470402090 0.013351329 0.764391966 -0.033542444 0.643740296 -0.073152674 -0.087249020 -1.699361594
1750921990.199992895 -1.947998083 -0.087665915 -1.428455734 0.011066876 0.799956164 -0.030726282 0.599169054 -0.068658872 -0.036176947 -1.810697139
1750921990.299993038 -2.128399136 -0.081421676 -1.355551821 0.010590069 0.835621381 -0.031426770 0.548303853 -0.056724503 -0.037279130 -1.766775061
1750921990.399992943 -2.268743239 -0.075618621 -1.278698687 0.007934460 0.862528955 -0.031803977 0.504944902 -0.038407131 -0.110212101 -1.632672351
1750921990.499993086 -2.404613085 -0.073768909 -1.182852270 0.002806212 0.887193136 -0.030637210 0.460371399 -0.029412518 -0.010287994 -1.800120601
1750921990.599992990 -2.539268685 -0.071029875 -1.050075707 0.001631057 0.911484839 -0.028768521 0.410323165 -0.169675436 -0.003506965 -1.727631514
1750921990.699992895 -2.649126838 -0.071443341 -0.917375454 0.000483313 0.930716337 -0.028541257 0.364626195 -0.155332751 -0.142211668 -1.876693829
1750921990.799993038 -2.741926588 -0.070680462 -0.772641636 0.000275280 0.947284753 -0.029875327 0.318996842 -0.156705527 -0.151229913 -1.852233062
1750921990.899992943 -2.833901618 -0.068793926 -0.606719257 -0.002117177 0.962539535 -0.030064967 0.269461051 -0.048870261 -0.089309828 -1.767741760
1750921990.999993086 -2.910218970 -0.069569842 -0.462452757 -0.002433157 0.974081316 -0.034602804 0.223522516 -0.081733849 -0.269271527 -1.912520041
1750921991.099992990 -2.962284605 -0.060217707 -0.305031931 -0.007403530 0.983527220 -0.031999035 0.177751108 -0.112825150 -0.041224725 -1.847081288
1750921991.199991941 -2.998875593 -0.055872796 -0.117339918 -0.007761572 0.991519089 -0.033579253 0.125307976 -0.137015652 -0.119819363 -1.729594001
1750921991.299992085 -3.009779975 -0.054342906 0.064579095 -0.006597735 0.996511918 -0.032962226 0.076380359 -0.238571021 -0.143797507 -1.808506309
1750921991.399991989 -3.008583284 -0.048476292 0.237044586 -0.006550421 0.999250048 -0.031162923 0.022029649 -0.183857190 -0.026809602 -1.808004678
1750921991.499991894 -2.967734397 -0.049808113 0.430628042 -0.006038737 0.998907220 -0.033494292 -0.032031736 -1.000807087 -0.030858649 -1.903386299
1750921991.599992037 -2.911406373 -0.042741289 0.588602706 -0.006435522 0.995364848 -0.030034599 -0.091133563 -0.018304118 -0.119177253 -1.713577420
1750921991.699991941 -2.881150577 -0.040940327 0.735571483 -0.008564243 0.987781867 -0.027700748 -0.153121867 0.150007842 0.008852825 -1.403614487
1750921991.799992085 -2.813470817 -0.040980973 0.895247326 -0.011099050 0.974744222 -0.030605899 -0.220938433 0.150493006 -0.135639365 -1.408376295
1750921991.899991989 -2.721646521 -0.038499560 1.029665055 -0.011412341 0.960563628 -0.032012147 -0.275975539 -0.159211436 -0.117512356 -1.724881003
1750921991.999991894 -2.617024540 -0.037042587 1.149074191 -0.011657024 0.943556370 -0.032040694 -0.329452402 -0.209740062 -0.087553956 -1.641550290
1750921992.099992037 -2.491765037 -0.035479848 1.262038467 -0.012669037 0.920479226 -0.030965434 -0.389356691 -0.103919071 -0.104149636 -1.388081288
1750921992.199990988 -2.356654911 -0.033161652 1.356275574 -0.013104394 0.897484137 -0.029111007 -0.439889814 -0.144608483 -0.107558403 -1.619569573
1750921992.299990892 -2.218695085 -0.029849414 1.431751050 -0.014035460 0.870626526 -0.030417773 -0.490802625 -0.141280648 -0.085522872 -1.678589374
1750921992.399991035 -2.052513767 -0.029089853 1.504669824 0.015273044 -0.837203365 0.028359402 0.545942309 -0.000968277 -0.156946085 -1.511183892
1750921992.499990940 -1.899462081 -0.033445121 1.555504615 0.014060724 -0.805685465 0.025705722 0.591618495 -0.156388487 -0.191387049 -1.845189244
1750921992.599991083 -1.721012679 -0.025861550 1.578347188 0.011862556 -0.772790694 0.017573945 0.634306692 -0.121827326 0.039363315 -1.757844273
1750921992.699990988 -1.534599192 -0.025208845 1.584349302 0.012596458 -0.730955318 0.019201657 0.682038817 -0.186488807 -0.116431331 -1.811100508
1750921992.799990892 -1.381903310 -0.031894525 1.574784967 0.015632653 -0.691986998 0.016982906 0.721540849 -0.087244803 -0.189730648 -1.632664756
1750921992.899991035 -1.224345595 -0.033818173 1.545487365 0.015338617 -0.651031646 0.014506169 0.758756940 -0.186094294 -0.125681838 -1.772513124
1750921992.999990940 -1.062833103 -0.039321944 1.491935029 0.013045327 -0.602872119 0.011409887 0.797649573 -0.006740931 -0.180532832 -1.281581907
1750921993.099991083 -0.930548338 -0.047486968 1.435856351 0.012993384 -0.557428575 0.009948027 0.830063608 -0.123910071 -0.091149819 -1.798245767
1750921993.199990988 -0.782809866 -0.049632119 1.349936010 0.012778472 -0.509879465 0.007501134 0.860118233 -0.178561698 -0.035799439 -1.516467525
1750921993.299989939 -0.611195179 -0.059218976 1.231507936 0.015532847 -0.455341445 0.005179948 0.890166314 -0.026998664 -0.185593866 -1.915671593
1750921993.399990082 -0.498153591 -0.057256579 1.131493777 0.020535532 -0.403713388 0.003959428 0.914646443 -0.147464769 -0.048342486 -1.748654391
1750921993.499989986 -0.401099544 -0.058338756 1.018569072 0.022397355 -0.353346274 0.006492289 0.935201914 -0.162870758 -0.109451343 -1.598634290
1750921993.599989891 -0.301518005 -0.065682945 0.866792549 0.025143660 -0.295036586 0.004731052 0.955143354 -0.121241994 -0.240425929 -1.785072422
1750921993.699990034 -0.228829137 -0.079702058 0.729327618 0.025685520 -0.241885093 0.005396802 0.969949860 -0.197865181 -0.337490807 -1.759660287
1750921993.799989939 -0.177709751 -0.081520371 0.553189635 0.026515547 -0.187018946 0.003996347 0.981990259 -0.180202925 -0.039597893 -1.652075055
1750921993.899990082 -0.140142408 -0.069393494 0.380061589 0.024649018 -0.123726599 0.002762633 0.992006312 -0.159343239 0.031590991 -1.641275038
1750921993.999989986 -0.127401443 -0.063966768 0.223986995 0.024858796 -0.067873233 0.002688036 0.997380589 -0.185731299 -0.085681018 -1.655173540
1750921994.099989891 -0.133923193 -0.060177844 0.058553004 0.020397349 -0.012448049 0.001861549 0.999712723 -0.181563870 0.083178719 -1.713758289
1750921994.199990034 -0.164047456 -0.061022009 -0.122748337 0.018980235 0.050198042 0.001122824 0.998558284 -0.192539536 -0.115681024 -1.609485302
1750921994.299988985 -0.210350406 -0.062449072 -0.274584215 0.016222550 0.104634356 -0.000284592 0.994378399 -0.175631981 -0.076823566 -1.652118593
1750921994.399988890 -0.271958867 -0.064368048 -0.422439743 0.018661760 0.158886621 -0.003700520 0.987113512 -0.194256499 -0.151642916 -1.538036681
1750921994.499989033 -0.362289121 -0.065842510 -0.576575044 0.012351379 0.218939496 -0.007260886 0.975633240 -0.265914754 -0.021299903 -1.712237562
1750921994.599988937 -0.453373118 -0.062502993 -0.694509043 0.011193980 0.271789271 -0.008655362 0.962252759 -0.216152153 -0.064256690 -1.564191302
1750921994.699989080 -0.553188552 -0.064913148 -0.802955714 0.011466082 0.324430824 -0.011727544 0.945767220 -0.207368543 -0.063585063 -1.512430496
1750921994.799988985 -0.678547250 -0.068181661 -0.910720450 0.011790913 0.382109265 -0.014698465 0.923925018 -0.183695517 -0.097731350 -1.604931231
1750921994.899988890 -0.797304144 -0.070940736 -0.988534078 0.010882876 0.431082666 -0.018152594 0.902064178 -0.199230619 -0.077714276 -1.529485696
1750921994.999989033 -0.928914358 -0.070991949 -1.061432174 0.011916702 0.478253309 -0.018520015 0.877945769 -0.157526908 -0.089814925 -1.584778414
1750921995.099988937 -1.085512949 -0.073564440 -1.128970380 0.011924723 0.528253856 -0.020677742 0.848750903 -0.162263347 -0.118941983 -1.553484419
1750921995.199989080 -1.231443138 -0.074862537 -1.178468049 0.010030426 0.570542071 -0.021769437 0.820918526 -0.093861637 -0.059681327 -1.687963740
1750921995.299988985 -1.376822358 -0.073518274 -1.214617831 0.008517839 0.611583557 -0.024001387 0.790769835 -0.118692704 -0.034184634 -1.551641626
1750921995.399987936 -1.553887713 -0.071302133 -1.239858229 0.010269781 0.656196932 -0.028150505 0.753994474 -0.110234578 -0.061327530 -1.626056396
1750921995.499988079 -1.710990422 -0.065261552 -1.246718110 0.009247501 0.694537661 -0.028725910 0.718823166 -0.050261989 -0.039610701 -1.743692505
1750921995.599987984 -1.868586271 -0.067171783 -1.232036133 0.007896183 0.731495617 -0.028846807 0.681189896 -0.112935923 -0.068205252 -1.554847241
1750921995.699987888 -2.042346770 -0.071204579 -1.195556455 0.007852514 0.772361430 -0.029811833 0.634434720 -0.109997925 -0.138819443 -1.756260728
1750921995.799988031 -2.204300506 -0.072012257 -1.140359538 0.008151272 0.806231431 -0.029358921 0.590815106 -0.150845107 -0.119242892 -1.763085021
1750921995.899987936 -2.352973747 -0.070015381 -1.067782228 0.009078827 0.838506207 -0.028490301 0.544070968 -0.143176833 -0.136601272 -1.784569310
1750921995.999988079 -2.515510581 -0.071924829 -0.964384813 0.007447116 0.872933776 -0.029871100 0.486866389 -0.108803535 -0.108855339 -1.774574862
1750921996.099987984 -2.647667168 -0.070593318 -0.858848111 0.006137678 0.900803515 -0.029348439 0.433190520 -0.090421280 -0.097087629 -1.658566887
1750921996.199987888 -2.763711724 -0.069184337 -0.738656865 0.004198008 0.925835158 -0.030418678 0.376678033 -0.129379941 -0.085107216 -1.771236677
1750921996.299988031 -2.874147253 -0.066991266 -0.600825214 0.001096697 0.950201658 -0.031498652 0.310037807 0.019274667 -0.019846075 -1.562931782
1750921996.399986982 -2.952508335 -0.064917123 -0.471725039 -0.001560565 0.967887657 -0.032430660 0.249277556 0.042016857 -0.123837232 -1.701275074
1750921996.499986887 -3.016469051 -0.058615556 -0.337458095 -0.005501131 0.981117682 -0.033345272 0.190436141 -0.009530304 -0.111835009 -1.648587969
1750921996.599987030 -3.071200705 -0.059080617 -0.167410731 -0.006877904 0.991262405 -0.030021304 0.128258570 -0.024393595 0.193831053 -1.349823699
1750921996.699986935 -3.092172100 -0.047842333 -0.024192646 -0.006526427 0.996701519 -0.034562522 0.073136310 -0.099299803 -0.094455448 -1.727146666
1750921996.799987078 -3.093179065 -0.045126519 0.142353572 -0.005786272 0.999249998 -0.033391865 0.018733514 -0.118156832 -0.134833396 -1.725645412
1750921996.899986982 -3.075593905 -0.042313271 0.328193257 -0.006739048 0.998505294 -0.033707592 -0.042491896 -0.170298003 -0.072419438 -1.730938181
1750921996.999986887 -3.033704122 -0.036705295 0.488503049 -0.006366890 0.994921979 -0.032216757 -0.095140938 -0.187251205 -0.081860099 -1.584345783
1750921997.099987030 -2.976846940 -0.038290441 0.650189333 -0.006724459 0.988517751 -0.029128041 -0.148118179 -0.171091434 -0.087505763 -1.720734456
1750921997.199986935 -2.885902493 -0.032438494 0.819487066 -0.010184225 0.978284093 -0.028006424 -0.205114981 -0.336099878 -0.037356753 -1.778846550
1750921997.299987078 -2.797272877 -0.030312885 0.966243119 -0.010555199 0.965491498 -0.028111817 -0.258697662 -0.107772638 -0.057556939 -1.787881999
1750921997.399986982 -2.692683053 -0.029283547 1.103699776 -0.011437089 0.949688912 -0.030055805 -0.311539422 -0.110734002 -0.078449990 -1.829122688
1750921997.499985933 -2.555634135 -0.029212865 1.247375833 -0.009958968 0.928265855 -0.030090499 -0.370564276 -0.099333097 -0.120210571 -1.936412824
1750921997.599986076 -2.424829944 -0.028283621 1.355538716 -0.011521103 0.905255491 -0.029364792 -0.423695018 -0.103102744 -0.125771288 -1.787304246
1750921997.699985981 -2.277354212 -0.026478858 1.453244624 -0.012238232 0.878963736 -0.028375357 -0.475886348 -0.070578616 -0.050591128 -1.762747058
1750921997.799985886 -2.104050296 -0.026449466 1.542259872 0.013711155 -0.845506658 0.027642633 0.533072585 -0.064743718 -0.154494262 -1.802618235
1750921997.899986029 -1.934716119 -0.024529692 1.600772337 0.012885433 -0.812723942 0.024919700 0.581973167 -0.068471146 -0.099770428 -1.916706927
1750921997.999985933 -1.770571448 -0.027131665 1.640304381 0.011386856 -0.777090163 0.021788242 0.628908968 -0.048207178 -0.125023437 -1.838241350
1750921998.099986076 -1.569822696 -0.032141907 1.669247340 0.012081005 -0.735014396 0.017477732 0.677718538 -0.042915122 -0.016116680 -1.805537660
1750921998.199985981 -1.409974652 -0.032027691 1.664811083 0.013292497 -0.694147015 0.015210195 0.719549777 -0.064177111 -0.103065246 -1.523073025
1750921998.299985886 -1.233446587 -0.037919119 1.644136232 0.015891796 -0.650460785 0.015111064 0.759223205 -0.014438790 -0.140886121 -1.879660222
1750921998.399986029 -1.059741659 -0.042922107 1.596767468 0.012605240 -0.600053342 0.010662844 0.799789596 -0.054789329 -0.029609077 -1.683405471
1750921998.499984980 -0.900925375 -0.040414545 1.532300122 0.012470126 -0.553620573 0.007970144 0.832637517 -0.131401449 -0.093156520 -1.878848532
1750921998.599984884 -0.756411402 -0.046225903 1.452552910 0.013874964 -0.504409482 0.007186075 0.863323184 -0.162285838 -0.122000201 -1.801253796
1750921998.699985027 -0.595113899 -0.048615761 1.324861461 0.012991228 -0.447719954 0.005522615 0.894062398 -0.159933215 -0.055794087 -1.763421042
1750921998.799984932 -0.479099845 -0.048873717 1.207627619 0.016356599 -0.396034149 0.005050390 0.918076200 -0.153082016 -0.028404812 -1.835822850
1750921998.899985075 -0.370881793 -0.048311361 1.072584317 0.019249092 -0.343358393 0.005827732 0.938989097 -0.197929246 0.000066868 -1.816714783
1750921998.999984980 -0.272971440 -0.049561074 0.926630760 0.020945380 -0.284722687 0.005884529 0.958363008 -0.066164652 -0.056837564 -1.556038310
1750921999.099984884 -0.199019956 -0.052373109 0.769509058 0.023288164 -0.233475529 0.005918547 0.972065743 -0.076707731 -0.148013197 -1.811035350
1750921999.199985027 -0.139336662 -0.053321305 0.586512045 0.023653495 -0.182518424 0.003866831 0.982910263 -0.183993789 -0.159624306 -1.904600510
1750921999.299984932 -0.093856766 -0.054658552 0.398287479 0.024215440 -0.122489016 0.001716440 0.992172922 -0.137521962 -0.179848946 -1.833510299
1750921999.399985075 -0.074387584 -0.057639255 0.227242563 0.023275697 -0.068308660 0.001673259 0.997391282 -0.110382331 -0.075951750 -1.836579434
1750921999.499984980 -0.089018959 -0.065097562 0.031042271 0.021030893 -0.015126740 0.001443889 0.999663343 -0.441381020 -0.191493962 -2.148555282
1750921999.599983931 -0.111235302 -0.067356422 -0.162251495 0.018421627 0.048252919 0.000476536 0.998665145 -0.073176642 -0.070353887 -1.799047474
1750921999.699984074 -0.153270165 -0.068994377 -0.345088303 0.018491343 0.104531340 -0.001175642 0.994348976 -0.127181761 -0.151255338 -1.884906602
1750921999.799983978 -0.207163641 -0.070723104 -0.507714320 0.012975151 0.160146511 -0.003567825 0.987001525 -0.067857425 0.076693522 -1.786116869
1750921999.899983883 -0.286914254 -0.067150876 -0.685289412 0.014281923 0.222535548 -0.007070045 0.974794322 -0.052673716 -0.098592811 -1.769063028
1750921999.999984026 -0.373837109 -0.066508015 -0.833341223 0.013389056 0.275973437 -0.011250660 0.961006149 -0.023807890 -0.064337540 -1.730588987
1750922000.099983931 -0.479788183 -0.066724156 -0.969064539 0.012514717 0.328925136 -0.014272539 0.944165203 -0.061633362 -0.043717702 -1.695925485
1750922000.199984074 -0.612186450 -0.065293384 -1.100764960 0.010638840 0.388885532 -0.015714936 0.921090603 -0.087751474 -0.112360733 -1.827378497
1750922000.299983978 -0.748031360 -0.062546225 -1.208316543 0.007794192 0.439509065 -0.017986197 0.898024236 -0.060081247 -0.055344293 -1.699410491
1750922000.399983883 -0.890524664 -0.063644607 -1.294865614 0.008956679 0.489352458 -0.019838949 0.871814410 -0.063051483 -0.074315129 -1.707602075
1750922000.499984026 -1.058235424 -0.063389155 -1.373619611 0.005489104 0.544142030 -0.022241727 0.838680289 -0.031853690 -0.097244779 -1.742899118
1750922000.599982977 -1.214330751 -0.065738149 -1.425402674 0.005131458 0.589891666 -0.021435208 0.807181530 -0.043374395 -0.064076773 -1.671268908
1750922000.699982882 -1.383313792 -0.064284051 -1.461991775 0.003908973 0.632519258 -0.024667451 0.774141864 -0.056714334 -0.055581820 -1.741123384
1750922000.799983025 -1.565343757 -0.064579366 -1.479480648 0.004285299 0.678882190 -0.027624305 0.733714867 -0.031040044 -0.102568977 -1.787253078
1750922000.899982929 -1.728044979 -0.061510247 -1.473059327 0.005233469 0.718762208 -0.029460239 0.694611830 -0.093301420 -0.093057593 -1.777465301
1750922000.999983072 -1.886456917 -0.057170501 -1.456067997 0.006568003 0.756064236 -0.030305224 0.653762439 -0.181250177 -0.181811739 -1.911973371
1750922001.099982977 -2.058339654 -0.064772988 -1.402459654 0.005235691 0.797075315 -0.028192562 0.603198731 -0.136872233 -0.196131509 -1.723146827
1750922001.199982882 -2.218389556 -0.065469358 -1.336553352 0.004212575 0.829496713 -0.026972138 0.557844029 -0.073371158 -0.084165954 -1.656454961
1750922001.299983025 -2.364204921 -0.071408766 -1.253330696 0.003430237 0.859003502 -0.028086571 0.511187207 -0.139143739 -0.133502095 -1.853490883
1750922001.399982929 -2.524334886 -0.076120031 -1.136098142 0.003081010 0.889982899 -0.028420530 0.455096936 -0.126357530 -0.163783511 -1.791999938
1750922001.499983072 -2.647727638 -0.077693800 -1.015818801 -0.000431972 0.914387875 -0.026437468 0.403974859 -0.112944024 -0.094119088 -1.750441614
1750922001.599982977 -2.758645883 -0.080817548 -0.877396639 0.000447440 0.935355809 -0.029532100 0.352472929 -0.216116124 -0.139931298 -1.797211771
1750922001.699981928 -2.865637143 -0.083512086 -0.718832794 -0.002442665 0.955888228 -0.028802658 0.292304868 -0.010434719 -0.095910909 -1.860053778
1750922001.799982071 -2.951342958 -0.074356657 -0.580667982 -0.003109098 0.970428298 -0.034666299 0.238867117 -0.011302226 -0.141484871 -1.887294194
1750922001.899981976 -3.016654187 -0.077863899 -0.423750321 -0.006811417 0.982262122 -0.035969411 0.183904675 -0.093055124 -0.217173409 -1.752901340
1750922001.999982119 -3.061710019 -0.072973209 -0.255166117 -0.008396230 0.991979712 -0.034457846 0.121319461 -0.043192448 0.009703069 -1.636775607
1750922002.099982023 -3.082483893 -0.073700110 -0.100995138 -0.008639459 0.997128398 -0.035592415 0.066283471 -0.122293263 -0.093132351 -1.589267154
1750922002.199981928 -3.081230428 -0.061719461 0.066880519 -0.008475786 0.999316497 -0.034240143 0.011059523 -0.178887193 -0.034346957 -1.993684160
1750922002.299982071 -3.053017456 -0.057967057 0.264094880 -0.007293728 0.998097374 -0.037068381 -0.048727485 -0.141940726 -0.154476991 -1.789550458
1750922002.399981976 -3.008932234 -0.057834861 0.430967103 -0.005345094 0.994134712 -0.036306446 -0.101732231 -0.203307135 -0.080334151 -1.854756899
1750922002.499982119 -2.947482492 -0.050765136 0.596077332 -0.006665951 0.987534810 -0.031102272 -0.154153212 -0.145013472 -0.005496461 -1.880399736
1750922002.599982023 -2.854916421 -0.044379575 0.778044271 -0.007918014 0.976221177 -0.032195420 -0.214226452 -0.091210803 -0.107824127 -1.891419054
1750922002.699980974 -2.756607094 -0.041867208 0.920501087 -0.009094250 0.962854517 -0.034011159 -0.267715735 -0.140767177 -0.167420341 -1.904334762
1750922002.799981117 -2.645065209 -0.039361729 1.059083775 -0.010446142 0.946021104 -0.032311460 -0.322321140 -0.146532198 -0.092589295 -1.892279212
1750922002.899981022 -2.502966494 -0.031982879 1.197155758 -0.011277201 0.923459098 -0.028890500 -0.382441445 -0.118866657 -0.000128410 -1.786929253
1750922002.999980927 -2.365113091 -0.030470273 1.302017533 -0.012282015 0.899877551 -0.029226319 -0.434988928 -0.121405534 -0.058009992 -1.742440230
1750922003.099981070 -2.219004198 -0.027823099 1.389889688 -0.012646825 0.873385223 -0.029520291 -0.485970023 -0.098774920 -0.073914276 -1.754772724
1750922003.199980974 -2.039569875 -0.026081292 1.470566834 0.013829712 -0.840123803 0.026882240 0.541551548 -0.091536833 -0.102341438 -1.918944250
1750922003.299981117 -1.875946102 -0.028990283 1.521939818 0.014123923 -0.806961017 0.026913155 0.589822104 -0.088020031 -0.152946519 -1.827887430
1750922003.399981022 -1.701920340 -0.028494690 1.552831243 0.012378910 -0.772708605 0.020413383 0.634311806 -0.118274414 -0.107671150 -1.919572110
1750922003.499980927 -1.511389931 -0.024265622 1.574612288 0.014773817 -0.731816507 0.020206969 0.681041858 -0.137362856 -0.058497059 -1.739795842
1750922003.599981070 -1.344782237 -0.025812288 1.570041759 0.016808882 -0.692888411 0.018299238 0.720616576 -0.080230702 -0.144043340 -1.771782776
1750922003.699980021 -1.162490538 -0.028010090 1.537421983 0.015125213 -0.651081884 0.016963170 0.758667159 -0.087480406 -0.167934864 -1.925802198
1750922003.799979925 -0.978412690 -0.027575380 1.486183557 0.016119606 -0.603202254 0.014199165 0.797298929 -0.164494956 -0.043934229 -1.986207010
1750922003.899980068 -0.825549684 -0.025093988 1.419793424 0.014541817 -0.556528306 0.012046583 0.830614026 -0.157358502 -0.088471052 -1.771282393
1750922003.999979973 -0.665447315 -0.022707598 1.329412236 0.014564855 -0.507636752 0.012172031 0.861362081 -0.070969050 -0.031225578 -1.627828963
1750922004.099980116 -0.516239041 -0.018733837 1.218680011 0.016300349 -0.451516139 0.011725567 0.892036987 -0.119864473 -0.054060524 -1.789592690
1750922004.199980021 -0.392337642 -0.017985326 1.100315668 0.018445399 -0.400635222 0.013406333 0.915953851 -0.105864303 -0.012711825 -1.690935833
1750922004.299979925 -0.284647121 -0.017093357 0.978357341 0.021129560 -0.349998134 0.014040515 0.936406809 -0.096863242 -0.106232333 -1.664509607
1750922004.399980068 -0.182274240 -0.014578620 0.828767168 0.018569021 -0.293165909 0.012515225 0.955799304 -0.109343453 0.025495266 -1.728938155
1750922004.499979973 -0.103535381 -0.011265321 0.676470444 0.014205685 -0.241503546 0.010884168 0.970234905 -0.151660986 0.076971924 -1.827699541
1750922004.599980116 -0.042714710 -0.007596114 0.519254042 0.014469002 -0.188505595 0.010055773 0.981914034 -0.025059523 0.025162280 -1.491421572
1750922004.699980021 0.003318240 -0.013134965 0.328588495 0.014028940 -0.126951311 0.007905501 0.991778230 -0.128156288 -0.161276455 -1.812962295
1750922004.799978971 0.021818489 -0.016091640 0.158382076 0.008444996 -0.072367622 0.007549815 0.997313697 -0.146769973 -0.051332638 -1.692809237
1750922004.899979115 0.015051205 -0.008223575 -0.032340504 0.005184211 -0.017187370 0.004749002 0.999827568 -0.287194372 0.106130391 -1.980629739
1750922004.999979019 -0.009509633 -0.018884007 -0.244990454 0.002190934 0.045879613 0.002382770 0.998941732 -0.132927528 -0.178138595 -2.120735387
1750922005.099978924 -0.047331517 -0.031008800 -0.418360272 0.004264810 0.103049142 -0.001882594 0.994665341 -0.093268915 -0.154147080 -1.807885515
1750922005.199979067 -0.102967468 -0.044230861 -0.583161764 0.004358072 0.163553906 -0.005949926 0.986506830 -0.110764103 -0.123690415 -1.848802499
1750922005.299978971 -0.182574585 -0.058360562 -0.752576053 0.004264417 0.228409281 -0.007493070 0.973527025 -0.058015433 -0.086098648 -1.632926407
1750922005.399979115 -0.274292110 -0.064603619 -0.894172975 0.005265017 0.284005273 -0.011734103 0.958736458 -0.110039584 -0.084173216 -1.675362818
1750922005.499979019 -0.382971883 -0.070233707 -1.016191461 0.007034971 0.336523197 -0.012974381 0.941559511 -0.148859907 -0.085416977 -1.749380042
1750922005.599978924 -0.526585797 -0.074435713 -1.141588139 0.007556351 0.392010906 -0.015061130 0.919806237 -0.199202090 -0.058129894 -1.864947415
1750922005.699979067 -0.662256738 -0.078263831 -1.240260360 0.005972766 0.441515767 -0.016798535 0.897076342 -0.148338447 -0.050277897 -1.664560006
1750922005.799978018 -0.803132037 -0.085370043 -1.319142745 0.007032114 0.489173094 -0.019148853 0.871948138 -0.135619468 -0.079059493 -1.838496024
1750922005.899977922 -0.972766468 -0.090297230 -1.392963265 0.007091407 0.540375030 -0.022776283 0.841086072 -0.128634698 -0.101331887 -1.735260381
1750922005.999978065 -1.128663177 -0.093255664 -1.440400539 0.006361789 0.583969513 -0.025485649 0.811350490 -0.105920071 -0.143436286 -1.690465190
1750922006.099977970 -1.295121171 -0.097522030 -1.469151177 0.007149029 0.625619610 -0.027271960 0.779618647 -0.148502765 -0.107901379 -1.810487369
1750922006.199978113 -1.475286316 -0.093885114 -1.484955606 0.008272216 0.671728364 -0.029884748 0.740148280 -0.129850816 -0.065790079 -1.723219839
1750922006.299978018 -1.647801242 -0.094877907 -1.474593528 0.011439167 0.711771677 -0.032446985 0.701567829 -0.218416465 -0.242723245 -1.941191326
1750922006.399977922 -1.822967476 -0.092297926 -1.448282564 0.014001207 0.750745278 -0.033359033 0.659600385 -0.047572126 -0.197293457 -1.824843147
1750922006.499978065 -2.008580397 -0.093640887 -1.400271165 0.009892044 0.790749151 -0.031259990 0.611261598 -0.079059132 -0.096532180 -1.813612659
1750922006.599977970 -2.167931766 -0.091506957 -1.336977529 0.009760137 0.823632539 -0.030184319 0.566235894 -0.094178584 -0.040027895 -1.712793525
1750922006.699978113 -2.315776536 -0.090759131 -1.264705210 0.007634452 0.854357438 -0.032488313 0.518613144 -0.134156829 -0.143711659 -1.607597342
1750922006.799978018 -2.468903911 -0.088711985 -1.155956347 0.005446873 0.887198159 -0.029460658 0.460414843 -0.070474427 -0.051399262 -1.690952226
1750922006.899976969 -2.591934490 -0.088372851 -1.041779806 0.003855900 0.912276663 -0.031897652 0.408312335 -0.111847624 -0.158391234 -1.641013200
1750922006.999977112 -2.709051052 -0.087805406 -0.918606795 0.000223869 0.934830796 -0.029692015 0.353849850 -0.008215639 -0.023094240 -1.745683733
1750922007.099977016 -2.823269751 -0.083612350 -0.760111752 -0.001531185 0.955403218 -0.031338866 0.293632802 -0.082796558 -0.045115908 -1.764604928
1750922007.199976921 -2.905825826 -0.080043198 -0.627802149 -0.002384941 0.970045612 -0.031736067 0.240829078 0.090345976 -0.038615919 -1.666636274
1750922007.299977064 -2.971833385 -0.082196976 -0.485204804 -0.007478145 0.981736088 -0.033488305 0.187127936 -0.061505089 0.041625572 -1.802434386
1750922007.399976969 -3.026643984 -0.071610070 -0.314647333 -0.009798829 0.991338729 -0.035766267 0.125985240 -0.042648548 -0.101916173 -1.660573265
1750922007.499977112 -3.053183376 -0.073425970 -0.154295770 -0.009857096 0.996580593 -0.036919171 0.073259363 -0.031015148 -0.217828020 -1.795611473
1750922007.599977016 -3.054866857 -0.069635530 0.019784892 -0.010737817 0.999168697 -0.033540411 0.020534244 -0.200845334 0.047882250 -1.807036482
1750922007.699976921 -3.033674462 -0.061440125 0.211581102 -0.007919013 0.998468263 -0.034140235 -0.042811941 -0.185861846 -0.053799504 -1.765377979
1750922007.799977064 -2.994412337 -0.061078004 0.384500325 -0.010313066 0.994258772 -0.035955271 -0.100251452 -0.082885218 -0.160629651 -1.818413807
1750922007.899976015 -2.937968835 -0.056073840 0.552725225 -0.010488775 0.986418569 -0.032360898 -0.160689656 -0.061898032 -0.006968380 -1.784251804
1750922007.999975920 -2.853456570 -0.049237416 0.727167093 -0.012367573 0.973616413 -0.032656806 -0.225503119 -0.027059165 -0.076667816 -1.722714196
1750922008.099976063 -2.787400346 -0.045252134 0.874950444 -0.013438479 0.957974618 -0.034160453 -0.284494468 0.539997404 -0.029758894 -1.431283171
1750922008.199975967 -2.657882229 -0.044051041 1.023066839 -0.015411559 0.940752332 -0.033402977 -0.337093126 -0.148469218 -0.099468559 -1.895987108
1750922008.299976110 -2.506255473 -0.039683924 1.155260161 -0.015498198 0.918152973 -0.029237394 -0.394841866 -0.170199587 -0.074700903 -1.792208998
1750922008.399976015 -2.367611511 -0.040014957 1.254420880 -0.015398502 0.894712882 -0.029510184 -0.445399701 -0.109551830 -0.135621689 -1.761283781
1750922008.499975920 -2.213684277 -0.036004582 1.338653998 -0.014352253 0.868254286 -0.027077694 -0.495171997 -0.101366931 -0.086705215 -1.912397374
1750922008.599976063 -2.032802543 -0.036000989 1.418179053 0.015682258 -0.834479945 0.024941295 0.550250143 -0.045555997 -0.130541002 -1.865080257
1750922008.699975967 -1.866606600 -0.034945853 1.461652373 0.016079590 -0.802085170 0.021727948 0.596597623 -0.132025555 -0.082597689 -1.749615385
1750922008.799976110 -1.693166221 -0.038178532 1.487438578 0.014795951 -0.767895915 0.020383505 0.640079258 -0.143595148 -0.111965276 -1.806990099
1750922008.899976015 -1.508023467 -0.040353888 1.494657237 0.015589904 -0.727510671 0.017247457 0.685702344 -0.098163612 -0.163896925 -1.683083311
1750922008.999974966 -1.318311683 -0.029342677 1.456312131 0.015390117 -0.689516968 0.015147201 0.723947551 -0.146458163 -0.123609231 -1.871240696
1750922009.099975109 -1.149043911 -0.037320571 1.432394312 0.014367499 -0.648969572 0.012808753 0.760570842 -0.094957349 -0.080526337 -1.645690919
1750922009.199975014 -0.957825652 -0.033381618 1.373707916 0.012207644 -0.600171952 0.008989816 0.799727319 -0.028708756 -0.100612917 -1.623202154
1750922009.299974918 -0.814657086 -0.042371905 1.312775468 0.014226064 -0.555531935 0.006542023 0.831347755 -0.121346426 -0.169935194 -1.538992242
1750922009.399975061 -0.665773113 -0.049280713 1.223512468 0.015241223 -0.508064258 0.006438244 0.861160243 -0.073338931 -0.114981529 -1.528122002
1750922009.499974966 -0.520101607 -0.052088737 1.126721695 0.020755214 -0.452908214 0.004918648 0.891301957 -0.041411753 -0.192082549 -1.562799493
1750922009.599975109 -0.400097694 -0.058663021 1.020972273 0.020659640 -0.403342116 0.006895175 0.914790016 -0.058839880 -0.047819451 -1.544536631
1750922009.699975014 -0.295866230 -0.057805905 0.876345044 0.023577167 -0.353518809 0.006351894 0.935108669 -0.042848801 0.004013352 -1.494987794
1750922009.799974918 -0.196276416 -0.054887176 0.724785243 0.025106053 -0.295133522 0.008115928 0.955091630 -0.132532344 -0.118676050 -1.591299865
1750922009.899975061 -0.128202256 -0.043966560 0.581252239 0.021387422 -0.241806389 0.005956634 0.970070496 -0.152376042 0.077707905 -1.582860993
1750922009.999974012 -0.076867516 -0.037439345 0.446105030 0.022116631 -0.187869744 0.006333728 0.981924487 -0.161512414 -0.000498279 -1.608423413
1750922010.099973917 -0.041971416 -0.033773282 0.262238624 0.023077169 -0.126296585 0.007025494 0.991699178 -0.187405725 -0.083088105 -1.696407060
1750922010.199974060 -0.031627675 -0.036253526 0.100586494 0.019583613 -0.072429624 0.006479131 0.997160194 -0.234742733 -0.112940022 -1.735664294
1750922010.299973965 -0.039221211 -0.035321847 -0.056986236 0.014881071 -0.017454285 0.004763825 0.999725566 -0.245307209 -0.123755028 -1.681254951
1750922010.399974108 -0.072429878 -0.034830122 -0.228594937 0.011188974 0.046167291 0.003922560 0.998863355 -0.242907651 0.028985247 -1.461283345
1750922010.499974012 -0.118122429 -0.037939039 -0.376523920 0.010439611 0.101831633 0.001220083 0.994746121 -0.235011389 -0.033543318 -1.594151864
1750922010.599973917 -0.177343149 -0.035503407 -0.522631943 0.007460191 0.155207689 -0.002385046 0.987850814 -0.218150974 -0.006259887 -1.722584567
1750922010.699974060 -0.266632986 -0.044560828 -0.684610891 0.006561487 0.213755815 -0.005231235 0.976851080 -0.191958312 -0.098096900 -1.815721339
1750922010.799973965 -0.360629286 -0.049185488 -0.818147472 0.007393951 0.264604863 -0.008016395 0.964295252 -0.207963032 -0.097743986 -1.720466734
1750922010.899974108 -0.463288535 -0.053507826 -0.938587295 0.009820232 0.315853620 -0.011548656 0.948686820 -0.181986457 -0.108971389 -1.537071465
1750922010.999974012 -0.599367256 -0.057801085 -1.063903256 0.008083871 0.372646002 -0.013225095 0.927844117 -0.174479084 -0.076293262 -1.709249949
1750922011.099972963 -0.727552973 -0.063125284 -1.159061925 0.008945654 0.422657008 -0.015984782 0.906104583 -0.145223370 -0.116209883 -1.707198447
1750922011.199973106 -0.866394484 -0.065579158 -1.237190300 0.008592890 0.472229530 -0.018528561 0.881238972 -0.281824113 -0.093000380 -1.596515753
1750922011.299973011 -1.038759037 -0.070163606 -1.315268273 0.009778182 0.527878824 -0.021012810 0.849003413 -0.107485474 -0.143551668 -1.681856168
1750922011.399972916 -1.194073992 -0.073894365 -1.366622419 0.006778738 0.574493767 -0.022067299 0.818183350 -0.126872844 -0.093936700 -1.743845717
1750922011.499973059 -1.353483495 -0.077128187 -1.403258694 0.007757847 0.618942528 -0.024473494 0.785016568 -0.123605170 -0.101937131 -1.658706285
1750922011.599972963 -1.528479804 -0.074384049 -1.419293428 0.007269788 0.667313493 -0.027811043 0.744222008 -0.125048161 -0.033209363 -1.529408818
1750922011.699973106 -1.691468950 -0.073287994 -1.415314419 0.007701356 0.708731830 -0.029916021 0.704801330 -0.139212098 -0.107983889 -1.643522472
1750922011.799973011 -1.843789984 -0.075254893 -1.392102519 0.006687597 0.746997565 -0.029628434 0.664132569 -0.100234275 0.042304620 -1.796049856
1750922011.899972916 -2.009573963 -0.079718969 -1.348971334 0.007792295 0.788396574 -0.031520718 0.614309830 -0.072309454 -0.160114338 -1.675218548
1750922011.999973059 -2.153190093 -0.076679712 -1.291146114 0.007783507 0.822643842 -0.028772754 0.567775180 -0.211050568 -0.129399337 -1.650491437
1750922012.099972010 -2.290430096 -0.079609014 -1.210954247 0.006457343 0.852566240 -0.028568550 0.521797803 -0.146418218 -0.107719003 -1.623763472
1750922012.199971914 -2.440948505 -0.081864415 -1.102026622 0.004566264 0.883811011 -0.029954736 0.466861820 -0.161005545 -0.157982650 -1.753972148
1750922012.299972057 -2.562725615 -0.081695810 -0.987580886 0.002421857 0.908417934 -0.029155793 0.417038285 -0.147283150 -0.100701807 -1.712463060
1750922012.399971962 -2.670750380 -0.080973291 -0.865187999 -0.000318225 0.930208277 -0.029783251 0.365821567 -0.147585967 -0.100378041 -1.701120328
1750922012.499972105 -2.768626850 -0.080176032 -0.722119285 -0.002928478 0.951174148 -0.030131419 0.307166505 -0.076669609 -0.054341360 -1.480751872
1750922012.599972010 -2.846667307 -0.080018653 -0.587816018 -0.004381674 0.966760387 -0.032061858 0.253628060 -0.087658170 -0.087199016 -1.605452459
1750922012.699971914 -2.901662171 -0.074915082 -0.452686713 -0.006449428 0.979439097 -0.033421314 0.198847870 -0.037403508 0.039745664 -1.563878900
1750922012.799972057 -2.952563931 -0.072050768 -0.288277992 -0.009427022 0.990067344 -0.034489250 0.135971601 -0.083862023 -0.102159230 -1.636373447
1750922012.899971962 -2.972644834 -0.071691461 -0.139321358 -0.010252649 0.995943236 -0.035576883 0.082013652 -0.157811661 -0.115668084 -1.620038747
1750922012.999972105 -2.973696159 -0.068108564 0.014221465 -0.011222028 0.999013375 -0.033388010 0.027047795 -0.179132729 -0.013891782 -1.601278786
1750922013.099972010 -2.949320651 -0.061972435 0.191044449 -0.009581212 0.998773959 -0.033325448 -0.035329786 -0.194226435 0.056490980 -1.490149174
1750922013.199970961 -2.911538884 -0.058015766 0.342139784 -0.010750925 0.995417211 -0.034360450 -0.088590937 -0.178131650 -0.077176316 -1.448464445
1750922013.299971104 -2.861368290 -0.054265267 0.472105601 -0.009912382 0.989485913 -0.032989406 -0.140467332 -0.179886524 -0.052564262 -1.308461205
1750922013.399971008 -2.799454024 -0.052686025 0.592530295 -0.010509946 0.979679474 -0.033469111 -0.197477815 -0.142079182 -0.066812675 -1.143854691
1750922013.499970913 -2.750330551 -0.051781061 0.668411062 -0.011106176 0.967881633 -0.033136129 -0.248965447 -0.083951407 -0.045209309 -0.807456886
1750922013.599971056 -2.710735267 -0.048235023 0.717194698 -0.011558849 0.955636645 -0.033123694 -0.292451392 -0.059652866 -0.005987738 -0.491888074
1750922013.699970961 -2.681337464 -0.047377986 0.740074367 -0.013042465 0.944793559 -0.033889232 -0.325647884 -0.086484083 -0.019088946 -0.303403201
1750922013.799971104 -2.662959782 -0.046833006 0.744176164 -0.013714005 0.937735362 -0.034004396 -0.345409926 -0.146955562 0.020178789 -0.058899888
1750922013.899971008 -2.650792884 -0.047141549 0.733723937 -0.014710378 0.930185216 -0.034728147 -0.365147948 -0.158334228 0.009075646 0.126092597
1750922013.999970913 -2.645917928 -0.046422124 0.707590065 -0.014769173 0.920452339 -0.035061866 -0.388998752 -0.208890203 0.030280711 0.169950809
1750922014.099971056 -2.650745693 -0.045879427 0.683759233 -0.015211729 0.912195244 -0.035095978 -0.407966559 -0.151652382 0.005095468 0.180513240
1750922014.199970007 -2.650931378 -0.045886421 0.663124100 -0.015326884 0.904419638 -0.034561084 -0.424965572 -0.141844841 0.036598692 0.208379462
1750922014.299969912 -2.657534160 -0.045672339 0.639453623 -0.015411734 0.896372248 -0.034376268 -0.441698475 -0.132176342 0.009310401 0.153732004
1750922014.399970055 -2.660041129 -0.070049742 0.627348407 -0.014928657 0.892101283 -0.034720662 -0.450252053 0.020362874 -0.554778405 0.118105690
1750922014.499969959 -2.857779964 -0.143303145 0.697727810 -0.014940535 0.892369517 -0.034302445 -0.449751895 1.012570772 -0.497136636 1.447852168
1750922014.599970102 -2.857779964 -0.143303145 0.697727810 -0.014940535 0.892369517 -0.034302445 -0.449751895 0.000000000 -0.000000000 -0.000000000
1750922014.699970007 -2.857779964 -0.143303145 0.697727810 -0.014940535 0.892369517 -0.034302445 -0.449751895 0.000000000 -0.000000000 -0.000000000
1750922014.799969912 -2.857779964 -0.143303145 0.697727810 -0.014940535 0.892369517 -0.034302445 -0.449751895 0.000000000 -0.000000000 -0.000000000
1750922014.899970055 -2.857779964 -0.143303145 0.697727810 -0.014940535 0.892369517 -0.034302445 -0.449751895 0.000000000 -0.000000000 -0.000000000
1750922014.999969959 -2.857779964 -0.143303145 0.697727810 -0.014940535 0.892369517 -0.034302445 -0.449751895 0.000000000 -0.000000000 -0.000000000
1750922015.099970102 -2.857779964 -0.143303145 0.697727810 -0.014940535 0.892369517 -0.034302445 -0.449751895 0.000000000 -0.000000000 -0.000000000
1750922015.199970007 -2.857779964 -0.143303145 0.697727810 -0.014940535 0.892369517 -0.034302445 -0.449751895 0.000000000 -0.000000000 -0.000000000
1750922015.299968958 -2.857779964 -0.143303145 0.697727810 -0.014940535 0.892369517 -0.034302445 -0.449751895 0.000000000 -0.000000000 -0.000000000
1750922015.399969101 -2.857779964 -0.143303145 0.697727810 -0.014940535 0.892369517 -0.034302445 -0.449751895 0.000000000 -0.000000000 -0.000000000
1750922015.499969006 -2.857779964 -0.143303145 0.697727810 -0.014940535 0.892369517 -0.034302445 -0.449751895 0.000000000 -0.000000000 -0.000000000
