445.100000000 -0.223753000 -0.155835000 4.006512000 0.015624001 -0.709334052 -0.002445000 0.704695051 0.000000000 0.000000000 0.000000000
445.200000000 -0.223753000 -0.155835000 4.006512000 0.015624001 -0.709334052 -0.002445000 0.704695051 0.000000000 0.000000000 0.000000000
445.300000000 -0.223753000 -0.155835000 4.006512000 0.015624001 -0.709334052 -0.002445000 0.704695051 0.000000000 0.000000000 0.000000000
445.400000000 -0.223753000 -0.155835000 4.006512000 0.015624001 -0.709334052 -0.002445000 0.704695051 0.000000000 0.000000000 0.000000000
445.500000000 -0.223753000 -0.155835000 4.006512000 0.015624001 -0.709334052 -0.002445000 0.704695051 0.000000000 0.000000000 0.000000000
445.600000000 -0.223753000 -0.155835000 4.006512000 0.015624001 -0.709334052 -0.002445000 0.704695051 0.000000000 0.000000000 0.000000000
445.700000000 -0.223753000 -0.155835000 4.006512000 0.015624001 -0.709334052 -0.002445000 0.704695051 0.000000000 0.000000000 0.000000000
445.800000000 -0.223753000 -0.155835000 4.006512000 0.015624001 -0.709334052 -0.002445000 0.704695051 0.000000000 0.000000000 0.000000000
445.900000000 -0.223753000 -0.155835000 4.006512000 0.015624001 -0.709334052 -0.002445000 0.704695051 0.000000000 0.000000000 0.000000000
446.000000000 -0.223753000 -0.155835000 4.006512000 0.015624001 -0.709334052 -0.002445000 0.704695051 0.000000000 0.000000000 0.000000000
446.100000000 -0.223753000 -0.155835000 4.006512000 0.015624001 -0.709334052 -0.002445000 0.704695051 0.000000000 0.000000000 0.000000000
446.200000000 -0.223753000 -0.155835000 4.006512000 0.015624001 -0.709334052 -0.002445000 0.704695051 0.000000000 0.000000000 0.000000000
446.300000000 -0.223753000 -0.155835000 4.006512000 0.015624001 -0.709334052 -0.002445000 0.704695051 0.000000000 0.000000000 0.000000000
446.400000000 -0.223753000 -0.155835000 4.006512000 0.015624001 -0.709334052 -0.002445000 0.704695051 0.000000000 0.000000000 0.000000000
446.500000000 -0.223753000 -0.155835000 4.006512000 0.015624001 -0.709334052 -0.002445000 0.704695051 0.000000000 0.000000000 0.000000000
446.600000000 -0.223753000 -0.155835000 4.006512000 0.015624001 -0.709334052 -0.002445000 0.704695051 0.000000000 0.000000000 0.000000000
446.700000000 -0.223753000 -0.155835000 4.006512000 0.015624001 -0.709334052 -0.002445000 0.704695051 0.000000000 0.000000000 0.000000000
446.800000000 -0.223753000 -0.155835000 4.006512000 0.015624001 -0.709334052 -0.002445000 0.704695051 0.000000000 0.000000000 0.000000000
446.900000000 -0.223753000 -0.155835000 4.006512000 0.015624001 -0.709334052 -0.002445000 0.704695051 0.000000000 0.000000000 0.000000000
447.000000000 -0.223753000 -0.155835000 4.006512000 0.015624001 -0.709334052 -0.002445000 0.704695051 0.000000000 0.000000000 0.000000000
447.100000000 -0.223753000 -0.155835000 4.006512000 0.015624001 -0.709334052 -0.002445000 0.704695051 0.007484868 -0.002819650 0.019721912
447.200000000 -0.223753000 -0.155835000 4.006512000 0.015624001 -0.709334052 -0.002445000 0.704695051 -0.019667330 -0.015904032 0.112600246
447.300000000 -0.223753000 -0.155835000 4.006512000 0.015624001 -0.709334052 -0.002445000 0.704695051 -0.007759179 -0.046125899 0.235246017
447.400000000 -0.265458185 -0.164724534 3.976917500 0.012924461 -0.709522612 -0.000335265 0.704564056 0.007581896 -0.085391847 0.281195126
447.500000000 -0.317347320 -0.175263616 4.007480975 0.006596111 -0.709325973 0.005289309 0.704829894 0.055462491 -0.136158445 0.230127507
447.600000000 -0.326830131 -0.191263895 4.007427085 -0.015462861 -0.708459344 0.018056779 0.705351125 0.165107647 -0.210679667 0.198393172
447.700000000 -0.315613577 -0.212661437 4.027636462 -0.057573501 -0.709308107 0.025353725 0.702085814 0.201741915 -0.308177200 0.189294442
447.800000000 -0.369679737 -0.248092382 4.071415082 -0.038066372 -0.709486126 0.018461371 0.703448339 0.265118070 -0.373066989 0.248047035
447.900000000 -0.392427916 -0.285319868 4.095736746 0.013930212 -0.707958125 0.013090959 0.705995658 0.291458857 -0.374952196 0.298372638
448.000000000 -0.414999772 -0.325902822 4.125348254 0.053100694 -0.705879682 0.013880184 0.706202188 0.271332651 -0.353336568 0.278758943
448.100000000 -0.444809352 -0.368323944 4.149633750 0.068380382 -0.705693026 0.015924319 0.705030419 0.160191854 -0.286628737 0.174108827
448.200000000 -0.470009811 -0.404469396 4.166360742 0.072660873 -0.706268995 0.017354221 0.703991005 -0.024914545 -0.212678833 -0.036755030
448.300000000 -0.424129771 -0.401776181 4.127334030 0.073109062 -0.707336248 0.015274022 0.702920480 -0.183831576 -0.191793098 -0.126928055
448.400000000 -0.376059142 -0.407576428 4.104089183 0.065887414 -0.709408000 0.012472692 0.701600720 -0.223988417 -0.207447436 -0.125717457
448.500000000 -0.412180526 -0.445240241 4.080430622 0.058683933 -0.710996775 0.015101729 0.700579560 -0.144787408 -0.262511229 -0.013749000
448.600000000 -0.411300683 -0.472089059 4.081013422 0.055906794 -0.711097365 0.019549705 0.700594589 -0.072820330 -0.295056420 0.072347940
448.700000000 -0.406321735 -0.502290075 4.080287190 0.050624415 -0.711414645 0.021974734 0.700602228 -0.056826606 -0.293778063 0.035357273
448.800000000 -0.400596432 -0.528606196 4.070641963 0.043727573 -0.711968240 0.023370360 0.700459100 -0.094940373 -0.308899426 0.042207146
448.900000000 -0.412535896 -0.561584979 4.054560853 0.040487180 -0.711620181 0.025513418 0.700932645 -0.118264051 -0.329006925 0.027856693
449.000000000 -0.412749019 -0.595498468 4.041387693 0.042326584 -0.710478933 0.026233128 0.701954392 -0.134274968 -0.356476026 0.025012071
449.100000000 -0.399721877 -0.629346876 4.026125226 0.041159298 -0.710155906 0.025635930 0.702372623 -0.116498225 -0.373572375 -0.022317212
449.200000000 -0.406678735 -0.671320164 4.010029888 0.037149642 -0.710349983 0.025700292 0.702397538 -0.068839759 -0.381878468 -0.120828188
449.300000000 -0.389238704 -0.708054720 4.005487724 0.036185501 -0.710041596 0.025908953 0.702751925 -0.036024149 -0.386547463 -0.188941492
449.400000000 -0.345197748 -0.741377699 4.013937837 0.034823328 -0.710197025 0.025193058 0.702689712 -0.035852084 -0.387472818 -0.217454036
449.500000000 -0.321233368 -0.779274628 4.005500024 0.030938461 -0.710856619 0.026075101 0.702172179 -0.067485153 -0.394926516 -0.184922223
449.600000000 -0.310221145 -0.818196479 3.992278460 0.030519681 -0.710685607 0.027735092 0.702299994 -0.100348162 -0.413986169 -0.122105299
449.700000000 -0.291365225 -0.856512474 3.985159296 0.032154864 -0.710341655 0.026788478 0.702611682 -0.097866713 -0.429602220 -0.102102952
449.800000000 -0.279897151 -0.902972414 3.974460017 0.029844441 -0.710899975 0.025540678 0.702195278 -0.056240366 -0.442368377 -0.146193492
449.900000000 -0.268967081 -0.949620146 3.965933492 0.028508084 -0.710987823 0.026695788 0.702118893 0.003398367 -0.453533172 -0.219458820
450.000000000 -0.234967097 -0.988773209 3.973504941 0.030753503 -0.710503429 0.025567211 0.702556344 0.035250763 -0.437047628 -0.233593246
450.100000000 -0.187346168 -1.032822613 3.988194960 0.031670690 -0.710474024 0.023512456 0.702617103 0.008092665 -0.410541106 -0.150406436
450.200000000 -0.185768910 -1.069543213 3.980349802 0.032377440 -0.710464813 0.024686609 0.702553928 -0.047192969 -0.404845722 -0.031843039
450.300000000 -0.202481608 -1.103947539 3.964591630 0.034814253 -0.710230465 0.025062981 0.702661014 -0.052858004 -0.436215823 0.017039227
450.400000000 -0.193460021 -1.153217063 3.959281624 0.034632024 -0.710320528 0.021816151 0.702687288 0.004487128 -0.499420757 -0.079544119
450.500000000 -0.175633080 -1.208971709 3.968661919 0.030188062 -0.711026741 0.022147607 0.702167457 0.064744491 -0.536305569 -0.195979208
450.600000000 -0.141038686 -1.262944884 3.976368292 0.032141889 -0.710807113 0.023328844 0.702264845 0.077017543 -0.510233651 -0.200706933
450.700000000 -0.112172617 -1.310675487 3.986308039 0.034769616 -0.710362550 0.022938153 0.702602279 0.037792162 -0.453754691 -0.094441861
450.800000000 -0.106763976 -1.349516564 3.987193047 0.035225217 -0.710198268 0.023914804 0.702713090 -0.001892497 -0.426762306 0.028435142
450.900000000 -0.125461827 -1.387016238 3.979338438 0.037027082 -0.709726120 0.023188234 0.703121707 -0.005210877 -0.432970602 0.068661916
451.000000000 -0.131310792 -1.437653730 3.974650340 0.039213602 -0.709175645 0.021515314 0.703611604 0.007837353 -0.431453604 0.052869087
451.100000000 -0.116968083 -1.482818591 3.983569986 0.039677773 -0.709115679 0.020161779 0.703686102 0.018830025 -0.379213662 0.013815060
451.200000000 -0.120636083 -1.518412518 3.982133870 0.025640460 -0.708594238 0.003883827 0.705139482 0.016761446 -0.286238880 0.003713282
451.300000000 -0.122785811 -1.535643645 3.978979694 0.020135591 -0.708270778 -0.001876174 0.705651148 -0.003070909 -0.205318980 0.050157030
451.400000000 -0.125333855 -1.555488888 3.981308233 0.029054618 -0.707247262 0.004681828 0.706353467 -0.009385786 -0.150949436 0.099845119
451.500000000 -0.138181939 -1.568916169 3.979279465 0.039463758 -0.706113728 0.012957848 0.706879133 -0.019521456 -0.111742157 0.156640597
451.600000000 -0.156352542 -1.579677870 3.975829108 0.043772017 -0.705769380 0.019706224 0.706813453 -0.018902491 -0.070610626 0.201833046
451.700000000 -0.182241317 -1.585758498 3.970323296 0.043209809 -0.706178622 0.024792369 0.706278985 0.008963276 -0.037426541 0.182932016
451.800000000 -0.197530433 -1.590873191 3.978825955 0.043913364 -0.706404883 0.027574978 0.705906069 0.023079846 -0.043955926 0.152350695
451.900000000 -0.205623927 -1.591460632 3.983146023 0.044138478 -0.706400269 0.027724298 0.705890798 0.017272688 -0.057087431 0.292186351
452.000000000 -0.215152087 -1.607194918 3.984848586 0.042686377 -0.706965897 0.028157127 0.705396533 -0.001938532 -0.059538034 0.336564299
452.100000000 -0.313804491 -1.621322845 3.976048640 0.041052546 -0.707349791 0.029042264 0.705072697 -0.014580005 -0.042811014 0.311367761
452.200000000 -0.313804491 -1.621322845 3.976048640 0.041052546 -0.707349791 0.029042264 0.705072697 -0.004454424 -0.009065425 0.181975692
452.300000000 -0.313804491 -1.621322845 3.976048640 0.041052546 -0.707349791 0.029042264 0.705072697 0.000000000 0.000000000 0.000000000
452.400000000 -0.313804491 -1.621322845 3.976048640 0.041052546 -0.707349791 0.029042264 0.705072697 0.000000000 0.000000000 0.000000000
452.500000000 -0.313804491 -1.621322845 3.976048640 0.041052546 -0.707349791 0.029042264 0.705072697 0.000000000 0.000000000 0.000000000
452.600000000 -0.313804491 -1.621322845 3.976048640 0.041052546 -0.707349791 0.029042264 0.705072697 0.055927951 0.003073155 0.019811591
452.700000000 -0.313804491 -1.621322845 3.976048640 0.041052546 -0.707349791 0.029042264 0.705072697 0.153022015 -0.011702091 0.003860571
452.800000000 -0.313804491 -1.621322845 3.976048640 0.041052546 -0.707349791 0.029042264 0.705072697 0.184983846 -0.022705114 -0.016759437
452.900000000 -0.305753516 -1.629745741 4.036066122 0.040646911 -0.707452257 0.028981567 0.704995887 0.156396475 -0.025544009 -0.029962801
453.000000000 -0.305753516 -1.629745741 4.036066122 0.040646911 -0.707452257 0.028981567 0.704995887 0.067184570 -0.020037150 -0.035603697
453.100000000 -0.305753516 -1.629745741 4.036066122 0.040646911 -0.707452257 0.028981567 0.704995887 -0.001861821 -0.001874762 -0.005107824
453.200000000 -0.305753516 -1.629745741 4.036066122 0.040646911 -0.707452257 0.028981567 0.704995887 0.000000000 0.000000000 0.000000000
453.300000000 -0.305753516 -1.629745741 4.036066122 0.040646911 -0.707452257 0.028981567 0.704995887 0.000000000 0.000000000 0.000000000
453.400000000 -0.305753516 -1.629745741 4.036066122 0.040646911 -0.707452257 0.028981567 0.704995887 0.033530394 -0.027791968 -0.059371241
453.500000000 -0.305753516 -1.629745741 4.036066122 0.040646911 -0.707452257 0.028981567 0.704995887 0.016726699 -0.091557427 -0.241135890
453.600000000 -0.297955409 -1.632485675 4.042010760 0.040613795 -0.707455026 0.028946992 0.704996438 0.005833676 -0.116727668 -0.334414268
453.700000000 -0.179228086 -1.659627364 4.022664797 0.038637278 -0.707569502 0.028562983 0.705008309 -0.007342737 -0.102033314 -0.313853526
453.800000000 -0.189427648 -1.656938597 4.037936851 0.038507446 -0.707562464 0.028597421 0.705021081 0.015730953 -0.046936568 -0.206014757
453.900000000 -0.189427648 -1.656938597 4.037936851 0.038507446 -0.707562464 0.028597421 0.705021081 0.027534125 -0.019149346 0.008802805
454.000000000 -0.173692925 -1.653883204 4.060497053 0.038915434 -0.707457513 0.028475432 0.705108932 0.006001591 -0.044064485 0.137109673
454.100000000 -0.173692925 -1.653883204 4.060497053 0.038915434 -0.707457513 0.028475432 0.705108932 -0.022428796 -0.060467187 0.138366915
454.200000000 -0.241770553 -1.674084925 4.055568696 0.040753718 -0.707273657 0.029404243 0.705151401 -0.073360703 -0.066628286 0.080967988
454.300000000 -0.205283112 -1.684240993 4.023114778 0.040404035 -0.707308886 0.029405392 0.705136141 -0.050799839 -0.042351493 -0.037571644
454.400000000 -0.205283112 -1.684240993 4.023114778 0.040404035 -0.707308886 0.029405392 0.705136141 -0.049664508 -0.024759417 -0.094223944
454.500000000 -0.205283112 -1.684240993 4.023114778 0.040404035 -0.707308886 0.029405392 0.705136141 -0.025663017 -0.011258773 -0.027889917
454.600000000 -0.205283112 -1.684240993 4.023114778 0.040404035 -0.707308886 0.029405392 0.705136141 0.024664929 0.002159842 0.020480468
454.700000000 -0.205283112 -1.684240993 4.023114778 0.040404035 -0.707308886 0.029405392 0.705136141 0.018821273 -0.001421675 0.047175075
454.800000000 -0.208804665 -1.683990367 4.027382067 0.040342478 -0.707320109 0.029423405 0.705127656 -0.003564825 -0.004166638 0.053643514
454.900000000 -0.222300179 -1.687399744 4.019330619 0.037013957 -0.707700532 0.030748594 0.704871938 -0.022232082 -0.005341826 0.042686923
455.000000000 -0.222300179 -1.687399744 4.019330619 0.037013957 -0.707700532 0.030748594 0.704871938 -0.037184292 -0.004831380 0.014368746
455.100000000 -0.222300179 -1.687399744 4.019330619 0.037013957 -0.707700532 0.030748594 0.704871938 -0.014785419 -0.000774972 -0.004570840
455.200000000 -0.222300179 -1.687399744 4.019330619 0.037013957 -0.707700532 0.030748594 0.704871938 0.000000000 0.000000000 0.000000000
455.300000000 -0.222300179 -1.687399744 4.019330619 0.037013957 -0.707700532 0.030748594 0.704871938 0.000000000 0.000000000 0.000000000
455.400000000 -0.222300179 -1.687399744 4.019330619 0.037013957 -0.707700532 0.030748594 0.704871938 0.000000000 0.000000000 0.000000000
455.500000000 -0.222300179 -1.687399744 4.019330619 0.037013957 -0.707700532 0.030748594 0.704871938 0.000000000 0.000000000 0.000000000
455.600000000 -0.222300179 -1.687399744 4.019330619 0.037013957 -0.707700532 0.030748594 0.704871938 0.000000000 0.000000000 0.000000000
455.700000000 -0.222300179 -1.687399744 4.019330619 0.037013957 -0.707700532 0.030748594 0.704871938 0.000000000 0.000000000 0.000000000
455.800000000 -0.222300179 -1.687399744 4.019330619 0.037013957 -0.707700532 0.030748594 0.704871938 0.000000000 0.000000000 0.000000000
455.900000000 -0.222300179 -1.687399744 4.019330619 0.037013957 -0.707700532 0.030748594 0.704871938 0.000000000 0.000000000 0.000000000
456.000000000 -0.222300179 -1.687399744 4.019330619 0.037013957 -0.707700532 0.030748594 0.704871938 0.000000000 0.000000000 0.000000000
456.100000000 -0.222300179 -1.687399744 4.019330619 0.037013957 -0.707700532 0.030748594 0.704871938 0.000000000 0.000000000 0.000000000
456.200000000 -0.222300179 -1.687399744 4.019330619 0.037013957 -0.707700532 0.030748594 0.704871938 -0.068112414 -0.032962744 -0.045098291
456.300000000 -0.222300179 -1.687399744 4.019330619 0.037013957 -0.707700532 0.030748594 0.704871938 -0.223042252 -0.066106258 -0.037916958
456.400000000 -0.195069386 -1.700960309 3.999895181 0.035140008 -0.708034603 0.030516986 0.704642388 -0.284109737 -0.073638351 -0.022895122
456.500000000 -0.212871190 -1.710502546 3.925194272 0.033990964 -0.708268485 0.031009741 0.704442164 -0.250491037 -0.056589125 -0.000947901
456.600000000 -0.212871190 -1.710502546 3.925194272 0.033990964 -0.708268485 0.031009741 0.704442164 -0.119204840 -0.014132145 0.011574321
456.700000000 -0.212871190 -1.710502546 3.925194272 0.033990964 -0.708268485 0.031009741 0.704442164 -0.004055205 -0.011803855 -0.028255235
456.800000000 -0.191294060 -1.708455943 3.921880574 0.034522315 -0.708266682 0.031554855 0.704393929 -0.030535857 -0.092069615 -0.026242519
456.900000000 -0.203172251 -1.706258588 3.925852910 0.034858266 -0.708241534 0.031623015 0.704399613 -0.041929760 -0.136741408 -0.016369834
457.000000000 -0.200651842 -1.752289354 3.911175084 0.034754150 -0.708307281 0.031610063 0.704339228 -0.032720386 -0.143426172 -0.015629113
457.100000000 -0.199112643 -1.754300410 3.912618613 0.032253815 -0.708737191 0.031284076 0.704040192 -0.017023924 -0.091870705 -0.047437662
457.200000000 -0.194887427 -1.761156155 3.913968258 0.052279378 -0.706881150 0.049097177 0.703686985 -0.021072362 -0.013509995 -0.092312122
457.300000000 -0.179847481 -1.754535557 3.912219799 0.097943473 -0.699097485 0.045537524 0.706821135 -0.104960798 0.006332555 -0.130117039
457.400000000 -0.162254105 -1.750821284 3.901098331 0.142903579 -0.685878035 -0.005422833 0.713526790 -0.276629357 0.008058300 -0.178676960
457.500000000 -0.153486551 -1.740494753 3.867504604 0.189709475 -0.667457739 -0.079295272 0.715697381 -0.551405772 -0.069050515 -0.244910619
457.600000000 -0.128300550 -1.720094707 3.803384358 0.241064414 -0.644642841 -0.151119393 0.709567815 -0.938869252 -0.282702945 -0.325272164
457.700000000 -0.099262290 -1.681882197 3.686381859 0.297485995 -0.617025081 -0.215262589 0.696020223 -1.391302508 -0.706424334 -0.403615140
457.800000000 -0.078460945 -1.628546256 3.513464727 0.347307099 -0.589778901 -0.264004200 0.679588412 -1.870086377 -1.338001023 -0.474808155
457.900000000 -0.055970098 -1.549214196 3.253234133 0.380799448 -0.566359571 -0.300696139 0.666191000 -2.364783341 -2.137734846 -0.554974810
458.000000000 -0.036051638 -1.442807484 2.896787553 0.405154000 -0.545132898 -0.330401800 0.655373947 -2.815253328 -3.099603918 -0.667850987
458.100000000 -0.024805208 -1.311125084 2.449034789 0.407995855 -0.540949629 -0.335476489 0.654498592 -3.415045909 -4.003642681 -0.795838483
458.200000000 -0.013278875 -1.162698651 1.881155546 0.398916839 -0.550170405 -0.316881052 0.661637574 -4.216881727 -4.770848938 -0.834117662
458.300000000 0.003796687 -0.998322473 1.179940766 0.371213859 -0.569605386 -0.283177894 0.676432003 -5.257643547 -5.205719380 -0.898368793
458.400000000 -0.000332868 -0.858459877 0.407384432 0.329943740 -0.597673553 -0.231943442 0.692911027 -6.472444983 -5.178171484 -0.869885671
458.500000000 0.014714088 -0.728435154 -0.464597435 0.277413265 -0.626232554 -0.173374489 0.707683514 -7.648058029 -4.674666115 -0.794612628
458.600000000 0.023601454 -0.647323134 -1.426662338 0.215970602 -0.651321336 -0.112619308 0.718647415 -8.560196488 -3.709500896 -0.721399024
458.700000000 0.015494870 -0.609306283 -2.376194530 0.159843889 -0.666441728 -0.070537673 0.724796379 -8.991774892 -2.815337651 -0.693682386
458.800000000 0.025224129 -0.598675805 -3.306919388 0.112381638 -0.676774330 -0.039937642 0.726465318 -9.128605412 -2.032566956 -0.631002689
458.900000000 0.048773666 -0.613288861 -4.261094693 0.070343819 -0.687550457 -0.006398690 0.722693000 -9.075464771 -1.184992955 -0.497738658
459.000000000 0.042996597 -0.642572753 -5.165332552 0.030101265 -0.697833760 0.032404820 0.714892918 -8.914733887 -0.268310898 -0.202944072
459.100000000 0.068783760 -0.667995676 -6.031815264 -0.019865716 -0.704746822 0.081241570 0.704511943 -8.542239146 0.873617646 0.095391802
459.200000000 0.025711226 -0.715691481 -6.898609348 -0.072640254 -0.707191261 0.137392860 0.689729741 -7.855177118 2.058959712 0.317829276
459.300000000 -0.007218863 -0.759401285 -7.677755964 -0.118400566 -0.704467373 0.194769140 0.672139872 -6.914333441 3.035881019 0.486038519
459.400000000 -0.017120377 -0.781667825 -8.398346000 -0.171301547 -0.696987869 0.254151180 0.648283015 -5.630366632 3.917501061 0.380546920
459.500000000 -0.061049493 -0.787333282 -9.065953511 -0.228204570 -0.685287816 0.305383598 0.620519252 -4.159049477 4.457881702 0.244083303
459.600000000 -0.030885010 -0.736752700 -9.624234458 -0.279055216 -0.673415873 0.347423167 0.589861332 -2.685484096 4.515740639 0.179614157
459.700000000 0.003349370 -0.655511456 -10.111199958 -0.296877176 -0.660661963 0.373374308 0.579638973 -1.582133876 4.019177252 -0.018200822
459.800000000 -0.012078357 -0.551376815 -10.492064376 -0.291040007 -0.654301829 0.378862734 0.586214857 -0.815869059 3.195634654 -0.069734750
459.900000000 -0.014279002 -0.433274159 -10.734660098 -0.272620306 -0.656937240 0.363552037 0.601615781 -0.223336126 2.259102142 -0.090831290
460.000000000 -0.020327677 -0.308252876 -10.867946872 -0.231878166 -0.668531532 0.322591233 0.628675594 0.209817078 1.377455166 -0.131315753
460.100000000 -0.024620233 -0.193392331 -10.893652572 -0.158139081 -0.687423884 0.238198154 0.667609223 0.521835128 0.687503113 -0.122170995
460.200000000 -0.021134690 -0.113886575 -10.828366542 -0.060979501 -0.695485693 0.145281832 0.701052309 0.830092394 0.245449569 -0.162430002
460.300000000 -0.005199235 -0.095680692 -10.718022179 0.023899880 -0.691902536 0.058784371 0.719196826 1.062729987 0.020951979 -0.171464959
460.400000000 0.026726255 -0.113413201 -10.588921326 0.058179665 -0.687736555 0.006215159 0.723598597 1.173121029 -0.179234250 -0.175190317
460.500000000 0.050169651 -0.149242867 -10.482060347 0.049018169 -0.689594904 -0.005049394 0.722516845 1.148971968 -0.393420944 -0.175267637
460.600000000 0.076778770 -0.209289574 -10.372341923 0.038435428 -0.692144675 -0.001597360 0.720732902 1.066684006 -0.557334448 -0.152608875
460.700000000 0.094314503 -0.282385396 -10.272840328 0.040027783 -0.693110709 0.004636401 0.719703985 0.997587741 -0.651635410 -0.144531070
460.800000000 0.118449951 -0.351368814 -10.182560649 0.051158510 -0.692645663 0.007589757 0.719421426 0.935002801 -0.684656122 -0.133940947
460.900000000 0.143165031 -0.424039267 -10.096967717 0.062372671 -0.692226575 0.009728742 0.718914022 0.870154324 -0.705467994 -0.114244055
461.000000000 0.166620622 -0.502756224 -10.016985562 0.070610627 -0.692036869 0.007491142 0.718361325 0.807542648 -0.692276513 -0.111738070
461.100000000 0.181359709 -0.580637457 -9.951854778 0.069902716 -0.692844617 0.005190797 0.717671933 0.736376713 -0.663265724 -0.129270381
461.200000000 0.209919965 -0.644858662 -9.885445928 0.067470277 -0.693684129 0.003958904 0.717101400 0.652888716 -0.608564062 -0.109046292
461.300000000 0.225284398 -0.709915090 -9.833890379 0.065404950 -0.694204898 0.004082592 0.716788033 0.554247527 -0.546356343 -0.041074593
461.400000000 0.233598542 -0.763507106 -9.784989453 0.062492693 -0.694736341 0.005471083 0.716523654 0.437848553 -0.541667231 0.051456690
461.500000000 0.226414620 -0.812981806 -9.750157058 0.061587938 -0.694985794 0.007223566 0.716344535 0.354931915 -0.547867529 0.148567391
461.600000000 0.219547251 -0.883159271 -9.729782026 0.061516447 -0.694951038 0.009874260 0.716352762 0.243194508 -0.786393150 0.073886175
461.700000000 0.213502626 -0.939482643 -9.705016171 0.060394118 -0.693589561 0.010741976 0.717753914 0.134354944 -0.885437327 -0.017987563
461.800000000 0.277334467 -1.117859384 -9.720137331 0.059690136 -0.692346599 0.010828996 0.719010437 0.006799559 -0.733620999 0.056204993
461.900000000 0.302281225 -1.142755679 -9.703884162 0.058728008 -0.691592372 0.011662638 0.719802053 -0.101757809 -0.412800003 -0.100555352
462.000000000 0.203187939 -1.138651386 -9.735320482 0.057200632 -0.691447624 0.012435755 0.720051125 -0.155454330 -0.033444627 -0.191023699
462.100000000 0.321417782 -1.114484316 -9.759258223 0.056421501 -0.691447881 0.013107759 0.720100429 -0.142298420 -0.018158393 -0.308706638
462.200000000 0.339025271 -1.122582491 -9.787382462 0.052773662 -0.692107403 0.016705932 0.719668810 -0.063823141 -0.113553728 -0.334596209
462.300000000 0.353109463 -1.147241050 -9.777838866 0.030941710 -0.696215413 0.038314703 0.716141531 0.054494655 -0.194069241 -0.078421506
462.400000000 0.352325380 -1.169366774 -9.770982554 -0.015260285 -0.700794171 0.084326025 0.708197554 0.228930025 -0.215977885 -0.006504447
462.500000000 0.350486203 -1.186587096 -9.735919146 -0.079828180 -0.700974092 0.150718554 0.692493105 0.459233471 -0.279136130 0.021572805
462.600000000 0.344002403 -1.193421033 -9.679187893 -0.149126130 -0.695320320 0.213652841 0.669808564 0.817054474 -0.472681868 -0.001391432
462.700000000 0.344494786 -1.194558229 -9.565195026 -0.215879444 -0.683952096 0.270952822 0.642020376 1.251713677 -0.869200348 -0.071493315
462.800000000 0.343804737 -1.170041537 -9.382660506 -0.267064768 -0.669538624 0.319662547 0.614988046 1.730822813 -1.473347917 -0.180981916
462.900000000 0.368524275 -1.127263002 -9.129488007 -0.301207484 -0.656477096 0.356608188 0.592572758 2.211151745 -2.225074348 -0.306457182
463.000000000 0.378862158 -1.051748990 -8.770442737 -0.320634491 -0.647240734 0.380584634 0.577432500 2.689311273 -3.097761626 -0.429087051
463.100000000 0.381841878 -0.956562864 -8.315768257 -0.316732939 -0.646207961 0.389840302 0.574560750 3.276725458 -3.941252972 -0.472316647
463.200000000 0.418254201 -0.856093755 -7.763239964 -0.295388597 -0.650332439 0.385429191 0.584172607 3.995831750 -4.661864453 -0.379314358
463.300000000 0.418406963 -0.758274919 -7.100138968 -0.262592452 -0.659935346 0.360805439 0.604441874 4.950181754 -5.160762011 -0.295456124
463.400000000 0.408935530 -0.681473280 -6.329511350 -0.208688023 -0.674466797 0.308503339 0.637471207 6.272980523 -5.087790936 -0.219630398
463.500000000 0.443438398 -0.633358092 -5.474865863 -0.150895097 -0.686260969 0.245440587 0.667858870 7.571611510 -4.570989709 -0.243499455
463.600000000 0.482016593 -0.621089727 -4.548073610 -0.104170300 -0.694346805 0.181401300 0.688567086 8.555822452 -3.864783250 -0.287135087
463.700000000 0.557704486 -0.653690268 -3.552408081 -0.067850979 -0.698409678 0.128049263 0.700873421 9.101074912 -3.177762302 -0.245960900
463.800000000 0.575919717 -0.734919215 -2.597703927 -0.040264282 -0.700197680 0.090658551 0.707024061 9.331100806 -2.669266799 -0.188222477
463.900000000 0.614453196 -0.841555675 -1.644738477 -0.008105792 -0.699139518 0.058399223 0.712550181 9.409334130 -2.039876365 -0.151480637
464.000000000 0.641677946 -0.976452055 -0.649383418 0.035663668 -0.693123834 0.016744301 0.719740982 9.357104426 -1.019555347 -0.067197884
464.100000000 0.729540223 -1.100913778 0.240092538 0.086019116 -0.682264475 -0.030021102 0.725406528 9.041269696 0.179820177 0.102889438
464.200000000 0.766605377 -1.231565756 1.115344102 0.142973491 -0.665927724 -0.085738766 0.727150405 8.382840402 1.515990699 0.293785741
464.300000000 0.804492039 -1.359462632 1.954922867 0.203808125 -0.644861310 -0.141216976 0.722961897 7.358385943 2.722783033 0.457586862
464.400000000 0.833201969 -1.462644002 2.689389189 0.259629152 -0.619907060 -0.193946476 0.714627669 6.065855319 3.584976564 0.588243360
464.500000000 0.861855228 -1.536657597 3.342514571 0.315960473 -0.591563923 -0.241047269 0.701510740 4.623246073 4.130091271 0.663139897
464.600000000 0.848060954 -1.582541463 3.930581645 0.360010894 -0.571738830 -0.271907405 0.685254135 3.291089505 4.189684665 0.554063736
464.700000000 0.832913777 -1.581131698 4.424699713 0.395537788 -0.544751332 -0.315914471 0.668576018 1.941547663 3.958975571 0.461776273
464.800000000 0.820569539 -1.537242586 4.834231999 0.414698561 -0.533511423 -0.345342390 0.651252100 0.876540048 3.247217861 0.214673651
464.900000000 0.826332599 -1.461105324 5.124680495 0.401725949 -0.546820937 -0.346534673 0.647701201 0.212826853 2.204171092 0.036810349
465.000000000 0.841748226 -1.371327252 5.239285266 0.360763570 -0.579963477 -0.311869456 0.660476687 -0.233952064 1.168742200 -0.035464029
465.100000000 0.816235144 -1.285659046 5.251049283 0.284857778 -0.628812492 -0.236352877 0.683804222 -0.609880124 0.419018660 -0.040695737
465.200000000 0.828618296 -1.205274346 5.177973216 0.176803499 -0.675782499 -0.127256734 0.704176299 -0.933423568 0.080701794 0.027203798
465.300000000 0.824364628 -1.178114041 5.062248501 0.086859887 -0.699983130 -0.025296682 0.708405996 -1.222160529 -0.044277810 0.102548866
465.400000000 0.794496663 -1.192858719 4.933700012 0.028934690 -0.705615231 0.029110981 0.707405457 -1.356559185 -0.136486983 0.155157395
465.500000000 0.781885578 -1.222180584 4.761832058 0.012029469 -0.702872314 0.039132800 0.710136907 -1.358223228 -0.294453108 0.185356182
465.600000000 0.767554503 -1.264495194 4.642350667 0.021368248 -0.699823279 0.036288977 0.713073549 -1.246489243 -0.450080221 0.185708416
465.700000000 0.739684929 -1.323060106 4.521628477 0.031741962 -0.699425260 0.031119376 0.713322044 -1.064023717 -0.546267526 0.188525365
465.800000000 0.733766187 -1.386039647 4.423845908 0.032653219 -0.703193083 0.036279896 0.709321524 -0.942856880 -0.573521486 0.208885997
465.900000000 0.716890255 -1.442280307 4.339672635 0.038125238 -0.705391233 0.042518689 0.706513860 -0.832716512 -0.576050182 0.222313263
466.000000000 0.696310744 -1.505089825 4.260004590 0.047176509 -0.706288160 0.049167251 0.704637491 -0.745104679 -0.574216162 0.240414285
466.100000000 0.685627139 -1.564689705 4.191514465 0.047053294 -0.705274730 0.056688469 0.705095709 -0.668688905 -0.571026464 0.210976387
466.200000000 0.670163166 -1.629071668 4.125527147 0.045270515 -0.704131202 0.060819883 0.706010462 -0.591133888 -0.556849480 0.179852288
466.300000000 0.668616286 -1.684165545 4.076620395 0.042164824 -0.703012779 0.061828803 0.707228647 -0.498661675 -0.533210350 0.120799940
466.400000000 0.660744516 -1.739956272 4.030515304 0.042783882 -0.701859485 0.058502772 0.708618535 -0.420073418 -0.483520115 -0.028334630
466.500000000 0.668293635 -1.788474305 4.002117006 0.045639754 -0.700705101 0.054340692 0.709912997 -0.397188653 -0.422137874 -0.164930288
466.600000000 0.712717013 -1.816323766 3.963603947 0.048422876 -0.699908354 0.048785474 0.710917364 -0.380703957 -0.400440074 -0.329842222
466.700000000 0.732712810 -1.846770312 3.921304345 0.052092295 -0.699223483 0.042568243 0.711730889 -0.343489955 -0.415974100 -0.524596874
466.800000000 0.794630160 -1.883052320 3.891543575 0.055021411 -0.698329640 0.038356718 0.712626915 -0.285075410 -0.402231192 -0.465376224
466.900000000 0.904577280 -1.918817917 3.855821905 0.056500479 -0.697879501 0.035073279 0.713121142 -0.232116517 -0.349735597 -0.423647813
467.000000000 0.874966581 -1.944948529 3.841637161 0.057512764 -0.697628222 0.032943882 0.713387585 -0.104491896 -0.349503064 -0.672516895
467.100000000 0.944729589 -1.958134096 3.807306061 0.058262333 -0.697514107 0.031809824 0.713489808 -0.026510685 -0.347834744 -0.789497546
467.200000000 1.170223157 -1.998063164 3.832671896 0.061531943 -0.696967471 0.025825988 0.713991024 0.012843051 -0.342124150 -0.859081223
467.300000000 1.198362062 -2.017866489 3.833361540 0.082506969 -0.692492485 0.003550879 0.716682740 -0.039453354 -0.273162900 -0.600878702
467.400000000 1.213989388 -2.031340809 3.819571638 0.129200670 -0.680839937 -0.041997351 0.719722439 -0.255242216 -0.174937928 -0.178331137
467.500000000 1.227165124 -2.036724446 3.787027708 0.191885079 -0.660794433 -0.103237438 0.718242901 -0.505684826 -0.205951595 -0.139611683
467.600000000 1.237091892 -2.029277545 3.720423854 0.257803931 -0.633665099 -0.169252255 0.709478224 -0.874280284 -0.398342734 -0.163891475
467.700000000 1.243988287 -2.000217221 3.608024314 0.316616426 -0.604302851 -0.227052869 0.694995754 -1.310930362 -0.785254884 -0.233926643
467.800000000 1.242775385 -1.950920062 3.436401685 0.364739400 -0.574873026 -0.276475993 0.678267793 -1.802880922 -1.395287514 -0.295970808
467.900000000 1.242642778 -1.870089098 3.180559961 0.398305796 -0.549295670 -0.315291793 0.663489145 -2.290580457 -2.204379853 -0.345166704
468.000000000 1.234975370 -1.756653835 2.836314397 0.415135969 -0.535163025 -0.333956878 0.655542117 -2.827069091 -3.088621846 -0.399199641
468.100000000 1.213499341 -1.620439263 2.386731493 0.423015355 -0.528067550 -0.340173184 0.653058096 -3.391967736 -4.020249929 -0.497444425
468.200000000 1.183425849 -1.456641248 1.816846560 0.416416618 -0.535821423 -0.324177169 0.659091622 -4.135517363 -4.797211715 -0.542111753
468.300000000 1.162324920 -1.285658465 1.152805933 0.391640203 -0.555040703 -0.291940222 0.673289444 -5.125650983 -5.261736268 -0.585953288
468.400000000 1.119146172 -1.122355101 0.373348289 0.352668871 -0.583612767 -0.242078959 0.690230819 -6.301223396 -5.267627537 -0.564585750
468.500000000 1.088305560 -0.976085421 -0.500502396 0.301578448 -0.615290082 -0.178341867 0.706160557 -7.477070196 -4.699549096 -0.509206472
468.600000000 1.069612973 -0.873765226 -1.404609406 0.251822185 -0.638980396 -0.123014182 0.716349881 -8.313992115 -3.970870555 -0.495270865
468.700000000 1.064163435 -0.799186543 -2.337306636 0.202783797 -0.656500281 -0.078419066 0.722313341 -8.836470760 -3.176142133 -0.459660663
468.800000000 1.036562148 -0.765751785 -3.314230745 0.149876336 -0.672307047 -0.041479200 0.723753960 -9.080587163 -2.262557641 -0.313855703
468.900000000 1.026687405 -0.750787375 -4.237928038 0.102334643 -0.684030012 -0.010346283 0.722165853 -9.068472200 -1.407486924 -0.240482994
469.000000000 0.975212533 -0.764062159 -5.139370792 0.052924570 -0.693681570 0.027113995 0.717822889 -8.885042087 -0.386421086 -0.142596223
469.100000000 1.004649674 -0.775018825 -6.022028120 -0.002897403 -0.701004781 0.076147443 0.709073670 -8.515218016 0.844432030 0.042345454
469.200000000 0.979776769 -0.786501230 -6.855362194 -0.055380024 -0.702727615 0.130670376 0.697160100 -7.884262875 2.039461807 0.123275571
469.300000000 0.927198400 -0.803508058 -7.654203721 -0.103600182 -0.701053978 0.188620448 0.679862228 -6.921932002 3.067215321 0.305645132
469.400000000 0.937439513 -0.799814577 -8.407012928 -0.155337305 -0.695326350 0.248608361 0.656190118 -5.639581186 3.923633221 0.307318131
469.500000000 0.884570769 -0.786197033 -9.027969095 -0.210864551 -0.685714326 0.296946356 0.630202242 -4.176328777 4.402663740 0.315842862
469.600000000 0.888948045 -0.721377593 -9.606206079 -0.266046643 -0.677424883 0.339496543 0.595866436 -2.665950421 4.507585301 0.428851250
469.700000000 0.855469768 -0.632161631 -10.085045849 -0.282103733 -0.661397523 0.381773392 0.580706361 -1.465434021 4.107532004 0.139102771
469.800000000 0.829585240 -0.513894210 -10.464596861 -0.277134551 -0.655718990 0.391281883 0.583204539 -0.662044799 3.287758048 -0.014161514
469.900000000 0.827152136 -0.370580212 -10.719683368 -0.253892294 -0.661875105 0.373241040 0.598457329 -0.119732943 2.317888834 -0.141037047
470.000000000 0.810572368 -0.230290295 -10.846203300 -0.207809841 -0.675219770 0.324553755 0.628934172 0.284550499 1.372182282 -0.167890084
470.100000000 0.838195579 -0.111623497 -10.842825498 -0.131565438 -0.688530683 0.238599718 0.672076044 0.611796939 0.656287831 -0.148218794
470.200000000 0.816602298 -0.040027902 -10.771576482 -0.034440934 -0.692039903 0.131294337 0.708982645 0.909069943 0.264362107 -0.101541446
470.300000000 0.834472271 -0.017978531 -10.646586618 0.046392127 -0.686683695 0.043047838 0.724196214 1.100601248 0.061827157 -0.011520590
470.400000000 0.840466528 -0.040914910 -10.524245360 0.078750019 -0.683494162 0.001709246 0.725693629 1.177319407 -0.166058278 0.011535630
470.500000000 0.833620827 -0.088329535 -10.419691635 0.075556284 -0.685309809 -0.005522455 0.724300501 1.152073003 -0.410144501 -0.002664439
470.600000000 0.861590733 -0.156048038 -10.306890816 0.067753121 -0.686468680 -0.001642449 0.723994177 1.090626384 -0.588309660 -0.036373803
470.700000000 0.880574325 -0.233849782 -10.209661030 0.071666242 -0.685306147 -0.002412444 0.724716231 1.036500728 -0.662559786 -0.048317145
470.800000000 0.896769345 -0.311643577 -10.117980169 0.082268228 -0.684318664 -0.005262767 0.724508252 0.964039406 -0.667542449 -0.024410621
470.900000000 0.904156596 -0.390185604 -10.035311744 0.094414455 -0.684399223 -0.007276926 0.722931989 0.901023844 -0.637683888 -0.033609490
471.000000000 0.924278154 -0.463314185 -9.961313014 0.099662493 -0.685194926 -0.007576376 0.721469265 0.825249681 -0.615744719 -0.065533479
471.100000000 0.947346229 -0.531432611 -9.890785162 0.102019189 -0.685434801 -0.009625617 0.720887346 0.741291998 -0.582490023 -0.075563327
471.200000000 0.968204076 -0.600306660 -9.833710517 0.101387692 -0.685553118 -0.010191208 0.720856156 0.613246808 -0.549605571 0.003464212
471.300000000 0.975006579 -0.659260425 -9.784289049 0.099030205 -0.685776149 -0.009346668 0.720983170 0.329297506 -0.776613061 -0.043215826
471.400000000 0.961389940 -0.715955094 -9.754206264 0.095204770 -0.686180207 -0.007619372 0.721134329 0.023215328 -0.929888210 0.086007893
471.500000000 1.086050550 -0.883146087 -9.815534197 0.090288836 -0.686773132 -0.004656540 0.721227362 -0.024668866 -0.892867061 -0.075900203
471.600000000 0.940827999 -0.957308817 -9.875225923 0.085398756 -0.687481283 -0.001934277 0.721160729 0.114664453 -0.807845784 -0.281316942
471.700000000 1.070486050 -0.972987093 -9.805651757 0.080946941 -0.687802437 0.000430290 0.721370373 0.322332604 -0.591865060 -0.400402473
471.800000000 1.163473069 -1.065778480 -9.762349603 0.078434780 -0.686874357 0.000267980 0.722531336 0.384037731 -0.534453293 -0.409071608
471.900000000 1.190206833 -1.116378532 -9.762963744 0.077294475 -0.686500127 0.000228144 0.723009743 0.178995203 -0.412167099 -0.156162570
472.000000000 1.133390484 -1.147681881 -9.738088161 0.076888359 -0.686305848 0.000438603 0.723237354 0.114492609 -0.209867720 -0.109773111
472.100000000 1.160704097 -1.129081677 -9.751013677 0.075980201 -0.686139766 0.001448479 0.723489553 0.135282179 -0.079068034 -0.183752876
472.200000000 1.176551884 -1.159577321 -9.746962213 0.072889685 -0.685722002 0.002982760 0.724198545 0.129516539 -0.043037320 -0.586347771
472.300000000 1.255969773 -1.145888315 -9.706297903 0.072350169 -0.685616074 0.003639698 0.724349919 0.165881243 -0.035322763 -0.826827557
472.400000000 1.402807649 -1.134187723 -9.679319735 0.072356843 -0.685414543 0.005240294 0.724530145 0.208097670 -0.014462865 -0.893518648
472.500000000 1.487018938 -1.120981293 -9.706644614 0.071792053 -0.685221475 0.006915869 0.724754857 0.173897663 -0.056597928 -0.612937585
472.600000000 1.496750775 -1.141097288 -9.667148996 0.071419925 -0.685262576 0.008211177 0.724739245 0.119820433 -0.076502448 -0.202837245
472.700000000 1.497583236 -1.150922416 -9.670231654 0.068101079 -0.684297118 -0.002602213 0.726011657 0.024027779 -0.085891455 0.042528784
472.800000000 1.510713758 -1.148812699 -9.679955902 0.063391172 -0.683770301 -0.014183752 0.726800217 -0.064852759 -0.080411183 0.133883606
472.900000000 1.504337197 -1.155106685 -9.679204171 0.064204178 -0.684377977 -0.011906809 0.726197519 -0.027315786 -0.063170756 0.107604734
473.000000000 1.460134879 -1.169880898 -9.677675904 0.068973764 -0.685397532 -0.001956091 0.724892418 -0.009938250 -0.059281206 0.142435349
473.100000000 1.448430050 -1.178412395 -9.684414525 0.072544953 -0.685769202 0.006791693 0.724162761 0.009707016 -0.070848824 0.407182373
473.200000000 1.447036423 -1.176130592 -9.679855170 0.074675310 -0.685873175 0.010774856 0.723799343 0.033595548 -0.138715552 0.673986354
473.300000000 1.268795864 -1.210167383 -9.654534293 0.075255873 -0.686139209 0.012146437 0.723465275 0.046725869 -0.163827423 0.744170730
473.400000000 1.221570400 -1.261295287 -9.661867490 0.075982326 -0.686456537 0.012523262 0.723081791 0.031824318 -0.148640803 0.573717038
473.500000000 1.221570400 -1.261295287 -9.661867490 0.075982326 -0.686456537 0.012523262 0.723081791 0.000848382 -0.049053242 0.211695350
473.600000000 1.225870909 -1.262991418 -9.662330135 0.073940753 -0.685324458 0.003504155 0.724465923 -0.011542347 0.055001633 0.036492585
473.700000000 1.197686503 -1.248019592 -9.662186270 0.072903856 -0.683604017 -0.007206074 0.726167094 0.008560948 0.087898488 -0.094033769
473.800000000 1.202206530 -1.243877478 -9.662401094 0.072939936 -0.683473041 -0.007610471 0.726282623 0.044114226 0.086680607 -0.152117067
473.900000000 1.271027036 -1.225530973 -9.651305516 0.074046623 -0.683439147 -0.003779701 0.726232568 0.185142650 0.073235526 0.116511222
474.000000000 1.270675649 -1.228362571 -9.648583014 0.074230861 -0.683648571 -0.001349826 0.726025198 0.420058200 0.103837508 0.135598882
474.100000000 1.121802427 -1.235042841 -9.572937212 0.073278974 -0.683868358 0.000093932 0.725916147 0.462258143 0.152582662 0.222088358
474.200000000 1.267144296 -1.212683654 -9.468784722 0.073146115 -0.683546609 0.000446989 0.726232387 0.364718005 0.268458451 0.183526517
474.300000000 1.147754869 -1.187326147 -9.518182004 0.073641168 -0.683048952 0.000451930 0.726650468 0.138487728 0.405489425 0.042152124
474.400000000 1.147160727 -1.144505603 -9.481310075 0.072852089 -0.682766179 0.000198642 0.726995790 -0.079016552 0.510661225 0.239645846
474.500000000 1.136711542 -1.075615302 -9.476528859 0.072558660 -0.682679976 -0.000251813 0.727106064 -0.047062438 0.551899759 0.108677412
474.600000000 1.112636964 -1.023965629 -9.499843805 0.071599990 -0.682743855 -0.000761990 0.727140764 0.023952259 0.543172579 -0.092877788
474.700000000 1.123161656 -0.977849020 -9.477892850 0.071556895 -0.682473231 -0.001518848 0.727397823 0.047863839 0.505068190 -0.109935043
474.800000000 1.167367031 -0.918063752 -9.445867176 0.072383377 -0.682339282 -0.002201013 0.727439968 0.055199868 0.496741739 -0.106583302
474.900000000 1.131475977 -0.877672167 -9.459839046 0.073269536 -0.682387669 -0.002716881 0.727304107 -0.062763201 0.511002973 -0.040392044
475.000000000 1.143960222 -0.827794445 -9.445760775 0.073315344 -0.682396425 -0.002673087 0.727291437 -0.119259345 0.514808702 0.062042759
475.100000000 1.106428581 -0.770006939 -9.475930450 0.072653380 -0.682247320 -0.002952586 0.727496641 -0.108782562 0.519619255 0.073977688
475.200000000 1.115336448 -0.719315898 -9.470097473 0.070536904 -0.682087033 -0.004135549 0.727849381 -0.077060007 0.507183891 0.113749743
475.300000000 1.090632558 -0.673103873 -9.474795513 0.068346810 -0.682180328 -0.005109626 0.727964701 0.145798789 0.578134394 -0.141855566
475.400000000 1.066663859 -0.628816999 -9.470839813 0.068076743 -0.682593813 -0.005849800 0.727596745 0.244711202 0.605384261 -0.450286791
475.500000000 1.201875056 -0.524824772 -9.380633923 0.069545246 -0.682899933 -0.006066206 0.727168716 0.327465891 0.591514292 -0.701377652
475.600000000 1.304265435 -0.487321838 -9.373383503 0.070486583 -0.683259631 -0.005479723 0.726744722 0.263539485 0.546759173 -0.641741759
475.700000000 1.342716415 -0.431725397 -9.339540115 0.073128538 -0.683464356 -0.006087277 0.726286194 0.088427334 0.469020246 -0.286933368
475.800000000 1.302930390 -0.385906941 -9.349676722 0.073213666 -0.684032796 -0.005831524 0.725744367 0.072790120 0.511812350 -0.098602841
475.900000000 1.297197790 -0.334424817 -9.333399960 0.074535306 -0.684227486 -0.007468519 0.725411233 0.024405403 0.535778327 -0.021229782
476.000000000 1.308546024 -0.271801118 -9.315408412 0.075023731 -0.684698792 -0.007534477 0.724915330 0.074063084 0.543699940 -0.091845768
476.100000000 1.340216171 -0.222853473 -9.317801622 0.076538377 -0.684784555 -0.007604501 0.724675211 0.232453033 0.568435773 -0.310454832
476.200000000 1.318694062 -0.168674739 -9.289284668 0.075959591 -0.685405529 -0.007356551 0.724151423 0.324987704 0.547727419 -0.395420319
476.300000000 1.449595238 -0.100915157 -9.192103278 0.078675792 -0.685267838 -0.007219578 0.723993085 0.320810838 0.476269219 -0.375653360
476.400000000 1.431905940 -0.064799394 -9.192584107 0.081550521 -0.684746548 -0.008423651 0.724155177 0.030727937 0.309694699 -0.364223555
476.500000000 1.434026468 -0.039982414 -9.169085712 0.085475070 -0.684724234 -0.008928720 0.723717496 -0.209281223 0.129687921 -0.224820072
476.600000000 1.480076833 -0.029738965 -9.270168277 0.066140918 -0.684690465 -0.025190396 0.725389406 -0.217559736 0.030941542 -0.163498415
476.700000000 1.500602423 -0.030416614 -9.267755190 0.074684339 -0.684947368 -0.018632883 0.724515126 -0.128404868 -0.071673824 -0.070702359
476.800000000 1.490927242 -0.029508959 -9.259342967 0.074742432 -0.684771141 -0.018867812 0.724669620 -0.020097674 -0.190223046 0.118998880
476.900000000 1.487299737 -0.074786926 -9.269032572 0.062727347 -0.681254268 -0.028947371 0.728779769 -0.083557345 -0.281499414 0.223402262
477.000000000 1.414395334 -0.128960898 -9.301691200 0.060675206 -0.681270859 -0.029434248 0.728918487 -0.111626121 -0.268599076 0.211180278
477.100000000 1.414395334 -0.128960898 -9.301691200 0.060675206 -0.681270859 -0.029434248 0.728918487 -0.078739744 -0.157436964 0.160104708
477.200000000 1.414395334 -0.128960898 -9.301691200 0.060675206 -0.681270859 -0.029434248 0.728918487 -0.018974229 -0.035223835 0.058489083
477.300000000 1.414395334 -0.128960898 -9.301691200 0.060675206 -0.681270859 -0.029434248 0.728918487 0.000000000 0.000000000 0.000000000
477.400000000 1.414395334 -0.128960898 -9.301691200 0.060675206 -0.681270859 -0.029434248 0.728918487 0.000000000 0.000000000 0.000000000
477.500000000 1.414395334 -0.128960898 -9.301691200 0.060675206 -0.681270859 -0.029434248 0.728918487 0.000000000 0.000000000 0.000000000
477.600000000 1.414395334 -0.128960898 -9.301691200 0.060675206 -0.681270859 -0.029434248 0.728918487 0.000000000 0.000000000 0.000000000
477.700000000 1.414395334 -0.128960898 -9.301691200 0.060675206 -0.681270859 -0.029434248 0.728918487 0.000000000 0.000000000 0.000000000
477.800000000 1.414395334 -0.128960898 -9.301691200 0.060675206 -0.681270859 -0.029434248 0.728918487 0.000000000 0.000000000 0.000000000
477.900000000 1.414395334 -0.128960898 -9.301691200 0.060675206 -0.681270859 -0.029434248 0.728918487 0.000000000 0.000000000 0.000000000
478.000000000 1.414395334 -0.128960898 -9.301691200 0.060675206 -0.681270859 -0.029434248 0.728918487 0.000000000 0.000000000 0.000000000
478.100000000 1.414395334 -0.128960898 -9.301691200 0.060675206 -0.681270859 -0.029434248 0.728918487 0.000000000 0.000000000 0.000000000
478.200000000 1.414395334 -0.128960898 -9.301691200 0.060675206 -0.681270859 -0.029434248 0.728918487 0.000000000 0.000000000 0.000000000
478.300000000 1.414395334 -0.128960898 -9.301691200 0.060675206 -0.681270859 -0.029434248 0.728918487 0.000000000 0.000000000 0.000000000
478.400000000 1.414395334 -0.128960898 -9.301691200 0.060675206 -0.681270859 -0.029434248 0.728918487 0.000000000 0.000000000 0.000000000
