445.100000000 0.000000000 0.000000000 0.000000000 0.000000000 0.000000000 0.000000000 1.000000000 0.000000000 0.000000000 0.000000000
445.200000000 0.000000000 0.000000000 0.000000000 0.000000000 0.000000000 0.000000000 1.000000000 0.000000000 0.000000000 0.000000000
445.300000000 0.000000000 0.000000000 0.000000000 0.000000000 0.000000000 0.000000000 1.000000000 0.000000000 0.000000000 0.000000000
445.400000000 0.000000000 0.000000000 0.000000000 0.000000000 0.000000000 0.000000000 1.000000000 0.000000000 0.000000000 0.000000000
445.500000000 0.000000000 0.000000000 0.000000000 0.000000000 0.000000000 0.000000000 1.000000000 0.000000000 0.000000000 0.000000000
445.600000000 0.000000000 0.000000000 0.000000000 0.000000000 0.000000000 0.000000000 1.000000000 0.000000000 0.000000000 0.000000000
445.700000000 0.000000000 0.000000000 0.000000000 0.000000000 0.000000000 0.000000000 1.000000000 0.000000000 0.000000000 0.000000000
445.800000000 0.000000000 0.000000000 0.000000000 0.000000000 0.000000000 0.000000000 1.000000000 0.000000000 0.000000000 0.000000000
445.900000000 0.000000000 0.000000000 0.000000000 0.000000000 0.000000000 0.000000000 1.000000000 0.000000000 0.000000000 0.000000000
446.000000000 0.000000000 0.000000000 0.000000000 0.000000000 0.000000000 0.000000000 1.000000000 0.000000000 0.000000000 0.000000000
446.100000000 0.000000000 0.000000000 0.000000000 0.000000000 0.000000000 0.000000000 1.000000000 0.000000000 0.000000000 0.000000000
446.200000000 0.000000000 0.000000000 0.000000000 0.000000000 0.000000000 0.000000000 1.000000000 0.000000000 0.000000000 0.000000000
446.300000000 0.000000000 0.000000000 0.000000000 0.000000000 0.000000000 0.000000000 1.000000000 0.000000000 0.000000000 0.000000000
446.400000000 0.000000000 0.000000000 0.000000000 0.000000000 0.000000000 0.000000000 1.000000000 0.000000000 0.000000000 0.000000000
446.500000000 0.000000000 0.000000000 0.000000000 0.000000000 0.000000000 0.000000000 1.000000000 0.000000000 0.000000000 0.000000000
446.600000000 0.000000000 0.000000000 0.000000000 0.000000000 0.000000000 0.000000000 1.000000000 0.000000000 0.000000000 0.000000000
446.700000000 0.000000000 0.000000000 0.000000000 0.000000000 0.000000000 0.000000000 1.000000000 0.000000000 0.000000000 0.000000000
446.800000000 0.000000000 0.000000000 0.000000000 0.000000000 0.000000000 0.000000000 1.000000000 0.000000000 0.000000000 0.000000000
446.900000000 0.000000000 0.000000000 0.000000000 0.000000000 0.000000000 0.000000000 1.000000000 0.000000000 0.000000000 0.000000000
447.000000000 0.000000000 0.000000000 0.000000000 0.000000000 0.000000000 0.000000000 1.000000000 0.000000000 0.000000000 0.000000000
447.100000000 0.000000000 0.000000000 0.000000000 0.000000000 0.000000000 0.000000000 1.000000000 0.007484868 -0.002819650 0.019721912
447.200000000 0.000000000 0.000000000 0.000000000 0.000000000 0.000000000 0.000000000 1.000000000 -0.019667330 -0.015904032 0.112600246
447.300000000 0.000000000 0.000000000 0.000000000 0.000000000 0.000000000 0.000000000 1.000000000 -0.007759179 -0.046125899 0.235246017
447.400000000 -0.029092888 -0.008858728 0.042063137 -0.000403338 -0.000199435 0.003404222 0.999994104 0.007581896 -0.085391847 0.281195126
447.500000000 0.002057890 -0.017642179 0.093929896 -0.000877827 0.000200109 0.011854323 0.999929330 0.055462491 -0.136158445 0.230127507
447.600000000 0.002473751 -0.033458317 0.103708054 -0.007376537 0.001326090 0.036486410 0.999306044 0.165107647 -0.210679667 0.198393172
447.700000000 0.023153207 -0.054540006 0.092753270 -0.031822632 -0.001577178 0.071504320 0.996931274 0.201741915 -0.308177200 0.189294442
447.800000000 0.068165803 -0.087825277 0.147168581 -0.022985889 -0.000796133 0.052816354 0.998339345 0.265118070 -0.373066989 0.248047035
447.900000000 0.093576249 -0.123988379 0.170437617 0.009802895 0.002130766 0.012131258 0.999876090 0.291458857 -0.374952196 0.298372638
448.000000000 0.124359520 -0.163373738 0.193556655 0.037957656 0.003850036 -0.015129504 0.999157391 0.271332651 -0.353336568 0.278758943
448.100000000 0.149911465 -0.204596615 0.223982310 0.050193002 0.003219692 -0.024533197 0.998432981 0.160191854 -0.286628737 0.174108827
448.200000000 0.167717671 -0.239825899 0.249734701 0.054241369 0.002109325 -0.026555392 0.998172448 -0.024914545 -0.212678833 -0.036755030
448.300000000 0.128345531 -0.238987624 0.204078950 0.053100985 0.000566472 -0.028325157 0.998187182 -0.183831576 -0.191793098 -0.126928055
448.400000000 0.104953444 -0.246277306 0.156283323 0.046050532 -0.001891058 -0.025147537 0.998620736 -0.223988417 -0.207447436 -0.125717457
448.500000000 0.082496076 -0.283849145 0.193257209 0.042858979 -0.003711540 -0.018162867 0.998909126 -0.144787408 -0.262511229 -0.013749000
448.600000000 0.083760743 -0.310686149 0.192871666 0.044057055 -0.003709059 -0.013056873 0.998936803 -0.072820330 -0.295056420 0.072347940
448.700000000 0.083776774 -0.340983773 0.188458906 0.042055401 -0.003902253 -0.007596019 0.999078784 -0.056826606 -0.293778063 0.035357273
448.800000000 0.074772699 -0.367639752 0.183288495 0.038188785 -0.004388952 -0.001712064 0.999259437 -0.094940373 -0.308899426 0.042207146
448.900000000 0.059617289 -0.400788432 0.195946756 0.037417191 -0.003782214 0.002092379 0.999290384 -0.118264051 -0.329006925 0.027856693
449.000000000 0.047318626 -0.435016739 0.196878538 0.039205170 -0.002237480 0.001279470 0.999227858 -0.134274968 -0.356476026 0.025012071
449.100000000 0.032846019 -0.469481100 0.184585635 0.037951652 -0.001725364 0.001682599 0.999276670 -0.116498225 -0.373572375 -0.022317212
449.200000000 0.017875248 -0.511713420 0.192429223 0.035171807 -0.001853254 0.004575233 0.999369089 -0.068839759 -0.381878468 -0.120828188
449.300000000 0.014165234 -0.548871843 0.175704960 0.034634101 -0.001383654 0.005402222 0.999384501 -0.036024149 -0.386547463 -0.188941492
449.400000000 0.023187441 -0.582787186 0.132233356 0.033167728 -0.001551829 0.005866247 0.999431379 -0.035852084 -0.387472818 -0.217454036
449.500000000 0.015571660 -0.621328828 0.109034064 0.031065443 -0.002379463 0.009252526 0.999471694 -0.067485153 -0.394926516 -0.184922223
449.600000000 0.003281919 -0.660774356 0.098835934 0.031945404 -0.002143376 0.010717009 0.999429859 -0.100348162 -0.413986169 -0.122105299
449.700000000 -0.002972646 -0.699605616 0.080742915 0.032420533 -0.001690696 0.008885433 0.999433389 -0.097866713 -0.429602220 -0.102102952
449.800000000 -0.012550802 -0.746529706 0.070211721 0.029915153 -0.002404656 0.009652681 0.999502940 -0.056240366 -0.442368377 -0.146193492
449.900000000 -0.019948748 -0.793576042 0.060207139 0.029794196 -0.002505964 0.011415790 0.999487722 0.003398367 -0.453533172 -0.219458820
450.000000000 -0.011592109 -0.833152990 0.026888678 0.030567975 -0.001866458 0.009021237 0.999490236 0.035250763 -0.437047628 -0.233593246
450.100000000 0.003919919 -0.877697359 -0.020005626 0.029755783 -0.001832499 0.006922359 0.999531548 0.008092665 -0.410541106 -0.150406436
450.200000000 -0.002992019 -0.914629082 -0.020848017 0.031087658 -0.001850747 0.007248158 0.999488667 -0.047192969 -0.404845722 -0.031843039
450.300000000 -0.017757920 -0.949105009 -0.003393203 0.033069595 -0.001597805 0.005781471 0.999435052 -0.052858004 -0.436215823 0.017039227
450.400000000 -0.021861255 -0.998654114 -0.011462901 0.030637901 -0.001693809 0.003624179 0.999522544 0.004487128 -0.499420757 -0.079544119
450.500000000 -0.011168974 -1.054475487 -0.028315785 0.027751225 -0.002565895 0.007019771 0.999586919 0.064744491 -0.536305569 -0.195979208
450.600000000 -0.002301653 -1.108872822 -0.061954520 0.029963910 -0.002318810 0.006463073 0.999527396 0.077017543 -0.510233651 -0.200706933
450.700000000 0.008674596 -1.156866551 -0.089997041 0.031532167 -0.001765855 0.004317698 0.999491852 0.037792162 -0.453754691 -0.094441861
450.800000000 0.010519873 -1.195766889 -0.094690075 0.032543866 -0.001555111 0.004680470 0.999458139 -0.001892497 -0.426762306 0.028435142
450.900000000 0.003746609 -1.233098001 -0.075246799 0.033290712 -0.000939491 0.002883958 0.999441108 -0.005210877 -0.432970602 0.068661916
451.000000000 0.000394006 -1.283720172 -0.068427697 0.033635882 -0.000224865 0.000146684 0.999434118 0.007837353 -0.431453604 0.052869087
451.100000000 0.010376607 -1.328903575 -0.081990356 0.033001562 -0.000149776 -0.001137153 0.999454642 0.018830025 -0.379213662 0.013815060
451.200000000 0.009875783 -1.364447642 -0.077652983 0.011539049 0.000959965 -0.002655594 0.999929436 0.016761446 -0.286238880 0.003713282
451.300000000 0.007177604 -1.381710306 -0.075162567 0.003565245 0.001447394 -0.002813650 0.999988639 -0.003070909 -0.205318980 0.050157030
451.400000000 0.010029702 -1.401438573 -0.072262687 0.014488778 0.002791108 -0.004533103 0.999880861 -0.009385786 -0.150949436 0.099845119
451.500000000 0.008426749 -1.414670342 -0.059154221 0.027683526 0.004117532 -0.006101015 0.999589639 -0.019521456 -0.111742157 0.156640597
451.600000000 0.005368079 -1.425174465 -0.040764063 0.035506571 0.004429574 -0.004407003 0.999349909 -0.018902491 -0.070610626 0.201833046
451.700000000 0.000183573 -1.430907769 -0.014730108 0.038727513 0.003840158 -0.000418941 0.999242342 0.008963276 -0.037426541 0.182932016
451.800000000 0.008910918 -1.435516978 0.000593110 0.041203484 0.003461386 0.001045517 0.999144233 0.023079846 -0.043955926 0.152350695
451.900000000 0.013295691 -1.435842506 0.008666555 0.041468266 0.003456689 0.000990952 0.999133351 0.017272688 -0.057087431 0.292186351
452.000000000 0.015460868 -1.451347165 0.018473178 0.040761103 0.002710707 0.002333618 0.999162519 -0.001938532 -0.059538034 0.336564299
452.100000000 0.007649454 -1.463845622 0.117428242 0.040243607 0.002220305 0.004121508 0.999178931 -0.014580005 -0.042811014 0.311367761
452.200000000 0.007649454 -1.463845622 0.117428242 0.040243607 0.002220305 0.004121508 0.999178931 -0.004454424 -0.009065425 0.181975692
452.300000000 0.007649454 -1.463845622 0.117428242 0.040243607 0.002220305 0.004121508 0.999178931 0.000000000 0.000000000 -0.000000000
452.400000000 0.007649454 -1.463845622 0.117428242 0.040243607 0.002220305 0.004121508 0.999178931 0.000000000 0.000000000 -0.000000000
452.500000000 0.007649454 -1.463845622 0.117428242 0.040243607 0.002220305 0.004121508 0.999178931 0.000000000 0.000000000 -0.000000000
452.600000000 0.007649454 -1.463845622 0.117428242 0.040243607 0.002220305 0.004121508 0.999178931 0.055927951 0.003073155 0.019811591
452.700000000 0.007649454 -1.463845622 0.117428242 0.040243607 0.002220305 0.004121508 0.999178931 0.153022015 -0.011702091 0.003860571
452.800000000 0.007649454 -1.463845622 0.117428242 0.040243607 0.002220305 0.004121508 0.999178931 0.184983846 -0.022705114 -0.016759437
452.900000000 0.067810876 -1.470885231 0.109127110 0.039916154 0.002091674 0.004367879 0.999191297 0.156396475 -0.025544009 -0.029962801
453.000000000 0.067810876 -1.470885231 0.109127110 0.039916154 0.002091674 0.004367879 0.999191297 0.067184570 -0.020037150 -0.035603697
453.100000000 0.067810876 -1.470885231 0.109127110 0.039916154 0.002091674 0.004367879 0.999191297 -0.001861821 -0.001874762 -0.005107824
453.200000000 0.067810876 -1.470885231 0.109127110 0.039916154 0.002091674 0.004367879 0.999191297 0.000000000 -0.000000000 0.000000000
453.300000000 0.067810876 -1.470885231 0.109127110 0.039916154 0.002091674 0.004367879 0.999191297 0.000000000 -0.000000000 0.000000000
453.400000000 0.067810876 -1.470885231 0.109127110 0.039916154 0.002091674 0.004367879 0.999191297 0.033530394 -0.027791968 -0.059371241
453.500000000 0.067810876 -1.470885231 0.109127110 0.039916154 0.002091674 0.004367879 0.999191297 0.016726699 -0.091557427 -0.241135890
453.600000000 0.073774322 -1.473618247 0.101340945 0.039868290 0.002089492 0.004367049 0.999193216 0.005833676 -0.116727668 -0.334414268
453.700000000 0.054379683 -1.503461963 -0.016728168 0.038203152 0.002006410 0.005500268 0.999252841 -0.007342737 -0.102033314 -0.313853526
453.800000000 0.069642037 -1.500194343 -0.006684295 0.038135871 0.002020650 0.005616552 0.999254736 0.015730953 -0.046936568 -0.206014757
453.900000000 0.069642037 -1.500194343 -0.006684295 0.038135871 0.002020650 0.005616552 0.999254736 0.027534125 -0.019149346 0.008802805
454.000000000 0.092016667 -1.496859985 -0.022625989 0.038335218 0.002156015 0.005239762 0.999248872 0.006001591 -0.044064485 0.137109673
454.100000000 0.092016667 -1.496859985 -0.022625989 0.038335218 0.002156015 0.005239762 0.999248872 -0.022428796 -0.060467187 0.138366915
454.200000000 0.088037772 -1.515902854 0.045846627 0.040288372 0.002334709 0.004587564 0.999174835 -0.073360703 -0.066628286 0.080967988
454.300000000 0.055624601 -1.527564079 0.009775337 0.040043092 0.002298222 0.004836929 0.999183603 -0.050799839 -0.042351493 -0.037571644
454.400000000 0.055624601 -1.527564079 0.009775337 0.040043092 0.002298222 0.004836929 0.999183603 -0.049664508 -0.024759417 -0.094223944
454.500000000 0.055624601 -1.527564079 0.009775337 0.040043092 0.002298222 0.004836929 0.999183603 -0.025663017 -0.011258773 -0.027889917
454.600000000 0.055624601 -1.527564079 0.009775337 0.040043092 0.002298222 0.004836929 0.999183603 0.024664929 0.002159842 0.020480468
454.700000000 0.055624601 -1.527564079 0.009775337 0.040043092 0.002298222 0.004836929 0.999183603 0.018821273 -0.001421675 0.047175075
454.800000000 0.059906248 -1.527138888 0.013262544 0.040012650 0.002284425 0.004893442 0.999184579 -0.003564825 -0.004166638 0.053643514
454.900000000 0.052030233 -1.530499156 0.026873406 0.038611985 0.001847520 0.008193648 0.999218978 -0.022232082 -0.005341826 0.042686923
455.000000000 0.052030233 -1.530499156 0.026873406 0.038611985 0.001847520 0.008193648 0.999218978 -0.037184292 -0.004831380 0.014368746
455.100000000 0.052030233 -1.530499156 0.026873406 0.038611985 0.001847520 0.008193648 0.999218978 -0.014785419 -0.000774972 -0.004570840
455.200000000 0.052030233 -1.530499156 0.026873406 0.038611985 0.001847520 0.008193648 0.999218978 -0.000000000 0.000000000 -0.000000000
455.300000000 0.052030233 -1.530499156 0.026873406 0.038611985 0.001847520 0.008193648 0.999218978 -0.000000000 0.000000000 -0.000000000
455.400000000 0.052030233 -1.530499156 0.026873406 0.038611985 0.001847520 0.008193648 0.999218978 -0.000000000 0.000000000 -0.000000000
455.500000000 0.052030233 -1.530499156 0.026873406 0.038611985 0.001847520 0.008193648 0.999218978 -0.000000000 0.000000000 -0.000000000
455.600000000 0.052030233 -1.530499156 0.026873406 0.038611985 0.001847520 0.008193648 0.999218978 -0.000000000 0.000000000 -0.000000000
455.700000000 0.052030233 -1.530499156 0.026873406 0.038611985 0.001847520 0.008193648 0.999218978 -0.000000000 0.000000000 -0.000000000
455.800000000 0.052030233 -1.530499156 0.026873406 0.038611985 0.001847520 0.008193648 0.999218978 -0.000000000 0.000000000 -0.000000000
455.900000000 0.052030233 -1.530499156 0.026873406 0.038611985 0.001847520 0.008193648 0.999218978 -0.000000000 0.000000000 -0.000000000
456.000000000 0.052030233 -1.530499156 0.026873406 0.038611985 0.001847520 0.008193648 0.999218978 -0.000000000 0.000000000 -0.000000000
456.100000000 0.052030233 -1.530499156 0.026873406 0.038611985 0.001847520 0.008193648 0.999218978 -0.000000000 0.000000000 -0.000000000
456.200000000 0.052030233 -1.530499156 0.026873406 0.038611985 0.001847520 0.008193648 0.999218978 -0.068112414 -0.032962744 -0.045098291
456.300000000 0.052030233 -1.530499156 0.026873406 0.038611985 0.001847520 0.008193648 0.999218978 -0.223042252 -0.066106258 -0.037916958
456.400000000 0.032776720 -1.545058070 0.000031618 0.037131539 0.001441074 0.009364349 0.999265471 -0.284109737 -0.073638351 -0.022895122
456.500000000 -0.041541269 -1.556166344 0.018514774 0.036675041 0.001139122 0.010529812 0.999271118 -0.250491037 -0.056589125 -0.000947901
456.600000000 -0.041541269 -1.556166344 0.018514774 0.036675041 0.001139122 0.010529812 0.999271118 -0.119204840 -0.014132145 0.011574321
456.700000000 -0.041541269 -1.556166344 0.018514774 0.036675041 0.001139122 0.010529812 0.999271118 -0.004055205 -0.011803855 -0.028255235
456.800000000 -0.045042630 -1.554609137 -0.003073586 0.037436898 0.001115994 0.010536899 0.999242817 -0.030535857 -0.092069615 -0.026242519
456.900000000 -0.041052865 -1.552089279 0.008734519 0.037721839 0.001139634 0.010346251 0.999234066 -0.041929760 -0.136741408 -0.016369834
457.000000000 -0.054562612 -1.598518324 0.007168326 0.037640386 0.001050012 0.010411856 0.999236555 -0.032720386 -0.143426172 -0.015629113
457.100000000 -0.053077809 -1.600520393 0.005656924 0.035652902 0.000523734 0.011961693 0.999292507 -0.017023924 -0.091870705 -0.047437662
457.200000000 -0.051579760 -1.607417401 0.001550543 0.062401237 0.001908409 0.010279821 0.997996377 -0.021072362 -0.013509995 -0.092312122
457.300000000 -0.053592248 -1.601126218 -0.013597404 0.091987516 0.009672712 -0.024733695 0.995405937 -0.104960798 0.006332555 -0.130117039
457.400000000 -0.064916190 -1.598026613 -0.031180650 0.087385674 0.023058665 -0.092727086 0.991581429 -0.276629357 0.008058300 -0.178676960
457.500000000 -0.098818126 -1.588725639 -0.039909703 0.067890369 0.036539288 -0.178268136 0.980956803 -0.551405772 -0.069050515 -0.244910619
457.600000000 -0.163597742 -1.570441619 -0.065033365 0.053172632 0.047272306 -0.265681492 0.961431924 -0.938869252 -0.282702945 -0.325272164
457.700000000 -0.281721760 -1.535774070 -0.093979502 0.047577830 0.056260414 -0.351369257 0.933333146 -1.391302508 -0.706424334 -0.403615140
457.800000000 -0.456076211 -1.487261671 -0.114590798 0.048302545 0.063165293 -0.421522905 0.903324665 -1.870086377 -1.338001023 -0.474808155
457.900000000 -0.718390211 -1.415023310 -0.136779998 0.046029656 0.069674152 -0.471535457 0.877884444 -2.364783341 -2.137734846 -0.554974810
458.000000000 -1.077563867 -1.318128131 -0.156245535 0.042238058 0.076555005 -0.510102495 0.855658064 -2.815253328 -3.099603918 -0.667850987
458.100000000 -1.528604452 -1.198134872 -0.166888958 0.040644498 0.078809676 -0.515761928 0.852130679 -3.415045909 -4.003642681 -0.795838483
458.200000000 -2.100160316 -1.064473092 -0.177306263 0.047347942 0.077644101 -0.496056240 0.863514778 -4.216881727 -4.770848938 -0.834117662
458.300000000 -2.805448887 -0.918372007 -0.192661217 0.051548958 0.074901403 -0.452315300 0.887210998 -5.257643547 -5.205719380 -0.898368793
458.400000000 -3.581292312 -0.798193719 -0.185875459 0.058619609 0.067510619 -0.386457506 0.917963318 -6.472444983 -5.178171484 -0.869885671
458.500000000 -4.456395935 -0.690741607 -0.197404084 0.062985617 0.058650505 -0.307440275 0.947667351 -7.648058029 -4.674666115 -0.794612628
458.600000000 -5.420259591 -0.634358553 -0.201254541 0.062673037 0.049546644 -0.220624233 0.972081359 -8.560196488 -3.709500896 -0.721399024
458.700000000 -6.370383749 -0.620411552 -0.187400074 0.052911655 0.043773302 -0.150905649 0.986160098 -8.991774892 -2.815337651 -0.693682386
458.800000000 -7.301118470 -0.633691721 -0.190997753 0.041170073 0.038037853 -0.095509851 0.993849091 -9.128605412 -2.032566956 -0.631002689
458.900000000 -8.254736325 -0.673059232 -0.207785291 0.035421837 0.028189367 -0.041897118 0.998095829 -9.075464771 -1.184992955 -0.497738658
459.000000000 -9.157872984 -0.725268414 -0.195319245 0.034734771 0.015917783 0.014134533 0.999169823 -8.914733887 -0.268310898 -0.202944072
459.100000000 -10.023566055 -0.773247079 -0.214739549 0.034343951 0.004323460 0.084075458 0.995857981 -8.542239146 0.873617646 0.095391802
459.200000000 -10.888564653 -0.842206416 -0.164898283 0.037220951 -0.007136369 0.161081821 0.986213121 -7.855177118 2.058959712 0.317829276
459.300000000 -11.666112488 -0.905137563 -0.125867239 0.045940999 -0.016909389 0.233888384 0.971030237 -6.914333441 3.035881019 0.486038519
459.400000000 -12.385818885 -0.945574704 -0.110656140 0.051138095 -0.027762658 0.313083891 0.947941247 -5.630366632 3.917501061 0.380546920
459.500000000 -13.052771264 -0.967431623 -0.062092225 0.047784889 -0.038550144 0.389299690 0.919062697 -4.159049477 4.457881702 0.244083303
459.600000000 -13.612344041 -0.931670997 -0.089394084 0.042220761 -0.051398255 0.454734415 0.888139763 -2.685484096 4.515740639 0.179614157
459.700000000 -14.101437175 -0.863523474 -0.121818642 0.048198273 -0.049299819 0.485439518 0.871547433 -1.582133876 4.019177252 -0.018200822
459.800000000 -14.484738538 -0.768859959 -0.105736753 0.056086532 -0.040053342 0.485083390 0.871747748 -0.815869059 3.195634654 -0.069734750
459.900000000 -14.730260677 -0.656958692 -0.104078418 0.057972225 -0.031180282 0.461307126 0.884795313 -0.223336126 2.259102142 -0.090831290
460.000000000 -14.866664778 -0.535284055 -0.099444219 0.057233682 -0.020696632 0.403789774 0.912825160 0.209817078 1.377455166 -0.131315753
460.100000000 -14.895276117 -0.421055819 -0.097108613 0.048772258 -0.007531296 0.292403112 0.955020925 0.521835128 0.687503113 -0.122170995
460.200000000 -14.832071081 -0.339991004 -0.102512243 0.050828618 0.009295737 0.158214567 0.986051820 0.830092394 0.245449569 -0.162430002
460.300000000 -14.722332131 -0.319279965 -0.119532437 0.048994853 0.023547388 0.037040779 0.997834157 1.062729987 0.020951979 -0.171464959
460.400000000 -14.593023874 -0.334310582 -0.152000330 0.035783557 0.028867933 -0.024374630 0.998645111 1.173121029 -0.179234250 -0.175190317
460.500000000 -14.485430640 -0.367837396 -0.175500871 0.021358609 0.026592642 -0.025787754 0.999085398 1.148971968 -0.393420944 -0.175267637
460.600000000 -14.374380740 -0.425555566 -0.201736674 0.016383756 0.023558480 -0.015812948 0.999463116 1.066684006 -0.557334448 -0.152608875
460.700000000 -14.273152551 -0.496406892 -0.218589328 0.021946138 0.022249164 -0.012536982 0.999432922 0.997587741 -0.651635410 -0.144531070
460.800000000 -14.181290114 -0.563506470 -0.242054012 0.031888100 0.022449809 -0.018359127 0.999070617 0.935002801 -0.684656122 -0.133940947
460.900000000 -14.094022027 -0.634421550 -0.265997954 0.041314821 0.022446057 -0.024814169 0.998585759 0.870154324 -0.705467994 -0.114244055
461.000000000 -14.012199944 -0.711499546 -0.288532339 0.045541034 0.022172877 -0.032238773 0.998195892 0.807542648 -0.692276513 -0.111738070
461.100000000 -13.945190365 -0.787957615 -0.302266469 0.043423205 0.021076980 -0.033346735 0.998277607 0.736376713 -0.663265724 -0.129270381
461.200000000 -13.877340387 -0.850988634 -0.330081174 0.040846220 0.020055488 -0.032477710 0.998436058 0.652888716 -0.608564062 -0.109046292
461.300000000 -13.824233732 -0.914986037 -0.344586167 0.039484700 0.019463105 -0.030918171 0.998552058 0.554247527 -0.546356343 -0.041074593
461.400000000 -13.774029824 -0.967460449 -0.352236886 0.038422781 0.018915640 -0.027866288 0.998693826 0.437848553 -0.541667231 0.051456690
461.500000000 -13.737897030 -1.015888083 -0.344373312 0.039031709 0.018637965 -0.025986089 0.998726126 0.354931915 -0.547867529 0.148567391
461.600000000 -13.715688345 -1.085382557 -0.336343881 0.040861344 0.018709533 -0.024067970 0.998699673 0.243194508 -0.786393150 0.073886175
461.700000000 -13.689450386 -1.140933350 -0.329423897 0.040660724 0.020673657 -0.022678235 0.998701659 0.134354944 -0.885437327 -0.017987563
461.800000000 -13.700401352 -1.320801182 -0.389831300 0.040203687 0.022440499 -0.022133901 0.998694236 0.006799559 -0.733620999 0.056204993
461.900000000 -13.683673917 -1.345737735 -0.414421807 0.040102798 0.023544192 -0.020873816 0.998700015 -0.101757809 -0.412800003 -0.100555352
462.000000000 -13.714577990 -1.340581815 -0.315210308 0.039570617 0.023831215 -0.019247237 0.998747107 -0.155454330 -0.033444627 -0.191023699
462.100000000 -13.739873744 -1.319250162 -0.433702687 0.039497473 0.023874601 -0.018220891 0.998768217 -0.142298420 -0.018158393 -0.308706638
462.200000000 -13.767892098 -1.328390745 -0.450965320 0.039487521 0.023150976 -0.013088491 0.998866087 -0.063823141 -0.113553728 -0.334596209
462.300000000 -13.757809321 -1.353057360 -0.464654181 0.039495644 0.018038299 0.017680810 0.998900447 0.054494655 -0.194069241 -0.078421506
462.400000000 -13.750383772 -1.374982580 -0.463506390 0.039710036 0.009782655 0.082929524 0.995715877 0.228930025 -0.215977885 -0.006504447
462.500000000 -13.714879906 -1.391266131 -0.461586461 0.041549648 -0.000604387 0.175480631 0.983605515 0.459233471 -0.279136130 0.021572805
462.600000000 -13.657952383 -1.396529257 -0.455362794 0.037697758 -0.011897267 0.268841710 0.962372833 0.817054474 -0.472681868 -0.001391432
462.700000000 -13.543973174 -1.394769542 -0.456608886 0.031708223 -0.022865201 0.356325562 0.933543713 1.251713677 -0.869200348 -0.071493315
462.800000000 -13.362125718 -1.365599581 -0.457614633 0.030576757 -0.031247158 0.426667267 0.903351383 1.730822813 -1.473347917 -0.180981916
462.900000000 -13.110293202 -1.316852072 -0.484843978 0.033041636 -0.037448931 0.476662390 0.877666676 2.211151745 -2.225074348 -0.306457182
463.000000000 -12.753372242 -1.232417660 -0.499021477 0.036572799 -0.041352504 0.507157384 0.860083594 2.689311273 -3.097761626 -0.429087051
463.100000000 -12.301312663 -1.125745744 -0.506857268 0.045929907 -0.042507594 0.510889146 0.857365633 3.276725458 -3.941252972 -0.472316647
463.200000000 -11.751779975 -1.011925131 -0.548882337 0.057702116 -0.038612808 0.492728331 0.867408963 3.995831750 -4.661864453 -0.379314358
463.300000000 -11.091415970 -0.897256329 -0.555357408 0.063053724 -0.031306783 0.452312266 0.889076896 4.950181754 -5.160762011 -0.295456124
463.400000000 -10.322963648 -0.800673311 -0.552551205 0.063459727 -0.018803566 0.377526784 0.923630238 6.272980523 -5.087790936 -0.219630398
463.500000000 -9.470065986 -0.731444038 -0.593749675 0.059007618 -0.006403845 0.292350855 0.954467427 7.571611510 -4.570989709 -0.243499455
463.600000000 -8.544154348 -0.696280999 -0.638848098 0.046205329 0.001700841 0.214256161 0.975682567 8.555822452 -3.864783250 -0.287135087
463.700000000 -7.548478844 -0.704903585 -0.720684770 0.033772618 0.006822286 0.150990281 0.987934614 9.101074912 -3.177762302 -0.245960900
463.800000000 -6.592141711 -0.762098467 -0.743879413 0.026598596 0.009408405 0.105116022 0.994059665 9.331100806 -2.669266799 -0.188222477
463.900000000 -5.637020402 -0.845112816 -0.786905167 0.026288957 0.013648559 0.059568900 0.997784623 9.409334130 -2.039876365 -0.151480637
464.000000000 -4.638728976 -0.955080791 -0.818388287 0.027458767 0.022444662 -0.000908694 0.999370516 9.357104426 -1.019555347 -0.067197884
464.100000000 -3.746930373 -1.058453169 -0.909970931 0.029656640 0.033508419 -0.069738690 0.996561180 9.041269696 0.179820177 0.102889438
464.200000000 -2.868871556 -1.167424383 -0.950554834 0.030202480 0.045526559 -0.149653311 0.987227952 8.382840402 1.515990699 0.293785741
464.300000000 -2.026548878 -1.274566514 -0.991768699 0.033733696 0.056682855 -0.232239992 0.970419331 7.358385943 2.722783033 0.457586862
464.400000000 -1.289877047 -1.359512926 -1.023551602 0.035736869 0.067668876 -0.309404227 0.947846414 6.065855319 3.584976564 0.588243360
464.500000000 -0.635264512 -1.417378386 -1.055266017 0.042158715 0.077739687 -0.383028551 0.919493509 4.623246073 4.130091271 0.663139897
464.600000000 -0.046139747 -1.447991867 -1.044620783 0.051516204 0.079804513 -0.436371494 0.894738643 3.291089505 4.189684665 0.554063736
464.700000000 0.447866011 -1.433704708 -1.032861638 0.045530715 0.086391410 -0.493045922 0.864505175 1.941547663 3.958975571 0.461776273
464.800000000 0.856209757 -1.379167922 -1.024117950 0.038402179 0.081610739 -0.527592990 0.844695565 0.876540048 3.247217861 0.214673651
464.900000000 1.144570773 -1.295773394 -1.033266773 0.028502737 0.069662471 -0.519032004 0.851434386 0.212826853 2.204171092 0.036810349
465.000000000 1.256738883 -1.203407640 -1.051123986 0.024107400 0.055810630 -0.464998532 0.883221587 -0.233952064 1.168742200 -0.035464029
465.100000000 1.266466020 -1.117004844 -1.027285142 0.023938411 0.038928268 -0.357119556 0.932940065 -0.609880124 0.419018660 -0.040695737
465.200000000 1.191278353 -1.038754787 -1.040660389 0.024975253 0.021719670 -0.202809795 0.978658613 -0.933423568 0.080701794 0.027203798
465.300000000 1.074925192 -1.014478143 -1.036124746 0.033909257 0.009038985 -0.066770532 0.997151019 -1.222160529 -0.044277810 0.102548866
465.400000000 0.946987880 -1.031932905 -1.005115224 0.031712268 0.005068793 0.012744143 0.999402935 -1.356559185 -0.136486983 0.155157395
465.500000000 0.776010428 -1.065384768 -0.990794305 0.026858678 0.009054471 0.031761741 0.999093499 -1.358223228 -0.294453108 0.185356182
465.600000000 0.657744942 -1.110455401 -0.974868809 0.031369112 0.013264573 0.023092941 0.999153014 -1.246489243 -0.450080221 0.185708416
465.700000000 0.538740863 -1.171546404 -0.945097552 0.035007587 0.013665914 0.012085909 0.999220517 -1.064023717 -0.546267526 0.188525365
465.800000000 0.442642722 -1.236876025 -0.937346882 0.039381994 0.008255899 0.015125204 0.999075636 -0.942856880 -0.573521486 0.208885997
465.900000000 0.360045817 -1.294918138 -0.918858692 0.047712729 0.004826156 0.015667640 0.998726554 -0.832716512 -0.576050182 0.222313263
466.000000000 0.282144220 -1.359341661 -0.896576408 0.058838676 0.002989131 0.013941900 0.998165667 -0.745104679 -0.574216162 0.240414285
466.100000000 0.215271894 -1.420457483 -0.884323628 0.064077266 0.004145530 0.019314752 0.997749397 -0.668688905 -0.571026464 0.210976387
466.200000000 0.151054198 -1.486199717 -0.867219712 0.065734415 0.005660424 0.023475095 0.997544919 -0.591133888 -0.556849480 0.179852288
466.300000000 0.103585266 -1.542483663 -0.864318591 0.064239743 0.007320842 0.026374553 0.997559043 -0.498661675 -0.533210350 0.120799940
466.400000000 0.058974851 -1.599274301 -0.855099933 0.062292188 0.009069005 0.023576975 0.997738224 -0.420073418 -0.483520115 -0.028334630
466.500000000 0.031781321 -1.648633224 -0.861554442 0.061329355 0.010742653 0.018603340 0.997886377 -0.397188653 -0.422137874 -0.164930288
466.600000000 -0.006285901 -1.678281988 -0.905190690 0.059332461 0.011936559 0.012704449 0.998086056 -0.380703957 -0.400440074 -0.329842222
466.700000000 -0.047917413 -1.710165786 -0.924330204 0.057493804 0.012908079 0.005711642 0.998246072 -0.343489955 -0.415974100 -0.524596874
466.800000000 -0.077130013 -1.748347268 -0.985360068 0.056554375 0.014114908 0.000654305 0.998299526 -0.285075410 -0.402231192 -0.465376224
466.900000000 -0.112618287 -1.787063618 -1.094379384 0.055258789 0.014735007 -0.002714496 0.998359643 -0.232116517 -0.349735597 -0.423647813
467.000000000 -0.125941672 -1.812988423 -1.064193274 0.054456910 0.015070285 -0.004936394 0.998390186 -0.104491896 -0.349503064 -0.672516895
467.100000000 -0.160364136 -1.828348374 -1.133464673 0.054178826 0.015207325 -0.006268787 0.998395760 -0.026510685 -0.347834744 -0.789497546
467.200000000 -0.135409965 -1.871832007 -1.358345905 0.052229197 0.015862569 -0.012812128 0.998426932 0.012843051 -0.342124150 -0.859081223
467.300000000 -0.134391255 -1.892134589 -1.386116620 0.051156704 0.020628653 -0.043450923 0.997531688 -0.039453354 -0.273162900 -0.600878702
467.400000000 -0.147930053 -1.906246193 -1.401397183 0.051676631 0.030398828 -0.108844595 0.992249107 -0.255242216 -0.174937928 -0.178331137
467.500000000 -0.180408067 -1.912703288 -1.414249244 0.052384450 0.042671757 -0.196781175 0.978116639 -0.505684826 -0.205951595 -0.139611683
467.600000000 -0.247242219 -1.907143597 -1.423859466 0.052081189 0.054702337 -0.290505275 0.953887776 -0.874280284 -0.398342734 -0.163891475
467.700000000 -0.360390509 -1.881091851 -1.430529562 0.052680603 0.064361578 -0.373448952 0.923914618 -1.310930362 -0.785254884 -0.233926643
467.800000000 -0.533208306 -1.836171126 -1.429064782 0.051724522 0.072580392 -0.442913159 0.892123643 -1.802880922 -1.395287514 -0.295970808
467.900000000 -0.791030337 -1.761899248 -1.428692586 0.048013591 0.079597242 -0.494512003 0.864185659 -2.290580457 -2.204379853 -0.345166704
468.000000000 -1.138012847 -1.657151654 -1.420790972 0.046723561 0.083668876 -0.519843650 0.848869252 -2.827069091 -3.088621846 -0.399199641
468.100000000 -1.590792153 -1.532062596 -1.398789962 0.047888149 0.086829163 -0.529930300 0.842224019 -3.391967736 -4.020249929 -0.497444425
468.200000000 -2.164483719 -1.382309326 -1.367887096 0.054509261 0.085878620 -0.513841380 0.851833692 -4.135517363 -4.797211715 -0.542111753
468.300000000 -2.832538942 -1.227942771 -1.345448278 0.059741372 0.082848978 -0.473214413 0.875005791 -5.125650983 -5.261736268 -0.585953288
468.400000000 -3.615634772 -1.083780373 -1.300008902 0.067451926 0.075415228 -0.409945903 0.906480633 -6.301223396 -5.267627537 -0.564585750
468.500000000 -4.492732535 -0.959280080 -1.265947583 0.076488212 0.065262799 -0.328256638 0.939221965 -7.477070196 -4.699549096 -0.509206472
468.600000000 -5.399027287 -0.879705895 -1.243010905 0.080569755 0.056538772 -0.253578630 0.962294009 -8.313992115 -3.970870555 -0.495270865
468.700000000 -6.333275532 -0.828835982 -1.232605689 0.077595143 0.048999537 -0.187079763 0.978048670 -8.836470760 -3.176142133 -0.459660663
468.800000000 -7.310541485 -0.819802046 -1.198989113 0.066530361 0.039330257 -0.123268871 0.989359200 -9.080587163 -2.262557641 -0.313855703
468.900000000 -8.234238156 -0.828204352 -1.183114791 0.055165079 0.030312824 -0.067427440 0.995736655 -9.068472200 -1.407486924 -0.240482994
469.000000000 -9.134701816 -0.863485757 -1.125275859 0.047009348 0.020895278 -0.005840943 0.998658797 -8.885042087 -0.386421086 -0.142596223
469.100000000 -10.016957445 -0.897486000 -1.148503850 0.042607578 0.010158143 0.068402138 0.996695818 -8.515218016 0.844432030 0.042345454
469.200000000 -10.849550198 -0.929737874 -1.117757933 0.044488657 0.001216915 0.144049678 0.988569152 -7.884262875 2.039461807 0.123275571
469.300000000 -11.647345778 -0.966113602 -1.059443947 0.051880280 -0.009086137 0.219022565 0.974297180 -6.921932002 3.067215321 0.305645132
469.400000000 -12.400052335 -0.981801996 -1.064634125 0.058328704 -0.021030585 0.297847286 0.952597749 -5.639581186 3.923633221 0.307318131
469.500000000 -13.020806953 -0.983029121 -1.007807186 0.053869248 -0.032071656 0.371084480 0.926480341 -4.176328777 4.402663740 0.315842862
469.600000000 -13.600530482 -0.933062699 -1.009455370 0.045681192 -0.050055799 0.439998458 0.895437883 -2.665950421 4.507585301 0.428851250
469.700000000 -14.081276908 -0.855469796 -0.974383670 0.064551922 -0.048893682 0.480893107 0.873031659 -1.465434021 4.107532004 0.139102771
469.800000000 -14.463561176 -0.746451348 -0.948118136 0.074745461 -0.042959294 0.483986270 0.870818526 -0.662044799 3.287758048 -0.014161514
469.900000000 -14.722213978 -0.609665375 -0.946610190 0.078103923 -0.036703198 0.454919929 0.886341080 -0.119732943 2.317888834 -0.141037047
470.000000000 -14.852178067 -0.472360126 -0.931776212 0.075598908 -0.025136873 0.388205400 0.918122819 0.284550499 1.372182282 -0.167890084
470.100000000 -14.852015265 -0.354183674 -0.961618459 0.067716332 -0.005071537 0.273864716 0.959367967 0.611796939 0.656287831 -0.148218794
470.200000000 -14.782488193 -0.280403614 -0.941841949 0.059476080 0.017195572 0.129498492 0.989644911 0.909069943 0.264362107 -0.101541446
470.300000000 -14.658219504 -0.255513924 -0.960967144 0.053591699 0.030580441 0.009927490 0.998045195 1.100601248 0.061827157 -0.011520590
470.400000000 -14.535371286 -0.275432689 -0.967366376 0.047040080 0.033323498 -0.042202338 0.997444604 1.177319407 -0.166058278 0.011535630
470.500000000 -14.429596324 -0.320030486 -0.960353127 0.039685985 0.030935030 -0.045008096 0.997718556 1.152073003 -0.410144501 -0.002664439
470.600000000 -14.315277220 -0.385363520 -0.987828081 0.036946974 0.029942636 -0.036721468 0.998193315 1.090626384 -0.588309660 -0.036373803
470.700000000 -14.216208678 -0.461003424 -1.006025565 0.039144224 0.031271582 -0.040056188 0.997940539 1.036500728 -0.662559786 -0.048317145
470.800000000 -14.122669705 -0.536724618 -1.021397448 0.044594395 0.031801318 -0.049601083 0.997266137 0.964039406 -0.667542449 -0.024410621
470.900000000 -14.038065191 -0.613258513 -1.027888136 0.051749894 0.030624680 -0.059638779 0.996407193 0.901023844 -0.637683888 -0.033609490
471.000000000 -13.962346499 -0.684841028 -1.047152138 0.055260549 0.029034545 -0.063563556 0.996023565 0.825249681 -0.615744719 -0.065533479
471.100000000 -13.890244421 -0.751559520 -1.069431435 0.055477383 0.028426476 -0.066677006 0.995825473 0.741291998 -0.582490023 -0.075563327
471.200000000 -13.831557543 -0.819334792 -1.089395465 0.054631954 0.028310593 -0.066625860 0.995878936 0.613246808 -0.549605571 0.003464212
471.300000000 -13.780686398 -0.877126706 -1.095438907 0.053568267 0.028250951 -0.064354676 0.996087747 0.329297506 -0.776613061 -0.043215826
471.400000000 -13.749075984 -0.932771345 -1.080977642 0.052096358 0.028091070 -0.060417265 0.996416888 0.023215328 -0.929888210 0.086007893
471.500000000 -13.806888655 -1.103775459 -1.202095350 0.050733757 0.027773502 -0.054832841 0.996818980 -0.024668866 -0.892867061 -0.075900203
471.600000000 -13.863742177 -1.176704108 -1.055119532 0.049221508 0.027257783 -0.049434874 0.997191280 0.114664453 -0.807845784 -0.281316942
471.700000000 -13.794610324 -1.193028279 -1.184934367 0.047759114 0.027206234 -0.044605222 0.997491485 0.322332604 -0.591865060 -0.400402473
471.800000000 -13.749534560 -1.286410180 -1.276476159 0.045853266 0.028675080 -0.042949301 0.997612437 0.384037731 -0.534453293 -0.409071608
471.900000000 -13.749021556 -1.337501015 -1.302261814 0.045013052 0.029274738 -0.042173193 0.997666395 0.178995203 -0.412167099 -0.156162570
472.000000000 -13.722993745 -1.367091091 -1.245044926 0.044872119 0.029575393 -0.041739291 0.997682124 0.114492609 -0.209867720 -0.109773111
472.100000000 -13.736563802 -1.349340941 -1.272610407 0.044944137 0.029884881 -0.040385427 0.997725381 0.135282179 -0.079068034 -0.183752876
472.200000000 -13.731832899 -1.380014724 -1.287916896 0.043842485 0.030698605 -0.037116812 0.997876633 0.129516539 -0.043037320 -0.586347771
472.300000000 -13.692035377 -1.366782722 -1.367849665 0.043925655 0.030889571 -0.036272459 0.997898131 0.165881243 -0.035322763 -0.826827557
472.400000000 -13.666294507 -1.357149041 -1.515059335 0.045062407 0.031184454 -0.035151969 0.997878374 0.208097670 -0.014462865 -0.893518648
472.500000000 -13.694480456 -1.346222077 -1.599313437 0.045848962 0.031504702 -0.033573042 0.997886856 0.173897663 -0.056597928 -0.612937585
472.600000000 -13.654544908 -1.365503481 -1.608938673 0.046505875 0.031483992 -0.032395678 0.997896028 0.119820433 -0.076502448 -0.202837245
472.700000000 -13.657380122 -1.375417852 -1.609567744 0.036474555 0.032889848 -0.037673623 0.998082443 0.024027779 -0.085891455 0.042528784
472.800000000 -13.667238023 -1.373802845 -1.622668738 0.024926718 0.033627980 -0.042500482 0.998219178 -0.064852759 -0.080411183 0.133883606
472.900000000 -13.666285047 -1.379955158 -1.616181768 0.027125655 0.032809802 -0.041464604 0.998232639 -0.027315786 -0.063170756 0.107604734
473.000000000 -13.664099499 -1.393855590 -1.571724381 0.037568025 0.031332706 -0.037822873 0.998086337 -0.009938250 -0.059281206 0.142435349
473.100000000 -13.670543280 -1.402335474 -1.559817755 0.046302034 0.030698628 -0.034187496 0.997870197 0.009707016 -0.070848824 0.407182373
473.200000000 -13.666035142 -1.399912511 -1.558497725 0.050634612 0.030435016 -0.032890980 0.997711396 0.033595548 -0.138715552 0.673986354
473.300000000 -13.638724596 -1.429950334 -1.379832647 0.052022511 0.030033426 -0.032332907 0.997670404 0.046725869 -0.163827423 0.744170730
473.400000000 -13.644447254 -1.480355553 -1.331618044 0.052808501 0.029545452 -0.032578637 0.997635685 0.031824318 -0.148640803 0.573717038
473.500000000 -13.644447254 -1.480355553 -1.331618044 0.052808501 0.029545452 -0.032578637 0.997635685 0.000848382 -0.049053242 0.211695350
473.600000000 -13.644893484 -1.482143130 -1.335883103 0.044947861 0.031179128 -0.037500504 0.997798208 -0.011542347 0.055001633 0.036492585
473.700000000 -13.644954947 -1.466647533 -1.307982929 0.036589249 0.033428341 -0.044335164 0.997786634 0.008560948 0.087898488 -0.094033769
473.800000000 -13.645304355 -1.462597578 -1.312577456 0.036325697 0.033596358 -0.044647497 0.997776693 0.044114226 0.086680607 -0.152117067
473.900000000 -13.635117567 -1.445265708 -1.381800312 0.039823568 0.033647295 -0.042733635 0.997725303 0.185142650 0.073235526 0.116511222
474.000000000 -13.632321270 -1.448019918 -1.381414970 0.041680745 0.033391035 -0.041149235 0.997724659 0.420058200 0.103837508 0.135598882
474.100000000 -13.555589594 -1.449981910 -1.232961105 0.042036303 0.033179029 -0.039453453 0.997785311 0.462258143 0.152582662 0.222088358
474.200000000 -13.452964782 -1.427699868 -1.379397412 0.042187386 0.033635275 -0.039114668 0.997776997 0.364718005 0.268458451 0.183526517
474.300000000 -13.502239585 -1.401379241 -1.260165921 0.042532003 0.034283818 -0.039469097 0.997726335 0.138487728 0.405489425 0.042152124
474.400000000 -13.466473418 -1.357629166 -1.260616936 0.041790190 0.034722148 -0.039091441 0.997757391 -0.079016552 0.510661225 0.239645846
474.500000000 -13.463392177 -1.288455852 -1.251480322 0.041261956 0.034853361 -0.039201813 0.997770471 -0.047062438 0.551899759 0.108677412
474.600000000 -13.487869632 -1.236975627 -1.228210141 0.040224114 0.034822645 -0.038880231 0.997826504 0.023952259 0.543172579 -0.092877788
474.700000000 -13.467173951 -1.190519593 -1.239737537 0.039652202 0.035183763 -0.039386617 0.997816867 0.047863839 0.505068190 -0.109935043
474.800000000 -13.436970043 -1.130775421 -1.285261104 0.039749751 0.035299413 -0.040455577 0.997766132 0.055199868 0.496741739 -0.106583302
474.900000000 -13.451744642 -1.090088312 -1.250031409 0.040010541 0.035163051 -0.041447265 0.997719821 -0.062763201 0.511002973 -0.040392044
475.000000000 -13.439027620 -1.040110393 -1.263534234 0.040074105 0.035148690 -0.041448791 0.997717712 -0.119259345 0.514808702 0.062042759
475.100000000 -13.470429547 -0.982418218 -1.226876886 0.039405794 0.035393336 -0.041178027 0.997746894 -0.108782562 0.519619255 0.073977688
475.200000000 -13.465953171 -0.931770604 -1.236763069 0.037069305 0.035732843 -0.040512008 0.997851596 -0.077060007 0.507183891 0.113749743
475.300000000 -13.471676956 -0.885239001 -1.212889375 0.034833437 0.035728325 -0.039643188 0.997967202 0.145798789 0.578134394 -0.141855566
475.400000000 -13.468705355 -0.840424774 -1.189773840 0.034124851 0.035163716 -0.039967656 0.997998795 0.244711202 0.605384261 -0.450286791
475.500000000 -13.382048971 -0.736716368 -1.327501075 0.035013630 0.034644588 -0.041158080 0.997937779 0.327465891 0.591514292 -0.701377652
475.600000000 -13.376408836 -0.700964064 -1.430616496 0.036100501 0.034101822 -0.041407927 0.997907412 0.263539485 0.546759173 -0.641741759
475.700000000 -13.344244189 -0.645252575 -1.470321438 0.037538980 0.033629271 -0.043708018 0.997772272 0.088427334 0.469020246 -0.286933368
475.800000000 -13.355299226 -0.598970640 -1.431324282 0.037790239 0.032848562 -0.043580618 0.997794367 0.072790120 0.511812350 -0.098602841
475.900000000 -13.340310410 -0.546992078 -1.426658526 0.037566097 0.032452716 -0.045669457 0.997722361 0.024405403 0.535778327 -0.021229782
476.000000000 -13.324000732 -0.484153547 -1.439288622 0.037872402 0.031768992 -0.046056243 0.997715007 0.074063084 0.543699940 -0.091845768
476.100000000 -13.327846923 -0.435884229 -1.471844379 0.038894056 0.031540840 -0.047179226 0.997630467 0.232453033 0.568435773 -0.310454832
476.200000000 -13.300591424 -0.380602847 -1.451525430 0.038671770 0.030734161 -0.046585522 0.997692184 0.324987704 0.547727419 -0.395420319
476.300000000 -13.206006759 -0.312850485 -1.584318728 0.040685160 0.030727658 -0.048418231 0.997525039 0.320810838 0.476269219 -0.375653360
476.400000000 -13.207300566 -0.276433910 -1.567299622 0.041853070 0.031198202 -0.051313626 0.997317354 0.030727937 0.309694699 -0.364223555
476.500000000 -13.184459347 -0.251070088 -1.570039870 0.044267201 0.030905169 -0.054454781 0.997055647 -0.209281223 0.129687921 -0.224820072
476.600000000 -13.286060191 -0.244270283 -1.615584138 0.019081356 0.031813564 -0.052196371 0.997947563 -0.217559736 0.030941542 -0.163498415
476.700000000 -13.283760342 -0.245270311 -1.636109554 0.029767617 0.031135712 -0.053633587 0.997631142 -0.128404868 -0.071673824 -0.070702359
476.800000000 -13.275313131 -0.243967578 -1.626510285 0.029639067 0.031365958 -0.053842723 0.997616491 -0.020097674 -0.190223046 0.118998880
476.900000000 -13.283816808 -0.289401972 -1.621977638 0.013949506 0.036572890 -0.052467928 0.997855176 -0.083557345 -0.281499414 0.223402262
477.000000000 -13.314615739 -0.343016562 -1.547860441 0.012155887 0.036646971 -0.051354776 0.997933826 -0.111626121 -0.268599076 0.211180278
477.100000000 -13.314615739 -0.343016562 -1.547860441 0.012155887 0.036646971 -0.051354776 0.997933826 -0.078739744 -0.157436964 0.160104708
477.200000000 -13.314615739 -0.343016562 -1.547860441 0.012155887 0.036646971 -0.051354776 0.997933826 -0.018974229 -0.035223835 0.058489083
477.300000000 -13.314615739 -0.343016562 -1.547860441 0.012155887 0.036646971 -0.051354776 0.997933826 0.000000000 0.000000000 0.000000000
477.400000000 -13.314615739 -0.343016562 -1.547860441 0.012155887 0.036646971 -0.051354776 0.997933826 0.000000000 0.000000000 0.000000000
477.500000000 -13.314615739 -0.343016562 -1.547860441 0.012155887 0.036646971 -0.051354776 0.997933826 0.000000000 0.000000000 0.000000000
477.600000000 -13.314615739 -0.343016562 -1.547860441 0.012155887 0.036646971 -0.051354776 0.997933826 0.000000000 0.000000000 0.000000000
477.700000000 -13.314615739 -0.343016562 -1.547860441 0.012155887 0.036646971 -0.051354776 0.997933826 0.000000000 0.000000000 0.000000000
477.800000000 -13.314615739 -0.343016562 -1.547860441 0.012155887 0.036646971 -0.051354776 0.997933826 0.000000000 0.000000000 0.000000000
477.900000000 -13.314615739 -0.343016562 -1.547860441 0.012155887 0.036646971 -0.051354776 0.997933826 0.000000000 0.000000000 0.000000000
478.000000000 -13.314615739 -0.343016562 -1.547860441 0.012155887 0.036646971 -0.051354776 0.997933826 0.000000000 0.000000000 0.000000000
478.100000000 -13.314615739 -0.343016562 -1.547860441 0.012155887 0.036646971 -0.051354776 0.997933826 0.000000000 0.000000000 0.000000000
478.200000000 -13.314615739 -0.343016562 -1.547860441 0.012155887 0.036646971 -0.051354776 0.997933826 0.000000000 0.000000000 0.000000000
478.300000000 -13.314615739 -0.343016562 -1.547860441 0.012155887 0.036646971 -0.051354776 0.997933826 -0.000000000 -0.000000000 -0.000000000
478.400000000 -13.314615739 -0.343016562 -1.547860441 0.012155887 0.036646971 -0.051354776 0.997933826 -0.000000000 -0.000000000 -0.000000000
