445.100000000 -0.677571507 0.105766633 3.753462658 -0.001504216 -0.690583913 0.007002963 0.723216810 0.000000000 0.000000000 0.000000000
445.200000000 -0.677571507 0.105766633 3.753462658 -0.001504216 -0.690583913 0.007002963 0.723216810 0.000000000 0.000000000 0.000000000
445.300000000 -0.677571507 0.105766633 3.753462658 -0.001504216 -0.690583913 0.007002963 0.723216810 0.000000000 0.000000000 0.000000000
445.400000000 -0.677571507 0.105766633 3.753462658 -0.001504216 -0.690583913 0.007002963 0.723216810 0.000000000 0.000000000 0.000000000
445.500000000 -0.677571507 0.105766633 3.753462658 -0.001504216 -0.690583913 0.007002963 0.723216810 0.000000000 0.000000000 0.000000000
445.600000000 -0.677571507 0.105766633 3.753462658 -0.001504216 -0.690583913 0.007002963 0.723216810 0.000000000 0.000000000 0.000000000
445.700000000 -0.677571507 0.105766633 3.753462658 -0.001504216 -0.690583913 0.007002963 0.723216810 0.000000000 0.000000000 0.000000000
445.800000000 -0.677571507 0.105766633 3.753462658 -0.001504216 -0.690583913 0.007002963 0.723216810 0.000000000 0.000000000 0.000000000
445.900000000 -0.677571507 0.105766633 3.753462658 -0.001504216 -0.690583913 0.007002963 0.723216810 0.000000000 0.000000000 0.000000000
446.000000000 -0.677571507 0.105766633 3.753462658 -0.001504216 -0.690583913 0.007002963 0.723216810 0.000000000 0.000000000 0.000000000
446.100000000 -0.677571507 0.105766633 3.753462658 -0.001504216 -0.690583913 0.007002963 0.723216810 0.000000000 0.000000000 0.000000000
446.200000000 -0.677571507 0.105766633 3.753462658 -0.001504216 -0.690583913 0.007002963 0.723216810 0.000000000 0.000000000 0.000000000
446.300000000 -0.677571507 0.105766633 3.753462658 -0.001504216 -0.690583913 0.007002963 0.723216810 0.000000000 0.000000000 0.000000000
446.400000000 -0.677571507 0.105766633 3.753462658 -0.001504216 -0.690583913 0.007002963 0.723216810 0.000000000 0.000000000 0.000000000
446.500000000 -0.677571507 0.105766633 3.753462658 -0.001504216 -0.690583913 0.007002963 0.723216810 0.000000000 0.000000000 0.000000000
446.600000000 -0.677571507 0.105766633 3.753462658 -0.001504216 -0.690583913 0.007002963 0.723216810 0.000000000 0.000000000 0.000000000
446.700000000 -0.677571507 0.105766633 3.753462658 -0.001504216 -0.690583913 0.007002963 0.723216810 0.000000000 0.000000000 0.000000000
446.800000000 -0.677571507 0.105766633 3.753462658 -0.001504216 -0.690583913 0.007002963 0.723216810 0.000000000 0.000000000 0.000000000
446.900000000 -0.677571507 0.105766633 3.753462658 -0.001504216 -0.690583913 0.007002963 0.723216810 0.000000000 0.000000000 0.000000000
447.000000000 -0.677571507 0.105766633 3.753462658 -0.001504216 -0.690583913 0.007002963 0.723216810 0.000000000 0.000000000 0.000000000
447.100000000 -0.677571507 0.105766633 3.753462658 -0.001504216 -0.690583913 0.007002963 0.723216810 0.007484868 -0.002819650 0.019721912
447.200000000 -0.677571507 0.105766633 3.753462658 -0.001504216 -0.690583913 0.007002963 0.723216810 -0.019667330 -0.015904032 0.112600246
447.300000000 -0.677571507 0.105766633 3.753462658 -0.001504216 -0.690583913 0.007002963 0.723216810 -0.007759179 -0.046125899 0.235246017
447.400000000 -0.720858131 0.096238353 3.726450425 -0.004145412 -0.690721780 0.009186674 0.723050373 0.007581896 -0.085391847 0.281195126
447.500000000 -0.771161639 0.087447238 3.760065215 -0.010326775 -0.690378703 0.014969200 0.723219557 0.055462491 -0.136158445 0.230127507
447.600000000 -0.780782574 0.071564497 3.761119580 -0.032044222 -0.689142402 0.028289576 0.723364097 0.165107647 -0.210679667 0.198393172
447.700000000 -0.768716934 0.050819526 3.781519367 -0.073882951 -0.689720637 0.036720774 0.719359672 0.201741915 -0.308177200 0.189294442
447.800000000 -0.820730034 0.017679209 3.829388208 -0.054594048 -0.690094391 0.029316521 0.721061553 0.265118070 -0.373066989 0.248047035
447.900000000 -0.842511252 -0.018344437 3.856272855 -0.002806984 -0.688870440 0.022542142 0.724528460 0.291458857 -0.374952196 0.298372638
448.000000000 -0.863869061 -0.057523299 3.888555466 0.036369897 -0.686974552 0.022262306 0.725429242 0.271332651 -0.353336568 0.278758943
448.100000000 -0.892751800 -0.098658122 3.915971915 0.051718248 -0.686858623 0.023906806 0.724554290 0.160191854 -0.286628737 0.174108827
448.200000000 -0.917371649 -0.133859486 3.935364595 0.056050758 -0.687456431 0.025239903 0.723619317 -0.024914545 -0.212678833 -0.036755030
448.300000000 -0.873587295 -0.133159650 3.893918772 0.056458967 -0.688593071 0.023174873 0.722575182 -0.183831576 -0.191793098 -0.126928055
448.400000000 -0.826863449 -0.140375828 3.868432302 0.049182105 -0.690714398 0.020610784 0.721158746 -0.223988417 -0.207447436 -0.125717457
448.500000000 -0.864529376 -0.178495122 3.848153198 0.042062735 -0.692242003 0.023462938 0.720056405 -0.144787408 -0.262511229 -0.013749000
448.600000000 -0.863869883 -0.205311044 3.849716586 0.039403027 -0.692243251 0.027983240 0.720044180 -0.072820330 -0.295056420 0.072347940
448.700000000 -0.859217268 -0.235572283 3.849887770 0.034185359 -0.692486825 0.030551597 0.719972193 -0.056826606 -0.293778063 0.035357273
448.800000000 -0.854252886 -0.262296679 3.840970970 0.027328729 -0.692981797 0.032138746 0.719719717 -0.094940373 -0.308899426 0.042207146
448.900000000 -0.867328887 -0.295721851 3.826810141 0.024139116 -0.692564046 0.034356637 0.720133298 -0.118264051 -0.329006925 0.027856693
449.000000000 -0.868550892 -0.330103760 3.814974035 0.025982871 -0.691392390 0.035000716 0.721163229 -0.134274968 -0.356476026 0.025012071
449.100000000 -0.856660990 -0.364649096 3.800358496 0.024794252 -0.691063901 0.034426178 0.721547482 -0.116498225 -0.373572375 -0.022317212
449.200000000 -0.864845942 -0.407118629 3.786267362 0.020786971 -0.691235332 0.034599302 0.721501563 -0.068839759 -0.381878468 -0.120828188
449.300000000 -0.848011797 -0.444193153 3.782229441 0.019823676 -0.690908874 0.034825465 0.721830407 -0.036024149 -0.386547463 -0.188941492
449.400000000 -0.803898893 -0.477668997 3.789635559 0.018443829 -0.691072445 0.034148983 0.721742716 -0.035852084 -0.387472818 -0.217454036
449.500000000 -0.780765688 -0.516125736 3.781413664 0.014590647 -0.691708473 0.035147720 0.721173446 -0.067485153 -0.394926516 -0.184922223
449.600000000 -0.770827551 -0.555640785 3.769134269 0.014214111 -0.691500475 0.036813898 0.721297296 -0.100348162 -0.413986169 -0.122105299
449.700000000 -0.752729958 -0.594408775 3.762511298 0.015819414 -0.691174955 0.035816732 0.721626004 -0.097866713 -0.429602220 -0.102102952
449.800000000 -0.742273930 -0.641366023 3.753013628 0.013482527 -0.691755725 0.034643004 0.721174113 -0.056240366 -0.442368377 -0.146193492
449.900000000 -0.732242468 -0.688422838 3.745719458 0.012178206 -0.691816678 0.035834629 0.721080616 0.003398367 -0.453533172 -0.219458820
450.000000000 -0.698256677 -0.727643944 3.752996748 0.014386974 -0.691354096 0.034636263 0.721542000 0.035250763 -0.437047628 -0.233593246
450.100000000 -0.650340125 -0.771642844 3.766853168 0.015248734 -0.691366911 0.032557671 0.721608806 0.008092665 -0.410541106 -0.150406436
450.200000000 -0.649519861 -0.808648836 3.760347755 0.015987169 -0.691340678 0.033712793 0.721564914 -0.047192969 -0.404845722 -0.031843039
450.300000000 -0.667358523 -0.843432322 3.746813237 0.018431719 -0.691109047 0.034019998 0.721714068 -0.052858004 -0.436215823 0.017039227
450.400000000 -0.659087826 -0.892965937 3.742928943 0.018163409 -0.691259173 0.030781276 0.721722495 0.004487128 -0.499420757 -0.079544119
450.500000000 -0.641311136 -0.948524725 3.753492116 0.013736786 -0.691949444 0.031245296 0.721138682 0.064744491 -0.536305569 -0.195979208
450.600000000 -0.606862555 -1.002556062 3.761440309 0.015719843 -0.691714985 0.032369939 0.721273494 0.077017543 -0.510233651 -0.200706933
450.700000000 -0.577958420 -1.050200659 3.771677612 0.018331775 -0.691282777 0.031900300 0.721647032 0.037792162 -0.453754691 -0.094441861
450.800000000 -0.572872261 -1.089039299 3.773764943 0.018811503 -0.691099451 0.032860773 0.721767168 -0.001892497 -0.426762306 0.028435142
450.900000000 -0.592305841 -1.126595018 3.768339634 0.020587991 -0.690639935 0.032076220 0.722193693 -0.005210877 -0.432970602 0.068661916
451.000000000 -0.598864398 -1.177304039 3.765905544 0.022722948 -0.690119979 0.030333822 0.722701835 0.007837353 -0.431453604 0.052869087
451.100000000 -0.584492693 -1.222259277 3.775785759 0.023150237 -0.690086220 0.028967309 0.722776570 0.018830025 -0.379213662 0.013815060
451.200000000 -0.588562207 -1.257838325 3.775906945 0.008668312 -0.689764107 0.013049137 0.723864668 0.016761446 -0.286238880 0.003713282
451.300000000 -0.591035259 -1.275150824 3.773531378 0.003007172 -0.689508553 0.007427928 0.724233207 -0.003070909 -0.205318980 0.050157030
451.400000000 -0.593641664 -1.294863990 3.776747899 0.012085433 -0.688388416 0.013725231 0.725111681 -0.009385786 -0.150949436 0.099845119
451.500000000 -0.606703115 -1.308212237 3.775908930 0.022702021 -0.687137967 0.021699337 0.725847899 -0.019521456 -0.111742157 0.156640597
451.600000000 -0.625129529 -1.318890481 3.773827508 0.027188096 -0.686689406 0.028324796 0.725889918 -0.018902491 -0.070610626 0.201833046
451.700000000 -0.651327762 -1.324881647 3.769919158 0.026767734 -0.687012843 0.033433493 0.725381999 0.008963276 -0.037426541 0.182932016
451.800000000 -0.666194847 -1.329498720 3.779398863 0.027549866 -0.687199483 0.036202363 0.725042940 0.023079846 -0.043955926 0.152350695
451.900000000 -0.674054737 -1.329831213 3.784155363 0.027779092 -0.687193592 0.036345685 0.725032606 0.017272688 -0.057087431 0.292186351
452.000000000 -0.683625988 -1.345381367 3.786954678 0.026345617 -0.687756174 0.036829695 0.724528072 -0.001938532 -0.059538034 0.336564299
452.100000000 -0.782732073 -1.358715713 3.783870291 0.024740076 -0.688123110 0.037766205 0.724187978 -0.014580005 -0.042811014 0.311367761
452.200000000 -0.782732073 -1.358715713 3.783870291 0.024740076 -0.688123110 0.037766205 0.724187978 -0.004454424 -0.009065425 0.181975692
452.300000000 -0.782732073 -1.358715713 3.783870291 0.024740076 -0.688123110 0.037766205 0.724187978 0.000000000 0.000000000 0.000000000
452.400000000 -0.782732073 -1.358715713 3.783870291 0.024740076 -0.688123110 0.037766205 0.724187978 0.000000000 0.000000000 0.000000000
452.500000000 -0.782732073 -1.358715713 3.783870291 0.024740076 -0.688123110 0.037766205 0.724187978 0.000000000 0.000000000 0.000000000
452.600000000 -0.782732073 -1.358715713 3.783870291 0.024740076 -0.688123110 0.037766205 0.724187978 0.055927951 0.003073155 0.019811591
452.700000000 -0.782732073 -1.358715713 3.783870291 0.024740076 -0.688123110 0.037766205 0.724187978 0.153022015 -0.011702091 0.003860571
452.800000000 -0.782732073 -1.358715713 3.783870291 0.024740076 -0.688123110 0.037766205 0.724187978 0.184983846 -0.022705114 -0.016759437
452.900000000 -0.771610533 -1.364957986 3.843663325 0.024333999 -0.688226600 0.037718531 0.724105873 0.156396475 -0.025544009 -0.029962801
453.000000000 -0.771610533 -1.364957986 3.843663325 0.024333999 -0.688226600 0.037718531 0.724105873 0.067184570 -0.020037150 -0.035603697
453.100000000 -0.771610533 -1.364957986 3.843663325 0.024333999 -0.688226600 0.037718531 0.724105873 -0.001861821 -0.001874762 -0.005107824
453.200000000 -0.771610533 -1.364957986 3.843663325 0.024333999 -0.688226600 0.037718531 0.724105873 0.000000000 0.000000000 0.000000000
453.300000000 -0.771610533 -1.364957986 3.843663325 0.024333999 -0.688226600 0.037718531 0.724105873 0.000000000 0.000000000 0.000000000
453.400000000 -0.771610533 -1.364957986 3.843663325 0.024333999 -0.688226600 0.037718531 0.724105873 0.033530394 -0.027791968 -0.059371241
453.500000000 -0.771610533 -1.364957986 3.843663325 0.024333999 -0.688226600 0.037718531 0.724105873 0.016726699 -0.091557427 -0.241135890
453.600000000 -0.763536036 -1.367559557 3.849292780 0.024299969 -0.688229840 0.037684893 0.724105688 0.005833676 -0.116727668 -0.334414268
453.700000000 -0.646249824 -1.396751852 3.824820978 0.022313622 -0.688341059 0.037355081 0.724080994 -0.007342737 -0.102033314 -0.313853526
453.800000000 -0.655605571 -1.393373555 3.840491118 0.022184557 -0.688332365 0.037392709 0.724091283 0.015730953 -0.046936568 -0.206014757
453.900000000 -0.655605571 -1.393373555 3.840491118 0.022184557 -0.688332365 0.037392709 0.724091283 0.027534125 -0.019149346 0.008802805
454.000000000 -0.638676944 -1.389646907 3.862064558 0.022587994 -0.688229588 0.037257629 0.724183461 0.006001591 -0.044064485 0.137109673
454.100000000 -0.638676944 -1.389646907 3.862064558 0.022587994 -0.688229588 0.037257629 0.724183461 -0.022428796 -0.060467187 0.138366915
454.200000000 -0.707104630 -1.409249699 3.861478092 0.024449805 -0.688036528 0.038133978 0.724260825 -0.073360703 -0.066628286 0.080967988
454.300000000 -0.672472862 -1.421034982 3.827574059 0.024100450 -0.688070314 0.038145053 0.724239854 -0.050799839 -0.042351493 -0.037571644
454.400000000 -0.672472862 -1.421034982 3.827574059 0.024100450 -0.688070314 0.038145053 0.724239854 -0.049664508 -0.024759417 -0.094223944
454.500000000 -0.672472862 -1.421034982 3.827574059 0.024100450 -0.688070314 0.038145053 0.724239854 -0.025663017 -0.011258773 -0.027889917
454.600000000 -0.672472862 -1.421034982 3.827574059 0.024100450 -0.688070314 0.038145053 0.724239854 0.024664929 0.002159842 0.020480468
454.700000000 -0.672472862 -1.421034982 3.827574059 0.024100450 -0.688070314 0.038145053 0.724239854 0.018821273 -0.001421675 0.047175075
454.800000000 -0.675762334 -1.420583711 3.832006849 0.024039502 -0.688081094 0.038164929 0.724230591 -0.003564825 -0.004166638 0.053643514
454.900000000 -0.689694236 -1.424141810 3.824808197 0.020750456 -0.688425671 0.039585315 0.723928530 -0.022232082 -0.005341826 0.042686923
455.000000000 -0.689694236 -1.424141810 3.824808197 0.020750456 -0.688425671 0.039585315 0.723928530 -0.037184292 -0.004831380 0.014368746
455.100000000 -0.689694236 -1.424141810 3.824808197 0.020750456 -0.688425671 0.039585315 0.723928530 -0.014785419 -0.000774972 -0.004570840
455.200000000 -0.689694236 -1.424141810 3.824808197 0.020750456 -0.688425671 0.039585315 0.723928530 0.000000000 0.000000000 0.000000000
455.300000000 -0.689694236 -1.424141810 3.824808197 0.020750456 -0.688425671 0.039585315 0.723928530 0.000000000 0.000000000 0.000000000
455.400000000 -0.689694236 -1.424141810 3.824808197 0.020750456 -0.688425671 0.039585315 0.723928530 0.000000000 0.000000000 0.000000000
455.500000000 -0.689694236 -1.424141810 3.824808197 0.020750456 -0.688425671 0.039585315 0.723928530 0.000000000 0.000000000 0.000000000
455.600000000 -0.689694236 -1.424141810 3.824808197 0.020750456 -0.688425671 0.039585315 0.723928530 0.000000000 0.000000000 0.000000000
455.700000000 -0.689694236 -1.424141810 3.824808197 0.020750456 -0.688425671 0.039585315 0.723928530 0.000000000 0.000000000 0.000000000
455.800000000 -0.689694236 -1.424141810 3.824808197 0.020750456 -0.688425671 0.039585315 0.723928530 0.000000000 0.000000000 0.000000000
455.900000000 -0.689694236 -1.424141810 3.824808197 0.020750456 -0.688425671 0.039585315 0.723928530 0.000000000 0.000000000 0.000000000
456.000000000 -0.689694236 -1.424141810 3.824808197 0.020750456 -0.688425671 0.039585315 0.723928530 0.000000000 0.000000000 0.000000000
456.100000000 -0.689694236 -1.424141810 3.824808197 0.020750456 -0.688425671 0.039585315 0.723928530 0.000000000 0.000000000 0.000000000
456.200000000 -0.689694236 -1.424141810 3.824808197 0.020750456 -0.688425671 0.039585315 0.723928530 -0.068112414 -0.032962744 -0.045098291
456.300000000 -0.689694236 -1.424141810 3.824808197 0.020750456 -0.688425671 0.039585315 0.723928530 -0.223042252 -0.066106258 -0.037916958
456.400000000 -0.663652007 -1.438733036 3.804509436 0.018874082 -0.688760333 0.039410550 0.723671045 -0.284109737 -0.073638351 -0.022895122
456.500000000 -0.685450769 -1.450885922 3.731261189 0.017741191 -0.688984054 0.039938676 0.723457757 -0.250491037 -0.056589125 -0.000947901
456.600000000 -0.685450769 -1.450885922 3.731261189 0.017741191 -0.688984054 0.039938676 0.723457757 -0.119204840 -0.014132145 0.011574321
456.700000000 -0.685450769 -1.450885922 3.731261189 0.017741191 -0.688984054 0.039938676 0.723457757 -0.004055205 -0.011803855 -0.028255235
456.800000000 -0.664059966 -1.449209778 3.726748341 0.018287489 -0.688975890 0.040469764 0.723422414 -0.030535857 -0.092069615 -0.026242519
456.900000000 -0.675691542 -1.446729995 3.731249049 0.018625069 -0.688951042 0.040528563 0.723434174 -0.041929760 -0.136741408 -0.016369834
457.000000000 -0.674375888 -1.493307447 3.718232427 0.018521479 -0.689018048 0.040519912 0.723373501 -0.032720386 -0.143426172 -0.015629113
457.100000000 -0.672781587 -1.495279856 3.719669460 0.016017406 -0.689448888 0.040269439 0.723036684 -0.017023924 -0.091870705 -0.047437662
457.200000000 -0.668555126 -1.502127086 3.721057876 0.036515978 -0.687367593 0.057513891 0.723107549 -0.021072362 -0.013509995 -0.092312122
457.300000000 -0.653567178 -1.495747558 3.718273558 0.082042567 -0.679808879 0.052593516 0.726885704 -0.104960798 0.006332555 -0.130117039
457.400000000 -0.636550062 -1.492654688 3.706113720 0.125581591 -0.667621292 0.000194677 0.733833112 -0.276629357 0.008058300 -0.178676960
457.500000000 -0.629467985 -1.483703068 3.671737006 0.170477109 -0.650799881 -0.075227874 0.736028422 -0.551405772 -0.069050515 -0.244910619
457.600000000 -0.607504724 -1.466023342 3.605654142 0.220153458 -0.629788571 -0.148763392 0.729909765 -0.938869252 -0.282702945 -0.325272164
457.700000000 -0.584313715 -1.432584283 3.485916897 0.275261119 -0.604051729 -0.214808199 0.716386951 -1.391302508 -0.706424334 -0.403615140
457.800000000 -0.572151533 -1.386050675 3.310234065 0.324229010 -0.578435081 -0.265264555 0.699945085 -1.870086377 -1.338001023 -0.474808155
457.900000000 -0.562658235 -1.316855425 3.046337739 0.357115769 -0.556250304 -0.303192041 0.686388020 -2.364783341 -2.137734846 -0.554974810
458.000000000 -0.560548374 -1.224208660 2.685525567 0.380992644 -0.536009340 -0.333868789 0.675329715 -2.815253328 -3.099603918 -0.667850987
458.100000000 -0.571671058 -1.109653730 2.233084711 0.383737985 -0.531962442 -0.339090367 0.674372926 -3.415045909 -4.003642681 -0.795838483
458.200000000 -0.588684173 -0.982904495 1.660114134 0.374968636 -0.540590496 -0.320128116 0.681673256 -4.216881727 -4.770848938 -0.834117662
458.300000000 -0.607028896 -0.845312677 0.953187523 0.347783654 -0.558843073 -0.285422709 0.696616700 -5.257643547 -5.205719380 -0.898368793
458.400000000 -0.650533208 -0.734668230 0.177115962 0.307422434 -0.585276691 -0.232683893 0.713302775 -6.472444983 -5.178171484 -0.869885671
458.500000000 -0.680215592 -0.637823018 -0.698797948 0.256029341 -0.612048167 -0.172300864 0.728119791 -7.648058029 -4.674666115 -0.794612628
458.600000000 -0.721247458 -0.593182668 -1.662411277 0.195876546 -0.635363752 -0.109545242 0.738880992 -8.560196488 -3.709500896 -0.721399024
458.700000000 -0.778989925 -0.590939026 -2.610980280 0.140689671 -0.649225168 -0.065757366 0.744573076 -8.991774892 -2.815337651 -0.693682386
458.800000000 -0.818186481 -0.615552244 -3.540665306 0.093971114 -0.658681934 -0.033740268 0.745767479 -9.128605412 -2.032566956 -0.631002689
458.900000000 -0.845052249 -0.666430582 -4.493507507 0.052852383 -0.668696864 0.001108276 0.741653491 -9.075464771 -1.184992955 -0.497738658
459.000000000 -0.898709506 -0.729752355 -5.394422752 0.013745250 -0.678234090 0.041182812 0.733562242 -8.914733887 -0.268310898 -0.202944072
459.100000000 -0.918823635 -0.788147938 -6.259459729 -0.034751299 -0.684229725 0.091489618 0.722669828 -8.542239146 0.873617646 0.095391802
459.200000000 -1.007922544 -0.868032783 -7.120355723 -0.085755199 -0.685721100 0.149118420 0.707245584 -7.855177118 2.058959712 0.317829276
459.300000000 -1.082241033 -0.940741516 -7.894471082 -0.129636476 -0.682133473 0.207703650 0.689019232 -6.914333441 3.035881019 0.486038519
459.400000000 -1.130280889 -0.990073919 -8.612177376 -0.180458256 -0.673882333 0.268422838 0.664279008 -5.630366632 3.917501061 0.380546920
459.500000000 -1.209355225 -1.020434075 -9.275869447 -0.235397772 -0.661649800 0.321041706 0.635405111 -4.159049477 4.457881702 0.244083303
459.600000000 -1.208161706 -0.991303096 -9.836490413 -0.284473522 -0.649527426 0.364325476 0.603701819 -2.685484096 4.515740639 0.179614157
459.700000000 -1.198863488 -0.928889803 -10.327332195 -0.301344672 -0.636463358 0.390540544 0.592945078 -1.582133876 4.019177252 -0.018200822
459.800000000 -1.233356191 -0.839035480 -10.710576500 -0.295458868 -0.629859779 0.395717985 0.599489777 -0.815869059 3.195634654 -0.069734750
459.900000000 -1.247229736 -0.730155190 -10.957068632 -0.277757362 -0.632475631 0.379902845 0.615222929 -0.223336126 2.259102142 -0.090831290
460.000000000 -1.259125369 -0.610192849 -11.094545185 -0.238686510 -0.644342331 0.337975826 0.643136106 0.209817078 1.377455166 -0.131315753
460.100000000 -1.263696840 -0.496343098 -11.124369497 -0.168039785 -0.664187459 0.251851488 0.683511871 0.521835128 0.687503113 -0.122170995
460.200000000 -1.256038744 -0.414474555 -11.062446357 -0.074048656 -0.673634751 0.156416162 0.718517225 0.830092394 0.245449569 -0.162430002
460.300000000 -1.234146122 -0.392298477 -10.953863642 0.008188276 -0.671659524 0.067575947 0.737726187 1.062729987 0.020951979 -0.171464959
460.400000000 -1.195632993 -0.405505703 -10.826023833 0.041007658 -0.668556548 0.014033458 0.742397182 1.173121029 -0.179234250 -0.175190317
460.500000000 -1.166929306 -0.437539525 -10.719241066 0.031566446 -0.670609275 0.003056332 0.741132524 1.148971968 -0.393420944 -0.175267637
460.600000000 -1.135139253 -0.493699521 -10.608845268 0.021100788 -0.673084313 0.006841935 0.739233017 1.066684006 -0.557334448 -0.152608875
460.700000000 -1.113069008 -0.563181559 -10.507671065 0.022870481 -0.673966499 0.013054218 0.738292412 0.997587741 -0.651635410 -0.144531070
460.800000000 -1.084855846 -0.628976993 -10.416201778 0.034080495 -0.673510322 0.015706465 0.738224677 0.935002801 -0.684656122 -0.133940947
460.900000000 -1.056344982 -0.698640028 -10.329298544 0.045356561 -0.673121895 0.017544622 0.737930812 0.870154324 -0.705467994 -0.114244055
461.000000000 -1.029443513 -0.774542392 -10.247697004 0.053542841 -0.673031800 0.015091259 0.737518552 0.807542648 -0.692276513 -0.111738070
461.100000000 -1.012020356 -0.850071679 -10.180492043 0.052783884 -0.673897300 0.012829645 0.736825414 0.736376713 -0.663265724 -0.129270381
461.200000000 -0.980601421 -0.912059479 -10.113257009 0.050326946 -0.674762223 0.011681160 0.736224620 0.652888716 -0.608564062 -0.109046292
461.300000000 -0.963149356 -0.975293311 -10.060122395 0.048269253 -0.675277941 0.011870504 0.735886454 0.554247527 -0.546356343 -0.041074593
461.400000000 -0.952770625 -1.027092151 -10.009707200 0.045397295 -0.675774625 0.013346150 0.735587943 0.437848553 -0.541667231 0.051456690
461.500000000 -0.958570313 -1.075132696 -9.972678563 0.044541142 -0.675990658 0.015127101 0.735407294 0.354931915 -0.547867529 0.148567391
461.600000000 -0.965007809 -1.144409133 -9.949300939 0.044539282 -0.675904932 0.017777540 0.735426906 0.243194508 -0.786393150 0.073886175
461.700000000 -0.970263635 -1.199685818 -9.922115066 0.043420704 -0.674485131 0.018641135 0.736774700 0.134354944 -0.885437327 -0.017987563
461.800000000 -0.908978863 -1.379216026 -9.933712307 0.042701896 -0.673204577 0.018716474 0.737984986 0.006799559 -0.733620999 0.056204993
461.900000000 -0.883443542 -1.403761487 -9.917844116 0.041751000 -0.672409170 0.019556497 0.738742382 -0.101757809 -0.412800003 -0.100555352
462.000000000 -0.984012262 -1.399727080 -9.944192226 0.040240747 -0.672235390 0.020365248 0.738962461 -0.155454330 -0.033444627 -0.191023699
462.100000000 -0.866987278 -1.377818118 -9.975184306 0.039478735 -0.672217560 0.021057090 0.739000393 -0.142298420 -0.018158393 -0.308706638
462.200000000 -0.850961308 -1.387170370 -10.003859741 0.035932105 -0.672800834 0.024763829 0.738535493 -0.063823141 -0.113553728 -0.334596209
462.300000000 -0.836624117 -1.411608756 -9.994128375 0.014724947 -0.676475796 0.047030245 0.734814146 0.054494655 -0.194069241 -0.078421506
462.400000000 -0.837251874 -1.433449688 -9.986398492 -0.030117109 -0.680147554 0.094357384 0.726353184 0.228930025 -0.215977885 -0.006504447
462.500000000 -0.837402229 -1.449312569 -9.950653408 -0.092610020 -0.679144317 0.162493123 0.709776279 0.459233471 -0.279136130 0.021572805
462.600000000 -0.840952934 -1.453926902 -9.893440841 -0.159758408 -0.672535108 0.227221667 0.685962166 0.817054474 -0.472681868 -0.001391432
462.700000000 -0.834469116 -1.450766694 -9.779669656 -0.224384908 -0.660468726 0.286169792 0.656916528 1.251713677 -0.869200348 -0.071493315
462.800000000 -0.825318056 -1.419372394 -9.598421065 -0.273675939 -0.645582475 0.336061895 0.628798180 1.730822813 -1.473347917 -0.180981916
462.900000000 -0.786904165 -1.367351668 -9.348710052 -0.306337059 -0.632237791 0.373750874 0.605593317 2.211151745 -2.225074348 -0.306457182
463.000000000 -0.756971681 -1.278462740 -8.993850153 -0.324788829 -0.622847728 0.398126669 0.589972948 2.689311273 -3.097761626 -0.429087051
463.100000000 -0.729168105 -1.166224784 -8.543930424 -0.320586529 -0.621734987 0.407270114 0.587197528 3.276725458 -3.941252972 -0.472316647
463.200000000 -0.662777754 -1.045392720 -7.998312108 -0.299573485 -0.625798852 0.402330080 0.597295597 3.995831750 -4.661864453 -0.379314358
463.300000000 -0.626797122 -0.922626148 -7.340356758 -0.267876185 -0.635501856 0.376936987 0.618302716 4.950181754 -5.160762011 -0.295456124
463.400000000 -0.594960228 -0.816693659 -6.573793097 -0.216076441 -0.650430951 0.323354416 0.652451125 6.272980523 -5.087790936 -0.219630398
463.500000000 -0.515054551 -0.736751411 -5.724588324 -0.160608375 -0.662918232 0.258876498 0.683905934 7.571611510 -4.570989709 -0.243499455
463.600000000 -0.427613712 -0.689951392 -4.802229106 -0.116024936 -0.671914747 0.193692425 0.705373682 8.555822452 -3.864783250 -0.287135087
463.700000000 -0.299906916 -0.685805495 -3.811363280 -0.081380377 -0.676854129 0.139429744 0.718195703 9.101074912 -3.177762302 -0.245960900
463.800000000 -0.232199926 -0.731146721 -2.856507325 -0.054916049 -0.679332911 0.101337448 0.724721840 9.331100806 -2.669266799 -0.188222477
463.900000000 -0.144531689 -0.802170942 -1.903475766 -0.023721172 -0.678909437 0.068202879 0.730662473 9.409334130 -2.039876365 -0.151480637
464.000000000 -0.066186726 -0.899705579 -0.906470764 0.018825723 -0.673725919 0.025270193 0.738309147 9.357104426 -1.019555347 -0.067197884
464.100000000 0.067230622 -0.991494706 -0.018691205 0.067874897 -0.663872485 -0.023027317 0.744403160 9.041269696 0.179820177 0.102889438
464.200000000 0.149116898 -1.089432128 0.857785814 0.123387285 -0.648851774 -0.080529404 0.746513207 8.382840402 1.515990699 0.293785741
464.300000000 0.229970654 -1.185972159 1.698516570 0.182921310 -0.629275089 -0.137953371 0.742644952 7.358385943 2.722783033 0.457586862
464.400000000 0.296355653 -1.261679117 2.433889211 0.237615438 -0.605843364 -0.192551086 0.734449999 6.065855319 3.584976564 0.588243360
464.500000000 0.358672107 -1.311310104 3.086978188 0.293075722 -0.579045699 -0.241576314 0.721424691 4.623246073 4.130091271 0.663139897
464.600000000 0.375437568 -1.334808861 3.676287294 0.336703770 -0.560471779 -0.273869160 0.705335126 3.291089505 4.189684665 0.554063736
464.700000000 0.386344809 -1.314581044 4.170105030 0.371512762 -0.534956444 -0.319212173 0.688406463 1.941547663 3.958975571 0.461776273
464.800000000 0.395991994 -1.255130791 4.577742035 0.390278211 -0.524835595 -0.349251580 0.671009575 0.876540048 3.247217861 0.214673651
464.900000000 0.417749780 -1.168156243 4.864364523 0.377280226 -0.538186952 -0.349831362 0.667557079 0.212826853 2.204171092 0.036810349
465.000000000 0.440013519 -1.074296875 4.974486012 0.336835987 -0.570106069 -0.313545355 0.680595253 -0.233952064 1.168742200 -0.035464029
465.100000000 0.415953408 -0.987962915 4.984279339 0.262257725 -0.616489368 -0.235268596 0.704138077 -0.609880124 0.419018660 -0.040695737
465.200000000 0.425218586 -0.910538427 4.907632362 0.156495489 -0.660268033 -0.122607106 0.724239452 -0.933423568 0.080701794 0.027203798
465.300000000 0.415129766 -0.887718586 4.791333367 0.069071170 -0.681942279 -0.017902968 0.727917156 -1.222160529 -0.044277810 0.102548866
465.400000000 0.378398161 -0.906965738 4.665180478 0.012595131 -0.686264504 0.038107918 0.726243885 -1.356559185 -0.136486983 0.155157395
465.500000000 0.356481983 -0.942608630 4.495455199 -0.004075761 -0.683173686 0.048501791 0.728632060 -1.358223228 -0.294453108 0.185356182
465.600000000 0.335486012 -0.989237679 4.378593702 0.005143222 -0.680151423 0.045341286 0.731650024 -1.246489243 -0.450080221 0.185708416
465.700000000 0.300754394 -1.051998265 4.261823702 0.015372996 -0.679898860 0.039893357 0.732058558 -1.064023717 -0.546267526 0.188525365
465.800000000 0.289109101 -1.118552345 4.166966829 0.016475856 -0.683676215 0.045119445 0.728203004 -0.942856880 -0.573521486 0.208885997
465.900000000 0.267301638 -1.177735352 4.086005387 0.022150730 -0.685856436 0.051267530 0.725590748 -0.832716512 -0.576050182 0.222313263
466.000000000 0.241972022 -1.243270241 4.009984744 0.031402678 -0.686722346 0.057701681 0.723945307 -0.745104679 -0.574216162 0.240414285
466.100000000 0.227142628 -1.305287948 3.944478444 0.031473437 -0.685553782 0.065200449 0.724413098 -0.668688905 -0.571026464 0.210976387
466.200000000 0.207627013 -1.371935555 3.881902610 0.029788548 -0.684299113 0.069349969 0.725284736 -0.591133888 -0.556849480 0.179852288
466.300000000 0.202994428 -1.428814923 3.835288499 0.026693608 -0.683114130 0.070412311 0.726419055 -0.498661675 -0.533210350 0.120799940
466.400000000 0.192187051 -1.486213396 3.791827422 0.027204554 -0.681991415 0.067042730 0.727772557 -0.420073418 -0.483520115 -0.028334630
466.500000000 0.197778578 -1.535850817 3.764951534 0.029930986 -0.680897541 0.062779317 0.729068880 -0.397188653 -0.422137874 -0.164930288
466.600000000 0.239851258 -1.565634101 3.725263623 0.032551817 -0.680194841 0.057133719 0.730076089 -0.380703957 -0.400440074 -0.329842222
466.700000000 0.257307750 -1.597879339 3.683173293 0.036044145 -0.679626121 0.050806316 0.730908937 -0.343489955 -0.415974100 -0.524596874
466.800000000 0.317231807 -1.635955987 3.651627737 0.038848718 -0.678804422 0.046498569 0.731815015 -0.285075410 -0.402231192 -0.465376224
466.900000000 0.424807824 -1.674284301 3.611603675 0.040233735 -0.678411612 0.043166973 0.732308366 -0.232116517 -0.349735597 -0.423647813
467.000000000 0.394249443 -1.700595374 3.599996691 0.041185816 -0.678199184 0.041006004 0.732576346 -0.104491896 -0.349503064 -0.672516895
467.100000000 0.461982135 -1.715854646 3.562596186 0.041903862 -0.678107875 0.039850187 0.732683928 -0.026510685 -0.347834744 -0.789497546
467.200000000 0.688117338 -1.757343378 3.577651438 0.045007948 -0.677679015 0.033770783 0.733201863 0.012843051 -0.342124150 -0.859081223
467.300000000 0.716068063 -1.777423257 3.577626995 0.065358932 -0.673667459 0.010858207 0.736058737 -0.039453354 -0.273162900 -0.600878702
467.400000000 0.730821517 -1.791584129 3.563565084 0.110834296 -0.663048164 -0.036128233 0.739444144 -0.255242216 -0.174937928 -0.178331137
467.500000000 0.742214594 -1.798340672 3.530606961 0.172009101 -0.644539839 -0.099354068 0.738315674 -0.505684826 -0.205951595 -0.139611683
467.600000000 0.748689165 -1.793525345 3.463339116 0.236466329 -0.619250163 -0.167534110 0.729756968 -0.874280284 -0.398342734 -0.163891475
467.700000000 0.749927231 -1.768807460 3.349702799 0.294156847 -0.591686025 -0.227330856 0.715332146 -1.310930362 -0.785254884 -0.233926643
467.800000000 0.740137255 -1.726011893 3.176616970 0.341426522 -0.563898889 -0.278463787 0.698501176 -1.802880922 -1.395287514 -0.295970808
467.900000000 0.727284525 -1.654897633 2.918225370 0.374368932 -0.539634266 -0.318549851 0.683497443 -2.290580457 -2.204379853 -0.345166704
468.000000000 0.702555866 -1.554455602 2.570761346 0.390924114 -0.526159466 -0.337874383 0.675407621 -2.827069091 -3.088621846 -0.399199641
468.100000000 0.658703333 -1.435071340 2.118030995 0.398719907 -0.519291819 -0.344416262 0.672856509 -3.391967736 -4.020249929 -0.497444425
468.200000000 0.600187299 -1.292568093 1.544644790 0.392389858 -0.526544985 -0.328139325 0.679047245 -4.135517363 -4.797211715 -0.542111753
468.300000000 0.545739714 -1.146540471 0.876556690 0.368103840 -0.544640600 -0.294977177 0.693436836 -5.125650983 -5.261736268 -0.585953288
468.400000000 0.463096740 -1.012292672 0.094741955 0.329992740 -0.571603666 -0.243663943 0.710634874 -6.301223396 -5.267627537 -0.564585750
468.500000000 0.387645163 -0.898767137 -0.781260325 0.280136489 -0.601370552 -0.178100022 0.726744377 -7.477070196 -4.699549096 -0.509206472
468.600000000 0.322322099 -0.830436108 -1.686407875 0.231543287 -0.623472182 -0.121098288 0.736888966 -8.313992115 -3.970870555 -0.495270865
468.700000000 0.268459526 -0.791053690 -2.619715781 0.183498048 -0.639725402 -0.074937739 0.742606364 -8.836470760 -3.176142133 -0.459660663
468.800000000 0.189765195 -0.794202072 -3.594424825 0.131479737 -0.654510758 -0.036336038 0.743645371 -9.080587163 -2.262557641 -0.313855703
468.900000000 0.131403069 -0.813997988 -4.516238318 0.084750535 -0.665432079 -0.003741032 0.741622209 -9.068472200 -1.407486924 -0.240482994
469.000000000 0.032409515 -0.860701230 -5.412588699 0.036383085 -0.674225465 0.035201771 0.736788388 -8.885042087 -0.386421086 -0.142596223
469.100000000 0.015222990 -0.905293458 -6.294510866 -0.017993282 -0.680554288 0.085858228 0.727427294 -8.515218016 0.844432030 0.042345454
469.200000000 -0.053603468 -0.947935884 -7.124354664 -0.068798989 -0.681281626 0.141823383 0.714848357 -7.884262875 2.039461807 0.123275571
469.300000000 -0.148330810 -0.994483639 -7.918118822 -0.115134693 -0.678712433 0.201065123 0.696897591 -6.921932002 3.067215321 0.305645132
469.400000000 -0.177711967 -1.019319726 -8.670023165 -0.164789881 -0.672201853 0.262391670 0.672413247 -5.639581186 3.923633221 0.307318131
469.500000000 -0.263077146 -1.028550217 -9.287432824 -0.218474856 -0.662071744 0.312112121 0.645380327 -4.176328777 4.402663740 0.315842862
469.600000000 -0.288552329 -0.985653191 -9.867165168 -0.271814844 -0.653594436 0.356106991 0.610015421 -2.665950421 4.507585301 0.428851250
469.700000000 -0.346367806 -0.914199587 -10.346664450 -0.286382836 -0.637086930 0.398555853 0.594355404 -1.465434021 4.107532004 0.139102771
469.800000000 -0.391101707 -0.810055730 -10.728592581 -0.281185015 -0.631190689 0.407807950 0.596846695 -0.662044799 3.287758048 -0.014161514
469.900000000 -0.405630581 -0.676452445 -10.988502224 -0.258750532 -0.637406005 0.389205277 0.612601828 -0.119732943 2.317888834 -0.141037047
470.000000000 -0.427543858 -0.540858946 -11.119260222 -0.214619026 -0.651106897 0.339431453 0.644037865 0.284550499 1.372182282 -0.167890084
470.100000000 -0.398678316 -0.422468919 -11.121875972 -0.141560558 -0.665305739 0.251553423 0.688512714 0.611796939 0.656287831 -0.148218794
470.200000000 -0.415822749 -0.347995975 -11.052388776 -0.048024534 -0.670385426 0.141633292 0.726785412 0.909069943 0.264362107 -0.101541446
470.300000000 -0.391191406 -0.321448532 -10.929439571 0.030187223 -0.666727434 0.051132567 0.742932515 1.100601248 0.061827157 -0.011520590
470.400000000 -0.378976772 -0.339817685 -10.806790605 0.061430697 -0.664453145 0.008898625 0.744747676 1.177319407 -0.166058278 0.011535630
470.500000000 -0.380748120 -0.383172297 -10.700283649 0.058066017 -0.666425434 0.001796345 0.743304952 1.152073003 -0.410144501 -0.002664439
470.600000000 -0.347508285 -0.446897179 -10.586589372 0.050368742 -0.667477726 0.005902674 0.742900823 1.090626384 -0.588309660 -0.036373803
470.700000000 -0.324155663 -0.521183585 -10.487577733 0.054251808 -0.666331676 0.005004565 0.743662418 1.036500728 -0.662559786 -0.048317145
470.800000000 -0.303879750 -0.595639953 -10.393957917 0.064782319 -0.665459022 0.001859817 0.743615548 0.964039406 -0.667542449 -0.024410621
470.900000000 -0.292880547 -0.671084579 -10.308842607 0.076898699 -0.665681802 -0.000462386 0.742262834 0.901023844 -0.637683888 -0.033609490
471.000000000 -0.269571431 -0.741591046 -10.233251591 0.082159765 -0.666548206 -0.000876744 0.740920032 0.825249681 -0.615744719 -0.065533479
471.100000000 -0.243456174 -0.807255532 -10.161469960 0.084471238 -0.666854337 -0.002979174 0.740378976 0.741291998 -0.582490023 -0.075563327
471.200000000 -0.220263441 -0.874157805 -10.102968826 0.083825220 -0.666980910 -0.003525475 0.740335984 0.613246808 -0.549605571 0.003464212
471.300000000 -0.211416659 -0.931277505 -10.051749921 0.081487604 -0.667172278 -0.002615930 0.740428307 0.329297506 -0.776613061 -0.043215826
471.400000000 -0.223957138 -0.986638979 -10.018848311 0.077704606 -0.667519592 -0.000782259 0.740526149 0.023215328 -0.929888210 0.086007893
471.500000000 -0.104259754 -1.157423298 -10.080162776 0.072864256 -0.668028082 0.002318794 0.740556483 -0.024668866 -0.892867061 -0.075900203
471.600000000 -0.253107768 -1.232140276 -10.129299767 0.068045874 -0.668660634 0.005181742 0.740429514 0.114664453 -0.807845784 -0.281316942
471.700000000 -0.120117399 -1.246645727 -10.066048391 0.063652876 -0.668908208 0.007666902 0.740575006 0.322332604 -0.591865060 -0.400402473
471.800000000 -0.025846445 -1.338781567 -10.024145192 0.061120514 -0.667940297 0.007546981 0.741662379 0.384037731 -0.534453293 -0.409071608
471.900000000 0.000345985 -1.389667594 -10.024218311 0.059972609 -0.667548594 0.007527513 0.742108818 0.178995203 -0.412167099 -0.156162570
472.000000000 -0.055370378 -1.419365843 -9.995227058 0.059568909 -0.667342351 0.007743650 0.742324570 0.114492609 -0.209867720 -0.109773111
472.100000000 -0.028603444 -1.401576517 -10.010265048 0.058683804 -0.667145856 0.008772359 0.742560209 0.135282179 -0.079068034 -0.183752876
472.200000000 -0.012848694 -1.432074658 -10.005883005 0.055623892 -0.666664607 0.010375329 0.743206994 0.129516539 -0.043037320 -0.586347771
472.300000000 0.068724250 -1.417758992 -9.969979067 0.055099576 -0.666539491 0.011043278 0.743348632 0.165881243 -0.035322763 -0.826827557
472.400000000 0.216881523 -1.406708523 -9.951180224 0.055145866 -0.666302937 0.012638076 0.743531848 0.208097670 -0.014462865 -0.893518648
472.500000000 0.299656294 -1.395495131 -9.983354704 0.054622079 -0.666069302 0.014322742 0.743749267 0.173897663 -0.056597928 -0.612937585
472.600000000 0.311266853 -1.414214912 -9.943680652 0.054284232 -0.666084243 0.015627981 0.743734341 0.119820433 -0.076502448 -0.202837245
472.700000000 0.311844389 -1.424158159 -9.946424228 0.050664151 -0.665274427 0.004882605 0.744861893 0.024027779 -0.085891455 0.042528784
472.800000000 0.324463685 -1.422565440 -9.956895098 0.045640538 -0.664923155 -0.006583164 0.745486956 -0.064852759 -0.080411183 0.133883606
472.900000000 0.318077278 -1.428754118 -9.955570724 0.046521195 -0.665507214 -0.004314124 0.744927725 -0.027315786 -0.063170756 0.107604734
473.000000000 0.273881232 -1.442959721 -9.951169785 0.051568936 -0.666395835 0.005532167 0.743792062 -0.009938250 -0.059281206 0.142435349
473.100000000 0.261758932 -1.451606652 -9.956955882 0.055379750 -0.666638516 0.014192339 0.743185542 0.009707016 -0.070848824 0.407182373
473.200000000 0.260628617 -1.449138803 -9.952420615 0.057619876 -0.666687208 0.018121294 0.742886085 0.033595548 -0.138715552 0.673986354
473.300000000 0.083659793 -1.480179533 -9.916533917 0.058241105 -0.666938777 0.019483680 0.742577287 0.046725869 -0.163827423 0.744170730
473.400000000 0.035640086 -1.531010877 -9.919426160 0.058982713 -0.667262577 0.019849247 0.742218094 0.031824318 -0.148640803 0.573717038
473.500000000 0.035640086 -1.531010877 -9.919426160 0.058982713 -0.667262577 0.019849247 0.742218094 0.000848382 -0.049053242 0.211695350
473.600000000 0.039894301 -1.532771745 -9.920047678 0.056685043 -0.666255762 0.010859919 0.743486467 -0.011542347 0.055001633 0.036492585
473.700000000 0.011897082 -1.517487642 -9.919004144 0.055344127 -0.664689916 0.000141191 0.745066657 0.008560948 0.087898488 -0.094033769
473.800000000 0.016437864 -1.513407925 -9.919613328 0.055368052 -0.664563854 -0.000267021 0.745177288 0.044114226 0.086680607 -0.152117067
473.900000000 0.085914865 -1.495434554 -9.912840406 0.056575810 -0.664464152 0.003532253 0.745167157 0.185142650 0.073235526 0.116511222
474.000000000 0.085681001 -1.498157236 -9.909996861 0.056826586 -0.664633650 0.005961035 0.744981420 0.420058200 0.103837508 0.135598882
474.100000000 -0.059057953 -1.500295258 -9.826473131 0.055914045 -0.664823821 0.007433740 0.744867536 0.462258143 0.152582662 0.222088358
474.200000000 0.091768516 -1.475665009 -9.730991926 0.055786169 -0.664486547 0.007782346 0.745174454 0.364718005 0.268458451 0.183526517
474.300000000 -0.029815384 -1.450842397 -9.775016046 0.056275699 -0.663980643 0.007762673 0.745588688 0.138487728 0.405489425 0.042152124
474.400000000 -0.028068678 -1.406656836 -9.739829736 0.055475288 -0.663689709 0.007523075 0.745910092 -0.079016552 0.510661225 0.239645846
474.500000000 -0.037610239 -1.337521500 -9.737149608 0.055168543 -0.663607712 0.007078356 0.746010143 -0.047062438 0.551899759 0.108677412
474.600000000 -0.062397599 -1.286519796 -9.761134473 0.054196009 -0.663675406 0.006594651 0.746025642 0.023952259 0.543172579 -0.092877788
474.700000000 -0.050303023 -1.239729484 -9.741545112 0.054129580 -0.663412351 0.005832860 0.746270741 0.047863839 0.505068190 -0.109935043
474.800000000 -0.003918268 -1.179281478 -9.714185828 0.054937603 -0.663294599 0.005126607 0.746321548 0.055199868 0.496741739 -0.106583302
474.900000000 -0.040117940 -1.139042996 -9.727798666 0.055812079 -0.663360902 0.004589380 0.746201222 -0.062763201 0.511002973 -0.040392044
475.000000000 -0.026446189 -1.088813745 -9.716311850 0.055859207 -0.663369389 0.004632179 0.746189886 -0.119259345 0.514808702 0.062042759
475.100000000 -0.064975218 -1.031785613 -9.746668648 0.055187131 -0.663216882 0.004366312 0.746377038 -0.108782562 0.519619255 0.073977688
475.200000000 -0.055301349 -0.981014441 -9.743254013 0.053034865 -0.663059011 0.003234669 0.746679039 -0.077060007 0.507183891 0.113749743
475.300000000 -0.079787366 -0.934736452 -9.748420032 0.050817713 -0.663156465 0.002319776 0.746750080 0.145798789 0.578134394 -0.141855566
475.400000000 -0.103101459 -0.890063835 -9.744915221 0.050533230 -0.663592067 0.001596848 0.746384225 0.244711202 0.605384261 -0.450286791
475.500000000 0.037633872 -0.784275790 -9.665946812 0.052001825 -0.663920940 0.001350043 0.745991269 0.327465891 0.591514292 -0.701377652
475.600000000 0.140608451 -0.747685299 -9.665498884 0.052964255 -0.664285271 0.001920529 0.745597866 0.263539485 0.546759173 -0.641741759
475.700000000 0.181303792 -0.691289247 -9.635864589 0.055596506 -0.664527088 0.001250219 0.745192066 0.088427334 0.469020246 -0.286933368
475.800000000 0.141467170 -0.645439352 -9.645654389 0.055695674 -0.665105018 0.001517202 0.744668386 0.072790120 0.511812350 -0.098602841
475.900000000 0.137078835 -0.593318133 -9.631082983 0.056978970 -0.665346286 -0.000148179 0.744357236 0.024405403 0.535778327 -0.021229782
476.000000000 0.149940846 -0.530192278 -9.616119664 0.057472402 -0.665834124 -0.000215403 0.743882918 0.074063084 0.543699940 -0.091845768
476.100000000 0.181895028 -0.481730808 -9.622036905 0.058988519 -0.665935280 -0.000322275 0.743673620 0.232453033 0.568435773 -0.310454832
476.200000000 0.162409416 -0.426274714 -9.594528984 0.058423312 -0.666561969 -0.000044759 0.743156684 0.324987704 0.547727419 -0.395420319
476.300000000 0.298871134 -0.356379232 -9.506987437 0.061145365 -0.666439901 0.000019049 0.743047174 0.320810838 0.476269219 -0.375653360
476.400000000 0.281517818 -0.320109771 -9.507925241 0.063986548 -0.665952348 -0.001270572 0.743243955 0.030727937 0.309694699 -0.364223555
476.500000000 0.285103585 -0.294449189 -9.485537063 0.067904165 -0.665971363 -0.001876540 0.742877949 -0.209281223 0.129687921 -0.224820072
476.600000000 0.325860480 -0.288548889 -9.589206302 0.048122014 -0.666103317 -0.017631280 0.744096620 -0.217559736 0.030941542 -0.163498415
476.700000000 0.346477469 -0.289366871 -9.587845150 0.056848238 -0.666302362 -0.011292135 0.743425805 -0.128404868 -0.071673824 -0.070702359
476.800000000 0.337267552 -0.288033119 -9.578979655 0.056898105 -0.666126942 -0.011532609 0.743575485 -0.020097674 -0.190223046 0.118998880
476.900000000 0.332713764 -0.333600633 -9.586726022 0.044564916 -0.662633838 -0.021379453 0.747310701 -0.083557345 -0.281499414 0.223402262
477.000000000 0.257689915 -0.388141302 -9.613431731 0.042498379 -0.662645463 -0.021812608 0.747408248 -0.111626121 -0.268599076 0.211180278
477.100000000 0.257689915 -0.388141302 -9.613431731 0.042498379 -0.662645463 -0.021812608 0.747408248 -0.078739744 -0.157436964 0.160104708
477.200000000 0.257689915 -0.388141302 -9.613431731 0.042498379 -0.662645463 -0.021812608 0.747408248 -0.018974229 -0.035223835 0.058489083
477.300000000 0.257689915 -0.388141302 -9.613431731 0.042498379 -0.662645463 -0.021812608 0.747408248 0.000000000 0.000000000 0.000000000
477.400000000 0.257689915 -0.388141302 -9.613431731 0.042498379 -0.662645463 -0.021812608 0.747408248 0.000000000 0.000000000 0.000000000
477.500000000 0.257689915 -0.388141302 -9.613431731 0.042498379 -0.662645463 -0.021812608 0.747408248 0.000000000 0.000000000 0.000000000
477.600000000 0.257689915 -0.388141302 -9.613431731 0.042498379 -0.662645463 -0.021812608 0.747408248 0.000000000 0.000000000 0.000000000
477.700000000 0.257689915 -0.388141302 -9.613431731 0.042498379 -0.662645463 -0.021812608 0.747408248 0.000000000 0.000000000 0.000000000
477.800000000 0.257689915 -0.388141302 -9.613431731 0.042498379 -0.662645463 -0.021812608 0.747408248 0.000000000 0.000000000 0.000000000
477.900000000 0.257689915 -0.388141302 -9.613431731 0.042498379 -0.662645463 -0.021812608 0.747408248 0.000000000 0.000000000 0.000000000
478.000000000 0.257689915 -0.388141302 -9.613431731 0.042498379 -0.662645463 -0.021812608 0.747408248 0.000000000 0.000000000 0.000000000
478.100000000 0.257689915 -0.388141302 -9.613431731 0.042498379 -0.662645463 -0.021812608 0.747408248 0.000000000 0.000000000 0.000000000
478.200000000 0.257689915 -0.388141302 -9.613431731 0.042498379 -0.662645463 -0.021812608 0.747408248 0.000000000 0.000000000 0.000000000
478.300000000 0.257689915 -0.388141302 -9.613431731 0.042498379 -0.662645463 -0.021812608 0.747408248 0.000000000 0.000000000 0.000000000
478.400000000 0.257689915 -0.388141302 -9.613431731 0.042498379 -0.662645463 -0.021812608 0.747408248 0.000000000 0.000000000 0.000000000
