0.065342000 -0.091392313 -0.066778226 0.071437401 0.020970139 -0.010044920 0.020510747 0.999519215
0.165343000 -0.091392313 -0.066778226 0.071437401 0.020970139 -0.010044920 0.020510747 0.999519215
0.265258000 -0.091392313 -0.066778226 0.071437401 0.020970139 -0.010044920 0.020510747 0.999519215
0.365208000 -0.091392313 -0.066778226 0.071437401 0.020970139 -0.010044920 0.020510747 0.999519215
0.465196000 -0.091392313 -0.066778226 0.071437401 0.020970139 -0.010044920 0.020510747 0.999519215
0.565255000 -0.091392313 -0.066778226 0.071437401 0.020970139 -0.010044920 0.020510747 0.999519215
0.665338000 -0.091392313 -0.066778226 0.071437401 0.020970139 -0.010044920 0.020510747 0.999519215
0.765444000 -0.091392313 -0.066778226 0.071437401 0.020970139 -0.010044920 0.020510747 0.999519215
0.865505000 -0.091392313 -0.066778226 0.071437401 0.020970139 -0.010044920 0.020510747 0.999519215
0.965496000 -0.091392313 -0.066778226 0.071437401 0.020970139 -0.010044920 0.020510747 0.999519215
1.065447000 -0.091392313 -0.066778226 0.071437401 0.020970139 -0.010044920 0.020510747 0.999519215
1.165457000 -0.091392313 -0.066778226 0.071437401 0.020970139 -0.010044920 0.020510747 0.999519215
1.265385000 -0.091392313 -0.066778226 0.071437401 0.020970139 -0.010044920 0.020510747 0.999519215
1.365333000 -0.091392313 -0.066778226 0.071437401 0.020970139 -0.010044920 0.020510747 0.999519215
1.465337000 -0.091392313 -0.066778226 0.071437401 0.020970139 -0.010044920 0.020510747 0.999519215
1.565355000 -0.091392313 -0.066778226 0.071437401 0.020970139 -0.010044920 0.020510747 0.999519215
1.665394000 -0.091392313 -0.066778226 0.071437401 0.020970139 -0.010044920 0.020510747 0.999519215
1.765431000 -0.091392313 -0.066778226 0.071437401 0.020970139 -0.010044920 0.020510747 0.999519215
1.865431000 -0.091392313 -0.066778226 0.071437401 0.020970139 -0.010044920 0.020510747 0.999519215
1.965417000 -0.091392313 -0.066778226 0.071437401 0.020970139 -0.010044920 0.020510747 0.999519215
2.065379000 -0.091392313 -0.066778226 0.071437401 0.020970139 -0.010044920 0.020510747 0.999519215
2.165472000 -0.091392313 -0.066778226 0.071437401 0.020970139 -0.010044920 0.020510747 0.999519215
2.265517000 -0.091392313 -0.066778226 0.071437401 0.020970139 -0.010044920 0.020510747 0.999519215
2.365615000 -0.091392313 -0.066778226 0.071437401 0.020970139 -0.010044920 0.020510747 0.999519215
2.465688000 -0.091392313 -0.066778226 0.071437401 0.020970139 -0.010044920 0.020510747 0.999519215
2.565694000 -0.091392313 -0.066778226 0.071437401 0.020970139 -0.010044920 0.020510747 0.999519215
2.665626000 -0.091392313 -0.066778226 0.071437401 0.020970139 -0.010044920 0.020510747 0.999519215
2.765480000 -0.091392313 -0.066778226 0.071437401 0.020970139 -0.010044920 0.020510747 0.999519215
2.865305000 -0.091392313 -0.066778226 0.071437401 0.020970139 -0.010044920 0.020510747 0.999519215
2.965135000 -0.095517163 -0.066017718 0.059762904 0.020960734 -0.010803903 0.020343847 0.999514908
3.065036000 -0.098677778 -0.068199147 0.064485522 0.021060745 -0.010983718 0.020566107 0.999506297
3.165080000 -0.098677778 -0.068199147 0.064485522 0.021060745 -0.010983718 0.020566107 0.999506297
3.265104000 -0.100283088 -0.069278036 0.067870156 0.021140456 -0.010971300 0.020267984 0.999510841
3.365186000 -0.101619029 -0.070175890 0.070686853 0.021206790 -0.010960966 0.020019884 0.999514549
3.465288000 -0.101619029 -0.070175890 0.070686853 0.021206790 -0.010960966 0.020019884 0.999514549
3.565400000 -0.101619029 -0.070175890 0.070686853 0.021206790 -0.010960966 0.020019884 0.999514549
3.665486000 -0.101619029 -0.070175890 0.070686853 0.021206790 -0.010960966 0.020019884 0.999514549
3.765567000 -0.103729268 -0.071659042 0.072852915 0.021309261 -0.011064557 0.020173093 0.999508148
3.865595000 -0.106864460 -0.076839414 0.074408125 0.021839330 -0.011357310 0.020837710 0.999479787
3.965591000 -0.106693877 -0.076636981 0.073184363 0.021897411 -0.011298383 0.020257290 0.999491117
4.065531000 -0.108392627 -0.075915808 0.074183121 0.021797183 -0.011456718 0.019702321 0.999502599
4.165534000 -0.108898278 -0.072299002 0.076241341 0.021545888 -0.011313729 0.019742823 0.999508877
4.265424000 -0.108898278 -0.072299002 0.076241341 0.021545888 -0.011313729 0.019742823 0.999508877
4.365315000 -0.108898278 -0.072299002 0.076241341 0.021545888 -0.011313729 0.019742823 0.999508877
4.465255000 -0.104572417 -0.073229861 0.076709325 0.021464507 -0.011192602 0.019706983 0.999512699
4.565249000 -0.104572417 -0.073229861 0.076709325 0.021464507 -0.011192602 0.019706983 0.999512699
4.665313000 -0.089492540 -0.071703965 0.059514240 0.021510767 -0.011000234 0.020256529 0.999502854
4.765391000 -0.087587385 -0.071511187 0.057341856 0.021516610 -0.010975930 0.020325957 0.999501586
4.865516000 -0.087587385 -0.071511187 0.057341856 0.021516610 -0.010975930 0.020325957 0.999501586
4.965507000 -0.087587385 -0.071511187 0.057341856 0.021516610 -0.010975930 0.020325957 0.999501586
5.065643000 -0.087587385 -0.071511187 0.057341856 0.021516610 -0.010975930 0.020325957 0.999501586
5.165951000 -0.087587385 -0.071511187 0.057341856 0.021516610 -0.010975930 0.020325957 0.999501586
5.266121000 -0.087587385 -0.071511187 0.057341856 0.021516610 -0.010975930 0.020325957 0.999501586
5.366190000 -0.087490799 -0.071384517 0.057135664 0.021544390 -0.011056515 0.020361327 0.999499379
5.466203000 -0.084643821 -0.068111402 0.062356481 0.021826575 -0.012469123 0.020594364 0.999471857
5.566125000 -0.079912958 -0.087825864 0.110128496 0.022300288 -0.015985826 0.020280255 0.999417761
5.666080000 -0.077663152 -0.100675457 0.133954944 0.022836989 -0.024227868 0.018534187 0.999273719
5.766098000 -0.075185252 -0.098118708 0.132083544 0.023258890 -0.032598762 0.016761626 0.999057252
5.866079000 -0.077753500 -0.090624313 0.132293811 0.023094872 -0.038964518 0.015269869 0.998856959
5.966076000 -0.076689082 -0.096099976 0.130990734 0.022614184 -0.047319680 0.012956742 0.998539718
6.066371000 -0.083754913 -0.099329153 0.141154944 0.024388387 -0.055029983 0.010780605 0.998128592
6.167130000 -0.086918395 -0.110980751 0.175750551 0.026919755 -0.061206016 0.008173146 0.997728595
6.267914000 -0.083293269 -0.116529541 0.201942020 0.027508114 -0.062652832 0.008961807 0.997615964
6.368629000 -0.092199750 -0.118404788 0.156209485 0.024982569 -0.064381301 0.006373884 0.997592248
6.469516000 -0.105140329 -0.123406644 0.084502648 0.023812876 -0.065704650 0.005033217 0.997542236
6.570368000 -0.104117837 -0.154057120 0.106368150 0.023160387 -0.064725541 -0.000275180 0.997634264
6.670993000 -0.109319220 -0.197749067 0.144267340 0.020529566 -0.060295841 -0.014720706 0.997860837
6.771279000 -0.110425913 -0.242883898 0.167302638 0.017423583 -0.056722650 -0.019735025 0.998042829
6.871285000 -0.108029904 -0.276390190 0.182745639 0.018093450 -0.057372586 -0.007120542 0.998163469
6.971115000 -0.099663734 -0.324089313 0.202177570 0.019080942 -0.057695414 0.003378893 0.998146152
7.070994000 -0.092773331 -0.372202820 0.223263905 0.018774919 -0.057839232 0.006452746 0.998128493
7.171136000 -0.087101132 -0.413883110 0.244787752 0.017656964 -0.058028585 0.008578002 0.998121903
7.271368000 -0.084518319 -0.456437449 0.264569486 0.018066411 -0.057871459 0.007580065 0.998131776
7.371613000 -0.081893767 -0.501801618 0.286039372 0.016012531 -0.057098593 0.007210022 0.998214088
7.471789000 -0.083540982 -0.551253212 0.305683259 -0.011638593 -0.056460561 0.008742340 0.998298713
7.571761000 -0.086620383 -0.589072491 0.323178726 -0.036451086 -0.055624545 0.008462888 0.997750273
7.671541000 -0.089665318 -0.608315408 0.332926019 -0.043559510 -0.054144341 0.003493319 0.997576441
7.771162000 -0.090690177 -0.630225195 0.336647337 -0.034720308 -0.053760858 0.003100133 0.997945219
7.870738000 -0.095161444 -0.651102833 0.328126203 -0.023231472 -0.054548879 0.006615746 0.998218889
7.970470000 -0.098217546 -0.672389246 0.308683738 -0.011912025 -0.054665354 0.008782761 0.998395045
8.070540000 -0.101984988 -0.692513304 0.283635378 0.002907863 -0.054509348 0.009440487 0.998464397
8.170917000 -0.115650570 -0.712836374 0.236513995 0.011660632 -0.054332830 0.009562420 0.998409001
8.271215000 -0.078548990 -0.774431633 0.271208039 0.014811815 -0.054844748 0.010064971 0.998334293
8.371414000 -0.083620588 -0.792217832 0.255925566 0.018822686 -0.053876075 0.004597976 0.998359621
8.471664000 -0.094588266 -0.820201444 0.227274378 0.029998255 -0.051106723 -0.006928401 0.998218516
8.571804000 -0.105706011 -0.852055704 0.203608815 0.039379912 -0.048824810 -0.016846274 0.997888553
8.671731000 -0.105876649 -0.874495728 0.180186794 0.038916981 -0.048324649 -0.014407187 0.997969253
8.771611000 -0.100152446 -0.905673363 0.176696213 0.038852801 -0.051122766 -0.002327742 0.997933617
8.871588000 -0.090604740 -0.939469890 0.179838204 0.037117130 -0.053575531 0.005344278 0.997859419
8.971692000 -0.084260717 -0.977269590 0.186741444 0.035259932 -0.054635327 0.008943606 0.997843540
9.071848000 -0.078980200 -1.017715767 0.198035124 0.029038449 -0.055138239 0.010356690 0.998002646
9.171938000 -0.074461866 -1.061269002 0.206657284 0.028803813 -0.055488599 0.010565623 0.997987837
9.271789000 -0.071097782 -1.106355700 0.223571495 0.028919627 -0.055438506 0.010340790 0.997989627
9.371429000 -0.070869569 -1.153319417 0.240608327 0.032402879 -0.054999165 0.009436888 0.997915873
9.471095000 -0.067981814 -1.203185596 0.269497193 0.034143705 -0.055213209 0.010408382 0.997836347
9.570960000 -0.068903331 -1.253344421 0.299636806 0.028164224 -0.055163732 0.010364902 0.998026206
9.670957000 -0.069768068 -1.303024486 0.332157143 0.023441850 -0.055168951 0.010597769 0.998145557
9.770914000 -0.070693984 -1.353086786 0.366792801 0.023295769 -0.055009941 0.010739189 0.998156242
9.870697000 -0.072123386 -1.403168988 0.402433467 0.020659135 -0.053530579 0.005768339 0.998335817
9.970450000 -0.074355763 -1.445734156 0.444047285 0.018530408 -0.051093442 -0.003280157 0.998516562
10.070385000 -0.073895269 -1.488689007 0.484632734 0.013555410 -0.044595614 -0.024092477 0.998622569
10.170543000 -0.069660435 -1.528831773 0.529469687 0.009109238 -0.036541145 -0.051226212 0.997976774
10.270761000 -0.049581170 -1.559252890 0.569706512 0.007568923 -0.029535970 -0.069970318 0.997082992
10.370965000 -0.007447634 -1.578543514 0.630873559 0.006821510 -0.027464006 -0.061738355 0.997691120
10.471059000 0.034803915 -1.592840910 0.664097218 0.009392276 -0.026024166 -0.044764891 0.998614356
10.570878000 0.092563719 -1.600889666 0.711795898 0.011175734 -0.027305542 -0.020230046 0.999359923
10.670534000 0.154837695 -1.603816017 0.759068502 0.010576156 -0.032196123 0.004135196 0.999417057
10.770210000 0.216810215 -1.606455262 0.808625280 0.010918559 -0.036119700 0.013854872 0.999191771
10.869948000 0.273971250 -1.607895202 0.857949758 0.011098067 -0.040325112 0.017057750 0.998979355
10.969808000 0.330248522 -1.613462111 0.903276652 0.011068437 -0.045141510 0.016765451 0.998778581
11.069763000 0.380283899 -1.626624118 0.947331531 0.011440799 -0.049646629 0.015516651 0.998580770
11.169931000 0.428468346 -1.642858009 0.989141325 0.011340842 -0.053481645 0.014185384 0.998403663
11.269947000 0.476922252 -1.663095104 1.034763871 0.011702101 -0.056486750 0.013328998 0.998245784
11.369887000 0.521258301 -1.684775652 1.076946908 0.011866928 -0.057234272 0.012568694 0.998211121
11.469670000 0.563749840 -1.705596393 1.120439984 0.011863933 -0.056647713 0.012518286 0.998245249
11.569473000 0.604019410 -1.727190943 1.159482231 0.011952584 -0.054662677 0.014708904 0.998324985
11.669295000 0.642527393 -1.743149997 1.203894089 0.008125556 -0.055652751 0.033066648 0.997869402
11.769154000 0.674547842 -1.755069494 1.254261904 0.007512263 -0.050724949 0.033960075 0.998106837
11.869126000 0.704731055 -1.765632642 1.301161670 0.009251620 -0.043010875 0.028947020 0.998612308
11.969080000 0.728763249 -1.773050394 1.345494722 0.011576942 -0.034288789 0.023860456 0.999060024
12.069056000 0.751043215 -1.776366535 1.389249129 0.012118371 -0.026870259 0.021451432 0.999335264
12.169159000 0.772481230 -1.774282808 1.438784356 0.005871300 -0.021071559 0.022341442 0.999511069
12.269086000 0.793458563 -1.772230379 1.490173386 -0.005193658 -0.016512396 0.022374511 0.999599794
12.369185000 0.807827689 -1.766230024 1.531383700 -0.015562051 -0.015025909 0.023240268 0.999495840
12.469487000 0.824634172 -1.763022617 1.564965055 -0.005091890 -0.015112176 0.022841205 0.999611912
12.569817000 0.839165850 -1.762367286 1.593311322 0.003890171 -0.015356100 0.022608096 0.999618893
12.670282000 0.852364516 -1.767050694 1.622345107 0.008553104 -0.015895424 0.021642830 0.999602805
12.770842000 0.858811353 -1.773996607 1.629291919 0.009906416 -0.016423015 0.022011053 0.999573740
12.871327000 0.871935313 -1.789747839 1.664861814 0.009071316 -0.017609772 0.021819316 0.999565668
12.971634000 0.877416146 -1.799309852 1.674228434 0.009540276 -0.017861162 0.022213105 0.999548168
13.071809000 0.887389430 -1.814621201 1.704084248 0.009075884 -0.018232797 0.022415362 0.999541267
13.171960000 0.897446897 -1.831280586 1.734568343 0.009201785 -0.020013223 0.021673160 0.999522422
13.271925000 0.903260678 -1.850399543 1.764251683 0.008737593 -0.019756269 0.012662934 0.999686448
13.371883000 0.918699343 -1.873284318 1.835558449 0.009611800 -0.018889914 0.005849292 0.999758256
13.471768000 0.929624750 -1.890372840 1.868116805 0.011276134 -0.021401697 0.014849421 0.999597074
13.571604000 0.938788595 -1.910629511 1.896030943 0.010876227 -0.022036369 0.018666112 0.999523728
13.671390000 0.940844802 -1.927766672 1.914651313 0.012393366 -0.022246853 0.021002893 0.999455032
13.771060000 0.951164166 -1.950942909 1.954350938 0.011681998 -0.020690295 0.022396791 0.999466771
13.870733000 0.958613337 -1.967281934 1.991952685 0.012995974 -0.019025284 0.022576056 0.999479597
13.970369000 0.959813064 -1.989397567 2.019642819 0.018955832 -0.017218932 0.023474100 0.999396394
14.070028000 0.962442890 -2.010978847 2.050173328 0.023388230 -0.014255769 0.023307599 0.999353051
14.169973000 0.965003257 -2.034994919 2.090762194 0.025161694 -0.011042525 0.024671486 0.999317902
14.270000000 0.965668813 -2.059881238 2.133002267 0.021288914 -0.006423126 0.026138644 0.999410975
14.370138000 0.963309494 -2.077868543 2.174995888 0.014470432 -0.000619577 0.028107288 0.999499977
14.470316000 0.959467799 -2.090919121 2.219696810 0.012296983 0.006618985 0.029359780 0.999471349
14.570361000 0.956506983 -2.101992282 2.269013277 0.010001696 0.013662394 0.032051226 0.999342796
14.670168000 0.951590681 -2.110835240 2.314380886 0.009917494 0.020972542 0.035128740 0.999113491
14.769977000 0.945292874 -2.119003393 2.361554389 0.009440300 0.029164430 0.036404472 0.998866874
14.869916000 0.938593538 -2.127013344 2.410244064 0.004695510 0.036662667 0.038536726 0.998573343
14.970099000 0.931463742 -2.136228352 2.456273514 -0.008551002 0.043022919 0.038997364 0.998276071
15.070584000 0.922779878 -2.149751904 2.497562464 -0.016662285 0.047118685 0.039668602 0.997962224
15.171197000 0.913526734 -2.164908137 2.530538589 -0.021308273 0.051052152 0.040234836 0.997657653
15.271608000 0.903142161 -2.183615906 2.556174505 -0.023464143 0.055610924 0.039815539 0.997382365
15.371633000 0.895108105 -2.202777693 2.576130289 -0.021639138 0.060082514 0.046213968 0.996888213
15.471121000 0.885092375 -2.217584285 2.583995567 -0.016315028 0.062359135 0.064748135 0.995817673
15.570258000 0.868223976 -2.229265911 2.590478591 -0.011336201 0.068967224 0.070789653 0.995039616
15.669549000 0.849333212 -2.231838454 2.596824497 -0.010722587 0.077507501 0.075770661 0.994050512
15.769314000 0.826823397 -2.230058288 2.600994362 -0.013077607 0.087235237 0.078366845 0.993014414
15.869533000 0.801674130 -2.215639883 2.602423636 -0.014417036 0.098099576 0.081297237 0.991745623
15.970106000 0.771164634 -2.198023421 2.602241892 -0.017247174 0.107401508 0.084768932 0.990445192
16.070691000 0.735866412 -2.170289789 2.604424634 -0.019545845 0.113234336 0.088873678 0.989392447
16.171177000 0.694358576 -2.146707329 2.587300365 -0.016863810 0.118765249 0.082885577 0.989313099
16.271372000 0.647534034 -2.125427186 2.569616507 -0.008230368 0.123994689 0.072022347 0.989631426
16.371544000 0.602185681 -2.108995913 2.547505200 -0.000383594 0.127407411 0.065631619 0.989676561
16.471676000 0.555298626 -2.098245763 2.521828423 0.004217983 0.129457389 0.062977568 0.989574059
16.571591000 0.509363683 -2.090684029 2.493198095 0.006427534 0.131220449 0.062270844 0.989374662
16.671364000 0.463134081 -2.089263396 2.464604733 0.007741775 0.132584394 0.061583078 0.989226449
16.771007000 0.416589262 -2.090696528 2.432714985 0.012406366 0.133694360 0.062530806 0.988970070
16.870416000 0.371706846 -2.097934281 2.404600640 0.014537324 0.135068095 0.064259252 0.988643527
16.969794000 0.325519047 -2.108786147 2.380343629 0.014962286 0.136669670 0.066319048 0.988280990
17.069148000 0.277781769 -2.119433017 2.359412499 0.014598076 0.138855952 0.067851266 0.987877587
17.168755000 0.229886605 -2.129922718 2.335695426 0.014325330 0.141476507 0.069153544 0.987419349
17.268414000 0.184080252 -2.143953059 2.313127739 0.013920067 0.144400439 0.069450823 0.986980916
17.368390000 0.134412532 -2.158339662 2.294551115 0.013232846 0.146134912 0.071767748 0.986569242
17.468515000 0.098930476 -2.172549195 2.305494250 0.009800021 0.138751098 0.090330235 0.986150364
17.568853000 0.093660065 -2.177730881 2.300322764 0.009565247 0.135256083 0.092646417 0.986423307
17.669235000 0.050521972 -2.187020895 2.251922422 0.010396922 0.131437284 0.083236376 0.987769128
17.769574000 -0.010631859 -2.196302420 2.233072586 0.010180006 0.128247021 0.072883622 0.989008113
17.869891000 -0.071503195 -2.203026537 2.214174549 0.011322854 0.125060700 0.067148042 0.989809454
17.970157000 -0.129453790 -2.203792364 2.196689193 0.010504813 0.118961294 0.063427044 0.990815255
18.070463000 -0.193142155 -2.204310175 2.180244872 0.012004754 0.110500240 0.053152228 0.992381189
18.170873000 -0.256571452 -2.217534973 2.159444570 -0.005531651 0.107216644 0.018110205 0.994055337
18.271137000 -0.311064408 -2.220379908 2.138444827 -0.032789739 0.105423935 -0.024527989 0.993583919
18.371118000 -0.343844135 -2.222004988 2.110127526 -0.039470846 0.098760096 -0.041764650 0.993450658
18.470790000 -0.360994250 -2.222862442 2.084706323 -0.037764123 0.086984339 -0.037640273 0.994781788
18.570396000 -0.361458025 -2.224983571 2.053659183 -0.034875017 0.073595463 -0.028213709 0.996278790
18.670004000 -0.350600683 -2.228624186 2.017648286 -0.027403099 0.062156618 -0.013685119 0.997596282
18.769538000 -0.325667901 -2.234327731 1.970992593 -0.011428768 0.051781388 0.010583447 0.998536961
18.869150000 -0.299316329 -2.248239104 1.920408658 0.002670429 0.044657625 0.029532634 0.998562161
18.968958000 -0.275322997 -2.266833493 1.869360252 0.006167696 0.041591702 0.036548220 0.998446953
19.068969000 -0.252304693 -2.287046146 1.816433401 0.010853645 0.041044833 0.041312653 0.998243850
19.169051000 -0.234119412 -2.297571509 1.777324862 0.010745469 0.041562511 0.042447242 0.998175999
19.269261000 -0.229019422 -2.307173105 1.743689993 0.010900444 0.042191848 0.043510022 0.998102152
19.369589000 -0.234722944 -2.320323266 1.741263961 0.011067201 0.043890961 0.044522296 0.997982398
19.469752000 -0.214939110 -2.325966954 1.700120204 0.024300203 0.045167076 0.045061630 0.997666720
19.569611000 -0.196414327 -2.322736022 1.662353106 0.044788104 0.045745672 0.046492463 0.996864991
19.669091000 -0.182171952 -2.316213844 1.634223098 0.055345053 0.046271226 0.046547757 0.996307786
19.768578000 -0.172444001 -2.308823592 1.615461267 0.060699558 0.047853825 0.041546091 0.996142308
19.868147000 -0.162202384 -2.304254128 1.607675469 0.057976705 0.052084603 0.025517179 0.996631712
19.967863000 -0.152133280 -2.304545271 1.616606752 0.042131002 0.058028465 0.003830147 0.997418170
20.067791000 -0.137040453 -2.303215142 1.626797282 0.025108238 0.059059274 0.003910120 0.997931004
20.168192000 -0.113050906 -2.300538212 1.644109749 0.016604505 0.057004975 0.013566745 0.998143610
20.268860000 -0.084546192 -2.301555594 1.660949080 0.012345461 0.052955201 0.029519713 0.998084126
20.369665000 -0.052674299 -2.303230213 1.676896980 0.009200401 0.050856536 0.037223414 0.997969630
20.470333000 -0.022542878 -2.308160317 1.692973409 0.008751970 0.050359100 0.039503493 0.997911238
20.570632000 0.005235077 -2.313983916 1.709385391 0.008995310 0.049734129 0.042149495 0.997832161
20.670779000 0.034559544 -2.324612314 1.724288440 0.008677910 0.049738765 0.042514557 0.997819253
20.770893000 0.050723711 -2.335715117 1.749414795 0.010274332 0.051743711 0.034651371 0.998006167
20.870837000 0.072617013 -2.348161861 1.743640400 0.011290482 0.055926177 0.019748303 0.998175732
20.970675000 0.093963736 -2.364020838 1.761576256 0.011291154 0.057679459 0.014951913 0.998159321
21.070430000 0.124675210 -2.376524906 1.777643527 0.010076372 0.055315585 0.027197580 0.998047566
21.170198000 0.153957472 -2.390520184 1.794492859 0.011469899 0.052701349 0.036918529 0.997861730
21.269832000 0.182867589 -2.405546413 1.812262726 0.013070830 0.051569704 0.040810746 0.997749569
21.369358000 0.209536446 -2.424307046 1.828190877 0.012617312 0.050805043 0.041874657 0.997750552
21.468779000 0.235180931 -2.443126696 1.842307872 0.011563630 0.050326982 0.040908742 0.997827616
21.568150000 0.260796420 -2.460902009 1.855266194 0.012815305 0.050004395 0.042130378 0.997777711
21.667843000 0.282896674 -2.480112917 1.875032664 0.011932250 0.049168202 0.042356850 0.997820628
21.768285000 0.304873322 -2.498312759 1.889954679 0.012627842 0.048733114 0.042745330 0.997816846
21.869213000 0.319592531 -2.514941263 1.905888112 0.012164392 0.048566835 0.042061028 0.997859790
21.970125000 0.338537830 -2.534084848 1.923689132 0.010552333 0.047518918 0.041103306 0.997968496
22.070867000 0.351600674 -2.545924801 1.935414905 0.010586560 0.047117396 0.040768501 0.998000904
22.171290000 0.385459792 -2.561672786 1.948010787 0.010838452 0.047059461 0.040553844 0.998009680
22.271212000 0.403914690 -2.565001534 1.974910210 0.010731572 0.046626129 0.040459036 0.998035021
22.370789000 0.419531699 -2.565314293 1.991758768 0.011249712 0.048081852 0.033877918 0.998205323
22.470085000 0.434591025 -2.561141792 2.017071263 0.011873175 0.050951149 0.023378125 0.998356886
22.569302000 0.452300770 -2.554494645 2.031031094 0.012956653 0.052357087 0.020119710 0.998341654
22.668604000 0.472095599 -2.540483415 2.052081786 0.013197333 0.050145809 0.027550172 0.998274620
22.768067000 0.493639300 -2.525531791 2.084680941 0.016096830 0.048990909 0.030922445 0.998190656
22.867767000 0.516172304 -2.511370936 2.115532272 0.017270699 0.048172995 0.033725596 0.998120068
22.967781000 0.537428147 -2.498772407 2.151863921 0.015954220 0.047102412 0.036543128 0.998093896
23.068008000 0.560956090 -2.490226296 2.195532530 0.013595441 0.047300776 0.034959942 0.998176138
23.168587000 0.582110097 -2.481005120 2.230750394 0.014079741 0.047434538 0.034391976 0.998182808
23.269240000 0.602911720 -2.472130502 2.255962761 0.017109190 0.048205672 0.034192584 0.998105383
23.369691000 0.628025153 -2.470652189 2.286882704 0.014313806 0.048244593 0.034491144 0.998137233
23.469929000 0.651966349 -2.471694700 2.319050448 0.012261668 0.048217157 0.036791996 0.998083717
23.569977000 0.672169081 -2.475797438 2.334066933 0.012849474 0.048336352 0.037237418 0.998054038
23.669884000 0.689877120 -2.472559635 2.367480441 0.012229155 0.048205616 0.039006278 0.998000589
23.769756000 0.711594647 -2.471573822 2.400227707 0.011743690 0.047807016 0.040287842 0.997974681
23.869706000 0.727937402 -2.468667340 2.409263357 0.012452107 0.047281384 0.040638373 0.997976923
23.969792000 0.724411487 -2.467201465 2.397301239 0.014024691 0.050780186 0.023196692 0.998341922
24.070009000 0.754822746 -2.471271346 2.455864651 0.014460800 0.052118954 0.021133140 0.998312521
24.170146000 0.778475430 -2.467977998 2.494974607 0.013661996 0.050445480 0.028249774 0.998233717
24.270024000 0.803990211 -2.470672330 2.516480697 0.013242589 0.051234089 0.028348531 0.998196405
24.369690000 0.801679861 -2.471352790 2.577269113 0.013354453 0.051619846 0.034960438 0.997965339
24.469281000 0.826750635 -2.471158352 2.604332678 0.012735117 0.054761291 0.039342857 0.997642801
24.568896000 0.854271455 -2.465852260 2.635194103 0.015310839 0.059783582 0.041739162 0.997220810
24.668790000 0.877022621 -2.461418517 2.678778460 0.016339100 0.064984161 0.044144743 0.996775468
24.768864000 0.899812357 -2.459007996 2.720097435 0.015939999 0.070873676 0.045102148 0.996337611
24.869066000 0.921496237 -2.451986927 2.766541776 0.018427933 0.074937347 0.047290495 0.995895785
24.969190000 0.940418913 -2.475596588 2.802232981 0.018332017 0.079209094 0.047321259 0.995565445
25.069130000 0.943914663 -2.550998256 2.824825522 0.023085962 0.085083503 0.041411244 0.995245168
25.169165000 0.962329651 -2.558047090 2.875806426 0.021634910 0.093846204 0.028332447 0.994948287
25.269221000 0.984721343 -2.561656420 2.921151847 0.021082722 0.101145133 0.029717145 0.994204241
25.369382000 1.010556938 -2.563709756 2.968554342 0.019043918 0.105650440 0.042675169 0.993304658
25.469698000 1.037959569 -2.568120191 3.016029722 0.018464635 0.112728038 0.051018485 0.992143418
25.569802000 1.066659434 -2.581607154 3.060886685 0.019300446 0.119366118 0.056022854 0.991080553
25.669703000 1.093803622 -2.591071047 3.110149007 0.017640079 0.127100464 0.057211065 0.990081408
25.769513000 1.122061067 -2.606927153 3.151554470 0.017307870 0.134309980 0.060643348 0.988930559
25.869272000 1.146986591 -2.619276909 3.194275817 0.016816134 0.141909243 0.064900247 0.987606674
25.969016000 1.173603490 -2.628643304 3.249448594 0.016412366 0.150601854 0.067935141 0.986120952
26.068870000 1.198992923 -2.633130575 3.302328298 0.016856689 0.159795486 0.070927272 0.984454456
26.168953000 1.222192088 -2.635494221 3.356947299 0.016852770 0.169694561 0.077314685 0.982314705
26.268935000 1.245231475 -2.639084326 3.407526727 0.011685268 0.174432205 0.104164858 0.979074330
26.368785000 1.261569788 -2.641517287 3.454291210 0.006609565 0.179225013 0.125489787 0.975749467
26.468584000 1.268103959 -2.647060854 3.498831270 -0.003558967 0.183257619 0.143565973 0.972518787
26.568646000 1.261867741 -2.646922228 3.533929793 -0.014846046 0.188423661 0.150387949 0.970391459
26.669111000 1.245192167 -2.636343544 3.567279837 -0.008086088 0.194980742 0.143552097 0.970211276
26.769650000 1.218414156 -2.631929492 3.585122198 0.002954470 0.203445722 0.125504940 0.971004438
26.869925000 1.184920405 -2.622250429 3.593276591 0.008725443 0.209792551 0.116709857 0.970716108
26.969909000 1.147461027 -2.610131460 3.599801332 0.011791650 0.214207376 0.110778443 0.970414496
27.069508000 1.104326474 -2.600285625 3.609502498 0.015893659 0.220017216 0.097300533 0.970501119
27.168870000 1.063063585 -2.586888408 3.620738356 0.017674508 0.224300486 0.090470784 0.970150473
27.268083000 1.023842567 -2.576140299 3.621075310 0.018745607 0.227323735 0.088543695 0.969604319
27.367329000 0.981904894 -2.563182184 3.629820995 0.018650683 0.229831827 0.088023794 0.969062070
27.466795000 0.942027025 -2.557461068 3.630484271 0.019741504 0.232038153 0.088145200 0.968503481
27.566623000 0.900910929 -2.556390514 3.628435980 0.020102399 0.235094600 0.089765309 0.967609742
27.666744000 0.860939174 -2.557342883 3.632327172 0.018439208 0.238167298 0.090990317 0.966776653
27.767213000 0.818234400 -2.559519233 3.637188429 0.012568091 0.241402816 0.090368316 0.966126436
27.867856000 0.775644229 -2.563571213 3.647944201 0.008706161 0.243846265 0.090605596 0.965532924
27.968290000 0.733848291 -2.574183255 3.657825775 0.003769896 0.246670477 0.090477733 0.964859183
28.068615000 0.694263528 -2.585302168 3.662478121 0.001826352 0.248034779 0.090916498 0.964473744
28.168965000 0.657000403 -2.602896919 3.660873945 0.000524988 0.249183771 0.090470542 0.964221061
28.269175000 0.620749975 -2.624023840 3.649940026 -0.001710853 0.250071975 0.090292473 0.964006405
28.369304000 0.587154774 -2.652025700 3.636271262 -0.002402000 0.250854224 0.090235561 0.963806999
28.469326000 0.554391514 -2.680418688 3.626456915 -0.006131407 0.251638611 0.089367532 0.963666882
28.569343000 0.522420911 -2.709178862 3.612138402 -0.010558325 0.252326792 0.087837940 0.963589232
28.669172000 0.492871629 -2.739666903 3.591480848 -0.012327410 0.252968127 0.087626820 0.963419276
28.768920000 0.464088646 -2.774201591 3.565614563 -0.018113932 0.253788189 0.085979388 0.963260601
28.868707000 0.440586153 -2.805227395 3.535675068 -0.029173597 0.254775823 0.083061731 0.962984387
28.968623000 0.423505906 -2.827606546 3.500272481 -0.034523602 0.255509234 0.081539919 0.962743161
29.068623000 0.411117140 -2.841910767 3.459648250 -0.037992926 0.256130721 0.081726746 0.962431468
29.168691000 0.402587183 -2.840281890 3.414813279 -0.040255455 0.256882670 0.082323991 0.962088121
29.268514000 0.397542697 -2.834395906 3.361407684 -0.037673923 0.257538068 0.083594723 0.961907865
29.368196000 0.399434889 -2.816723677 3.298788702 -0.034061629 0.258360144 0.084017958 0.961785228
29.467846000 0.403485616 -2.790963045 3.234664235 -0.031762316 0.258464561 0.083754316 0.961858846
29.567521000 0.413415301 -2.763950121 3.158993740 -0.025672125 0.257782870 0.083864588 0.962213939
29.667203000 0.429493396 -2.736502948 3.080016374 -0.011612949 0.255496890 0.087529579 0.962769469
29.767099000 0.445003560 -2.712770170 2.997314325 -0.002069938 0.252732283 0.090685537 0.963274749
29.867306000 0.463420417 -2.690981943 2.908726694 0.012950628 0.249369233 0.096017126 0.963549676
29.967630000 0.477613491 -2.667652096 2.819358916 0.024460515 0.247331222 0.100033062 0.963442960
30.068092000 0.491949005 -2.646695538 2.730774706 0.046731196 0.248256213 0.107654974 0.961558867
30.168721000 0.499414551 -2.624745748 2.649520638 0.055736717 0.252690624 0.112268254 0.959393927
30.269151000 0.500447901 -2.604182824 2.575633895 0.055255510 0.259618821 0.114526506 0.957302761
30.369377000 0.490759473 -2.589009187 2.514746853 0.038276782 0.268980491 0.112580067 0.955777229
30.469662000 0.480177774 -2.561260114 2.461515470 0.027254080 0.278586665 0.110285195 0.953668633
30.569919000 0.467759635 -2.530959666 2.393313307 0.022977982 0.287237807 0.109375462 0.951316699
30.669974000 0.456588930 -2.503829324 2.335646320 0.021755738 0.294138003 0.109002909 0.949277561
30.769957000 0.442706245 -2.472742752 2.282060212 0.023645088 0.299104806 0.109628823 0.947606852
30.869739000 0.422469079 -2.444018784 2.228761290 0.022178845 0.302734188 0.109164704 0.946542750
30.969155000 0.398888686 -2.410091357 2.180187503 0.032170616 0.310018710 0.089592521 0.945952764
31.068472000 0.380176283 -2.377075011 2.134694351 0.036943731 0.316854274 0.071063229 0.945086529
31.167992000 0.374265376 -2.353961414 2.093914885 0.037155830 0.320661960 0.064084077 0.944292636
31.267552000 0.372449380 -2.327307216 2.060618552 0.033493025 0.321506414 0.070706975 0.943669628
31.367457000 0.370394476 -2.305661794 2.036893302 0.029623176 0.321391243 0.079226093 0.943161366
31.467541000 0.378092508 -2.289157613 2.010645831 0.029108586 0.321310295 0.085109306 0.942692310
31.567618000 0.388181473 -2.270087450 1.988514537 0.023522946 0.319039378 0.099934223 0.942164369
31.667712000 0.396266133 -2.259484923 1.966207379 0.021405790 0.317517378 0.108426572 0.941789884
31.767770000 0.399716676 -2.249672861 1.947498550 0.021034993 0.317047182 0.112059570 0.941531341
31.867767000 0.396086742 -2.246101987 1.945065843 0.020838644 0.317368396 0.112799462 0.941339117
31.967730000 0.409456233 -2.251965302 1.913866954 0.022121666 0.317720116 0.114027240 0.941043223
32.067807000 0.414351259 -2.248401522 1.891939579 0.021281186 0.318528133 0.114689428 0.940708922
32.168221000 0.418764233 -2.254438174 1.862420578 0.021374575 0.319926074 0.114556978 0.940248442
32.268576000 0.414064063 -2.253078315 1.838449944 0.021530648 0.321864488 0.114464045 0.939594415
32.368833000 0.414850994 -2.246021733 1.817156354 0.021222269 0.323805929 0.114863324 0.938885378
32.469000000 0.410298568 -2.236201965 1.804257236 0.021118380 0.325680780 0.115569676 0.938152276
32.569043000 0.376957691 -2.222968285 1.798329970 0.021263293 0.326620653 0.115866778 0.937785536
32.668927000 0.365784937 -2.205969704 1.772583408 0.021435436 0.328339408 0.116375837 0.937118146
32.768715000 0.368083861 -2.180583018 1.749547823 0.021444169 0.329883622 0.116247500 0.936591406
32.868423000 0.346266375 -2.152953732 1.751307042 0.022027215 0.331477710 0.116045726 0.936039913
32.968084000 0.337688408 -2.125335925 1.735139607 0.022907691 0.333215749 0.116619409 0.935330111
33.067729000 0.329761083 -2.103110918 1.717731896 0.022989348 0.334934546 0.116127136 0.934775282
33.167481000 0.319244605 -2.084880273 1.697098346 0.025084734 0.337162905 0.111648373 0.934465929
33.267161000 0.307285039 -2.078758559 1.680174331 0.034675083 0.344707472 0.086004022 0.934118679
33.367107000 0.294705921 -2.074166651 1.673732806 0.037900507 0.347397005 0.079343476 0.933586357
33.467447000 0.296522166 -2.073264895 1.662524783 0.032560488 0.345999093 0.090698045 0.933272901
33.568183000 0.302691583 -2.078004850 1.653333969 0.027234219 0.340825075 0.106129196 0.933720065
33.669031000 0.305494730 -2.085403737 1.650933118 0.023174501 0.335343669 0.111185224 0.935224792
33.769642000 0.308452604 -2.101303970 1.642849821 0.022924059 0.327035888 0.112301152 0.938035429
33.869905000 0.308848098 -2.120435131 1.639283609 0.022807245 0.317431488 0.111075477 0.941477200
33.969887000 0.308660929 -2.140665103 1.632684636 0.020544621 0.308071731 0.106865072 0.945118820
34.069727000 0.306426999 -2.165046054 1.626525361 0.024050721 0.299668340 0.097369500 0.948756886
34.169705000 0.304525591 -2.190364349 1.618511815 0.023269730 0.291214177 0.100479586 0.951081845
34.269558000 0.299547218 -2.221972665 1.605125763 0.023754602 0.287547529 0.102455760 0.951974241
34.369427000 0.297142959 -2.251750438 1.593188274 0.024619523 0.288878733 0.104074198 0.951373490
34.469393000 0.294614703 -2.286694183 1.581017309 0.024805554 0.291448780 0.105469128 0.950430721
34.569429000 0.337959886 -2.319957016 1.549195402 0.023830773 0.292893341 0.106070037 0.949944594
34.669642000 0.327346732 -2.351696440 1.548215660 0.023557630 0.289144594 0.105756458 0.951134067
34.770137000 0.320425223 -2.375670748 1.544642042 0.024231731 0.279982316 0.102143060 0.954248144
34.870609000 0.315268385 -2.398117991 1.541756611 0.025023261 0.268195866 0.097014085 0.958140429
34.970743000 0.307020916 -2.410075681 1.541118117 0.025196943 0.256691930 0.091318759 0.961839514
35.070408000 0.297985550 -2.412464495 1.546647629 0.025680588 0.247099151 0.084094760 0.964992533
35.169890000 0.287468231 -2.412860787 1.550931056 0.027814706 0.240845945 0.076539786 0.967140752
35.269209000 0.272243173 -2.416885720 1.618752139 0.030783815 0.239913908 0.062454033 0.968293947
35.368555000 0.280603911 -2.416113439 1.630086051 0.035219641 0.242465839 0.043524787 0.968542971
35.468107000 0.295581330 -2.412275756 1.616164628 0.032086706 0.239890661 0.053867759 0.968773027
35.567968000 0.387363902 -2.419655992 1.578511655 0.030718257 0.237961500 0.063793858 0.968690382
35.668092000 0.402466910 -2.420563348 1.600393623 0.025787720 0.235464216 0.079454930 0.968286378
35.768417000 0.421863313 -2.424652684 1.616917290 0.022575404 0.235794405 0.086086144 0.967719239
35.868847000 0.463972992 -2.441110156 1.609758489 0.022328352 0.236565149 0.089813530 0.967197966
35.969174000 0.448877574 -2.440393311 1.544150060 0.021594148 0.237588672 0.090171616 0.966930398
36.069346000 0.486093771 -2.449817312 1.521738375 0.021979970 0.237643401 0.091596941 0.966774273
36.169436000 0.500444154 -2.450873869 1.548218420 0.020634525 0.238163241 0.092639574 0.966576637
36.269308000 0.515571355 -2.461942638 1.561439625 0.016782819 0.238798514 0.091513700 0.966601702
36.369135000 0.521243703 -2.468199902 1.580595682 0.011703439 0.239289114 0.089561748 0.966738042
36.468894000 0.520285353 -2.469334308 1.593970059 0.011554971 0.238863477 0.089207297 0.966877852
36.568664000 0.523231665 -2.472567279 1.611651145 0.015859494 0.239159603 0.088790292 0.966782005
36.668504000 0.523688001 -2.469448982 1.627651939 0.018163240 0.241937482 0.076521411 0.967099181
36.768525000 0.534883426 -2.466082907 1.641910848 0.017961585 0.241417348 0.078454372 0.967078051
36.868618000 0.533249310 -2.456806322 1.658269662 0.017990384 0.242126376 0.075306741 0.967150484
36.968734000 0.536458516 -2.445712522 1.677874006 0.017934505 0.243034274 0.073105109 0.967092725
37.069014000 0.537519256 -2.438395478 1.698436155 0.017241626 0.244399941 0.068996887 0.967062989
37.169402000 0.548523871 -2.427735073 1.712204790 0.016666243 0.243783056 0.073720936 0.966880179
37.269504000 0.566372214 -2.410820253 1.733324847 0.018155550 0.243870244 0.081192885 0.966232578
37.369410000 0.582275125 -2.393057013 1.754366562 0.019961162 0.244161694 0.087585691 0.965564791
37.469219000 0.603443015 -2.381233946 1.771283322 0.021679570 0.245423593 0.091151377 0.964877548
37.569116000 0.620977798 -2.371919092 1.788012080 0.022814018 0.246922672 0.092382042 0.964351737
37.669107000 0.633011019 -2.369336787 1.806854511 0.024463653 0.247541464 0.094569851 0.963940505
37.769078000 0.646286576 -2.369041210 1.819561049 0.022310071 0.246418536 0.102069056 0.963515477
37.868994000 0.660131792 -2.371018683 1.828335317 0.014566531 0.242954492 0.118194556 0.962699838
37.968835000 0.665768077 -2.376657056 1.835295663 -0.007859784 0.238670815 0.140745234 0.960814886
38.068515000 0.662934624 -2.380478250 1.832819944 -0.021766144 0.237794568 0.146069981 0.960022676
38.168410000 0.656721821 -2.381015547 1.830973313 -0.021194548 0.237252117 0.147533974 0.959945806
38.268396000 0.631440384 -2.373778472 1.813712659 -0.012058437 0.238182038 0.143461520 0.960490866
38.368545000 0.605807446 -2.359107143 1.781491411 0.006277818 0.241775515 0.129662239 0.961609532
38.468802000 0.572279386 -2.334765506 1.747545129 0.019146891 0.247383926 0.109868518 0.962477791
38.569000000 0.535980793 -2.303809263 1.715375737 0.024454270 0.250874793 0.098997558 0.962633529
38.669053000 0.497850444 -2.272687500 1.684116345 0.027439195 0.252905249 0.093676926 0.962554237
38.769072000 0.460986564 -2.241470724 1.651360244 0.028798075 0.254739621 0.091247540 0.962264144
38.869243000 0.425361795 -2.212464078 1.623276140 0.027935290 0.255283955 0.089853688 0.962276487
38.969533000 0.392354849 -2.189489967 1.590306381 0.027654749 0.255524076 0.089270347 0.962275151
39.069870000 0.358421335 -2.165474510 1.560748511 0.026823416 0.255547637 0.089854131 0.962238092
39.170161000 0.326373601 -2.141374089 1.535487436 0.027550647 0.255745169 0.090196115 0.962133063
39.270186000 0.291081114 -2.119958537 1.508697992 0.027883474 0.256096711 0.091053594 0.961949182
39.369907000 0.254308769 -2.101259789 1.485701355 0.027955009 0.257334657 0.091423456 0.961581584
39.469455000 0.220666469 -2.081749635 1.461348730 0.028126850 0.258962675 0.092852083 0.961002448
39.569145000 0.185516099 -2.062426632 1.434432009 0.028358944 0.259824687 0.094679176 0.960584591
39.669007000 0.148803009 -2.047867208 1.408001587 0.027616095 0.261229179 0.093936964 0.960298138
39.769062000 0.111596770 -2.032664466 1.390109727 0.026523882 0.262566899 0.093469592 0.960009657
39.869220000 0.074540307 -2.020406976 1.370285234 0.026928960 0.263556459 0.093884858 0.959686646
39.969248000 0.034535415 -2.005155738 1.351633400 0.027353756 0.264444645 0.093914424 0.959427372
40.069114000 -0.003608534 -1.992401303 1.332696821 0.027265907 0.265517776 0.093701021 0.959154315
40.168961000 -0.040012132 -1.980111481 1.312640703 0.028006871 0.267049226 0.094051598 0.958673366
40.268704000 -0.082554445 -1.971827042 1.294430484 0.028835335 0.269505360 0.088319109 0.958506713
40.368551000 -0.115970819 -1.967365252 1.270227770 0.035772216 0.276889237 0.062086428 0.958226473
40.468486000 -0.143714866 -1.959699564 1.249965874 0.031699573 0.274219498 0.080050143 0.957805188
40.568502000 -0.171251941 -1.954026167 1.232603318 0.028447646 0.272604303 0.089489766 0.957532875
40.668550000 -0.202177397 -1.951442150 1.217401144 0.027298731 0.271828603 0.094054591 0.957349322
40.768359000 -0.232489424 -1.950113140 1.204111393 0.026814582 0.271904096 0.094992021 0.957249005
40.867924000 -0.263102091 -1.950102343 1.192174000 0.026615011 0.272169129 0.095444189 0.957134271
40.967491000 -0.295301299 -1.951509998 1.179774219 0.028226836 0.272848493 0.095517885 0.956887287
41.067410000 -0.326600644 -1.950829823 1.172015291 0.029027528 0.273561470 0.095308635 0.956680610
41.167816000 -0.359271084 -1.948722125 1.166643609 0.028522820 0.274677507 0.096083064 0.956298468
41.268381000 -0.391407038 -1.944508977 1.158352130 0.028171361 0.275930905 0.096745773 0.955881146
41.368906000 -0.421879530 -1.941381995 1.149244446 0.027743782 0.277125232 0.096910461 0.955531397
41.469271000 -0.457911175 -1.935779334 1.149069974 0.027722672 0.278070204 0.097200528 0.955227969
41.569255000 -0.490344919 -1.929644105 1.143815968 0.026486352 0.278751779 0.097396598 0.955044408
41.668988000 -0.521680050 -1.921661279 1.136465832 0.028033138 0.279403919 0.097577052 0.954791240
41.768679000 -0.550957535 -1.908987210 1.137242112 0.028121202 0.280314474 0.098268028 0.954450831
41.868582000 -0.583231006 -1.900672660 1.130915299 0.028720724 0.281277034 0.099411580 0.954031283
41.968628000 -0.617444848 -1.887191237 1.128971007 0.028765356 0.282213267 0.099813721 0.953711407
42.068741000 -0.656019323 -1.877220044 1.137221668 0.025572622 0.283476095 0.099988122 0.953409524
42.168814000 -0.713359302 -1.865238202 1.169903961 0.018892537 0.285761151 0.096630790 0.953229315
42.268615000 -0.758547396 -1.849088396 1.183292177 0.002513076 0.288230716 0.092050319 0.953123013
42.368230000 -0.832178208 -1.816620614 1.265761407 -0.002954514 0.287833476 0.090141848 0.953424149
42.467741000 -0.862318766 -1.787313911 1.273240899 0.006621920 0.285914081 0.093063083 0.953702548
42.567349000 -0.896104936 -1.758321122 1.275868897 0.019458355 0.282794943 0.096689001 0.954096237
42.667217000 -0.944349571 -1.738947514 1.299114416 0.026167836 0.281035283 0.098235493 0.954297753
42.767276000 -0.964073150 -1.721344349 1.282262301 0.020063372 0.281592306 0.095475325 0.954561521
42.867435000 -1.001960827 -1.697979528 1.300834054 0.025871672 0.279304058 0.096055374 0.955035740
42.967615000 -1.024308272 -1.691096176 1.318642179 0.026925962 0.278184932 0.096582742 0.955280016
43.067827000 -1.053665047 -1.661129691 1.312052148 0.030175626 0.275789015 0.096803537 0.955855076
43.168210000 -1.082311526 -1.633224932 1.300902992 0.030850820 0.274190531 0.096721585 0.956301581
43.268481000 -1.109989889 -1.612226098 1.286732900 0.028029381 0.273275572 0.095870272 0.956735965
43.368792000 -1.138240628 -1.591512004 1.269307198 0.027352983 0.274931761 0.085140629 0.957295887
43.469166000 -1.166873239 -1.573607019 1.263962535 0.040612186 0.279892790 0.058795826 0.957368125
43.569629000 -1.185009781 -1.553189028 1.254009736 0.035534068 0.274323756 0.077273031 0.957868825
43.669984000 -1.204019492 -1.534255558 1.254257823 0.032778720 0.269547173 0.087318896 0.958459852
43.770133000 -1.218512827 -1.520483042 1.244225451 0.031445797 0.266356724 0.091587599 0.958997898
43.870173000 -1.232105711 -1.516271596 1.236939818 0.020913279 0.265798382 0.088878691 0.959694969
43.970168000 -1.252221579 -1.510694169 1.234296511 -0.015218593 0.268303224 0.081392258 0.959769282
44.070006000 -1.265551875 -1.502308778 1.221941081 -0.025660588 0.269985426 0.077415165 0.959404136
44.169821000 -1.278390220 -1.470635929 1.236242952 -0.026335363 0.271031939 0.079075536 0.958955263
44.269546000 -1.277558461 -1.453909457 1.199884863 -0.009973183 0.271432740 0.082770144 0.958839875
44.369396000 -1.272338478 -1.436369402 1.161698331 0.013281889 0.271210526 0.087759818 0.958418831
44.469167000 -1.264097643 -1.425890212 1.121235595 0.028494232 0.269498748 0.085180820 0.958802759
44.568919000 -1.258051149 -1.413241443 1.086004341 0.032710528 0.264404811 0.090894865 0.959561484
44.668788000 -1.252663704 -1.403748066 1.053450698 0.034891134 0.258221835 0.092885205 0.960976811
44.768813000 -1.251277855 -1.396549237 1.020841231 0.034545969 0.251426565 0.091890467 0.962884936
44.868986000 -1.248437836 -1.395091925 0.990310038 0.034668471 0.243671724 0.090502725 0.965003339
44.969189000 -1.244756101 -1.392001721 0.954738458 0.035041841 0.235107084 0.087964388 0.967346368
45.069266000 -1.243876901 -1.394458833 0.924293472 0.034742827 0.224400203 0.085573167 0.970110673
45.169179000 -1.243184408 -1.396667309 0.891585042 0.033687504 0.212400846 0.081424853 0.973201431
45.268828000 -1.244333102 -1.398879781 0.864819174 0.033750617 0.201204480 0.079028210 0.975772614
45.368506000 -1.247102005 -1.403153931 0.838328182 0.033282696 0.192176891 0.075627875 0.977875621
45.468131000 -1.251872086 -1.409290602 0.816582490 0.033655541 0.185987311 0.071351274 0.979379916
45.567776000 -1.256256610 -1.411681984 0.798047335 0.034799552 0.181736171 0.065848126 0.980522809
45.667448000 -1.259307658 -1.404206065 0.781700500 0.034132284 0.179724575 0.056199205 0.981517047
45.766920000 -1.260310119 -1.386592707 0.774457149 0.037318561 0.177033644 0.044825818 0.982474967
45.866278000 -1.255401130 -1.362874337 0.762959029 0.039184138 0.172387583 0.036066823 0.983588486
45.965682000 -1.244338816 -1.336932202 0.754675228 0.039072707 0.167516000 0.029698125 0.984647010
46.065404000 -1.229469403 -1.302810001 0.759724985 0.039804361 0.161577785 0.024858212 0.985743527
46.165512000 -1.209885685 -1.268558458 0.775881796 0.039711530 0.155931622 0.017772755 0.986809228
46.265836000 -1.176123310 -1.237079260 0.785092241 0.038918968 0.149583592 0.015292025 0.987864473
46.366343000 -1.131837008 -1.204682527 0.796257388 0.034120165 0.138355929 0.033208970 0.989237391
46.467036000 -1.087188561 -1.172521329 0.814604923 0.030884206 0.128868566 0.047516780 0.990041016
46.567884000 -1.041822932 -1.141406149 0.827446904 0.029034822 0.122411937 0.053418679 0.990615335
46.668621000 -0.996879351 -1.112138943 0.841326627 0.028452888 0.119039098 0.055271308 0.990941577
46.769288000 -0.955699481 -1.082580371 0.860084590 0.028313690 0.115958835 0.056406365 0.991246793
46.869895000 -0.911241667 -1.054907012 0.875401088 0.028393006 0.112744432 0.055665034 0.991657166
46.970326000 -0.870422853 -1.028033433 0.889573465 0.027991229 0.108635798 0.053975091 0.992220461
47.070459000 -0.833623733 -1.004772951 0.905133081 0.028097155 0.104199714 0.053055060 0.992742731
47.170429000 -0.800745753 -0.984450011 0.919666425 0.027564434 0.099501865 0.052348546 0.993277006
47.270158000 -0.766008231 -0.974390818 0.932605699 0.026342376 0.096059385 0.051533039 0.993691612
47.369747000 -0.730223621 -0.968818783 0.943831391 -0.000259900 0.095764236 0.047888962 0.994251372
47.469505000 -0.698984860 -0.959367635 0.960580600 -0.019473701 0.095543761 0.044763532 0.994227535
47.569471000 -0.663887506 -0.948548436 0.950126929 -0.021263787 0.094589078 0.043761966 0.994326731
47.669603000 -0.629861668 -0.937938248 0.942122114 -0.019307483 0.093945866 0.043787393 0.994426498
47.769783000 -0.594218147 -0.925231381 0.922794204 -0.011836662 0.092792926 0.044637575 0.994613922
47.870032000 -0.556568793 -0.909713981 0.898033142 0.005786403 0.091328914 0.047329386 0.994678579
47.970032000 -0.518094967 -0.899041017 0.866587190 0.018499728 0.090960486 0.048789974 0.994486545
48.069910000 -0.482206557 -0.889988440 0.836425478 0.023232895 0.091093787 0.049761596 0.994326877
48.169874000 -0.447916324 -0.881760199 0.813386219 0.024985250 0.091374140 0.051102624 0.994190639
48.269804000 -0.413984807 -0.872504462 0.786622573 0.026887438 0.092226669 0.050594374 0.994088284
48.369722000 -0.378729862 -0.863811112 0.759668887 0.028217665 0.093489060 0.050309315 0.993947952
48.469566000 -0.346598225 -0.851878824 0.732124914 0.027661471 0.094055859 0.051124641 0.993868507
48.569487000 -0.315543045 -0.832714502 0.712075314 0.026854028 0.095031976 0.051332949 0.993787056
48.669436000 -0.284881478 -0.821558810 0.686153031 0.025236602 0.094618313 0.052348513 0.993815940
48.769342000 -0.251136537 -0.804194225 0.666498284 0.024264086 0.094306092 0.052852539 0.993843159
48.869187000 -0.227155609 -0.787172168 0.659132153 0.021978477 0.092137689 0.055920114 0.993931856
48.969029000 -0.198875112 -0.769024123 0.647925670 0.010525367 0.086718087 0.066389790 0.993962568
49.068816000 -0.178776400 -0.755449967 0.640419809 -0.001052476 0.081537636 0.070852241 0.994148111
49.168604000 -0.161379685 -0.741981649 0.619580721 -0.003861534 0.076558555 0.068128073 0.994727320
49.268411000 -0.150830738 -0.728650930 0.599607346 0.006407248 0.073829178 0.055744596 0.995691086
49.368362000 -0.140707303 -0.718872586 0.567727237 0.014948577 0.069457886 0.047488275 0.996341812
49.468347000 -0.135546674 -0.707995515 0.553125393 0.018125312 0.064292007 0.042494082 0.996861206
49.568317000 -0.128305889 -0.697039184 0.527675346 0.019611694 0.058563701 0.039147681 0.997322984
49.668297000 -0.118452494 -0.687284571 0.501025785 0.019825991 0.054206682 0.035300240 0.997708604
49.768135000 -0.102218952 -0.675264056 0.459823986 0.019977761 0.049468349 0.034222389 0.997989278
49.867884000 -0.079774150 -0.660280123 0.403872885 0.019757256 0.044849735 0.032557061 0.998267594
49.967717000 -0.058267420 -0.648740336 0.355773487 0.020968280 0.040362488 0.031914103 0.998455152
50.067763000 -0.043728873 -0.640588520 0.325161171 0.020761037 0.037238842 0.031586764 0.998591270
50.167982000 -0.028642450 -0.635217555 0.297232221 0.023378310 0.033510313 0.030931389 0.998686018
50.268112000 -0.018270672 -0.634242383 0.285471575 0.022263166 0.031800483 0.029735521 0.998803724
50.368185000 -0.002280816 -0.629004778 0.259296695 0.020379146 0.030320979 0.030091859 0.998879276
50.468238000 0.007334940 -0.624661404 0.254124597 0.013888170 0.029597046 0.030444071 0.999001648
50.568256000 0.038260746 -0.610790833 0.206532593 0.009018950 0.028979074 0.030942622 0.999060271
50.668190000 0.153967432 -0.570061027 0.011657668 0.007994510 0.028659229 0.029500442 0.999121845
50.768079000 0.166745453 -0.548827171 -0.008354979 0.007723509 0.027330386 0.030472103 0.999132048
50.867877000 0.181702649 -0.521609263 -0.023371686 0.007443642 0.024881266 0.031958135 0.999151736
50.967612000 0.195590906 -0.491334711 -0.026966130 0.006622858 0.019266543 0.038924688 0.999034437
51.067357000 0.208977066 -0.455002619 -0.036843807 -0.000361041 0.013463669 0.045510897 0.998873044
51.167310000 0.219042368 -0.416495237 -0.049486670 0.001403203 0.007672632 0.047638132 0.998834206
51.267401000 0.225631030 -0.379120421 -0.065889136 0.004170561 0.003190360 0.040588905 0.999162133
51.367681000 0.230213901 -0.339432746 -0.087393988 0.016182590 -0.000232275 0.027935287 0.999478709
51.467974000 0.233684469 -0.300976914 -0.106289137 0.020618293 -0.004608573 0.022339007 0.999527196
51.568194000 0.234916809 -0.261946799 -0.123534867 0.019968215 -0.009337710 0.020506332 0.999546681
51.668372000 0.244098114 -0.229007649 -0.137846658 0.019104649 -0.012061815 0.025959977 0.999407627
51.768346000 0.253380219 -0.189816121 -0.161684792 0.018067345 -0.018995052 0.040147568 0.998849804
51.868299000 0.254463578 -0.154097412 -0.179538814 0.021150819 -0.022746342 0.031043895 0.999035296
51.968178000 0.252394511 -0.119233149 -0.198180659 0.022169676 -0.024976837 0.020332333 0.999235337
52.068025000 0.250496715 -0.085535025 -0.216504505 0.026562580 -0.030809112 0.017734161 0.999014879
52.168102000 0.247675706 -0.067875707 -0.234405834 0.022677809 -0.036056474 0.023643150 0.998812620
52.268194000 0.246376358 -0.052645651 -0.246516342 0.007530055 -0.045274024 0.037070883 0.998258138
52.368471000 0.230744218 -0.040586453 -0.284880937 0.013157579 -0.046025536 0.020043018 0.998652495
52.468778000 0.215387523 -0.036444808 -0.314850707 0.019012754 -0.047464241 0.019290098 0.998505660
52.568812000 0.184261920 -0.029167144 -0.366194122 0.021195484 -0.047854570 0.015813484 0.998504194
52.668737000 0.163377368 -0.043335986 -0.352337744 0.022079765 -0.048257095 0.013464088 0.998500103
52.768639000 0.158520605 -0.055220488 -0.341694668 0.023187714 -0.047972817 0.007592797 0.998550594
52.868694000 0.138125910 -0.060611224 -0.353192478 0.019458428 -0.035579922 -0.046319926 0.998103153
52.968728000 0.136000168 -0.055111808 -0.353049690 0.020068344 -0.038872808 -0.028015328 0.998649742
53.068629000 0.139319145 -0.044703407 -0.351768990 0.020679790 -0.043682788 -0.004818835 0.998819773
53.168697000 0.147021589 -0.039137558 -0.356085809 0.020897872 -0.044608849 0.001881007 0.998784157
53.268685000 0.148491661 -0.039424806 -0.355807142 0.021457090 -0.045406401 0.003378180 0.998732417
53.368638000 0.153003276 -0.043130260 -0.343837388 0.021682550 -0.045319998 0.004678377 0.998726228
53.468580000 0.152501798 -0.068954276 -0.227227226 0.022325673 -0.046345453 0.007689666 0.998646350
53.568413000 0.161668438 -0.066658689 -0.228575341 0.019957061 -0.049102730 0.017022841 0.998449228
53.668323000 0.170246628 -0.068555086 -0.216330438 0.021285729 -0.049363541 0.008817905 0.998515099
53.768239000 0.177970596 -0.060669834 -0.189978567 0.021202123 -0.050525279 -0.000463135 0.998497597
53.868016000 0.183993482 -0.054452228 -0.164550895 0.020295412 -0.053323556 -0.001582451 0.998369766
53.967777000 0.184324357 -0.018858307 -0.187991712 0.019720640 -0.055149370 0.005305057 0.998269252
54.067678000 0.183526095 0.007019300 -0.178982765 0.023523178 -0.052318819 0.002892678 0.998349154
54.167824000 0.181360264 0.013055041 -0.171364768 0.026433316 -0.050688966 -0.001338527 0.998363720
54.268077000 0.185777006 -0.011637165 -0.140658790 0.026122771 -0.051898332 -0.006749897 0.998287836
54.368587000 0.188539563 -0.016070856 -0.114610382 0.025228129 -0.049226665 -0.006021862 0.998450807
54.469023000 0.191482258 -0.017425618 -0.099164187 0.026287113 -0.041322368 0.002022529 0.998797957
54.569235000 0.186084452 0.005237605 -0.116399987 0.028909084 -0.027855219 0.003948551 0.999186049
54.668973000 0.188448758 0.018589620 -0.108806149 0.027825311 -0.028419096 0.003893099 0.999201156
54.769583000 0.148447512 0.058993841 -0.211162809 0.027982266 -0.027440986 0.003853558 0.999224267
54.869942000 0.133880891 0.099611133 -0.187844411 0.028220546 -0.027470186 0.004059596 0.999215947
54.969943000 0.125547151 0.115456186 -0.224176272 0.028352650 -0.027674435 0.004032211 0.999206682
55.069491000 0.115931168 0.124974496 -0.254734241 0.028617540 -0.027308998 0.004254354 0.999208264
55.168727000 0.128641208 0.121523060 -0.222353245 0.028150158 -0.027532939 0.004453776 0.999214526
55.267736000 0.115932869 0.126372753 -0.248133470 0.028178750 -0.027636816 0.004441661 0.999210907
55.366791000 0.115932869 0.126372753 -0.248133470 0.028178750 -0.027636816 0.004441661 0.999210907
55.466039000 0.115932869 0.126372753 -0.248133470 0.028178750 -0.027636816 0.004441661 0.999210907
55.565571000 0.115932869 0.126372753 -0.248133470 0.028178750 -0.027636816 0.004441661 0.999210907
55.665409000 0.115932869 0.126372753 -0.248133470 0.028178750 -0.027636816 0.004441661 0.999210907
55.765523000 0.115932869 0.126372753 -0.248133470 0.028178750 -0.027636816 0.004441661 0.999210907
55.865850000 0.115932869 0.126372753 -0.248133470 0.028178750 -0.027636816 0.004441661 0.999210907
55.966209000 0.115932869 0.126372753 -0.248133470 0.028178750 -0.027636816 0.004441661 0.999210907
56.066512000 0.115932869 0.126372753 -0.248133470 0.028178750 -0.027636816 0.004441661 0.999210907
56.166955000 0.115932869 0.126372753 -0.248133470 0.028178750 -0.027636816 0.004441661 0.999210907
56.267250000 0.115932869 0.126372753 -0.248133470 0.028178750 -0.027636816 0.004441661 0.999210907
56.367372000 0.123808962 0.112837648 -0.211254433 0.028179749 -0.027901442 0.004382127 0.999203787
56.467305000 0.129487946 0.121181892 -0.240582481 0.028390403 -0.027350541 0.005835095 0.999205627
56.567132000 0.129487946 0.121181892 -0.240582481 0.028390403 -0.027350541 0.005835095 0.999205627
56.666955000 0.129487946 0.121181892 -0.240582481 0.028390403 -0.027350541 0.005835095 0.999205627
56.766748000 0.129487946 0.121181892 -0.240582481 0.028390403 -0.027350541 0.005835095 0.999205627
56.866520000 0.129487946 0.121181892 -0.240582481 0.028390403 -0.027350541 0.005835095 0.999205627
56.966354000 0.129487946 0.121181892 -0.240582481 0.028390403 -0.027350541 0.005835095 0.999205627
