0.065342000 0.009072000 -0.010528000 0.006218000 -0.000035000 0.000029000 -0.000165000 0.999999985
0.165343000 0.009072000 -0.010528000 0.006218000 -0.000035000 0.000029000 -0.000165000 0.999999985
0.265258000 0.009072000 -0.010528000 0.006218000 -0.000035000 0.000029000 -0.000165000 0.999999985
0.365208000 0.009072000 -0.010528000 0.006218000 -0.000035000 0.000029000 -0.000165000 0.999999985
0.465196000 0.009072000 -0.010528000 0.006218000 -0.000035000 0.000029000 -0.000165000 0.999999985
0.565255000 0.009072000 -0.010528000 0.006218000 -0.000035000 0.000029000 -0.000165000 0.999999985
0.665338000 0.009072000 -0.010528000 0.006218000 -0.000035000 0.000029000 -0.000165000 0.999999985
0.765444000 0.009072000 -0.010528000 0.006218000 -0.000035000 0.000029000 -0.000165000 0.999999985
0.865505000 0.009072000 -0.010528000 0.006218000 -0.000035000 0.000029000 -0.000165000 0.999999985
0.965496000 0.009072000 -0.010528000 0.006218000 -0.000035000 0.000029000 -0.000165000 0.999999985
1.065447000 0.009072000 -0.010528000 0.006218000 -0.000035000 0.000029000 -0.000165000 0.999999985
1.165457000 0.009072000 -0.010528000 0.006218000 -0.000035000 0.000029000 -0.000165000 0.999999985
1.265385000 0.009072000 -0.010528000 0.006218000 -0.000035000 0.000029000 -0.000165000 0.999999985
1.365333000 0.009072000 -0.010528000 0.006218000 -0.000035000 0.000029000 -0.000165000 0.999999985
1.465337000 0.009072000 -0.010528000 0.006218000 -0.000035000 0.000029000 -0.000165000 0.999999985
1.565355000 0.009072000 -0.010528000 0.006218000 -0.000035000 0.000029000 -0.000165000 0.999999985
1.665394000 0.009072000 -0.010528000 0.006218000 -0.000035000 0.000029000 -0.000165000 0.999999985
1.765431000 0.009072000 -0.010528000 0.006218000 -0.000035000 0.000029000 -0.000165000 0.999999985
1.865431000 0.009072000 -0.010528000 0.006218000 -0.000035000 0.000029000 -0.000165000 0.999999985
1.965417000 0.009072000 -0.010528000 0.006218000 -0.000035000 0.000029000 -0.000165000 0.999999985
2.065379000 0.009072000 -0.010528000 0.006218000 -0.000035000 0.000029000 -0.000165000 0.999999985
2.165472000 0.009072000 -0.010528000 0.006218000 -0.000035000 0.000029000 -0.000165000 0.999999985
2.265517000 0.009072000 -0.010528000 0.006218000 -0.000035000 0.000029000 -0.000165000 0.999999985
2.365615000 0.009072000 -0.010528000 0.006218000 -0.000035000 0.000029000 -0.000165000 0.999999985
2.465688000 0.009072000 -0.010528000 0.006218000 -0.000035000 0.000029000 -0.000165000 0.999999985
2.565694000 0.009072000 -0.010528000 0.006218000 -0.000035000 0.000029000 -0.000165000 0.999999985
2.665626000 0.009072000 -0.010528000 0.006218000 -0.000035000 0.000029000 -0.000165000 0.999999985
2.765480000 0.009072000 -0.010528000 0.006218000 -0.000035000 0.000029000 -0.000165000 0.999999985
2.865305000 0.009072000 -0.010528000 0.006218000 -0.000035000 0.000029000 -0.000165000 0.999999985
2.965135000 0.005091757 -0.009427836 -0.005656650 -0.000026936 -0.000726346 -0.000347768 0.999999675
3.065036000 0.001892070 -0.011968821 -0.001034803 0.000074687 -0.000908762 -0.000128208 0.999999576
3.165080000 0.001892070 -0.011968821 -0.001034803 0.000074687 -0.000908762 -0.000128208 0.999999576
3.265104000 0.000246435 -0.013272368 0.002312069 0.000157009 -0.000888394 -0.000425216 0.999999503
3.365186000 -0.001123064 -0.014357182 0.005097340 0.000225518 -0.000871444 -0.000672388 0.999999369
3.465288000 -0.001123064 -0.014357182 0.005097340 0.000225518 -0.000871444 -0.000672388 0.999999369
3.565400000 -0.001123064 -0.014357182 0.005097340 0.000225518 -0.000871444 -0.000672388 0.999999369
3.665486000 -0.001123064 -0.014357182 0.005097340 0.000225518 -0.000871444 -0.000672388 0.999999369
3.765567000 -0.003238990 -0.016038286 0.007182786 0.000328673 -0.000976150 -0.000520265 0.999999334
3.865595000 -0.006224193 -0.021476138 0.008472227 0.000858440 -0.001272047 0.000143806 0.999998812
3.965591000 -0.006036170 -0.021211665 0.007245488 0.000920882 -0.001199641 -0.000434745 0.999998762
4.065531000 -0.007805997 -0.020595405 0.008250830 0.000829324 -0.001348198 -0.000994017 0.999998253
4.165534000 -0.008511153 -0.017045678 0.010476142 0.000574655 -0.001211262 -0.000953192 0.999998647
4.265424000 -0.008511153 -0.017045678 0.010476142 0.000574655 -0.001211262 -0.000953192 0.999998647
4.365315000 -0.008511153 -0.017045678 0.010476142 0.000574655 -0.001211262 -0.000953192 0.999998647
4.465255000 -0.004101409 -0.017828201 0.011002764 0.000491090 -0.001091085 -0.000987369 0.999998797
4.565249000 -0.004101409 -0.017828201 0.011002764 0.000491090 -0.001091085 -0.000987369 0.999998797
4.665313000 0.011436549 -0.014920193 -0.006019754 0.000528022 -0.000909497 -0.000433379 0.999999353
4.765391000 0.013399577 -0.014552803 -0.008170337 0.000532687 -0.000886555 -0.000363389 0.999999399
4.865516000 0.013399577 -0.014552803 -0.008170337 0.000532687 -0.000886555 -0.000363389 0.999999399
4.965507000 0.013399577 -0.014552803 -0.008170337 0.000532687 -0.000886555 -0.000363389 0.999999399
5.065643000 0.013399577 -0.014552803 -0.008170337 0.000532687 -0.000886555 -0.000363389 0.999999399
5.165951000 0.013399577 -0.014552803 -0.008170337 0.000532687 -0.000886555 -0.000363389 0.999999399
5.266121000 0.013399577 -0.014552803 -0.008170337 0.000532687 -0.000886555 -0.000363389 0.999999399
5.366190000 0.013496025 -0.014411783 -0.008371686 0.000561810 -0.000967292 -0.000329403 0.999999320
5.466203000 0.016137861 -0.011206700 -0.002887782 0.000871296 -0.002378552 -0.000122742 0.999996784
5.566125000 0.020828964 -0.033009069 0.044745147 0.001421790 -0.005877701 -0.000504682 0.999981588
5.666080000 0.023185249 -0.046939885 0.068372770 0.002149253 -0.014069420 -0.002414653 0.999895795
5.766098000 0.025622209 -0.044170035 0.066638693 0.002766424 -0.022392474 -0.004353470 0.999735951
5.866079000 0.022700874 -0.036703410 0.067112678 0.002753335 -0.028729214 -0.005975734 0.999565577
5.966076000 0.024035644 -0.042143048 0.065585418 0.002475591 -0.037044866 -0.008461530 0.999274713
6.066371000 0.016820427 -0.046139834 0.075588898 0.004438903 -0.044673172 -0.010772207 0.998933713
6.167130000 0.013435368 -0.059545916 0.110054148 0.007131401 -0.050743126 -0.013474372 0.998595373
6.267914000 0.016828899 -0.066135077 0.136412940 0.007743811 -0.052194776 -0.012708231 0.998526034
6.368629000 0.008784212 -0.066435971 0.089846150 0.005281791 -0.053920501 -0.015356152 0.998413176
6.469516000 -0.002705167 -0.068950967 0.016766173 0.004154580 -0.055239734 -0.016734713 0.998324226
6.570368000 -0.000799842 -0.100857688 0.037632423 0.003533692 -0.054162155 -0.022028441 0.998282887
6.670993000 -0.004956702 -0.146905734 0.074048706 0.000953284 -0.049483271 -0.036405087 0.998110799
6.771279000 -0.004616858 -0.193604949 0.095443598 -0.002178395 -0.045868868 -0.041376958 0.998087796
6.871285000 -0.001074749 -0.228067939 0.109716809 -0.001624991 -0.046768406 -0.028777996 0.998489811
6.971115000 0.009034259 -0.276813856 0.127557337 -0.000736682 -0.047291388 -0.018280134 0.998713582
7.070994000 0.017634440 -0.326111299 0.147023861 -0.001070169 -0.047506211 -0.015213509 0.998754506
7.171136000 0.024720536 -0.368969514 0.167178449 -0.002204932 -0.047763297 -0.013104386 0.998770284
7.271368000 0.028749948 -0.412765221 0.185466790 -0.001789089 -0.047576719 -0.014094619 0.998766538
7.371613000 0.032907561 -0.459474481 0.205346660 -0.003855955 -0.046838092 -0.014470634 0.998790231
7.471789000 0.032949068 -0.510417650 0.223114799 -0.031524064 -0.046803418 -0.013205885 0.998319227
7.571761000 0.031090331 -0.549559347 0.239167594 -0.056327467 -0.046480482 -0.013706191 0.997235640
7.671541000 0.028631655 -0.569572743 0.248159835 -0.063409347 -0.045045328 -0.018710252 0.996794914
7.771162000 0.028448602 -0.591941487 0.250982189 -0.054586149 -0.044467299 -0.019013795 0.997337198
7.870738000 0.024971751 -0.612882708 0.241380799 -0.043127750 -0.045088489 -0.015406394 0.997932697
7.970470000 0.023158128 -0.633709423 0.220735886 -0.031836911 -0.045014614 -0.013132519 0.998392524
8.070540000 0.020684606 -0.653148727 0.194449574 -0.017035520 -0.044565387 -0.012324016 0.998785180
8.170917000 0.008629596 -0.672251055 0.145598155 -0.008290712 -0.044211102 -0.012109138 0.998914416
8.271215000 0.048120328 -0.734520407 0.178915662 -0.005133966 -0.044668928 -0.011584304 0.998921485
8.371414000 0.044036887 -0.752068284 0.162586781 -0.001090542 -0.043502700 -0.016988427 0.998908264
8.471664000 0.034676800 -0.779602834 0.132168661 0.010141394 -0.040262922 -0.028335569 0.998735773
8.571804000 0.025231245 -0.811273854 0.106631548 0.019578133 -0.037583129 -0.038099389 0.998375001
8.671731000 0.026465370 -0.832977016 0.081970661 0.019078826 -0.037143205 -0.035657310 0.998491330
8.771611000 0.033648038 -0.864132340 0.077245053 0.018951626 -0.040195393 -0.023642413 0.998732298
8.871588000 0.044682943 -0.898063763 0.079205088 0.017191803 -0.042844762 -0.016041585 0.998805004
8.971692000 0.052570420 -0.936339711 0.084736032 0.015321502 -0.044018211 -0.012484641 0.998835213
9.071848000 0.059407483 -0.977525914 0.094577577 0.009095862 -0.044677595 -0.011148755 0.998897834
9.171938000 0.065656552 -1.021772331 0.101567417 0.008866791 -0.045037175 -0.010949340 0.998885952
9.271789000 0.070640067 -1.067974410 0.116862693 0.008983740 -0.044979971 -0.011171882 0.998885020
9.371429000 0.072525870 -1.116210767 0.132136275 0.012466870 -0.044450579 -0.012029512 0.998861359
9.471095000 0.076995618 -1.167782701 0.159342799 0.014203164 -0.044649733 -0.011043809 0.998840681
9.570960000 0.077596836 -1.219862396 0.187722133 0.008222011 -0.044721087 -0.011150374 0.998903445
9.670957000 0.078188798 -1.271557694 0.218533021 0.003497183 -0.044827632 -0.010967757 0.998928407
9.770914000 0.078693701 -1.323733155 0.251467986 0.003346237 -0.044674582 -0.010824757 0.998937340
9.870697000 0.078670095 -1.375992819 0.285408836 0.000726586 -0.043144226 -0.015792387 0.998943766
9.970450000 0.077398844 -1.420937453 0.325696364 -0.001364166 -0.040560390 -0.024810474 0.998868076
10.070385000 0.078890415 -1.466120489 0.364983700 -0.006263722 -0.033730323 -0.045528497 0.998373771
10.170543000 0.084001114 -1.508484760 0.408773948 -0.010587436 -0.025208219 -0.072511298 0.996992760
10.270761000 0.104831084 -1.540158941 0.448654030 -0.012064293 -0.017853549 -0.091096190 0.995608953
10.370965000 0.147109094 -1.560557520 0.510661618 -0.012949863 -0.015964841 -0.082844798 0.996350422
10.471059000 0.189840828 -1.574698520 0.544593083 -0.010600450 -0.014819797 -0.065842523 0.997663654
10.570878000 0.247726049 -1.582496882 0.593771983 -0.009054120 -0.016571551 -0.041343953 0.998966508
10.670534000 0.309972956 -1.584907398 0.642831452 -0.009798876 -0.021983401 -0.017100485 0.999564048
10.770210000 0.371857926 -1.587138115 0.694209028 -0.009468671 -0.026104437 -0.007459838 0.999586541
10.869948000 0.428825546 -1.588344986 0.745299558 -0.009230095 -0.030373516 -0.004340654 0.999486575
10.969808000 0.485151135 -1.593591971 0.792150354 -0.009152965 -0.035184073 -0.004730132 0.999327739
11.069763000 0.535503687 -1.606727095 0.837260525 -0.008670905 -0.039655066 -0.006065121 0.999157398
11.169931000 0.584156187 -1.622950316 0.879929011 -0.008674392 -0.043464107 -0.007473647 0.998989375
11.269947000 0.633176455 -1.643376311 0.926294467 -0.008239235 -0.046443885 -0.008385840 0.998851720
11.369887000 0.678156049 -1.665285555 0.969029405 -0.008050647 -0.047172014 -0.009159102 0.998812344
11.469670000 0.721206305 -1.686457702 1.013087556 -0.008065977 -0.046584399 -0.009197899 0.998839443
11.569473000 0.762126688 -1.708313546 1.052559927 -0.008042148 -0.044643707 -0.006967402 0.998946304
11.669295000 0.800920333 -1.724771731 1.097668288 -0.012022163 -0.046102643 0.011331514 0.998800085
11.769154000 0.832858794 -1.737668018 1.148838404 -0.012751030 -0.041206288 0.012316936 0.998993366
11.869126000 0.862947553 -1.749119193 1.196515620 -0.011132144 -0.033349599 0.007475423 0.999353790
11.969080000 0.886726045 -1.757532845 1.241595989 -0.008946464 -0.024472308 0.002588707 0.999657124
12.069056000 0.908568314 -1.761844642 1.286226084 -0.008540203 -0.016992806 0.000336448 0.999819082
12.169159000 0.929216826 -1.760976712 1.336918109 -0.014916793 -0.011343009 0.001281285 0.999823576
12.269086000 0.949364076 -1.760239222 1.389475743 -0.026072844 -0.007014637 0.001296837 0.999634593
12.369185000 0.962852855 -1.755344079 1.431754457 -0.036473475 -0.005762481 0.002091127 0.999315819
12.469487000 0.979076338 -1.752845642 1.466244043 -0.026005030 -0.005622674 0.001793492 0.999644390
12.569817000 0.993207020 -1.752798473 1.495277836 -0.017020084 -0.005675801 0.001645688 0.999837684
12.670282000 1.006200664 -1.758237364 1.524754330 -0.012338202 -0.006098338 0.000716854 0.999905028
12.770842000 1.012885730 -1.765295890 1.531631613 -0.010977737 -0.006605720 0.001088047 0.999917332
12.871327000 1.026144494 -1.782216209 1.567257125 -0.011785794 -0.007805221 0.000863230 0.999899709
12.971634000 1.031915043 -1.792065517 1.576453357 -0.011315462 -0.008055241 0.001256632 0.999902742
13.071809000 1.042077017 -1.808425838 1.606245584 -0.011773837 -0.008440616 0.001446450 0.999894015
13.171960000 1.052368995 -1.826173493 1.636618854 -0.011603314 -0.010202174 0.000668866 0.999880409
13.271925000 1.058484393 -1.846551042 1.665987507 -0.011985296 -0.009764019 -0.008339657 0.999845721
13.371883000 1.073690725 -1.872128417 1.737540617 -0.011062313 -0.008736157 -0.015124475 0.999786255
13.471768000 1.084839067 -1.890363400 1.770014198 -0.009434108 -0.011402992 -0.006161382 0.999871495
13.571604000 1.094428747 -1.911677051 1.797615130 -0.009857596 -0.012126538 -0.002362386 0.999875089
13.671390000 1.096872111 -1.929729906 1.815787501 -0.008358933 -0.012355329 -0.000014459 0.999888731
13.771060000 1.107525089 -1.954455935 1.855221274 -0.009116424 -0.010843397 0.001404052 0.999898665
13.870733000 1.115023919 -1.972293532 1.892758220 -0.007839586 -0.009155663 0.001631173 0.999926024
13.970369000 1.116633788 -1.995808474 1.919884540 -0.001927264 -0.007246664 0.002628470 0.999968431
14.070028000 1.119613419 -2.018845592 1.949939322 0.002444304 -0.004190234 0.002569830 0.999984932
14.169973000 1.122429390 -2.044781194 1.990072805 0.004137473 -0.000970885 0.004019141 0.999982892
14.270000000 1.123331650 -2.071746760 2.031800923 0.000154331 0.003536317 0.005541695 0.999978380
14.370138000 1.120884400 -2.091847352 2.073505851 -0.006802533 0.009155614 0.007560784 0.999906363
14.470316000 1.116674631 -2.107131237 2.118128028 -0.009136604 0.016319127 0.008943426 0.999785089
14.570361000 1.113182872 -2.120576404 2.167524908 -0.011600812 0.023253830 0.011761063 0.999593096
14.670168000 1.107694103 -2.131676610 2.212976437 -0.011862293 0.030491735 0.014994534 0.999352142
14.769977000 1.100742889 -2.142229005 2.260255226 -0.012516299 0.038640499 0.016442021 0.999039496
14.869916000 1.093348873 -2.152703156 2.309067061 -0.017429128 0.045989249 0.018689033 0.998615008
14.970099000 1.085621993 -2.164299984 2.355125829 -0.030799111 0.052059860 0.019155791 0.997985091
15.070584000 1.076596654 -2.180116489 2.396170840 -0.038991310 0.055968670 0.019837538 0.997473638
15.171197000 1.067226364 -2.197251110 2.428719293 -0.043715676 0.059789206 0.020445632 0.997043713
15.271608000 1.057004214 -2.217710279 2.453663017 -0.045954752 0.064307227 0.020106280 0.996668691
15.371633000 1.049291830 -2.238287199 2.472887249 -0.044277146 0.068674998 0.026624132 0.996300374
15.471121000 1.039624952 -2.254020447 2.480012755 -0.039166863 0.070660481 0.045272884 0.995702475
15.570258000 1.022915199 -2.266816842 2.485724731 -0.034371581 0.077233560 0.051516512 0.995087745
15.669549000 1.003775214 -2.270475454 2.491638663 -0.033964231 0.085667787 0.056701132 0.994128987
15.769314000 0.980829600 -2.269786914 2.495456013 -0.036523620 0.095277141 0.059498103 0.992999631
15.869533000 0.954730503 -2.256303805 2.496975214 -0.038089889 0.106034179 0.062668036 0.991654491
15.970106000 0.923100845 -2.239738187 2.496884134 -0.041118627 0.115187058 0.066331829 0.990273340
16.070691000 0.886148800 -2.213237108 2.499511156 -0.043556007 0.120872702 0.070555725 0.989198946
16.171177000 0.843462765 -2.190363444 2.482285277 -0.040927656 0.126581373 0.064715364 0.988996463
16.271372000 0.795502464 -2.170015431 2.464282717 -0.032303809 0.132218181 0.054047623 0.989218718
16.371544000 0.749328283 -2.154321568 2.441625053 -0.024467989 0.135926186 0.047809777 0.989262157
16.471676000 0.701906344 -2.144285895 2.415085691 -0.019882147 0.138125030 0.045248539 0.989180846
16.571591000 0.655640910 -2.137309553 2.385442164 -0.017698815 0.139945756 0.044605568 0.988995592
16.671364000 0.609336316 -2.136560019 2.355571030 -0.016403372 0.141349167 0.043963087 0.988847101
16.771007000 0.562897719 -2.138569053 2.322235782 -0.011768153 0.142532549 0.044985951 0.988697248
16.870416000 0.518314060 -2.146544013 2.292513438 -0.009677181 0.143910081 0.046770628 0.988437529
16.969794000 0.472486466 -2.158395310 2.266516075 -0.009298668 0.145472745 0.048874842 0.988110553
17.069148000 0.425016578 -2.170246396 2.243861388 -0.009714862 0.147614188 0.050456915 0.987709356
17.168755000 0.377434586 -2.181825279 2.218389561 -0.010045148 0.150195861 0.051820337 0.987246145
17.268414000 0.332094690 -2.196949056 2.193976609 -0.010504453 0.153099335 0.052183877 0.986776111
17.368390000 0.282782715 -2.212764893 2.173506889 -0.011241888 0.154765942 0.054537702 0.986380638
17.468515000 0.247248447 -2.229082202 2.183231453 -0.014698528 0.146920587 0.072910165 0.986348013
17.568853000 0.242232938 -2.234320797 2.177665492 -0.014889985 0.143376508 0.075143798 0.986698979
17.669235000 0.199898124 -2.243427843 2.127356882 -0.013913257 0.139787981 0.065638655 0.987905516
17.769574000 0.138746944 -2.254543298 2.106581205 -0.013985868 0.136824731 0.055196107 0.988957420
17.869891000 0.077774480 -2.263057617 2.085870501 -0.012736764 0.133792139 0.049391318 0.989695881
17.970157000 0.019479247 -2.265483509 2.066903172 -0.013411950 0.127767072 0.045514966 0.990668503
18.070463000 -0.044655709 -2.267941111 2.048878081 -0.011667212 0.119572742 0.035050130 0.992137956
18.170873000 -0.107905615 -2.283056517 2.025913229 -0.028809471 0.116681118 -0.000255093 0.992751462
18.271137000 -0.162543750 -2.287291460 2.003374032 -0.055577948 0.115216610 -0.043175029 0.990844156
18.371118000 -0.195108232 -2.289077536 1.973940309 -0.061941640 0.108778601 -0.060607840 0.990281343
18.470790000 -0.211938367 -2.289563473 1.947803513 -0.060061769 0.096970614 -0.056743162 0.991851550
18.570396000 -0.211711985 -2.290394269 1.916273099 -0.057023620 0.083465030 -0.047604276 0.993738260
18.670004000 -0.199862928 -2.292079632 1.879894464 -0.049492814 0.071894303 -0.033275011 0.995627663
18.769538000 -0.173468816 -2.294811006 1.832952028 -0.033575890 0.061354074 -0.009094734 0.997509711
18.869150000 -0.145214300 -2.305618649 1.781717115 -0.019527613 0.054127486 0.009837090 0.998294605
18.968958000 -0.119140019 -2.321241948 1.729764473 -0.016036887 0.050986828 0.016822472 0.998428849
19.068969000 -0.093947699 -2.338462147 1.675821212 -0.011385622 0.050434983 0.021624498 0.998428295
19.169051000 -0.074328037 -2.346675917 1.636172497 -0.011514450 0.050925657 0.022769725 0.998376449
19.269261000 -0.068101842 -2.354732872 1.601825572 -0.011381714 0.051534823 0.023848296 0.998321530
19.369589000 -0.073272227 -2.368169196 1.598694049 -0.011257848 0.053214090 0.024899927 0.998209154
19.469752000 -0.052201040 -2.371290385 1.557224657 0.001943547 0.054748682 0.025605604 0.998169904
19.569611000 -0.032845986 -2.365630377 1.519520830 0.022411976 0.055712472 0.027270811 0.997822693
19.669091000 -0.018153855 -2.357232333 1.491620828 0.032964084 0.056449273 0.027454958 0.997483370
19.768578000 -0.008251748 -2.348545859 1.473145370 0.038337117 0.058245213 0.022546311 0.997311097
19.868147000 0.002075474 -2.343163650 1.465673787 0.035679260 0.062759276 0.006576508 0.997369046
19.967863000 0.012107357 -2.343424603 1.474917588 0.019920244 0.068836111 -0.015150989 0.997314003
20.067791000 0.027132050 -2.341891142 1.485611449 0.002872848 0.069517943 -0.015231444 0.997460278
20.168192000 0.050967720 -2.338932355 1.503761446 -0.005686004 0.067088111 -0.005712696 0.997714498
20.268860000 0.079540102 -2.339503601 1.521372894 -0.010018664 0.062616532 0.010105798 0.997936205
20.369665000 0.111566623 -2.340561864 1.538125860 -0.013193986 0.060290880 0.017732369 0.997936116
20.470333000 0.141966348 -2.344991411 1.554834728 -0.013653651 0.059735930 0.019997584 0.997920484
20.570632000 0.170014692 -2.350436911 1.571795561 -0.013422494 0.059059915 0.022633259 0.997907560
20.670779000 0.199861504 -2.360614494 1.587059260 -0.013743242 0.059050187 0.022995312 0.997895493
20.770893000 0.216205349 -2.372257052 1.612372624 -0.012113783 0.061254227 0.015190271 0.997933080
20.870837000 0.239009513 -2.383693656 1.606468333 -0.011038074 0.065770438 0.000389019 0.997773651
20.970675000 0.260941814 -2.399624162 1.624412161 -0.011025003 0.067623471 -0.004367868 0.997640435
21.070430000 0.292249472 -2.411691910 1.640804971 -0.012311300 0.064977267 0.007812279 0.997780214
21.170198000 0.322158036 -2.425361194 1.657896263 -0.010958395 0.062187040 0.017491473 0.997851058
21.269832000 0.351715496 -2.440128493 1.675868116 -0.009371686 0.061006154 0.021376471 0.997864453
21.369358000 0.379197898 -2.458687686 1.691770418 -0.009819910 0.060210149 0.022419216 0.997885608
21.468779000 0.405681085 -2.477271212 1.705814873 -0.010855087 0.059731600 0.021431522 0.997925344
21.568150000 0.432113345 -2.494749578 1.718729709 -0.009608604 0.059408885 0.022659426 0.997930263
21.667843000 0.454914624 -2.514118700 1.738401597 -0.010477124 0.058550515 0.022858443 0.997967714
21.768285000 0.477642559 -2.532261829 1.753209077 -0.009776707 0.058121821 0.023244679 0.997990959
21.869213000 0.492936842 -2.549159584 1.768952228 -0.010230504 0.057960848 0.022551660 0.998011673
21.970125000 0.512579577 -2.568506923 1.786570041 -0.011812753 0.056901322 0.021553908 0.998077215
22.070867000 0.526076471 -2.580447890 1.798220001 -0.011767549 0.056508061 0.021210505 0.998107448
22.171290000 0.560775841 -2.595517835 1.811028794 -0.011512604 0.056459960 0.020997090 0.998117656
22.271212000 0.579075223 -2.599276551 1.838513478 -0.011610050 0.056026875 0.020891625 0.998143144
22.370789000 0.594570132 -2.599669641 1.855889654 -0.011059558 0.057632564 0.014345977 0.998173515
22.470085000 0.609145395 -2.595911854 1.882011579 -0.010393161 0.060735447 0.003914696 0.998092111
22.569302000 0.626520858 -2.589052629 1.896801098 -0.009306142 0.062231397 0.000698623 0.998018116
22.668604000 0.645557187 -2.574961416 1.919123856 -0.009093285 0.059869408 0.008082839 0.998132072
22.768067000 0.666098810 -2.560342640 1.953214768 -0.006203514 0.058703334 0.011460153 0.998190413
22.867767000 0.687709587 -2.546407754 1.985523973 -0.005040052 0.057850493 0.014258044 0.998210712
22.967781000 0.707986488 -2.534341979 2.023288272 -0.006361583 0.056693761 0.017039003 0.998225936
23.068008000 0.730591902 -2.526597208 2.068357892 -0.008709102 0.056877344 0.015435296 0.998223858
23.168587000 0.750930370 -2.517904681 2.104850156 -0.008222223 0.057033052 0.014875155 0.998227607
23.269240000 0.771122093 -2.509147347 2.131191060 -0.005206553 0.057869857 0.014724169 0.998201969
23.369691000 0.795880639 -2.507939459 2.163090263 -0.008005061 0.057845011 0.014994591 0.998180863
23.469929000 0.819534730 -2.509384140 2.196121536 -0.010077685 0.057726288 0.017274189 0.998132115
23.569977000 0.839868362 -2.513342719 2.211580888 -0.009496490 0.057847923 0.017728432 0.998122807
23.669884000 0.857006569 -2.510768938 2.245921020 -0.010130497 0.057666730 0.019488545 0.998094243
23.769756000 0.878312276 -2.510278648 2.279577118 -0.010619847 0.057231104 0.020756761 0.998088662
23.869706000 0.894558233 -2.507048919 2.289194838 -0.009904484 0.056713033 0.021103169 0.998118324
23.969792000 0.891160117 -2.505197937 2.277071478 -0.008237013 0.060612712 0.003751738 0.998120321
24.070009000 0.920977258 -2.510571664 2.336835062 -0.007807396 0.062002898 0.001722309 0.998043946
24.170146000 0.944020243 -2.507940055 2.377070968 -0.008641229 0.060163434 0.008793922 0.998112397
24.270024000 0.969545478 -2.510532423 2.399272603 -0.009076949 0.060940537 0.008905744 0.998060393
24.369690000 0.966048487 -2.513929302 2.460735078 -0.009034851 0.061187203 0.015528451 0.997964611
24.469281000 0.990893465 -2.513856344 2.488675199 -0.009756200 0.064219011 0.019975164 0.997688192
24.568896000 1.017928405 -2.508673535 2.520727684 -0.007300836 0.069237534 0.022510471 0.997319478
24.668790000 1.039923081 -2.505117865 2.565522200 -0.006395473 0.074401832 0.025043693 0.996893314
24.768864000 1.062086651 -2.503510141 2.607938885 -0.006916596 0.080255717 0.026129383 0.996407766
24.869066000 1.082835485 -2.497504023 2.655715063 -0.004526648 0.084318438 0.028436223 0.996022737
24.969190000 1.102295032 -2.522139580 2.691255686 -0.004704210 0.088582156 0.028562568 0.995648157
25.069130000 1.108583832 -2.599250159 2.711024995 -0.000007782 0.094672928 0.022833320 0.995246540
25.169165000 1.126530081 -2.607809185 2.762731432 -0.001501352 0.103673121 0.009936465 0.994560655
25.269221000 1.148466806 -2.612481352 2.808962244 -0.002202501 0.110920511 0.011483636 0.993760492
25.369382000 1.173784122 -2.615524936 2.857414438 -0.004445072 0.115100220 0.024528078 0.993041064
25.469698000 1.200786224 -2.620891381 2.905874454 -0.005230043 0.121975450 0.033034195 0.991969444
25.569802000 1.229536856 -2.635274303 2.951328832 -0.004559959 0.128511763 0.038205970 0.990961269
25.669703000 1.256456273 -2.645840890 3.001379462 -0.006370413 0.136173005 0.039560010 0.989874404
25.769513000 1.284926642 -2.662490692 3.043230406 -0.006861917 0.143288464 0.043162521 0.988715493
25.869272000 1.309849713 -2.675787787 3.086490335 -0.007525598 0.150771119 0.047599407 0.987393403
25.969016000 1.336115787 -2.686531625 3.142517413 -0.008108254 0.159372449 0.050842078 0.985875125
26.068870000 1.360977473 -2.692291547 3.196402514 -0.007849361 0.168491171 0.054064812 0.984188046
26.168953000 1.383497916 -2.696068544 3.252091288 -0.008077331 0.178229637 0.060701269 0.982081620
26.268935000 1.405987367 -2.700919363 3.303635443 -0.013542626 0.182261484 0.087652889 0.979241706
26.368785000 1.421718184 -2.704713351 3.351223597 -0.018859886 0.186465582 0.109085776 0.976204479
26.468584000 1.427698376 -2.711965235 3.396220074 -0.029221046 0.189873739 0.127202289 0.973094893
26.568646000 1.420693739 -2.713592060 3.431625848 -0.040633479 0.194639175 0.134059785 0.970820522
26.669111000 1.402712669 -2.705014254 3.465479220 -0.033939745 0.201474623 0.127436794 0.970575053
26.769650000 1.375067554 -2.702425587 3.483158319 -0.022914471 0.210550860 0.109671003 0.971141356
26.869925000 1.340589785 -2.694372312 3.491108524 -0.017182891 0.217195776 0.101077593 0.970728625
26.969909000 1.302025791 -2.683944936 3.497427322 -0.014143381 0.221793415 0.095278911 0.970324469
27.069508000 1.257750447 -2.676189121 3.506745265 -0.010029567 0.227969241 0.081969105 0.970160038
27.168870000 1.215189721 -2.664828704 3.517806358 -0.008261993 0.232427188 0.075257829 0.969662622
27.268083000 1.175021067 -2.655595326 3.517765574 -0.007223042 0.235506097 0.073417262 0.969068941
27.367329000 1.131844391 -2.644600103 3.526272828 -0.007353150 0.238016470 0.072960555 0.968488951
27.466795000 1.091217100 -2.640493833 3.526336608 -0.006297965 0.240236103 0.073150783 0.967933837
27.566623000 1.049585970 -2.641027370 3.523432971 -0.005997983 0.243255495 0.074856424 0.967050828
27.666744000 1.009083014 -2.643815348 3.526481404 -0.007718734 0.246258191 0.076145858 0.966177589
27.767213000 0.965846013 -2.647996640 3.530402158 -0.013633977 0.249377266 0.075546439 0.965358912
27.867856000 0.922689327 -2.654324116 3.540213746 -0.017534476 0.251728719 0.075808308 0.964664861
27.968290000 0.880631392 -2.667217959 3.548880815 -0.022511299 0.254445399 0.075704051 0.963856668
28.068615000 0.840935585 -2.680308184 3.552279682 -0.024478431 0.255755756 0.076159656 0.963425921
28.168965000 0.803986387 -2.699584909 3.549121189 -0.025793120 0.256884107 0.075730171 0.963125232
28.269175000 0.768394060 -2.721992186 3.536390275 -0.028039938 0.257727231 0.075552767 0.962851087
28.369304000 0.735834199 -2.751127267 3.520657524 -0.028742162 0.258493998 0.075509477 0.962628205
28.469326000 0.704057894 -2.780789225 3.508828094 -0.032474292 0.259217718 0.074623684 0.962383968
28.569343000 0.673187547 -2.810596217 3.492440183 -0.036896255 0.259845383 0.073066311 0.962174806
28.669172000 0.644965416 -2.841778471 3.469613553 -0.038672045 0.260452553 0.072854462 0.961956947
28.768920000 0.617792019 -2.876799109 3.441359568 -0.044452790 0.261185583 0.071170060 0.961634475
28.868707000 0.595895612 -2.907875789 3.409242228 -0.055492323 0.262002576 0.068168893 0.961055802
28.968623000 0.580241823 -2.929703512 3.372095245 -0.060834502 0.262654553 0.066614332 0.960663458
29.068623000 0.569097911 -2.942942830 3.330102126 -0.064310327 0.263196943 0.066785628 0.960276643
29.168691000 0.561268607 -2.939721539 3.284599663 -0.066586107 0.263885744 0.067382691 0.959890711
29.268514000 0.556955162 -2.931680430 3.230674126 -0.064028391 0.264565691 0.068696301 0.959784444
29.368196000 0.559345505 -2.911031498 3.168065499 -0.060436532 0.265451929 0.069175514 0.959738218
29.467846000 0.563608255 -2.882045264 3.104319517 -0.058139386 0.265610116 0.068935828 0.959853598
29.567521000 0.573995270 -2.851052091 3.029062586 -0.052046625 0.265055936 0.069085721 0.960345596
29.667203000 0.590653102 -2.819222547 2.950607041 -0.037995586 0.262990359 0.072831019 0.961294985
29.767099000 0.606965863 -2.791014346 2.868212146 -0.028442443 0.260363198 0.076013035 0.962093577
29.867306000 0.626418547 -2.764399994 2.779838800 -0.013419101 0.257203116 0.081416982 0.962828001
29.967630000 0.641545078 -2.736367558 2.690650715 -0.001910865 0.255318638 0.085506283 0.963066673
30.068092000 0.656900949 -2.710763971 2.602158923 0.020292702 0.256524564 0.093407174 0.961799591
30.168721000 0.665116544 -2.684755396 2.520983570 0.029201184 0.261024310 0.098246824 0.959875597
30.269151000 0.666735057 -2.660733246 2.447071330 0.028598147 0.267870698 0.100687906 0.957752254
30.369377000 0.657473134 -2.643166728 2.385864305 0.011485745 0.276902298 0.098799611 0.955736277
30.469662000 0.646625242 -2.613243608 2.332918491 0.000337181 0.286302878 0.096640227 0.953252965
30.569919000 0.634102459 -2.580171940 2.264885138 -0.004057146 0.294856833 0.095918226 0.950706412
30.669974000 0.622771040 -2.550708575 2.207410250 -0.005374879 0.301715700 0.095720652 0.948565393
30.769957000 0.608446932 -2.517530492 2.154175693 -0.003560347 0.306689183 0.096504167 0.946898102
30.869739000 0.587783938 -2.487018472 2.100997076 -0.005073892 0.310285520 0.096123747 0.945757568
30.969155000 0.563423824 -2.451583764 2.052750132 0.004971924 0.318178292 0.076826908 0.944899720
31.068472000 0.543970459 -2.417001384 2.007687151 0.009806199 0.325489734 0.058516177 0.943682218
31.167992000 0.537804321 -2.392109543 1.967251371 0.010026433 0.329438567 0.051638947 0.942710518
31.267552000 0.535487935 -2.363787497 1.934627625 0.006294333 0.330061483 0.058252363 0.942139300
31.367457000 0.532954778 -2.340954136 1.911477217 0.002353622 0.329682282 0.066736463 0.941727295
31.467541000 0.540562271 -2.322809455 1.885764343 0.001791557 0.329462426 0.072619636 0.941370112
31.567618000 0.550401389 -2.302146532 1.864377568 -0.003882633 0.326760391 0.087344318 0.941054484
31.667712000 0.558573116 -2.290125926 1.842413306 -0.006044955 0.325013192 0.095786996 0.940826623
31.767770000 0.562016475 -2.279251825 1.823959942 -0.006437008 0.324456639 0.099409966 0.940640268
31.867767000 0.558237926 -2.275685080 1.821570345 -0.006643316 0.324756158 0.100158243 0.940456076
31.967730000 0.572630387 -2.279721833 1.790023054 -0.005374339 0.325105465 0.101411853 0.940209120
32.067807000 0.577863384 -2.274970950 1.768078803 -0.006230764 0.325878435 0.102089140 0.939862879
32.168221000 0.583162832 -2.279626605 1.738034244 -0.006155317 0.327275774 0.101996582 0.939387767
32.268576000 0.578814835 -2.277415442 1.713724372 -0.006024724 0.329211839 0.101959507 0.938715892
32.368833000 0.579728630 -2.269328422 1.692481479 -0.006362221 0.331130433 0.102410928 0.937989424
32.469000000 0.574956055 -2.259028024 1.679739676 -0.006496538 0.332980006 0.103170433 0.937250219
32.569043000 0.540757554 -2.246766950 1.673587072 -0.006366417 0.333912485 0.103496176 0.936883377
32.668927000 0.529229617 -2.228925985 1.648000489 -0.006221002 0.335616550 0.104056624 0.936213143
32.768715000 0.530932477 -2.202156691 1.625798584 -0.006231844 0.337157587 0.103971767 0.935668636
32.868423000 0.507640975 -2.175184070 1.628279371 -0.005668423 0.338761640 0.103820851 0.935109433
32.968084000 0.498103597 -2.146903675 1.612893075 -0.004815177 0.340497842 0.104454308 0.934412827
33.067729000 0.489477351 -2.123998938 1.596037780 -0.004752485 0.342222246 0.104010674 0.933832495
33.167481000 0.478461864 -2.105104030 1.575693334 -0.002652584 0.344583814 0.099608392 0.933452263
33.267161000 0.466425394 -2.098679093 1.558563376 0.007042683 0.352858202 0.074238733 0.932700434
33.367107000 0.453621775 -2.094278093 1.551967922 0.010289196 0.355747670 0.067681405 0.932071325
33.467447000 0.455641194 -2.092808762 1.540697918 0.004872901 0.353998354 0.078953801 0.931894692
33.568183000 0.462267112 -2.096953413 1.531325011 -0.000508609 0.348397074 0.094205890 0.932600917
33.669031000 0.465464983 -2.104219523 1.528642369 -0.004535552 0.342743336 0.099072324 0.934179377
33.769642000 0.469290195 -2.119835871 1.519852080 -0.004684381 0.334439273 0.099952561 0.937090131
33.869905000 0.470569796 -2.139021353 1.515444073 -0.004662513 0.324897528 0.098453391 0.940599164
33.969887000 0.471365218 -2.159212322 1.507907092 -0.006764611 0.315620650 0.093950335 0.944198697
34.069727000 0.470255580 -2.183706626 1.500596781 -0.003067254 0.307529934 0.084242937 0.947796950
34.169705000 0.469558453 -2.209055768 1.491376845 -0.003753230 0.299021809 0.087117988 0.950253822
34.269558000 0.466117283 -2.240665237 1.476387425 -0.003231429 0.295334441 0.089002614 0.951233757
34.369427000 0.465176393 -2.270378267 1.462996405 -0.002398132 0.296642835 0.090669361 0.950671523
34.469393000 0.464333137 -2.305312861 1.449148711 -0.002259574 0.299176684 0.092138968 0.949736077
34.569429000 0.510244539 -2.335800372 1.416454208 -0.003259591 0.300582871 0.092770164 0.949227586
34.669642000 0.500862068 -2.368309320 1.413899099 -0.003476920 0.296848861 0.092350645 0.950442015
34.770137000 0.494939050 -2.392697696 1.409123791 -0.002642731 0.287812233 0.088488939 0.953586306
34.870609000 0.490724521 -2.415497544 1.405147085 -0.001637997 0.276194808 0.083042359 0.957505985
34.970743000 0.482893291 -2.427909733 1.403821310 -0.001246890 0.264856936 0.077033410 0.961205026
35.070408000 0.473739046 -2.430938776 1.409126254 -0.000558618 0.255462314 0.069551088 0.964313922
35.169890000 0.463024486 -2.431959852 1.413222114 0.001734716 0.249436603 0.061845500 0.966412700
35.269209000 0.446456908 -2.439578063 1.481388447 0.004839291 0.248873910 0.047753063 0.967345855
35.368555000 0.454667338 -2.438937234 1.493073041 0.009405610 0.251916456 0.028926133 0.967270858
35.468107000 0.469939826 -2.433835321 1.479459904 0.006218441 0.249062802 0.039173683 0.967674777
35.567968000 0.563907662 -2.435878380 1.442983730 0.004792311 0.246896942 0.049042368 0.967788086
35.668092000 0.578809090 -2.437110674 1.465419582 -0.000233438 0.243965877 0.064602079 0.967629664
35.768417000 0.598296404 -2.441153902 1.482388162 -0.003505893 0.244084480 0.071216386 0.967129103
35.868847000 0.641764321 -2.455750526 1.475343634 -0.003795350 0.244766194 0.074966444 0.966672198
35.969174000 0.627732327 -2.452831311 1.408632593 -0.004548346 0.245763824 0.075343994 0.966386433
36.069346000 0.666246246 -2.459859434 1.386338721 -0.004174918 0.245794990 0.076776891 0.966267407
36.169436000 0.680302264 -2.461471502 1.413407219 -0.005536807 0.246262868 0.077820474 0.966057926
36.269308000 0.695827276 -2.472610941 1.426647539 -0.009388967 0.246842097 0.076669182 0.965972392
36.369135000 0.701460744 -2.479529614 1.445897620 -0.014459232 0.247269815 0.074674508 0.965956669
36.468894000 0.700277405 -2.481291861 1.459369231 -0.014598195 0.246850169 0.074306903 0.966090250
36.568664000 0.703051859 -2.485200458 1.477195504 -0.010295669 0.247242945 0.073941653 0.966073267
36.668504000 0.703069505 -2.482714440 1.493535319 -0.007933577 0.250328025 0.061753721 0.966157035
36.768525000 0.713982895 -2.479457638 1.508350714 -0.008143403 0.249763157 0.063673224 0.966176884
36.868618000 0.711616582 -2.470843287 1.525267967 -0.008099099 0.250539286 0.060540807 0.966177666
36.968734000 0.714013370 -2.460329132 1.545650549 -0.008150337 0.251491254 0.058359946 0.966064096
37.069014000 0.714376180 -2.453766195 1.566797920 -0.008829116 0.252927931 0.054276041 0.965921125
37.169402000 0.724797290 -2.443116498 1.581420266 -0.009435202 0.252198374 0.058982825 0.965830204
37.269504000 0.741738777 -2.426171380 1.603894162 -0.008010068 0.252152833 0.066481369 0.965367813
37.369410000 0.756676340 -2.408445200 1.626283087 -0.006261714 0.252340460 0.072909187 0.964867521
37.469219000 0.777276058 -2.396333167 1.644357804 -0.004591705 0.253555454 0.076531167 0.964277724
37.569116000 0.794307439 -2.386901262 1.662059181 -0.003490151 0.255046114 0.077815021 0.963786346
37.669107000 0.806012694 -2.384599670 1.681499601 -0.001867506 0.255648614 0.080039884 0.963448969
37.769078000 0.819192247 -2.384296354 1.694658320 -0.004063422 0.254319894 0.087498960 0.963145271
37.868994000 0.833121482 -2.386100077 1.703752480 -0.011876852 0.250350476 0.103482747 0.962535662
37.968835000 0.838930351 -2.391869941 1.710681307 -0.034391233 0.245112505 0.125745614 0.960689931
38.068515000 0.836271808 -2.395746942 1.707953650 -0.048309713 0.243829326 0.130925697 0.959724905
38.168410000 0.830040774 -2.396468744 1.705929304 -0.047740308 0.243267429 0.132384931 0.959695812
38.268396000 0.804476653 -2.389453238 1.688221996 -0.038598292 0.244476832 0.128414728 0.960338955
38.368545000 0.778534158 -2.374288009 1.655674808 -0.020229757 0.248748822 0.114859166 0.961520750
38.468802000 0.744223121 -2.349592435 1.621620671 -0.007301780 0.255045126 0.095304515 0.962193181
38.569000000 0.706792601 -2.318396047 1.589585145 -0.001962942 0.258873960 0.084562391 0.962200406
38.669053000 0.667482846 -2.287147255 1.558438862 0.001033804 0.261076115 0.079318694 0.962053397
38.769072000 0.629480460 -2.255685503 1.525808315 0.002384659 0.262985803 0.076948703 0.961723285
38.869243000 0.592734862 -2.226609185 1.497840803 0.001524816 0.263541438 0.075558018 0.961683197
38.969533000 0.558990203 -2.203317515 1.464728739 0.001245350 0.263787882 0.074977206 0.961661490
39.069870000 0.524196813 -2.179157365 1.435094921 0.000408831 0.263781607 0.075553595 0.961618818
39.170161000 0.491225096 -2.155017746 1.409854764 0.001130387 0.263985838 0.075909058 0.961534198
39.270186000 0.455111857 -2.133663268 1.382885144 0.001451011 0.264324227 0.076780659 0.961371587
39.369907000 0.417541333 -2.115281771 1.359609273 0.001500913 0.265551579 0.077184668 0.961000850
39.469455000 0.383131794 -2.095891319 1.335061451 0.001636787 0.267146517 0.078660504 0.960438746
39.569145000 0.347253469 -2.076642529 1.307877834 0.001841322 0.267970321 0.080515795 0.960055063
39.669007000 0.309985139 -2.062298781 1.280952553 0.001083287 0.269371480 0.079801888 0.959723654
39.769062000 0.272023621 -2.047691614 1.262688060 -0.000025288 0.270692880 0.079357808 0.959389234
39.869220000 0.234376102 -2.035974909 1.242346117 0.000361736 0.271678359 0.079804417 0.959073508
39.969248000 0.193594022 -2.021402046 1.223254728 0.000773111 0.272571665 0.079862266 0.958814950
40.069114000 0.154807170 -2.009265826 1.203809474 0.000671002 0.273644191 0.079676270 0.958524960
40.168961000 0.117823765 -1.997479388 1.183248300 0.001386514 0.275178011 0.080076253 0.958051634
40.268704000 0.074759000 -1.990079073 1.164256430 0.002225027 0.277768822 0.074409928 0.957759204
40.368551000 0.041212067 -1.985910252 1.139231111 0.009275954 0.285840768 0.048420740 0.957008069
40.468486000 0.013195264 -1.978434222 1.118451083 0.005088421 0.282706527 0.066287352 0.956899741
40.568502000 -0.014584297 -1.973089840 1.100526717 0.001782119 0.280823846 0.075661345 0.956770689
40.668550000 -0.045705691 -1.971104345 1.084587164 0.000607683 0.279927030 0.080199884 0.956665285
40.768359000 -0.076190278 -1.970445312 1.070543864 0.000114874 0.279971774 0.081135644 0.956573468
40.867924000 -0.106949852 -1.971190515 1.057807708 -0.000092224 0.280221898 0.081593522 0.956461278
40.967491000 -0.139246584 -1.973416682 1.044509910 0.001509219 0.280930222 0.081702793 0.956242953
41.067410000 -0.170811252 -1.973692728 1.036017492 0.002301229 0.281661723 0.081520958 0.956041689
41.167816000 -0.203871030 -1.972683985 1.029972815 0.001773920 0.282746667 0.082321274 0.955653904
41.268381000 -0.236421788 -1.969397490 1.021072317 0.001398808 0.283974066 0.083015079 0.955230480
41.368906000 -0.267226563 -1.967105830 1.011335156 0.000952431 0.285151991 0.083207701 0.954863296
41.469271000 -0.303938579 -1.962923933 1.010627697 0.000915245 0.286086919 0.083523538 0.954556052
41.569255000 -0.336931459 -1.957835749 1.004876893 -0.000332686 0.286736634 0.083725175 0.954343799
41.668988000 -0.368849366 -1.950742696 0.997105262 0.001203367 0.287414098 0.083940052 0.954120409
41.768679000 -0.399041295 -1.939167434 0.997802029 0.001272754 0.288308089 0.084657745 0.953787131
41.868582000 -0.431943193 -1.931821659 0.991060385 0.001849379 0.289254331 0.085835675 0.953394330
41.968628000 -0.467113725 -1.919517321 0.988931880 0.001877301 0.290179364 0.086264351 0.953074433
42.068741000 -0.506749447 -1.911383278 0.996883715 -0.001335409 0.291368862 0.086439282 0.952696517
42.168814000 -0.565945383 -1.903043120 1.029254696 -0.008021900 0.293583403 0.083068028 0.952283643
42.268615000 -0.612638478 -1.889153132 1.042527207 -0.024396111 0.295808256 0.078378893 0.951713746
42.368230000 -0.690166126 -1.862902417 1.125817398 -0.029839940 0.295341284 0.076401713 0.951864424
42.467741000 -0.722066546 -1.834823666 1.133982745 -0.020263736 0.293562262 0.079371901 0.952423583
42.567349000 -0.757549770 -1.807005135 1.137145768 -0.007413825 0.290637841 0.083051677 0.953193107
42.667217000 -0.807666168 -1.790403987 1.160468290 -0.000691025 0.288987302 0.084623860 0.953585163
42.767276000 -0.828050171 -1.772688154 1.143729648 -0.006781787 0.289478477 0.081809800 0.953657892
42.867435000 -0.867758865 -1.751418789 1.162709204 -0.000944797 0.287304022 0.082390191 0.954288930
42.967615000 -0.891022313 -1.746146750 1.180551990 0.000121678 0.286198620 0.082899362 0.954577409
43.067827000 -0.921882468 -1.716763295 1.174518267 0.003405000 0.283872209 0.083090558 0.955249148
43.168210000 -0.951847265 -1.689240305 1.163797273 0.004104362 0.282294679 0.082972636 0.955724024
43.268481000 -0.980480726 -1.668534121 1.149747597 0.001302659 0.281344085 0.082065120 0.956090542
43.368792000 -1.009618048 -1.647999816 1.132377861 0.000688644 0.283216514 0.071357085 0.956397458
43.469166000 -1.039258965 -1.630842582 1.127112106 0.014102645 0.289003414 0.045261318 0.956153521
43.569629000 -1.058290070 -1.610509699 1.117510502 0.008945531 0.282948993 0.063551079 0.956985426
43.669984000 -1.078341503 -1.592153350 1.118154825 0.006176691 0.277912686 0.073451762 0.957774100
43.770133000 -1.093401464 -1.578389282 1.108270196 0.004856088 0.274611975 0.077626827 0.958404277
43.870173000 -1.107198836 -1.574378950 1.100782584 -0.005647136 0.273900059 0.074787017 0.958829375
43.970168000 -1.127748498 -1.569456610 1.097913442 -0.041739431 0.275814635 0.066991407 0.957964644
44.070006000 -1.141357679 -1.560994678 1.085474785 -0.052163416 0.277359989 0.062953967 0.957281157
44.169821000 -1.155974713 -1.530097958 1.101014858 -0.052866794 0.278352644 0.064638001 0.956842117
44.269546000 -1.155130629 -1.511578504 1.064929530 -0.036555625 0.279012782 0.068506408 0.957142845
44.369396000 -1.149842651 -1.491975423 1.027120823 -0.013348649 0.279162442 0.073731904 0.957315910
44.469167000 -1.141153135 -1.479292803 0.986774540 0.001909613 0.277824065 0.071263467 0.957983121
44.568919000 -1.134879111 -1.464731025 0.951769160 0.006155700 0.272707386 0.076894511 0.958999491
44.668788000 -1.129191054 -1.453503991 0.919327530 0.008413312 0.266544941 0.078746702 0.960563359
44.768813000 -1.127456013 -1.444761876 0.886647532 0.008178748 0.259785944 0.077566777 0.962511177
44.868986000 -1.124046383 -1.441857535 0.855860545 0.008431006 0.252087884 0.075974241 0.964680533
44.969189000 -1.119755296 -1.437049652 0.820057542 0.008957623 0.243612038 0.073212542 0.967064041
45.069266000 -1.118166830 -1.438190567 0.789151157 0.008846143 0.232982240 0.070537404 0.969879114
45.169179000 -1.116733716 -1.438990392 0.755959834 0.008016284 0.221085153 0.066064510 0.972981282
45.268828000 -1.117280465 -1.440126006 0.728745221 0.008280987 0.209971764 0.063381310 0.975615751
45.368506000 -1.119385630 -1.443426423 0.701687530 0.007990016 0.201031488 0.059744796 0.977728520
45.468131000 -1.123530609 -1.448898087 0.679312762 0.008502127 0.194957605 0.055312904 0.979213832
45.567776000 -1.127506423 -1.450702614 0.660354260 0.009764894 0.190859292 0.049711016 0.980309233
45.667448000 -1.130592510 -1.442563080 0.644055290 0.009215832 0.189047576 0.039997244 0.981109730
45.766920000 -1.132211334 -1.424473745 0.637443157 0.012550622 0.186672388 0.028585133 0.981926062
45.866278000 -1.128020703 -1.399779963 0.626906682 0.014576178 0.182262362 0.019728557 0.982943920
45.965682000 -1.117757322 -1.372719415 0.619848954 0.014607430 0.177535281 0.013237608 0.983916974
46.065404000 -1.104246119 -1.337798258 0.626715410 0.015487216 0.171727786 0.008260002 0.984988064
46.165512000 -1.086184488 -1.303028167 0.644932096 0.015560143 0.166242014 0.001036409 0.985961663
46.265836000 -1.053515491 -1.270176486 0.656301459 0.014902034 0.159943416 -0.001606266 0.987012387
46.366343000 -1.010269091 -1.236044222 0.669912356 0.010128417 0.148259442 0.015989419 0.988767360
46.467036000 -0.966786313 -1.202443932 0.690792264 0.006929211 0.138417317 0.030041788 0.989893996
46.567884000 -0.922425712 -1.169635545 0.706069709 0.005142718 0.131807390 0.035774694 0.990616240
46.668621000 -0.878434449 -1.138758870 0.722310885 0.004605291 0.128388525 0.037542968 0.991002373
46.769288000 -0.838361125 -1.107953124 0.743422809 0.004512006 0.125286109 0.038605057 0.991359008
46.869895000 -0.794822255 -1.078770849 0.761041034 0.004656590 0.122094610 0.037788878 0.991787892
46.970326000 -0.754911316 -1.050499416 0.777389835 0.004345144 0.118020836 0.035997755 0.992348912
47.070459000 -0.718944091 -1.026109660 0.794905238 0.004541034 0.113613680 0.034975253 0.992898808
47.170429000 -0.686802271 -1.004810301 0.811174442 0.004101596 0.108927318 0.034153987 0.993454338
47.270158000 -0.652312400 -0.993749252 0.825436970 0.002950811 0.105482548 0.033245682 0.993860880
47.369747000 -0.616539122 -0.987110835 0.837797937 -0.023607513 0.104719701 0.029317684 0.993789184
47.469505000 -0.585640039 -0.976973757 0.855817438 -0.042775456 0.104167483 0.025996126 0.993299349
47.569471000 -0.550361327 -0.964123464 0.846437350 -0.044536930 0.103198290 0.024954913 0.993349801
47.669603000 -0.516206382 -0.951634304 0.839504796 -0.042570629 0.102596308 0.024984456 0.993497618
47.769783000 -0.480281359 -0.936470185 0.821231865 -0.035092094 0.101582423 0.025881371 0.993871074
47.870032000 -0.442338496 -0.918145952 0.797619693 -0.017475778 0.100427601 0.028717271 0.994376293
47.970032000 -0.403225426 -0.904401377 0.767053370 -0.004771680 0.100289596 0.030301419 0.994485320
48.069910000 -0.366686326 -0.892458548 0.737663868 -0.000049996 0.100498677 0.031326339 0.994443902
48.169874000 -0.331869386 -0.881722087 0.715416168 0.001685067 0.100785583 0.032693071 0.994369443
48.269804000 -0.297386377 -0.869800899 0.689433673 0.003575974 0.101686674 0.032224250 0.994288002
48.369722000 -0.261536025 -0.858385646 0.663263259 0.004885274 0.102980531 0.031982146 0.994157073
48.469566000 -0.228973239 -0.843797654 0.636565255 0.004311089 0.103517628 0.032805023 0.994077133
48.569487000 -0.197952612 -0.822259688 0.617736137 0.003483467 0.104471381 0.033027286 0.993973236
48.669436000 -0.166876919 -0.808588033 0.592615869 0.001864545 0.104003434 0.034016782 0.993993294
48.769342000 -0.133064733 -0.788776330 0.574167903 0.000893308 0.103660944 0.034503647 0.994013636
48.869187000 -0.109363027 -0.770244138 0.567938304 -0.001379116 0.101382790 0.037499332 0.994139541
48.969029000 -0.081281121 -0.750229459 0.557959807 -0.012820700 0.095509396 0.047734102 0.994200704
49.068816000 -0.061361126 -0.735340488 0.551360841 -0.024334654 0.090000206 0.051965127 0.994287390
49.168604000 -0.043911836 -0.720097560 0.531201757 -0.027024133 0.085028518 0.049097423 0.994801131
49.268411000 -0.033406285 -0.705314957 0.511767549 -0.016599430 0.082782618 0.036746113 0.995751586
49.368362000 -0.022948734 -0.693632215 0.480120592 -0.007902384 0.078770034 0.028474540 0.996454733
49.468347000 -0.017899339 -0.681786252 0.465906285 -0.004580994 0.073782483 0.023395510 0.996989373
49.568317000 -0.010535560 -0.669307607 0.440757205 -0.002952893 0.068162635 0.019935825 0.997470650
49.668297000 -0.000452511 -0.657884876 0.414398746 -0.002617967 0.063896864 0.015992912 0.997824916
49.768135000 0.016278002 -0.643279745 0.373539321 -0.002363342 0.059189437 0.014811774 0.998134077
49.867884000 0.039459329 -0.624785063 0.318005222 -0.002477320 0.054606290 0.013042259 0.998419709
49.967717000 0.061683411 -0.610151207 0.270254858 -0.001171571 0.050161654 0.012313672 0.998664513
50.067763000 0.076654886 -0.599985477 0.239916812 -0.001313691 0.047043486 0.011915974 0.998820902
50.167982000 0.092246320 -0.592725772 0.212189813 0.001384013 0.043385602 0.011206996 0.998994583
50.268112000 0.102935019 -0.590803704 0.200545540 0.000314333 0.041679851 0.009962126 0.999081302
50.368185000 0.119412484 -0.583716854 0.174607915 -0.001543358 0.040155387 0.010266676 0.999139509
50.468238000 0.129064625 -0.578701666 0.169759515 -0.008022335 0.039291431 0.010535609 0.999140044
50.568256000 0.160716012 -0.561341033 0.122821507 -0.012882667 0.038563201 0.010970686 0.999112887
50.668190000 0.279938167 -0.506961531 -0.070284984 -0.013886766 0.038253245 0.009510896 0.999126313
50.768079000 0.292366754 -0.484089154 -0.089378504 -0.014140160 0.036899135 0.010451231 0.999164292
50.867877000 0.306650765 -0.455287038 -0.103115766 -0.014384633 0.034414400 0.011881870 0.999233483
50.967612000 0.319500234 -0.423927733 -0.105183438 -0.015156627 0.028637909 0.018721258 0.999299585
51.067357000 0.331707713 -0.386190729 -0.113367510 -0.022080099 0.022553475 0.025115376 0.999186183
51.167310000 0.340515099 -0.346271801 -0.124329997 -0.020217583 0.016756649 0.027138502 0.999286728
51.267401000 0.345924071 -0.307481254 -0.139220308 -0.017294788 0.012485149 0.020019630 0.999572021
51.367681000 0.349304129 -0.266214629 -0.159221355 -0.005097034 0.009581528 0.007414685 0.999913615
51.467974000 0.351559272 -0.226352549 -0.176655998 -0.000517657 0.005417110 0.001772861 0.999983622
51.568194000 0.351491934 -0.186073151 -0.192444261 -0.001051592 0.000715520 -0.000165215 0.999999177
51.668372000 0.359672580 -0.151752570 -0.205349754 -0.001910420 -0.002141079 0.005222739 0.999982244
51.768346000 0.367876677 -0.110692789 -0.227633830 -0.002935037 -0.009396043 0.019258891 0.999766070
51.868299000 0.367810518 -0.073743600 -0.244180608 0.000312290 -0.012888658 0.010108054 0.999865797
51.968178000 0.364604391 -0.037755698 -0.261628053 0.001480447 -0.014869982 -0.000639040 0.999888136
52.068025000 0.361614798 -0.002954157 -0.278799055 0.006022604 -0.020556242 -0.003309665 0.999765080
52.168102000 0.358361016 0.015564356 -0.296237767 0.002192950 -0.026007541 0.002451287 0.999656336
52.268194000 0.356637503 0.031439365 -0.307884001 -0.012880458 -0.035821462 0.015537788 0.999154389
52.368471000 0.341050264 0.044640549 -0.346547731 -0.007076920 -0.036094593 -0.001449079 0.999322269
52.468778000 0.325913038 0.049482092 -0.377040546 -0.001184172 -0.037397202 -0.002169850 0.999297423
52.568812000 0.295095993 0.057761230 -0.429374869 0.001040614 -0.037669196 -0.005630965 0.999273857
52.668737000 0.274281597 0.041965086 -0.416388619 0.001956536 -0.038003931 -0.007978686 0.999243821
52.768639000 0.269659756 0.029282641 -0.406218027 0.003116140 -0.037573042 -0.013831042 0.999193304
52.868694000 0.249464823 0.023477404 -0.418519279 -0.000315209 -0.024135272 -0.067485586 0.997428236
52.968728000 0.247077220 0.028946939 -0.418188250 0.000166665 -0.027792955 -0.049264198 0.998399000
53.068629000 0.249971884 0.039559763 -0.416382504 0.000640077 -0.033073516 -0.026177358 0.999109843
53.168697000 0.257618563 0.045695655 -0.420354259 0.000810474 -0.034135716 -0.019497287 0.999226677
53.268685000 0.259113575 0.045454016 -0.420052959 0.001371919 -0.034953289 -0.018010892 0.999225697
53.368638000 0.263604236 0.041377772 -0.407995254 0.001582519 -0.034889641 -0.016707112 0.999250259
53.468580000 0.261912719 0.010218745 -0.291041500 0.002217883 -0.035965361 -0.013710697 0.999256519
53.568413000 0.271122175 0.012979197 -0.292114461 -0.000182426 -0.038968314 -0.004459749 0.999230478
53.668323000 0.279647899 0.010889963 -0.279615424 0.001232239 -0.039028509 -0.012654163 0.999157209
53.768239000 0.286619461 0.018055178 -0.252440955 0.001266533 -0.039996628 -0.021955583 0.998957766
53.868016000 0.291957467 0.023502415 -0.226308590 0.000432076 -0.042790070 -0.023139626 0.998815990
53.967777000 0.291243849 0.060534276 -0.248532541 -0.000171920 -0.044772575 -0.016297524 0.998864244
54.067678000 0.289164736 0.086294569 -0.238338784 0.003592866 -0.041813296 -0.018612630 0.998945599
54.167824000 0.286567910 0.091983764 -0.230418338 0.006510200 -0.040035037 -0.022778537 0.998917390
54.268077000 0.291484829 0.065865840 -0.200278964 0.006280903 -0.041137328 -0.028214244 0.998735314
54.368587000 0.293960703 0.060375221 -0.174036375 0.005320701 -0.038499107 -0.027442821 0.998867559
54.469023000 0.296695647 0.058462728 -0.158393574 0.006127433 -0.030742236 -0.019232806 0.999323506
54.569235000 0.290608378 0.081908296 -0.175002527 0.008442136 -0.017263959 -0.017006443 0.999670679
54.668973000 0.292288716 0.095188283 -0.166701844 0.007370789 -0.017848654 -0.017084940 0.999667546
54.769583000 0.252080121 0.138806383 -0.269473511 0.007507358 -0.016866709 -0.017102813 0.999683274
54.869942000 0.235158848 0.178293089 -0.244465289 0.007744226 -0.016895380 -0.016894917 0.999684518
54.969943000 0.226760594 0.195539678 -0.280756283 0.007880959 -0.017096317 -0.016925057 0.999679523
55.069491000 0.217219206 0.206084126 -0.311495838 0.008135895 -0.016730231 -0.016692710 0.999687581
55.168727000 0.229600684 0.201727510 -0.278589222 0.007671229 -0.016967853 -0.016502926 0.999690401
55.267736000 0.217032889 0.207215126 -0.304754469 0.007702153 -0.017070870 -0.016516854 0.999688179
55.366791000 0.217032889 0.207215126 -0.304754469 0.007702153 -0.017070870 -0.016516854 0.999688179
55.466039000 0.217032889 0.207215126 -0.304754469 0.007702153 -0.017070870 -0.016516854 0.999688179
55.565571000 0.217032889 0.207215126 -0.304754469 0.007702153 -0.017070870 -0.016516854 0.999688179
55.665409000 0.217032889 0.207215126 -0.304754469 0.007702153 -0.017070870 -0.016516854 0.999688179
55.765523000 0.217032889 0.207215126 -0.304754469 0.007702153 -0.017070870 -0.016516854 0.999688179
55.865850000 0.217032889 0.207215126 -0.304754469 0.007702153 -0.017070870 -0.016516854 0.999688179
55.966209000 0.217032889 0.207215126 -0.304754469 0.007702153 -0.017070870 -0.016516854 0.999688179
56.066512000 0.217032889 0.207215126 -0.304754469 0.007702153 -0.017070870 -0.016516854 0.999688179
56.166955000 0.217032889 0.207215126 -0.304754469 0.007702153 -0.017070870 -0.016516854 0.999688179
56.267250000 0.217032889 0.207215126 -0.304754469 0.007702153 -0.017070870 -0.016516854 0.999688179
56.367372000 0.224859388 0.192263040 -0.267821941 0.007709372 -0.017334168 -0.016581761 0.999682518
56.467305000 0.230828252 0.202200939 -0.297040292 0.007893862 -0.016809682 -0.015115841 0.999713275
56.567132000 0.230828252 0.202200939 -0.297040292 0.007893862 -0.016809682 -0.015115841 0.999713275
56.666955000 0.230828252 0.202200939 -0.297040292 0.007893862 -0.016809682 -0.015115841 0.999713275
56.766748000 0.230828252 0.202200939 -0.297040292 0.007893862 -0.016809682 -0.015115841 0.999713275
56.866520000 0.230828252 0.202200939 -0.297040292 0.007893862 -0.016809682 -0.015115841 0.999713275
56.966354000 0.230828252 0.202200939 -0.297040292 0.007893862 -0.016809682 -0.015115841 0.999713275
