1750922947.500000000 0.238757000 -0.599545000 1.944677000 -0.004705003 0.705198409 0.005456003 0.708973412 0.000000000 0.000000000 0.000000000
1750922947.599999905 0.238757000 -0.599545000 1.944677000 -0.004705003 0.705198409 0.005456003 0.708973412 0.000000000 0.000000000 0.000000000
1750922947.700000048 0.238757000 -0.599545000 1.944677000 -0.004705003 0.705198409 0.005456003 0.708973412 0.000000000 0.000000000 0.000000000
1750922947.799999952 0.238757000 -0.599545000 1.944677000 -0.004705003 0.705198409 0.005456003 0.708973412 0.000000000 0.000000000 0.000000000
1750922947.900000095 0.238757000 -0.599545000 1.944677000 -0.004705003 0.705198409 0.005456003 0.708973412 0.000000000 0.000000000 0.000000000
1750922948.000000000 0.238757000 -0.599545000 1.944677000 -0.004705003 0.705198409 0.005456003 0.708973412 0.000000000 0.000000000 0.000000000
1750922948.099998951 0.238757000 -0.599545000 1.944677000 -0.004705003 0.705198409 0.005456003 0.708973412 0.000000000 0.000000000 0.000000000
1750922948.199999094 0.238757000 -0.599545000 1.944677000 -0.004705003 0.705198409 0.005456003 0.708973412 0.000000000 0.000000000 0.000000000
1750922948.299998999 0.238757000 -0.599545000 1.944677000 -0.004705003 0.705198409 0.005456003 0.708973412 0.007729778 -0.002271650 -0.000070081
1750922948.399998903 0.238757000 -0.599545000 1.944677000 -0.004705003 0.705198409 0.005456003 0.708973412 0.077268654 -0.008992898 -0.000957151
1750922948.499999046 0.238734375 -0.600841010 1.941314672 -0.004588832 0.705156830 0.005296964 0.709016734 0.237989797 -0.013196756 0.000647338
1750922948.599998951 0.238615840 -0.603578997 1.906282463 -0.004582870 0.705397665 0.005143982 0.708778294 0.485989926 -0.012294932 0.011422367
1750922948.699999094 0.239667752 -0.604351410 1.843192118 -0.004751902 0.705323083 0.005128795 0.708851510 0.779258501 -0.008171113 0.021242862
1750922948.799998999 0.242919191 -0.603999277 1.740819274 -0.004989660 0.704898747 0.005155184 0.709271657 1.021480089 -0.003215845 0.039432249
1750922948.899998903 0.243995675 -0.605096482 1.625809620 -0.005065112 0.704678435 0.004933586 0.709491583 1.088954326 0.005180378 0.086530277
1750922948.999999046 0.255686250 -0.604997607 1.504133606 -0.004956871 0.703991453 0.005420083 0.710170463 1.129545560 0.007549991 0.110035592
1750922949.099997997 0.286429027 -0.597559780 1.431174052 -0.004553290 0.714691436 0.002685091 0.699419910 1.178485203 0.007075222 0.133011761
1750922949.199997902 0.286708672 -0.601559636 1.282243806 -0.004882087 0.713317763 0.003195270 0.700816470 1.277602628 -0.002620000 0.085018818
1750922949.299998045 0.284758772 -0.603535553 1.143776608 -0.005348477 0.712697167 0.004131454 0.701439286 1.412700603 -0.016967120 0.032451733
1750922949.399997950 0.285495356 -0.604476827 0.992450455 -0.004423207 0.712270183 0.003419902 0.701883129 1.431924858 -0.018863724 0.014826248
1750922949.499998093 0.287856985 -0.608227822 0.851624176 -0.005352620 0.712064363 0.004582584 0.702078836 1.405499776 -0.017653946 0.014146293
1750922949.599997997 0.284128455 -0.608544682 0.714284974 -0.004794679 0.711811686 0.004280084 0.702340954 1.310708244 -0.016526013 0.006967980
1750922949.699997902 0.282414139 -0.611788249 0.577217559 -0.005531799 0.711831535 0.005714440 0.702305211 1.141193120 -0.013923978 0.004511564
1750922949.799998045 0.281490907 -0.612430348 0.478029811 -0.005538159 0.711585464 0.005790287 0.702553862 0.912353534 -0.009798803 0.004352212
1750922949.899997950 0.282745828 -0.613222990 0.402363635 -0.005594342 0.711473614 0.006084237 0.702664203 0.658566782 0.007764901 -0.020023210
1750922949.999998093 0.280658155 -0.613216309 0.349053607 -0.006041700 0.711616360 0.006468191 0.702512503 0.408788837 0.028201250 -0.068325839
1750922950.099997997 0.279671159 -0.610860552 0.322630396 -0.005959543 0.711455998 0.006475685 0.702675539 0.139480019 0.030636291 -0.108164913
1750922950.199996948 0.253098922 -0.601403669 0.318910185 -0.005907214 0.711495032 0.006483090 0.702636388 -0.144357455 0.019798015 -0.114733040
1750922950.299997091 0.243084545 -0.605072272 0.355378955 -0.005389016 0.711090808 0.006279451 0.703051485 -0.428626624 0.000842056 -0.079238128
1750922950.399996996 0.238165078 -0.606363725 0.412270511 -0.005342602 0.710720406 0.006101735 0.703427843 -0.714051155 -0.008261954 -0.038122288
1750922950.499996901 0.238899239 -0.605441286 0.494527329 -0.005310530 0.710481066 0.006000781 0.703670692 -0.979977496 0.000128485 -0.017390839
1750922950.599997044 0.237984325 -0.606086561 0.619025564 -0.005029792 0.710139978 0.005813152 0.704018551 -1.200692229 0.005251680 -0.007915784
1750922950.699996948 0.239820185 -0.604977245 0.748902970 -0.005246436 0.709912513 0.005678149 0.704247441 -1.354760051 0.005517948 -0.012137631
1750922950.799997091 0.239768038 -0.604593437 0.889186931 -0.005424318 0.709805333 0.005890008 0.704352379 -1.425204069 0.005409291 -0.018980634
1750922950.899996996 0.238029338 -0.604401527 1.045298501 -0.005655790 0.709641083 0.005910457 0.704515871 -1.436334832 0.006682170 -0.015820685
1750922950.999996901 0.233851065 -0.604483234 1.182448772 -0.005516234 0.709265060 0.005365276 0.704899894 -1.428959196 0.009896819 -0.004654325
1750922951.099997044 0.238548356 -0.602240482 1.319801708 -0.005145455 0.708911416 0.004538250 0.705264158 -1.415382272 0.014419473 0.014095605
1750922951.199995995 0.240464864 -0.600692437 1.472914215 -0.004967924 0.708282175 0.004246917 0.705899174 -1.376299751 0.015046781 0.023164524
1750922951.299995899 0.247147599 -0.598026433 1.604454244 -0.004909213 0.707750292 0.004516866 0.706431187 -1.272255037 0.008399921 0.016876582
1750922951.399996042 0.246668513 -0.597580840 1.726442789 -0.005523682 0.707405719 0.004320779 0.706772926 -1.084021199 0.000018268 0.019809655
1750922951.499995947 0.249241809 -0.599725958 1.828307663 -0.005353677 0.706936406 0.004777423 0.707240718 -0.836166998 -0.005616259 0.010496335
1750922951.599996090 0.253796190 -0.598557999 1.890372923 -0.004990740 0.706286947 0.004588777 0.707893201 -0.574240765 -0.007683960 -0.009708501
1750922951.699995995 0.246084587 -0.600112918 1.936828986 -0.004911546 0.705946430 0.004505799 0.708233868 -0.330994048 -0.006184405 -0.035565053
1750922951.799995899 0.237476008 -0.600684507 1.955733997 -0.004532130 0.705456447 0.004475296 0.708724653 -0.071819140 -0.011146005 -0.044414788
1750922951.899996042 0.233933700 -0.600646995 1.957089518 -0.004501507 0.705491480 0.004445906 0.708690159 0.200403764 -0.013700427 -0.030691844
1750922951.999995947 0.237042824 -0.604348044 1.914360342 -0.004330734 0.705389546 0.004502922 0.708792322 0.475230451 -0.012090721 -0.012298061
1750922952.099996090 0.232879183 -0.605458136 1.847011249 -0.004324494 0.705702646 0.004901629 0.708477980 0.747950977 -0.006816635 -0.001530459
1750922952.199995995 0.236261320 -0.604886426 1.761541902 -0.004305987 0.706121024 0.005211058 0.708058897 0.973766610 0.004595156 0.025875871
1750922952.299994946 0.239480898 -0.604028011 1.650414489 -0.004214823 0.706399682 0.005112723 0.707782159 1.121668718 0.009595637 0.076250289
1750922952.399995089 0.256384404 -0.603625543 1.476431566 -0.004025974 0.705725275 0.007976053 0.708429256 1.217204205 -0.007862263 0.080436332
1750922952.499994993 0.265033488 -0.599269377 1.401350772 -0.004719154 0.708370402 0.006368090 0.705796394 1.286632882 -0.015514190 0.070645311
1750922952.599994898 0.260035127 -0.606211904 1.280071951 -0.004607959 0.708589802 0.006586882 0.705574852 1.346975651 -0.022276391 0.023143813
1750922952.699995041 0.262982889 -0.607535622 1.124512518 -0.003991844 0.708820454 0.007113525 0.705341780 1.406748977 -0.017697626 -0.010522489
1750922952.799994946 0.260037589 -0.607111453 0.987570254 -0.003551747 0.709085449 0.007376713 0.705075028 1.424345788 -0.005344429 -0.012055201
1750922952.899995089 0.257039660 -0.606446664 0.852389822 -0.003478275 0.709314389 0.007445382 0.704844355 1.396355604 -0.002305414 -0.014884952
1750922952.999994993 0.253280357 -0.606163455 0.696863352 -0.003645021 0.709605021 0.007671588 0.704548490 1.306615922 -0.001355805 -0.004665202
1750922953.099994898 0.254005162 -0.605137711 0.572873998 -0.003904700 0.709916043 0.008254959 0.704227108 1.135149682 -0.000573151 0.001854516
1750922953.199995041 0.255124103 -0.604794293 0.476946303 -0.004172892 0.710055857 0.008363216 0.704083322 0.901838728 0.003845055 0.002208233
1750922953.299993992 0.253038225 -0.603608307 0.395452595 -0.004294414 0.710303031 0.008136807 0.703835886 0.647365424 0.003539265 -0.005535964
1750922953.399993896 0.252461033 -0.602000076 0.345435179 -0.004681671 0.710643828 0.008059696 0.703490208 0.398132817 -0.005211545 -0.008868441
1750922953.499994040 0.250086455 -0.600646528 0.322393698 -0.004953446 0.710901791 0.007886754 0.703229626 0.141759967 -0.017582163 -0.022785480
1750922953.599993944 0.251208962 -0.606454618 0.317347233 -0.005245149 0.710901024 0.007583033 0.703231626 -0.138228493 -0.021850505 -0.035946794
1750922953.699994087 0.245061730 -0.609319842 0.346261705 -0.005314461 0.710728512 0.007204222 0.703409439 -0.430806996 -0.012983737 -0.038565323
1750922953.799993992 0.238809227 -0.610560481 0.406150724 -0.005500958 0.710684045 0.007030849 0.703454685 -0.732848712 0.000493636 -0.035607415
1750922953.899993896 0.239876673 -0.607178761 0.498967498 -0.005551361 0.710707243 0.006496705 0.703435988 -1.013883050 0.009962927 -0.027627336
1750922953.999994040 0.237998814 -0.608589485 0.617832048 -0.005641918 0.710513817 0.006119470 0.703634022 -1.237066597 0.013141101 -0.031915978
1750922954.099993944 0.234168606 -0.606038123 0.751565251 -0.005785412 0.710380074 0.005172601 0.703775478 -1.378424733 0.013068259 -0.034436341
1750922954.199994087 0.230104994 -0.604359605 0.909238065 -0.005718932 0.710309093 0.005075334 0.703848369 -1.432191482 0.015985572 -0.027411523
1750922954.299993992 0.232115269 -0.602869673 1.048458558 -0.006011071 0.710281184 0.004886357 0.703875437 -1.435485869 0.016275321 -0.012334912
1750922954.399992943 0.230001919 -0.601490218 1.184498868 -0.005660770 0.709972074 0.004212513 0.704194479 -1.428818325 0.017295071 -0.000621142
1750922954.499993086 0.231999382 -0.598691806 1.338525824 -0.005335007 0.709684309 0.003506432 0.704490898 -1.428669148 0.020245298 0.005139673
1750922954.599992990 0.236972418 -0.597126484 1.476060512 -0.005133390 0.709384981 0.003324723 0.704794682 -1.394953185 0.020730010 0.012070625
1750922954.699992895 0.237555691 -0.593343984 1.613904347 -0.004908198 0.709038245 0.003390703 0.705144793 -1.287408425 0.016645130 0.015569326
1750922954.799993038 0.241367585 -0.591252003 1.746163307 -0.005183031 0.708504494 0.003552195 0.705678327 -1.094264081 0.009960765 0.029321723
1750922954.899992943 0.241473278 -0.592822793 1.841003358 -0.004990818 0.708347048 0.003899070 0.705835922 -0.839254181 0.003373348 0.029221496
1750922954.999993086 0.250163042 -0.590999506 1.904681889 -0.004507928 0.707862153 0.003918056 0.706325350 -0.574356318 -0.003439311 0.012154647
1750922955.099992990 0.246646081 -0.591352873 1.951101390 -0.004078912 0.707305989 0.004130151 0.706883684 -0.327814303 -0.009978194 0.002720298
1750922955.199992895 0.248338989 -0.592975052 1.968807220 -0.003832876 0.707173879 0.004119981 0.707017284 -0.084392269 -0.021970444 -0.009611960
1750922955.299993038 0.246992496 -0.595464135 1.966871335 -0.003535203 0.707057656 0.004223676 0.707134453 0.185410646 -0.024386476 -0.005645657
1750922955.399991989 0.246751363 -0.599252397 1.930914050 -0.003070342 0.707055251 0.004568457 0.707136885 0.471849999 -0.016209125 0.004506755
1750922955.499991894 0.245106111 -0.600499027 1.868507096 -0.002977279 0.707297377 0.004662903 0.706894485 0.764407295 -0.006232401 -0.003024032
1750922955.599992037 0.246942804 -0.599275092 1.778784660 -0.002660214 0.707298113 0.005140314 0.706891703 1.041841848 -0.007674012 -0.000478869
1750922955.699991941 0.247591824 -0.597586816 1.649578079 -0.002226773 0.707187089 0.005138604 0.707004284 1.190131131 -0.016836821 0.034011853
1750922955.799992085 0.254536105 -0.605392413 1.481915311 -0.004129207 0.705258300 0.007663457 0.708896996 1.258507912 -0.035545461 0.042617752
1750922955.899991989 0.263648033 -0.602236160 1.404898321 -0.005650748 0.707666520 0.008047068 0.706478174 1.286363630 -0.040978817 0.053245804
1750922955.999991894 0.263285346 -0.610690780 1.265767462 -0.005702394 0.707757324 0.008246372 0.706384492 1.303364358 -0.035897211 0.027223206
1750922956.099992037 0.262051293 -0.612671024 1.133094634 -0.005442139 0.707761441 0.008327337 0.706381470 1.364155167 -0.029383475 -0.013732957
1750922956.199991941 0.259135704 -0.613941235 0.999865126 -0.005417457 0.707722206 0.008784084 0.706415437 1.386184627 -0.016445004 -0.016242217
1750922956.299992085 0.256819943 -0.614101724 0.850313736 -0.005260316 0.707801564 0.008499510 0.706340593 1.361262119 -0.012742895 -0.008109330
1750922956.399991989 0.255103870 -0.614707561 0.716643777 -0.005160554 0.707834835 0.008505464 0.706307916 1.273509280 -0.011017309 -0.000335537
1750922956.499990940 0.257637188 -0.615141065 0.595574329 -0.005539227 0.707930912 0.009398685 0.706197427 1.106702435 -0.010247095 0.006340417
1750922956.599991083 0.257116412 -0.615396358 0.489212624 -0.005507270 0.708116098 0.009174337 0.706014939 0.876751260 -0.006578826 0.003160736
1750922956.699990988 0.258347945 -0.615836869 0.418988060 -0.005863841 0.708252321 0.009591631 0.705869865 0.620473735 -0.003246804 -0.009179165
1750922956.799990892 0.256552891 -0.614824848 0.372296681 -0.005841022 0.708516315 0.009536044 0.705605823 0.404624556 0.007166873 -0.019013079
1750922956.899991035 0.258400265 -0.613326389 0.349469513 -0.006278922 0.708663558 0.009612114 0.705453148 0.236379600 0.029877305 -0.018150035
1750922956.999990940 0.246380633 -0.619159199 0.345521206 -0.006152785 0.708490508 0.009807470 0.705625365 -0.012484294 0.035611162 -0.033047770
1750922957.099991083 0.253889992 -0.602538320 0.324028277 -0.004929325 0.709936537 0.005751789 0.704224916 -0.322526967 0.029914356 -0.038760839
1750922957.199990988 0.240513105 -0.604717653 0.398227205 -0.005005683 0.709792567 0.005623163 0.704370524 -0.690785594 0.012691933 -0.041070475
1750922957.299990892 0.239872717 -0.604596731 0.485081076 -0.004866629 0.709628128 0.005411200 0.704538824 -1.039813536 -0.002644098 -0.043726559
1750922957.399991035 0.237806951 -0.605184098 0.599742592 -0.004849542 0.709344078 0.005354332 0.704825363 -1.254869161 0.003520350 -0.022081442
1750922957.499989986 0.236702430 -0.604022546 0.756376431 -0.005017188 0.709217341 0.004686439 0.704956472 -1.402944342 0.005501656 -0.017595077
1750922957.599989891 0.236662391 -0.603691018 0.897179475 -0.005048094 0.709118976 0.004517381 0.705056301 -1.467749654 0.008378606 -0.009806359
1750922957.699990034 0.235291143 -0.602000094 1.039834245 -0.005428033 0.709249874 0.004340910 0.704922910 -1.482450220 0.010326989 -0.004775949
1750922957.799989939 0.236029559 -0.601132229 1.200676863 -0.005506778 0.709102103 0.003256433 0.705076789 -1.483927715 0.011852145 -0.001675501
1750922957.899990082 0.234430273 -0.599476818 1.344304571 -0.005460803 0.708991062 0.002538795 0.705191753 -1.482211364 0.014062857 0.003066674
1750922957.999989986 0.240874005 -0.596514785 1.483644136 -0.005681086 0.708815340 0.002059205 0.705368201 -1.448544767 0.013853065 0.013666253
1750922958.099989891 0.240787869 -0.594197610 1.646345172 -0.005855546 0.708754283 0.001834580 0.705428744 -1.344290130 0.007658896 0.022844591
1750922958.199990034 0.244510887 -0.593124172 1.770120894 -0.006529766 0.708530971 0.001403341 0.705648111 -1.157906239 -0.001133734 0.030180952
1750922958.299989939 0.251384737 -0.592803296 1.868726675 -0.006613178 0.708470478 0.001394613 0.705708086 -0.906923760 -0.005286847 0.029304752
1750922958.399990082 0.253224355 -0.593095731 1.950179053 -0.006499133 0.708235875 0.000886244 0.705945410 -0.638510296 -0.008184278 0.016778700
1750922958.499989986 0.253481312 -0.593195559 1.996859226 -0.006631774 0.707984840 0.000570592 0.706196262 -0.387516045 -0.009640403 -0.006999740
1750922958.599988937 0.255189140 -0.593864908 2.018754352 -0.006683325 0.708057553 0.000290361 0.706123042 -0.189996922 -0.009346598 -0.023523524
1750922958.699989080 0.245227890 -0.596058976 2.023817973 -0.006683880 0.708050748 0.000249054 0.706129876 -0.065086606 -0.007361689 -0.023515059
1750922958.799988985 0.245227890 -0.596058976 2.023817973 -0.006683880 0.708050748 0.000249054 0.706129876 -0.010410230 -0.002881941 -0.013322567
1750922958.899988890 0.245227890 -0.596058976 2.023817973 -0.006683880 0.708050748 0.000249054 0.706129876 0.000000000 0.000000000 0.000000000
1750922958.999989033 0.245227890 -0.596058976 2.023817973 -0.006683880 0.708050748 0.000249054 0.706129876 0.000000000 0.000000000 0.000000000
1750922959.099988937 0.245227890 -0.596058976 2.023817973 -0.006683880 0.708050748 0.000249054 0.706129876 0.000000000 0.000000000 0.000000000
1750922959.199989080 0.245227890 -0.596058976 2.023817973 -0.006683880 0.708050748 0.000249054 0.706129876 0.000000000 0.000000000 0.000000000
1750922959.299988985 0.245227890 -0.596058976 2.023817973 -0.006683880 0.708050748 0.000249054 0.706129876 0.000000000 0.000000000 0.000000000
1750922959.399988890 0.245227890 -0.596058976 2.023817973 -0.006683880 0.708050748 0.000249054 0.706129876 0.000000000 0.000000000 0.000000000
1750922959.499989033 0.245227890 -0.596058976 2.023817973 -0.006683880 0.708050748 0.000249054 0.706129876 0.000000000 0.000000000 0.000000000
1750922959.599987984 0.245227890 -0.596058976 2.023817973 -0.006683880 0.708050748 0.000249054 0.706129876 0.000000000 0.000000000 0.000000000
1750922959.699987888 0.245227890 -0.596058976 2.023817973 -0.006683880 0.708050748 0.000249054 0.706129876 0.000000000 0.000000000 0.000000000
1750922959.799988031 0.245227890 -0.596058976 2.023817973 -0.006683880 0.708050748 0.000249054 0.706129876 0.000000000 0.000000000 0.000000000
1750922959.899987936 0.245227890 -0.596058976 2.023817973 -0.006683880 0.708050748 0.000249054 0.706129876 0.000000000 0.000000000 0.000000000
1750922959.999988079 0.245227890 -0.596058976 2.023817973 -0.006683880 0.708050748 0.000249054 0.706129876 0.000000000 0.000000000 0.000000000
1750922960.099987984 0.245227890 -0.596058976 2.023817973 -0.006683880 0.708050748 0.000249054 0.706129876 0.000000000 0.000000000 0.000000000
