1750922947.500000000 0.000000000 0.000000000 0.000000000 0.000000000 0.000000000 0.000000000 1.000000000 0.000000000 0.000000000 0.000000000
1750922947.599999905 0.000000000 0.000000000 0.000000000 0.000000000 0.000000000 0.000000000 1.000000000 0.000000000 0.000000000 0.000000000
1750922947.700000048 0.000000000 0.000000000 0.000000000 0.000000000 0.000000000 0.000000000 1.000000000 0.000000000 0.000000000 0.000000000
1750922947.799999952 0.000000000 0.000000000 0.000000000 0.000000000 0.000000000 0.000000000 1.000000000 0.000000000 0.000000000 0.000000000
1750922947.900000095 0.000000000 0.000000000 0.000000000 0.000000000 0.000000000 0.000000000 1.000000000 0.000000000 0.000000000 0.000000000
1750922948.000000000 0.000000000 0.000000000 0.000000000 0.000000000 0.000000000 0.000000000 1.000000000 0.000000000 0.000000000 0.000000000
1750922948.099998951 0.000000000 0.000000000 0.000000000 0.000000000 0.000000000 0.000000000 1.000000000 0.000000000 0.000000000 0.000000000
1750922948.199999094 0.000000000 0.000000000 0.000000000 0.000000000 0.000000000 0.000000000 1.000000000 0.000000000 0.000000000 0.000000000
1750922948.299998999 0.000000000 0.000000000 0.000000000 0.000000000 0.000000000 0.000000000 1.000000000 0.007729778 -0.002271650 -0.000070081
1750922948.399998903 0.000000000 0.000000000 0.000000000 0.000000000 0.000000000 0.000000000 1.000000000 0.077268654 -0.008992898 -0.000957151
1750922948.499999046 0.003360731 -0.001298992 -0.000059217 0.000194493 -0.000059915 -0.000031263 0.999999979 0.237989797 -0.013196756 0.000647338
1750922948.599998951 0.038388777 -0.004070853 -0.000404360 0.000306795 0.000279665 -0.000133085 0.999999905 0.485989926 -0.012294932 0.011422367
1750922948.699999094 0.101482945 -0.004922889 0.000299042 0.000197603 0.000176150 -0.000263803 0.999999930 0.779258501 -0.008171113 0.021242862
1750922948.799998999 0.203871993 -0.004722321 0.003007859 0.000010091 -0.000419806 -0.000417050 0.999999825 1.021480089 -0.003215845 0.039432249
1750922948.899998903 0.318884474 -0.005952617 0.003453596 0.000112701 -0.000729639 -0.000629602 0.999999529 1.088954326 0.005180378 0.086530277
1750922948.999999046 0.440621115 -0.006146330 0.014493722 -0.000154190 -0.001698316 -0.000215294 0.999998523 1.129545560 0.007549991 0.110035592
1750922949.099997997 0.513751659 0.000774194 0.044949692 0.002068448 0.013479627 -0.001760727 0.999905456 1.178485203 0.007075222 0.133011761
1750922949.199997902 0.662676788 -0.003381723 0.044375639 0.001474638 0.011520271 -0.001644973 0.999931199 1.277602628 -0.002620000 0.085018818
1750922949.299998045 0.801129365 -0.005471158 0.041657317 0.000483329 0.010639216 -0.001316459 0.999942419 1.412700603 -0.016967120 0.032451733
1750922949.399997950 0.952456167 -0.006577831 0.041571282 0.001640865 0.010021798 -0.001172862 0.999947746 1.431924858 -0.018863724 0.014826248
1750922949.499998093 1.093288822 -0.010506540 0.043125868 0.000161812 0.009737465 -0.001006008 0.999952071 1.405499776 -0.017653946 0.014146293
1750922949.599997997 1.230605764 -0.010910372 0.038658990 0.000770555 0.009371858 -0.000829633 0.999955442 1.310708244 -0.016526013 0.006967980
1750922949.699997902 1.367658441 -0.014269278 0.036165496 -0.000763610 0.009408409 -0.000332240 0.999955393 1.141193120 -0.013923978 0.004511564
1750922949.799998045 1.466839091 -0.014999578 0.034702877 -0.000821778 0.009058281 -0.000285466 0.999958595 0.912353534 -0.009798803 0.004352212
1750922949.899997950 1.542509964 -0.015887633 0.035541742 -0.001068995 0.008900094 -0.000117812 0.999959815 0.658566782 0.007764901 -0.020023210
1750922949.999998093 1.595808080 -0.015905520 0.033169408 -0.001656858 0.009108909 -0.000159575 0.999957128 0.408788837 0.028201250 -0.068325839
1750922950.099997997 1.622228230 -0.013562872 0.032075110 -0.001604004 0.008879761 -0.000097969 0.999959283 0.139480019 0.030636291 -0.108164913
1750922950.199996948 1.625817139 -0.003728876 0.005621969 -0.001572097 0.008934724 -0.000055420 0.999958847 -0.144357455 0.019798015 -0.114733040
1750922950.299997091 1.589291487 -0.007215837 -0.004248970 -0.001061355 0.008353545 0.000161472 0.999964532 -0.428626624 0.000842056 -0.079238128
1750922950.399996996 1.532373128 -0.008378213 -0.008882263 -0.000903374 0.007826115 0.000064410 0.999968965 -0.714051155 -0.008261954 -0.038122288
1750922950.499996901 1.450122458 -0.007382216 -0.007695180 -0.000809606 0.007485473 0.000013003 0.999971656 -0.979977496 0.000128485 -0.017390839
1750922950.599997044 1.325620480 -0.007886827 -0.007953672 -0.000478479 0.006997692 0.000074452 0.999975399 -1.200692229 0.005251680 -0.007915784
1750922950.699996948 1.195756005 -0.006671058 -0.005407749 -0.000537034 0.006676830 -0.000176358 0.999977550 -1.354760051 0.005517948 -0.012137631
1750922950.799997091 1.055474267 -0.006142934 -0.004704399 -0.000812641 0.006526814 -0.000152674 0.999978358 -1.425204069 0.005409291 -0.018980634
1750922950.899996996 0.899355952 -0.005766246 -0.005605545 -0.000991296 0.006296237 -0.000303075 0.999979641 -1.436334832 0.006682170 -0.015820685
1750922950.999996901 0.762185349 -0.005647494 -0.009051277 -0.000508139 0.005760638 -0.000595044 0.999983101 -1.428959196 0.009896819 -0.004654325
1750922951.099997044 0.624861956 -0.003331879 -0.003588011 0.000337735 0.005254904 -0.000923561 0.999985709 -1.415382272 0.014419473 0.014095605
1750922951.199995995 0.471763638 -0.001654801 -0.000830928 0.000668602 0.004361378 -0.001011339 0.999989754 -1.376299751 0.015046781 0.023164524
1750922951.299995899 0.340264116 0.001049536 0.006592554 0.000519460 0.003607522 -0.000783955 0.999993051 -1.272255037 0.008399921 0.016876582
1750922951.399996042 0.218275315 0.001626847 0.006772093 0.000221826 0.003126511 -0.001359784 0.999994163 -1.084021199 0.000018268 0.019809655
1750922951.499995947 0.116423307 -0.000450755 0.009858851 0.000019971 0.002460818 -0.000920908 0.999996548 -0.836166998 -0.005616259 0.010496335
1750922951.599996090 0.054384531 0.000715161 0.014761286 0.000409843 0.001539146 -0.000805327 0.999998407 -0.574240765 -0.007683960 -0.009708501
1750922951.699995995 0.007886335 -0.000681207 0.007276610 0.000524250 0.001057449 -0.000811769 0.999998974 -0.330994048 -0.006184405 -0.035565053
1750922951.799995899 -0.011064916 -0.001109659 -0.001238100 0.000814393 0.000362037 -0.000570814 0.999999440 -0.071819140 -0.011146005 -0.044414788
1750922951.899996042 -0.012439259 -0.001019852 -0.004772206 0.000856858 0.000411171 -0.000569703 0.999999386 0.200403764 -0.013700427 -0.030691844
1750922951.999995947 0.030301786 -0.004808944 -0.001945055 0.000937649 0.000265657 -0.000409888 0.999999441 0.475230451 -0.012090721 -0.012298061
1750922952.099996090 0.097626463 -0.005928024 -0.006484212 0.000661134 0.000707400 -0.000119627 0.999999524 0.747950977 -0.006816635 -0.001530459
1750922952.199995995 0.183113203 -0.005492476 -0.003551189 0.000456358 0.001297999 0.000117056 0.999999047 0.973766610 0.004595156 0.025875871
1750922952.299994946 0.294257078 -0.004794182 -0.000913759 0.000590554 0.001690681 0.000114449 0.999998390 1.121668718 0.009595637 0.076250289
1750922952.399995089 0.468327976 -0.004812801 0.015063407 -0.001295408 0.000741710 0.002270946 0.999996307 1.217204205 -0.007862263 0.080436332
1750922952.499994993 0.543458559 -0.000658253 0.023372666 -0.000650876 0.004485072 0.000668924 0.999989506 1.286632882 -0.015514190 0.070645311
1750922952.599994898 0.664701298 -0.007652373 0.017626780 -0.000726179 0.004795216 0.000904697 0.999987830 1.346975651 -0.022276391 0.023143813
1750922952.699995041 0.820272684 -0.009177564 0.019723537 -0.000660596 0.005117265 0.001714913 0.999985218 1.406748977 -0.017697626 -0.010522489
1750922952.799994946 0.957197685 -0.008851294 0.016052565 -0.000533988 0.005489612 0.002214565 0.999982337 1.424345788 -0.005344429 -0.012055201
1750922952.899995089 1.092360864 -0.008281869 0.012341846 -0.000530160 0.005813871 0.002317397 0.999980274 1.396355604 -0.002305414 -0.014884952
1750922952.999994993 1.247865301 -0.008103870 0.007755589 -0.000807705 0.006228411 0.002363164 0.999977485 1.306615922 -0.001355805 -0.004665202
1750922953.099994898 1.371857811 -0.007215576 0.007832181 -0.001403018 0.006674227 0.002596850 0.999973371 1.135149682 -0.000573151 0.001854516
1750922953.199995041 1.467790428 -0.006986475 0.008443083 -0.001669415 0.006875703 0.002485915 0.999971879 0.901838728 0.003845055 0.002208233
1750922953.299993992 1.549273114 -0.005854058 0.005938812 -0.001595723 0.007227162 0.002242213 0.999970097 0.647365424 0.003539265 -0.005535964
1750922953.399993896 1.599288482 -0.004288900 0.005117393 -0.001815667 0.007715026 0.001917940 0.999966751 0.398132817 -0.005211545 -0.008868441
1750922953.499994040 1.622318452 -0.002924952 0.002639357 -0.001886208 0.008083973 0.001606309 0.999964255 0.141759967 -0.017582163 -0.022785480
1750922953.599993944 1.627364435 -0.008753738 0.003651311 -0.001878829 0.008085039 0.001185255 0.999964848 -0.138228493 -0.021850505 -0.035946794
1750922953.699994087 1.598414468 -0.011500715 -0.002381782 -0.001660937 0.007839500 0.000866028 0.999967516 -0.430806996 -0.012983737 -0.038565323
1750922953.799993992 1.538491640 -0.012590056 -0.008331199 -0.001670926 0.007777900 0.000611138 0.999968169 -0.732848712 0.000493636 -0.035607415
1750922953.899993896 1.445685653 -0.009129013 -0.006719084 -0.001329944 0.007810320 0.000197111 0.999968595 -1.013883050 0.009962927 -0.027627336
1750922953.999994040 1.326811301 -0.010390922 -0.007981524 -0.001128245 0.007535802 -0.000136190 0.999970960 -1.237066597 0.013141101 -0.031915978
1750922954.099993944 1.193062468 -0.007647875 -0.011059672 -0.000562312 0.007346465 -0.000910088 0.999972442 -1.378424733 0.013068259 -0.034436341
1750922954.199994087 1.035372175 -0.005749721 -0.014255753 -0.000446631 0.007244834 -0.000932898 0.999973221 -1.432191482 0.015985572 -0.027411523
1750922954.299993992 0.896166100 -0.004146317 -0.011480017 -0.000520508 0.007208442 -0.001273172 0.999973073 -1.435485869 0.016275321 -0.012334912
1750922954.399992943 0.760118058 -0.002597369 -0.012846012 0.000202854 0.006765562 -0.001507073 0.999975957 -1.428818325 0.017295071 -0.000621142
1750922954.499993086 0.606107111 0.000329719 -0.009985131 0.000931563 0.006354055 -0.001780910 0.999977793 -1.428669148 0.020245298 0.005139673
1750922954.599992990 0.468602694 0.001964197 -0.004254912 0.001202441 0.005927366 -0.001770622 0.999980142 -1.394953185 0.020730010 0.012070625
1750922954.699992895 0.330768172 0.005879030 -0.002880435 0.001315323 0.005433103 -0.001568580 0.999983145 -1.287408425 0.016645130 0.015569326
1750922954.799993038 0.198533794 0.008051400 0.001668140 0.001006188 0.004679180 -0.001653321 0.999987180 -1.094264081 0.009960765 0.029321723
1750922954.899992943 0.103693983 0.006576341 0.002258281 0.000897728 0.004453739 -0.001273448 0.999988868 -0.839254181 0.003373348 0.029221496
1750922954.999993086 0.040064726 0.008339734 0.011313652 0.001226353 0.003762093 -0.000924406 0.999991744 -0.574356318 -0.003439311 0.012154647
1750922955.099992990 -0.006373225 0.008084469 0.008040192 0.001380537 0.002970713 -0.000477158 0.999994521 -0.327814303 -0.009978194 0.002720298
1750922955.199992895 -0.024071553 0.006456253 0.009804254 0.001562050 0.002781541 -0.000312214 0.999994863 -0.084392269 -0.021970444 -0.009611960
1750922955.299993038 -0.022145613 0.003984799 0.008411810 0.001699884 0.002614403 -0.000029965 0.999995137 0.185410646 -0.024386476 -0.005645657
1750922955.399991989 0.013805685 0.000163587 0.007924049 0.001786317 0.002606824 0.000542270 0.999994860 0.471849999 -0.016209125 0.004506755
1750922955.499991894 0.076201572 -0.001123153 0.005927444 0.001785874 0.002948473 0.000677319 0.999993829 0.764407295 -0.006232401 -0.003024032
1750922955.599992037 0.165933817 -0.000017590 0.007301837 0.001673986 0.002946980 0.001239404 0.999993488 1.041841848 -0.007674012 -0.000478869
1750922955.699991941 0.295143801 0.001528916 0.007284280 0.001982414 0.002786519 0.001542716 0.999992963 1.190131131 -0.016836821 0.034011853
1750922955.799992085 0.462832515 -0.006547310 0.013219258 -0.001148502 0.000082821 0.001971775 0.999997393 1.258507912 -0.035545461 0.042617752
1750922955.899991989 0.539900412 -0.003601184 0.021963717 -0.002495997 0.003502432 0.001195284 0.999990037 1.286363630 -0.040978817 0.053245804
1750922955.999991894 0.679017973 -0.012192140 0.020735797 -0.002673107 0.003632217 0.001301104 0.999988984 1.303364358 -0.035897211 0.027223206
1750922956.099992037 0.811680078 -0.014290258 0.018764153 -0.002545681 0.003635467 0.001542073 0.999988962 1.364155167 -0.029383475 -0.013732957
1750922956.199991941 0.944890672 -0.015654819 0.015118395 -0.002850334 0.003581413 0.001882930 0.999987752 1.386184627 -0.016445004 -0.016242217
1750922956.299992085 1.094427324 -0.015935102 0.012001079 -0.002538163 0.003690937 0.001792772 0.999988360 1.361262119 -0.012742895 -0.008109330
1750922956.399991989 1.228085488 -0.016653048 0.009561887 -0.002471605 0.003736996 0.001867680 0.999988219 1.273509280 -0.011017309 -0.000335537
1750922956.499990940 1.349166170 -0.017246854 0.011441426 -0.003369968 0.003880893 0.002234965 0.999984293 1.106702435 -0.010247095 0.006340417
1750922956.599991083 1.455523243 -0.017603517 0.010348420 -0.003188950 0.004141756 0.002100312 0.999984132 0.876751260 -0.006578826 0.003160736
1750922956.699990988 1.525752847 -0.018133570 0.011198049 -0.003735964 0.004340623 0.002146141 0.999981298 0.620473735 -0.003246804 -0.009179165
1750922956.799990892 1.572435078 -0.017143652 0.009168127 -0.003680388 0.004714126 0.002125506 0.999979857 0.404624556 0.007166873 -0.019013079
1750922956.899991035 1.595273405 -0.015695267 0.010914775 -0.004044407 0.004928215 0.001872157 0.999977925 0.236379600 0.029877305 -0.018150035
1750922956.999990940 1.599151160 -0.021358765 -0.001208351 -0.004092878 0.004682473 0.002097857 0.999978461 -0.012484294 0.035611162 -0.033047770
1750922957.099991083 1.620702092 -0.004869539 0.006424007 -0.000364117 0.006707670 0.000099713 0.999977432 -0.322526967 0.029914356 -0.038760839
1750922957.199990988 1.546430554 -0.006780434 -0.006585940 -0.000327646 0.006503938 -0.000046798 0.999978794 -0.690785594 0.012691933 -0.041070475
1750922957.299990892 1.459574689 -0.006561410 -0.006760184 -0.000079690 0.006268910 -0.000100706 0.999980342 -1.039813536 -0.002644098 -0.043726559
1750922957.399991035 1.344903213 -0.007001649 -0.008221150 -0.000027674 0.005865633 -0.000131874 0.999982788 -1.254869161 0.003520350 -0.022081442
1750922957.499989986 1.188267085 -0.005663999 -0.008471468 0.000324392 0.005687379 -0.000724928 0.999983511 -1.402944342 0.005501656 -0.017595077
1750922957.599989891 1.047466278 -0.005187792 -0.007753988 0.000421633 0.005548206 -0.000867587 0.999984143 -1.467749654 0.008378606 -0.009806359
1750922957.699990034 0.904808172 -0.003331302 -0.008338130 0.000276800 0.005737979 -0.001259289 0.999982706 -1.482450220 0.010326989 -0.004775949
1750922957.799989939 0.743972829 -0.002309487 -0.006727447 0.000985661 0.005530230 -0.002085221 0.999982048 -1.483927715 0.011852145 -0.001675501
1750922957.899990082 0.600340545 -0.000484233 -0.007534910 0.001524268 0.005373559 -0.002562735 0.999981117 -1.482211364 0.014062857 0.003066674
1750922957.999989986 0.461040654 0.002527522 -0.000304453 0.001706171 0.005128004 -0.003059884 0.999980715 -1.448544767 0.013853065 0.013666253
1750922958.099989891 0.298344119 0.005012249 0.000512533 0.001740840 0.005044030 -0.003342784 0.999980176 -1.344290130 0.007658896 0.022844591
1750922958.199990034 0.174591259 0.006158775 0.004912256 0.001566759 0.004736718 -0.004126227 0.999979041 -1.157906239 -0.001133734 0.030180952
1750922958.299989939 0.076023935 0.006481766 0.012317068 0.001513729 0.004652032 -0.004191849 0.999979248 -0.906923760 -0.005286847 0.029304752
1750922958.399990082 -0.005417751 0.006246304 0.014587724 0.001952922 0.004320114 -0.004474243 0.999978752 -0.638510296 -0.008184278 0.016778700
1750922958.499989986 -0.052095973 0.006190579 0.015092775 0.002081291 0.003967445 -0.004794120 0.999978472 -0.387516045 -0.009640403 -0.006999740
1750922958.599988937 -0.073982407 0.005519168 0.016907840 0.002242413 0.004072231 -0.005028409 0.999976552 -0.189996922 -0.009346598 -0.023523524
1750922958.699989080 -0.079101469 0.003473676 0.006943310 0.002271145 0.004062784 -0.005058155 0.999976375 -0.065086606 -0.007361689 -0.023515059
1750922958.799988985 -0.079101469 0.003473676 0.006943310 0.002271145 0.004062784 -0.005058155 0.999976375 -0.010410230 -0.002881941 -0.013322567
1750922958.899988890 -0.079101469 0.003473676 0.006943310 0.002271145 0.004062784 -0.005058155 0.999976375 -0.000000000 -0.000000000 0.000000000
1750922958.999989033 -0.079101469 0.003473676 0.006943310 0.002271145 0.004062784 -0.005058155 0.999976375 -0.000000000 -0.000000000 0.000000000
1750922959.099988937 -0.079101469 0.003473676 0.006943310 0.002271145 0.004062784 -0.005058155 0.999976375 -0.000000000 -0.000000000 0.000000000
1750922959.199989080 -0.079101469 0.003473676 0.006943310 0.002271145 0.004062784 -0.005058155 0.999976375 -0.000000000 -0.000000000 0.000000000
1750922959.299988985 -0.079101469 0.003473676 0.006943310 0.002271145 0.004062784 -0.005058155 0.999976375 -0.000000000 -0.000000000 0.000000000
1750922959.399988890 -0.079101469 0.003473676 0.006943310 0.002271145 0.004062784 -0.005058155 0.999976375 -0.000000000 -0.000000000 0.000000000
1750922959.499989033 -0.079101469 0.003473676 0.006943310 0.002271145 0.004062784 -0.005058155 0.999976375 -0.000000000 -0.000000000 0.000000000
1750922959.599987984 -0.079101469 0.003473676 0.006943310 0.002271145 0.004062784 -0.005058155 0.999976375 -0.000000000 -0.000000000 0.000000000
1750922959.699987888 -0.079101469 0.003473676 0.006943310 0.002271145 0.004062784 -0.005058155 0.999976375 -0.000000000 -0.000000000 0.000000000
1750922959.799988031 -0.079101469 0.003473676 0.006943310 0.002271145 0.004062784 -0.005058155 0.999976375 -0.000000000 -0.000000000 0.000000000
1750922959.899987936 -0.079101469 0.003473676 0.006943310 0.002271145 0.004062784 -0.005058155 0.999976375 -0.000000000 -0.000000000 0.000000000
1750922959.999988079 -0.079101469 0.003473676 0.006943310 0.002271145 0.004062784 -0.005058155 0.999976375 0.000000000 -0.000000000 -0.000000000
1750922960.099987984 -0.079101469 0.003473676 0.006943310 0.002271145 0.004062784 -0.005058155 0.999976375 0.000000000 -0.000000000 -0.000000000
