1750922947.500000000 0.240058809 -0.593292688 1.876894133 0.525071960 0.469207259 -0.517107978 0.486562765 0.000000000 0.000000000 0.000000000
1750922947.599999905 0.240058809 -0.593292688 1.876894133 0.525071960 0.469207259 -0.517107978 0.486562765 0.000000000 0.000000000 0.000000000
1750922947.700000048 0.240058809 -0.593292688 1.876894133 0.525071960 0.469207259 -0.517107978 0.486562765 0.000000000 0.000000000 0.000000000
1750922947.799999952 0.240058809 -0.593292688 1.876894133 0.525071960 0.469207259 -0.517107978 0.486562765 0.000000000 0.000000000 0.000000000
1750922947.900000095 0.240058809 -0.593292688 1.876894133 0.525071960 0.469207259 -0.517107978 0.486562765 0.000000000 0.000000000 0.000000000
1750922948.000000000 0.240058809 -0.593292688 1.876894133 0.525071960 0.469207259 -0.517107978 0.486562765 0.000000000 0.000000000 0.000000000
1750922948.099998951 0.240058809 -0.593292688 1.876894133 0.525071960 0.469207259 -0.517107978 0.486562765 0.000000000 0.000000000 0.000000000
1750922948.199999094 0.240058809 -0.593292688 1.876894133 0.525071960 0.469207259 -0.517107978 0.486562765 0.000000000 0.000000000 0.000000000
1750922948.299998999 0.240058809 -0.593292688 1.876894133 0.525071960 0.469207259 -0.517107978 0.486562765 0.007729778 -0.002271650 -0.000070081
1750922948.399998903 0.240058809 -0.593292688 1.876894133 0.525071960 0.469207259 -0.517107978 0.486562765 0.077268654 -0.008992898 -0.000957151
1750922948.499999046 0.238853843 -0.593156925 1.873500753 0.525120931 0.469093938 -0.517245895 0.486472578 0.237989797 -0.013196756 0.000647338
1750922948.599998951 0.236994823 -0.592941092 1.838411384 0.525303358 0.469254522 -0.517169789 0.486201589 0.485989926 -0.012294932 0.011422367
1750922948.699999094 0.237655712 -0.594229352 1.775324156 0.525135380 0.469329268 -0.517236524 0.486239910 0.779258501 -0.008171113 0.021242862
1750922948.799998999 0.240169552 -0.598017836 1.673000048 0.524664010 0.469216678 -0.517535971 0.486538697 1.021480089 -0.003215845 0.039432249
1750922948.899998903 0.241768118 -0.599560685 1.558001581 0.524453833 0.469124331 -0.517850068 0.486520139 1.088954326 0.005180378 0.086530277
1750922948.999999046 0.243650634 -0.611817701 1.436395852 0.524016931 0.468573006 -0.518031359 0.487328539 1.129545560 0.007549991 0.110035592
1750922949.099997997 0.249730538 -0.643521295 1.363722245 0.532173025 0.475576480 -0.511808549 0.478195454 1.178485203 0.007075222 0.133011761
1750922949.199997902 0.249347505 -0.644151273 1.214739858 0.530938730 0.474881494 -0.512515722 0.479498974 1.277602628 -0.002620000 0.085018818
1750922949.299998045 0.250947289 -0.642713510 1.076261540 0.530160827 0.474798190 -0.512359169 0.480608216 1.412700603 -0.016967120 0.032451733
1750922949.399997950 0.253618727 -0.644117675 0.924960764 0.530474944 0.473826307 -0.513159369 0.480366971 1.431924858 -0.018863724 0.014826248
1750922949.499998093 0.253076577 -0.646803062 0.784091381 0.529688820 0.474367210 -0.512535733 0.481365377 1.405499776 -0.017653946 0.014146293
1750922949.599997997 0.256478014 -0.643756755 0.646777111 0.529880480 0.473783506 -0.512929255 0.481310134 1.310708244 -0.016526013 0.006967980
1750922949.699997902 0.256759199 -0.642418873 0.509667421 0.529386268 0.474333429 -0.511948184 0.482355713 1.141193120 -0.013923978 0.004511564
1750922949.799998045 0.258626674 -0.641937825 0.410492046 0.529200540 0.474170091 -0.512083630 0.482576283 0.912353534 -0.009798803 0.004352212
1750922949.899997950 0.259552987 -0.643489683 0.334832895 0.529077759 0.474133504 -0.511969751 0.482867601 0.658566782 0.007764901 -0.020023210
1750922949.999998093 0.261066709 -0.641683110 0.281534092 0.528878700 0.474559762 -0.511603209 0.483055391 0.408788837 0.028201250 -0.068325839
1750922950.099997997 0.264151991 -0.641071661 0.255174711 0.528815960 0.474389599 -0.511719467 0.483168062 0.139480019 0.030636291 -0.108164913
1750922950.199996948 0.276322056 -0.615603756 0.251620595 0.528879642 0.474377297 -0.511684650 0.483147310 -0.144357455 0.019798015 -0.114733040
1750922950.299997091 0.272793435 -0.605086883 0.287961505 0.528932370 0.473719192 -0.512126863 0.483266750 -0.428626624 0.000842056 -0.079238128
1750922950.399996996 0.270619703 -0.599774626 0.344790837 0.528693285 0.473433915 -0.512527447 0.483383238 -0.714051155 -0.008261954 -0.038122288
1750922950.499996901 0.269462014 -0.600181439 0.427046950 0.528540052 0.473247938 -0.512776709 0.483468561 -0.979977496 0.000128485 -0.017390839
1750922950.599997044 0.265883216 -0.598576163 0.551488419 0.528479729 0.472808865 -0.513160233 0.483557162 -1.200692229 0.005251680 -0.007915784
1750922950.699996948 0.263641948 -0.599856834 0.681357886 0.528168765 0.472815727 -0.513424381 0.483609810 -1.354760051 0.005517948 -0.012137631
1750922950.799997091 0.260615833 -0.599133486 0.821607873 0.527968628 0.472873197 -0.513362728 0.483837552 -1.425204069 0.005409291 -0.018980634
1750922950.899996996 0.257183452 -0.596632748 0.977671474 0.527692572 0.472932964 -0.513473814 0.483962398 -1.436334832 0.006682170 -0.015820685
1750922950.999996901 0.254185701 -0.591773293 1.114766553 0.527515519 0.472577445 -0.514125593 0.483810717 -1.428959196 0.009896819 -0.004654325
1750922951.099997044 0.252602009 -0.595976958 1.252144661 0.527512797 0.472067685 -0.514949223 0.483435256 -1.415382272 0.014419473 0.014095605
1750922951.199995995 0.250223689 -0.597264363 1.405253104 0.527172673 0.471509822 -0.515618435 0.483637354 -1.376299751 0.015046781 0.023164524
1750922951.299995899 0.249002645 -0.603515358 1.536835701 0.526818702 0.471102300 -0.515835353 0.484188565 -1.272255037 0.008399921 0.016876582
1750922951.399996042 0.246526066 -0.602466052 1.658796345 0.526155551 0.471325041 -0.516229019 0.484273313 -1.084021199 0.000018268 0.019809655
1750922951.499995947 0.241655197 -0.604295071 1.760583404 0.525920277 0.470876197 -0.516271536 0.484919756 -0.836166998 -0.005616259 0.010496335
1750922951.599996090 0.240848612 -0.608629585 1.822670153 0.525688578 0.470166324 -0.516883135 0.485208173 -0.574240765 -0.007683960 -0.009708501
1750922951.699995995 0.238947645 -0.600565705 1.869053475 0.525492430 0.469876436 -0.517193169 0.485371062 -0.330994048 -0.006184405 -0.035565053
1750922951.799995899 0.238785289 -0.591847695 1.887916235 0.525387302 0.469261739 -0.517577449 0.485669834 -0.071819140 -0.011146005 -0.044414788
1750922951.899996042 0.239146016 -0.588320283 1.889263094 0.525433864 0.469263078 -0.517571006 0.485625032 0.200403764 -0.013700427 -0.030691844
1750922951.999995947 0.236191635 -0.591257873 1.846463689 0.525472943 0.469066610 -0.517607588 0.485733555 0.475230451 -0.012090721 -0.012298061
1750922952.099996090 0.237145019 -0.587344677 1.779097181 0.525703066 0.469272165 -0.517104711 0.485821613 0.747950977 -0.006816635 -0.001530459
1750922952.199995995 0.239452844 -0.591199710 1.693677115 0.526019636 0.469540920 -0.516583113 0.485774180 0.973766610 0.004595156 0.025875871
1750922952.299994946 0.242686451 -0.595051696 1.582613572 0.526286421 0.469663652 -0.516440821 0.485517801 1.121668718 0.009595637 0.076250289
1750922952.399995089 0.245619075 -0.612790440 1.408738087 0.525888813 0.469043870 -0.515003844 0.488067459 1.217204205 -0.007862263 0.080436332
1750922952.499994993 0.250908360 -0.622213498 1.333810535 0.527382889 0.471369944 -0.514116697 0.485140893 1.286632882 -0.015514190 0.070645311
1750922952.599994898 0.247456731 -0.617156524 1.212384640 0.527616373 0.471435204 -0.513802931 0.485156015 1.346975651 -0.022276391 0.023143813
1750922952.699995041 0.249628304 -0.620743624 1.056848163 0.528193606 0.471131340 -0.513269032 0.485388170 1.406748977 -0.017697626 -0.010522489
1750922952.799994946 0.253678330 -0.618549047 0.919951050 0.528680680 0.470983336 -0.512888327 0.485403956 1.424345788 -0.005344429 -0.012055201
1750922952.899995089 0.257930113 -0.616317376 0.784821036 0.528897385 0.471084166 -0.512668762 0.485301973 1.396355604 -0.002305414 -0.014884952
1750922952.999994993 0.262373987 -0.613392824 0.629339866 0.528996714 0.471404047 -0.512297162 0.485275508 1.306615922 -0.001355805 -0.004665202
1750922953.099994898 0.266337957 -0.614844624 0.505416032 0.529045079 0.471804173 -0.511667921 0.485497750 1.135149682 -0.000573151 0.001854516
1750922953.199995041 0.268900872 -0.616477941 0.409529346 0.528966810 0.472097509 -0.511490342 0.485485002 0.901838728 0.003845055 0.002208233
1750922953.299993992 0.272273091 -0.614934345 0.328084719 0.529069125 0.472357534 -0.511458032 0.485154514 0.647365424 0.003539265 -0.005535964
1750922953.399993896 0.275147679 -0.614774901 0.278121004 0.529060479 0.472877342 -0.511254718 0.484871779 0.398132817 -0.005211545 -0.008868441
1750922953.499994040 0.277293465 -0.612665060 0.255113946 0.529069412 0.473255793 -0.511178233 0.484573344 0.141759967 -0.017582163 -0.022785480
1750922953.599993944 0.271526418 -0.613223596 0.249928395 0.528876303 0.473473858 -0.511386312 0.484351527 -0.138228493 -0.021850505 -0.035946794
1750922953.699994087 0.268591578 -0.606673222 0.278747208 0.528706969 0.473410583 -0.511774178 0.484188551 -0.430806996 -0.012983737 -0.038565323
1750922953.799993992 0.266529576 -0.600024634 0.338570882 0.528551001 0.473519918 -0.511926193 0.484091211 -0.732848712 0.000493636 -0.035607415
1750922953.899993896 0.267527503 -0.600956790 0.431445336 0.528539634 0.473576962 -0.512270832 0.483683070 -1.013883050 0.009962927 -0.027627336
1750922953.999994040 0.263421317 -0.598345032 0.550233448 0.528340672 0.473515208 -0.512673007 0.483534767 -1.237066597 0.013141101 -0.031915978
1750922954.099993944 0.263090609 -0.594113840 0.683978494 0.528155786 0.473537483 -0.513415279 0.482926982 -1.378424733 0.013068259 -0.034436341
1750922954.199994087 0.261332777 -0.589441522 0.841633579 0.528149224 0.473440555 -0.513534422 0.482902511 -1.432191482 0.015985572 -0.027411523
1750922954.299993992 0.259225216 -0.590886692 0.980853106 0.527934723 0.473639650 -0.513684355 0.482782347 -1.435485869 0.016275321 -0.012334912
1750922954.399992943 0.257500029 -0.588234164 1.116880025 0.527949434 0.473174273 -0.514371604 0.482490783 -1.428818325 0.017295071 -0.000621142
1750922954.499993086 0.256334966 -0.589723169 1.270933749 0.527963681 0.472741873 -0.515063779 0.482160531 -1.428669148 0.020245298 0.005139673
1750922954.599992990 0.254045317 -0.594132166 1.408477523 0.527880896 0.472389889 -0.515411128 0.482224969 -1.394953185 0.020730010 0.012070625
1750922954.699992895 0.254395075 -0.594394989 1.546373785 0.527776609 0.471986349 -0.515626864 0.482503548 -1.287408425 0.016645130 0.015569326
1750922954.799993038 0.252874439 -0.597728382 1.678653473 0.527198693 0.471825763 -0.515920997 0.482977755 -1.094264081 0.009960765 0.029321723
1750922954.899992943 0.248993996 -0.597195615 1.773425684 0.527208469 0.471573489 -0.515804521 0.483337740 -0.839254181 0.003373348 0.029221496
1750922954.999993086 0.248383902 -0.605702220 1.837152108 0.527175993 0.470885102 -0.516153534 0.483671605 -0.574356318 -0.003439311 0.012154647
1750922955.099992990 0.247256893 -0.601932645 1.883539436 0.527053095 0.470186782 -0.516425231 0.484194595 -0.327814303 -0.009978194 0.002720298
1750922955.199992895 0.245042319 -0.603364282 1.901204087 0.527121162 0.469914429 -0.516529649 0.484273509 -0.084392269 -0.021970444 -0.009611960
1750922955.299993038 0.242749180 -0.601784228 1.899203794 0.527234376 0.469613759 -0.516544891 0.484425645 0.185410646 -0.024386476 -0.005645657
1750922955.399991989 0.239880369 -0.601345532 1.863163360 0.527540863 0.469264781 -0.516310854 0.484679590 0.471849999 -0.016209125 0.004506755
1750922955.499991894 0.240324327 -0.599899197 1.800740609 0.527780142 0.469359850 -0.516065013 0.484588852 0.764407295 -0.006232401 -0.003024032
1750922955.599992037 0.243539841 -0.602303720 1.711080887 0.527988485 0.469121687 -0.515739632 0.484938795 1.041841848 -0.007674012 -0.000478869
1750922955.699991941 0.248297344 -0.603773123 1.581957616 0.528197619 0.468724614 -0.515820750 0.485008726 1.190131131 -0.016836821 0.034011853
1750922955.799992085 0.243914237 -0.610746169 1.414171684 0.525479772 0.468804909 -0.515564865 0.488145303 1.258507912 -0.035545461 0.042617752
1750922955.899991989 0.248010595 -0.620518909 1.337280076 0.526224241 0.471569827 -0.513511076 0.486843220 1.286363630 -0.040978817 0.053245804
1750922955.999991894 0.243022934 -0.620012437 1.197982284 0.526254278 0.471668503 -0.513307796 0.486929527 1.303364358 -0.035897211 0.027223206
1750922956.099992037 0.244405415 -0.619257123 1.065298292 0.526431012 0.471477655 -0.513248621 0.486985691 1.364155167 -0.029383475 -0.013732957
1750922956.199991941 0.246676842 -0.616902999 0.932070987 0.526414124 0.471429351 -0.512967583 0.487346689 1.386184627 -0.016445004 -0.016242217
1750922956.299992085 0.250388791 -0.615339817 0.782555823 0.526580668 0.471368840 -0.513100731 0.487085062 1.361262119 -0.012742895 -0.008109330
1750922956.399991989 0.253211054 -0.614248129 0.648907729 0.526671943 0.471317434 -0.513071255 0.487067170 1.273509280 -0.011017309 -0.000335537
1750922956.499990940 0.255470616 -0.617337801 0.527871515 0.526479515 0.471657307 -0.512393443 0.487659373 1.106702435 -0.010247095 0.006340417
1750922956.599991083 0.257856870 -0.617332356 0.421534999 0.526639221 0.471761254 -0.512406840 0.487372219 0.876751260 -0.006578826 0.003160736
1750922956.699990988 0.259003382 -0.618868797 0.351324423 0.526495915 0.472115487 -0.512021993 0.487588450 0.620473735 -0.003246804 -0.009179165
1750922956.799990892 0.261326571 -0.617420911 0.304667831 0.526705659 0.472278640 -0.511861249 0.487372646 0.404624556 0.007166873 -0.019013079
1750922956.899991035 0.263186499 -0.619525066 0.281889530 0.526519361 0.472703165 -0.511700308 0.487331382 0.236379600 0.029877305 -0.018150035
1750922956.999990940 0.258690394 -0.607000150 0.277767165 0.526474883 0.472490403 -0.511697057 0.487589108 -0.012484294 0.035611162 -0.033047770
1750922957.099991083 0.274989387 -0.616250852 0.256711109 0.528398321 0.472596304 -0.513354935 0.483647247 -0.322526967 0.029914356 -0.038760839
1750922957.199990988 0.272362368 -0.602347270 0.330798630 0.528242686 0.472555884 -0.513551013 0.483648590 -0.690785594 0.012691933 -0.041070475
1750922957.299990892 0.270433917 -0.601282678 0.417627009 0.528217316 0.472342340 -0.513817792 0.483601549 -1.039813536 -0.002644098 -0.043726559
1750922957.399991035 0.267267831 -0.598588003 0.532233249 0.528020747 0.472136735 -0.514070378 0.483748530 -1.254869161 0.003520350 -0.022081442
1750922957.499989986 0.264723371 -0.596813047 0.688844564 0.527821987 0.472179683 -0.514618098 0.483340987 -1.402944342 0.005501656 -0.017595077
1750922957.599989891 0.261631409 -0.596093862 0.829612214 0.527730729 0.472136885 -0.514806539 0.483281767 -1.467749654 0.008378606 -0.009806359
1750922957.699990034 0.259980424 -0.594177499 0.972261170 0.527573848 0.472509113 -0.514828783 0.483065521 -1.482450220 0.010326989 -0.004775949
1750922957.799989939 0.256856035 -0.594185298 1.133077476 0.527423446 0.472474838 -0.515671996 0.482363379 -1.483927715 0.011852145 -0.001675501
1750922957.899990082 0.255168999 -0.592033560 1.276697601 0.527379954 0.472370382 -0.516238837 0.481906703 -1.482211364 0.014062857 0.003066674
1750922957.999989986 0.254076678 -0.598037044 1.416084024 0.527108005 0.472417690 -0.516694807 0.481669132 -1.448544767 0.013853065 0.013666253
1750922958.099989891 0.252431557 -0.597360753 1.578791861 0.526948429 0.472507195 -0.516892537 0.481543777 -1.344290130 0.007658896 0.022844591
1750922958.199990034 0.250113188 -0.600546277 1.702565525 0.526336621 0.472858518 -0.517352825 0.481373698 -1.157906239 -0.001133734 0.030180952
1750922958.299989939 0.247341675 -0.606918386 1.801166579 0.526236345 0.472879288 -0.517404445 0.481407445 -0.906923760 -0.005286847 0.029304752
1750922958.399990082 0.244883989 -0.608306999 1.882591336 0.526145641 0.472638724 -0.517921945 0.481186306 -0.638510296 -0.008184278 0.016778700
1750922958.499989986 0.243623116 -0.608316345 1.929255291 0.525875497 0.472568574 -0.518322848 0.481118831 -0.387516045 -0.009640403 -0.006999740
1750922958.599988937 0.242252828 -0.609837398 1.951131533 0.525897140 0.472658360 -0.518456431 0.480862977 -0.189996922 -0.009346598 -0.023523524
1750922958.699989080 0.240949562 -0.599680556 1.956113575 0.525892185 0.472654441 -0.518489255 0.480836855 -0.065086606 -0.007361689 -0.023515059
1750922958.799988985 0.240949562 -0.599680556 1.956113575 0.525892185 0.472654441 -0.518489255 0.480836855 -0.010410230 -0.002881941 -0.013322567
1750922958.899988890 0.240949562 -0.599680556 1.956113575 0.525892185 0.472654441 -0.518489255 0.480836855 0.000000000 0.000000000 0.000000000
1750922958.999989033 0.240949562 -0.599680556 1.956113575 0.525892185 0.472654441 -0.518489255 0.480836855 0.000000000 0.000000000 0.000000000
1750922959.099988937 0.240949562 -0.599680556 1.956113575 0.525892185 0.472654441 -0.518489255 0.480836855 0.000000000 0.000000000 0.000000000
1750922959.199989080 0.240949562 -0.599680556 1.956113575 0.525892185 0.472654441 -0.518489255 0.480836855 0.000000000 0.000000000 0.000000000
1750922959.299988985 0.240949562 -0.599680556 1.956113575 0.525892185 0.472654441 -0.518489255 0.480836855 0.000000000 0.000000000 0.000000000
1750922959.399988890 0.240949562 -0.599680556 1.956113575 0.525892185 0.472654441 -0.518489255 0.480836855 0.000000000 0.000000000 0.000000000
1750922959.499989033 0.240949562 -0.599680556 1.956113575 0.525892185 0.472654441 -0.518489255 0.480836855 0.000000000 0.000000000 0.000000000
1750922959.599987984 0.240949562 -0.599680556 1.956113575 0.525892185 0.472654441 -0.518489255 0.480836855 0.000000000 0.000000000 0.000000000
1750922959.699987888 0.240949562 -0.599680556 1.956113575 0.525892185 0.472654441 -0.518489255 0.480836855 0.000000000 0.000000000 0.000000000
1750922959.799988031 0.240949562 -0.599680556 1.956113575 0.525892185 0.472654441 -0.518489255 0.480836855 0.000000000 0.000000000 0.000000000
1750922959.899987936 0.240949562 -0.599680556 1.956113575 0.525892185 0.472654441 -0.518489255 0.480836855 0.000000000 0.000000000 0.000000000
1750922959.999988079 0.240949562 -0.599680556 1.956113575 0.525892185 0.472654441 -0.518489255 0.480836855 0.000000000 0.000000000 0.000000000
1750922960.099987984 0.240949562 -0.599680556 1.956113575 0.525892185 0.472654441 -0.518489255 0.480836855 0.000000000 0.000000000 0.000000000
