1750921983.299999952 0.190522058 0.369255979 0.547856805 0.012228975 -0.682815264 0.019983133 0.730215340 -0.220412125 -0.184041663 -1.685796689
1750921983.400000095 0.374679402 0.346789804 0.487994815 0.017336201 -0.635115219 0.022733941 0.771888129 -0.346578791 -0.397759363 -1.774232187
1750921983.500000000 0.540590023 0.351638476 0.436783235 0.013889875 -0.585771285 0.018569019 0.810144595 -0.289134531 -0.194690410 -1.794308743
1750921983.599999905 0.679959336 0.351827654 0.359587372 0.014201876 -0.539089547 0.017066646 0.841955757 -0.100818522 0.030779732 -1.779241445
1750921983.700000048 0.849681153 0.352117742 0.258340614 0.016361487 -0.482375155 0.016022017 0.875665351 -0.141222327 -0.102761744 -1.754177150
1750921983.799998999 0.978528859 0.360363627 0.147969196 0.017628175 -0.432083571 0.009467187 0.901611561 -0.134438483 0.018102389 -1.843523217
1750921983.899998903 1.091507032 0.357986524 0.018561692 0.016942768 -0.385688136 0.009076872 0.922428975 -0.158382775 -0.143703044 -1.809671608
1750921983.999999046 1.204021125 0.350395153 -0.138674298 0.020348939 -0.332130459 0.007116280 0.942987082 -0.193705884 -0.117727673 -1.867051159
1750921984.099998951 1.304163841 0.348116274 -0.298348425 0.020571078 -0.285475303 0.007693979 0.958134377 -0.200045953 -0.142133740 -1.812122133
1750921984.199999094 1.368681172 0.339857183 -0.451694312 0.022523876 -0.240453510 0.007733947 0.970368472 -0.241418105 -0.157391047 -1.791824535
1750921984.299998999 1.427484584 0.332158572 -0.645068351 0.022190806 -0.189097246 0.008106440 0.981674124 -0.228720922 -0.192361861 -1.930499265
1750921984.399998903 1.463080236 0.335880157 -0.801645825 0.021545622 -0.141760369 0.006547016 0.989644846 -0.152469959 0.086824450 -1.765161140
1750921984.499999046 1.481044699 0.340923588 -0.970926638 0.023047078 -0.090881395 0.002652994 0.995591465 -0.160882707 0.045283874 -1.502757033
1750921984.599998951 1.473228933 0.338643998 -1.159718151 0.026067420 -0.029374443 0.002698788 0.999224874 -0.264760032 -0.492311717 -2.062053680
1750921984.699999094 1.448879063 0.343335070 -1.340149033 0.025809016 0.023406043 0.001618184 0.999391532 -0.113892287 -0.151140400 -1.836078107
1750921984.799998999 1.439640409 0.347702512 -1.506441703 0.019284834 0.084169983 0.001141564 0.996264125 -0.088322057 0.211588106 -1.953052403
1750921984.899997950 1.360066036 0.352266499 -1.653831454 0.014406354 0.143012952 0.001019408 0.989615437 -0.305065332 -0.143951675 -1.635960745
1750921984.999998093 1.280347170 0.346384808 -1.815870192 0.014826294 0.198270981 -0.002605755 0.980031637 -0.060729107 0.055094963 -1.662309947
1750921985.099997997 1.193096630 0.346910247 -1.957081984 0.014269404 0.254625534 -0.003595980 0.966927759 -0.059170195 -0.147282057 -1.896050025
1750921985.199997902 1.067103225 0.340128389 -2.101678811 0.012300623 0.315217400 -0.007121610 0.948913046 -0.323349689 -0.158141691 -1.683845982
1750921985.299998045 0.939097373 0.336513984 -2.214173756 0.012558014 0.366833887 -0.010682521 0.930140355 -0.129685041 -0.082836521 -1.499423905
1750921985.399997950 0.815943536 0.319908389 -2.318842021 0.011567662 0.419763937 -0.014603362 0.907442102 -0.109403777 -0.032028499 -1.760040145
1750921985.499998093 0.676647608 0.311831590 -2.417921900 0.011952134 0.477142769 -0.018612852 0.878547373 -0.117485657 -0.184063819 -1.745935547
1750921985.599997997 0.561715042 0.333839895 -2.516277832 0.008525042 0.530927458 -0.020624669 0.847123356 0.834475510 0.620625229 -1.361777546
1750921985.699997902 0.406154764 0.322659564 -2.570226076 0.007805627 0.577146132 -0.022951206 0.816280991 -0.031764100 -0.243318648 -1.698312822
1750921985.799998045 0.219454503 0.334028384 -2.605819242 0.004910142 0.627597693 -0.021930365 0.778213393 -0.139581955 -0.092060601 -1.646906768
1750921985.899996996 0.048277084 0.334255356 -2.618251848 0.004044553 0.669508563 -0.021984108 0.742467928 -0.100981359 -0.096095515 -1.858366147
1750921985.999996901 -0.131064846 0.334626639 -2.593525876 0.005149333 0.706775755 -0.023055601 0.707043108 -0.271349271 0.010919488 -1.850332555
1750921986.099997044 -0.337837117 0.333593535 -2.550739763 0.003963656 0.749190662 -0.024623930 0.661884660 -0.196687262 -0.160944318 -1.852263309
1750921986.199996948 -0.514139089 0.338641603 -2.494027642 0.004028318 0.784651523 -0.023911305 0.619462678 -0.106436936 -0.056728124 -1.827519126
1750921986.299997091 -0.687924897 0.320554423 -2.415884726 0.006272005 0.816588581 -0.029358963 0.576438898 -0.256963117 -0.342859841 -1.890815794
1750921986.399996996 -0.857007893 0.312557151 -2.316353132 0.005505773 0.849971352 -0.033187286 0.525753737 -0.454018404 -0.376765100 -1.743988512
1750921986.499996901 -1.003564011 0.317866833 -2.220747051 0.002330702 0.879535008 -0.033761421 0.474629228 -0.149803661 -0.043017569 -1.898935848
1750921986.599997044 -1.133064987 0.317092036 -2.101240758 0.001797914 0.904282033 -0.032379585 0.425702167 -0.174955304 -0.150734457 -1.926024985
1750921986.699996948 -1.262515577 0.323372307 -1.957667978 -0.001501265 0.928851903 -0.028813636 0.369325958 -0.197473843 0.034215879 -1.640299449
1750921986.799997091 -1.361508071 0.328074761 -1.814739090 -0.001957111 0.948132739 -0.032054547 0.316248297 -0.239457555 -0.083167711 -1.747110927
1750921986.899996996 -1.439166202 0.330358194 -1.664296993 -0.004476621 0.964242028 -0.030788028 0.263190745 -0.232522411 -0.181476980 -1.936472958
1750921986.999995947 -1.514341603 0.331201755 -1.476433913 -0.004116081 0.978863912 -0.029587817 0.202319206 -0.124601295 -0.269300801 -1.902696514
1750921987.099996090 -1.567273749 0.324574602 -1.303447727 -0.007659069 0.988811880 -0.027313038 0.146445906 -0.255896071 -0.109740818 -1.600564815
1750921987.199995995 -1.604073035 0.320959459 -1.107340279 -0.007561689 0.995384081 -0.029431229 0.091033806 -0.212305602 -0.108648204 -1.777838804
1750921987.299995899 -1.610961541 0.321379568 -0.918181269 -0.008397038 0.999153450 -0.029500737 0.027414954 -0.045736969 -0.141350278 -2.027197504
1750921987.399996042 -1.570398753 0.316594323 -0.759065574 -0.008946814 0.999227348 -0.028188154 -0.025886070 -0.745088736 0.142453002 -1.250782620
1750921987.499995947 -1.549803841 0.321665089 -0.596435843 -0.008555537 0.996105375 -0.024250394 -0.084337437 -0.048992060 -0.142387836 -1.587625471
1750921987.599996090 -1.507188548 0.354454046 -0.365365234 -0.010576860 0.988070684 -0.025051695 -0.151581219 0.372152381 0.022255566 -1.801780057
1750921987.699995995 -1.387874881 0.335167483 -0.157008609 -0.012718163 0.977941260 -0.026363668 -0.206818995 -0.121221070 -1.007536593 -2.214728305
1750921987.799995899 -1.302465286 0.321133327 -0.033826176 -0.013230243 0.964584514 -0.031805615 -0.261514969 0.202890775 -0.017991120 -1.319621582
1750921987.899996042 -1.193953352 0.325669323 0.110044734 -0.013974493 0.946246006 -0.033213541 -0.321434396 -0.399617206 0.211230694 -1.647156371
1750921987.999994993 -1.066239002 0.345219468 0.218166375 -0.014684871 0.928905305 -0.031126591 -0.368714557 0.890895412 0.154255008 -1.492560014
1750921988.099994898 -0.897510919 0.349249480 0.317959769 -0.015692563 0.908607391 -0.032647945 -0.416077474 -0.695623451 0.067212000 -1.988012561
1750921988.199995041 -0.711840336 0.349515810 0.403672053 -0.015938556 0.883122587 -0.031908964 -0.467784434 -1.074273573 0.555705358 -1.547920502
1750921988.299994946 -0.540675291 0.347765067 0.453744035 0.015687127 -0.859147150 0.034283821 0.510337837 -0.929536109 -0.267485634 -1.801086360
1750921988.399995089 -0.379225514 0.357300651 0.537810256 0.016748964 -0.827435787 0.030333612 0.560490288 -0.183680699 -0.187288267 -1.930818392
1750921988.499994993 -0.174354196 0.359091804 0.572881127 0.012952242 -0.794419675 0.026021686 0.606673299 -0.276842336 -0.314380277 -1.966581702
1750921988.599994898 0.001831434 0.295878827 0.593411901 0.031796272 -0.760877400 0.033241824 0.647263131 -0.234273190 0.403327647 -1.745345636
1750921988.699995041 0.172368130 0.367850345 0.622545375 0.012793754 -0.715773064 0.016102572 0.698030047 -0.465769479 0.176082327 -1.858121820
1750921988.799994946 0.379188517 0.371485103 0.631799113 0.016171217 -0.660905422 0.016089576 0.750122417 0.180503154 -0.120679718 -1.844211521
1750921988.899995089 0.560035031 0.362126107 0.587585226 0.016629569 -0.615052969 0.011903393 0.788220535 -0.024969184 -0.315333377 -2.053486408
1750921988.999994993 0.745092116 0.359478886 0.519798523 0.017374361 -0.567182110 0.010391117 0.823343556 -0.070223827 -0.220723192 -2.130995303
1750921989.099993944 0.939837991 0.364279698 0.418367012 0.016649970 -0.516233329 0.011908477 0.856203315 0.023843139 0.426200116 -1.940199435
1750921989.199994087 1.111420569 0.353295083 0.303800430 0.019288518 -0.464859679 0.015547276 0.885037691 -0.158446665 -0.252523529 -2.090451723
1750921989.299993992 1.247296585 0.356424030 0.184211054 0.018944928 -0.416121068 0.014397453 0.908997833 -0.181270125 -0.050268778 -1.985756514
1750921989.399993896 1.393486718 0.353233652 0.019266132 0.018592930 -0.359217344 0.010939339 0.933004573 -0.190084438 -0.132272009 -1.627756488
1750921989.499994040 1.499545766 0.352040483 -0.121887000 0.019236658 -0.306046499 0.005666144 0.951805330 -0.135945599 -0.063819326 -1.824127441
1750921989.599993944 1.583395132 0.341206142 -0.298947388 0.021552187 -0.255286159 0.007136791 0.966598958 -0.351226608 -0.063170950 -1.592980477
1750921989.699994087 1.670676038 0.350822314 -0.482385431 0.021728647 -0.194179743 0.004013697 0.980717076 -0.126558540 -0.060917504 -1.834437087
1750921989.799993992 1.714837447 0.349057508 -0.660976386 0.020777100 -0.141923435 0.003288568 0.989654099 -0.079700315 -0.122982619 -1.962584941
1750921989.899993896 1.755013609 0.335952589 -0.851161764 0.023024901 -0.086356591 0.001826102 0.995996515 -0.133554636 -0.033112962 -1.889373572
1750921989.999994040 1.743537807 0.345479816 -1.047330895 0.025899087 -0.024122155 0.001802395 0.999371858 0.028348977 -0.421452363 -2.313566522
1750921990.099992990 1.738967770 0.375501849 -1.191702758 0.021583005 0.037243935 -0.002288884 0.999070480 -0.261844704 -0.186764016 -2.040759795
1750921990.199992895 1.677550436 0.367011190 -1.390264030 0.018636930 0.088873188 -0.000705355 0.995868326 0.121999793 -0.417993680 -2.291440396
1750921990.299993038 1.628096129 0.365324336 -1.590273453 0.017915588 0.153209360 -0.002766300 0.988027465 -0.270571167 -0.142603096 -1.970614029
1750921990.399992943 1.550446773 0.361161216 -1.756138988 0.016905451 0.203955519 -0.005428247 0.978819128 -0.061791561 -0.086551958 -1.764576373
1750921990.499993086 1.447222940 0.359055105 -1.906336552 0.011799112 0.251152746 -0.006991423 0.967850298 -0.233280366 -0.075141222 -1.725784914
1750921990.599992990 1.321074028 0.346858474 -2.059488871 0.010590544 0.301018274 -0.009683018 0.953510398 -0.061666483 0.063692450 -1.943712329
1750921990.699992895 1.185305597 0.337363272 -2.202063458 0.009411274 0.347787613 -0.012331943 0.937445000 -0.173507958 -0.289536522 -2.098114247
1750921990.799993038 1.043899529 0.334333810 -2.320488898 0.010231012 0.391838911 -0.012514856 0.919891827 -0.328171996 -0.136624564 -1.883000083
1750921990.899992943 0.882549415 0.319169081 -2.433946042 0.008335386 0.437526061 -0.016942161 0.899007470 -0.137779652 -0.317251799 -1.565459696
1750921990.999993086 0.727146500 0.313619325 -2.526606780 0.011609620 0.478018241 -0.021500890 0.878009960 0.115910732 -0.042782243 -2.158280673
1750921991.099992990 0.546034793 0.301303590 -2.591748820 0.008313562 0.515919418 -0.027312938 0.856161224 -0.435950136 -0.089479074 -1.731066205
1750921991.199991941 0.348628978 0.329709278 -2.675584103 0.005369991 0.563953718 -0.026599959 0.825360412 -0.053438464 -0.624836697 -2.168708392
1750921991.299992085 0.171240872 0.328086895 -2.697984883 0.006073691 0.603348481 -0.025273437 0.797053934 -0.124329580 -0.054325983 -1.978924622
1750921991.399991989 -0.029822278 0.332259463 -2.719378771 0.005766286 0.645757019 -0.023251110 0.763167091 -0.297114220 -0.325486964 -1.883807914
1750921991.499991894 -0.227323280 0.316695655 -2.710521216 0.010605448 0.691753167 -0.026666024 0.721563582 -0.203294514 0.039574920 -1.990982181
1750921991.599992037 -0.404358968 0.314515239 -2.690998497 0.006689988 0.733470856 -0.024854650 0.679233387 -0.229924698 -0.307782098 -2.163007234
1750921991.699991941 -0.582556175 0.305223717 -2.645339301 0.006891019 0.771152671 -0.026199428 0.636073630 -0.201217975 -0.277394947 -1.916370840
1750921991.799992085 -0.756566453 0.318243954 -2.569830309 0.003571425 0.810046206 -0.027791343 0.585696192 -0.256028507 -0.120017944 -1.788629346
1750921991.899991989 -0.926177059 0.315099240 -2.488353922 0.005742763 0.842852892 -0.030078030 0.537272124 -0.166489525 -0.223808138 -1.905812713
1750921991.999991894 -1.080400517 0.314673657 -2.392345588 0.005314283 0.873116847 -0.030961975 0.486497776 -0.191007031 -0.047941700 -1.894322832
1750921992.099992037 -1.216587177 0.308624586 -2.266290917 0.007428789 0.901494850 -0.033064229 0.431461012 0.046671758 -0.115524543 -1.928419276
1750921992.199990988 -1.354442956 0.319758934 -2.133175936 0.001142754 0.925169745 -0.031430333 0.378248293 -0.242824135 -0.131007055 -1.785216245
1750921992.299990892 -1.438322255 0.331036435 -2.010156049 -0.001299829 0.944737033 -0.033046212 0.326156705 -0.382057959 -0.165333872 -1.599609504
1750921992.399991035 -1.538525304 0.322502630 -1.817494326 0.001263086 0.963385741 -0.034049374 0.265945406 -0.142797865 -0.146379968 -1.867206284
1750921992.499990940 -1.596113769 0.326822415 -1.668756152 -0.001166393 0.976670473 -0.031827102 0.212368694 -0.381150879 -0.138236033 -1.922176709
1750921992.599991083 -1.650371855 0.319895167 -1.491818166 -0.005284859 0.987116967 -0.026839081 0.157644623 -0.102868666 -0.289367570 -1.940756181
1750921992.699990988 -1.674861363 0.331302218 -1.296724655 -0.009191996 0.995063710 -0.028734020 0.094541397 -0.239378770 -0.210216766 -1.413246296
1750921992.799990892 -1.670806406 0.328977941 -1.129737705 -0.009550017 0.998674736 -0.029769246 0.040882289 -0.214766497 0.022516409 -1.739153989
1750921992.899991035 -1.653829734 0.322839458 -0.948618870 -0.009378203 0.999437106 -0.029599942 -0.012702869 -0.235408227 -0.025761748 -1.698728398
1750921992.999990940 -1.593371112 0.321930255 -0.771118738 -0.009810468 0.996909137 -0.025892594 -0.073522114 -0.723512969 -0.453434633 -1.932506704
1750921993.099991083 -1.550405928 0.326404835 -0.623065628 -0.009966841 0.991288024 -0.025475375 -0.128839905 0.095510344 -0.045473970 -1.749012265
1750921993.199990988 -1.475844726 0.357456672 -0.464792688 -0.009420293 0.982297231 -0.023300699 -0.185635355 -0.187802580 0.083049807 -1.857756623
1750921993.299989939 -1.377016391 0.339970207 -0.273682787 -0.010466671 0.968908064 -0.024573384 -0.245975122 1.094675121 0.686576442 -2.359007929
1750921993.399990082 -1.302447278 0.343167494 -0.153560223 -0.014413146 0.952591860 -0.027570241 -0.302656393 1.254430449 -0.456280825 -1.466156839
1750921993.499989986 -1.156191615 0.347822417 -0.048949628 -0.013679938 0.935990092 -0.029733575 -0.350501528 0.091920786 0.582645772 -1.075537215
1750921993.599989891 -1.062447218 0.378088246 0.075834829 -0.012908424 0.911338734 -0.028228098 -0.410485394 -0.002165373 0.161019123 -1.632540959
1750921993.699990034 -0.891877897 0.361588767 0.177448112 -0.013499279 0.887163617 -0.028872495 -0.460352979 -0.128792052 0.032819622 -1.928147230
1750921993.799989939 -0.718253347 0.340979657 0.273447991 0.018429774 -0.859979516 0.030540077 0.509080425 -0.147007619 -0.237222239 -1.749997536
1750921993.899990082 -0.528094602 0.374008168 0.379650632 0.013230991 -0.821794321 0.027300831 0.568976010 0.343481775 0.012311320 -1.854435900
1750921993.999989986 -0.340836748 0.350241959 0.362471748 0.015623877 -0.794915129 0.032101496 0.605669321 0.248132927 -0.056170025 -1.831914133
1750921994.099989891 -0.170673360 0.364810720 0.412331790 0.013511107 -0.757089801 0.026241553 0.652643749 -0.218856122 -0.109921192 -1.759589133
1750921994.199990034 0.031160058 0.363508523 0.397913358 0.013580155 -0.715734343 0.024091113 0.697824869 -0.325034890 -0.132085374 -1.853687562
1750921994.299988985 0.207984182 0.351181534 0.366752589 0.014132876 -0.676410121 0.025464563 0.735949160 -0.048435243 -0.016140332 -1.742963481
1750921994.399988890 0.375265316 0.371740084 0.331628532 0.014312821 -0.632703619 0.021600029 0.773960408 -0.128344187 -0.013864637 -1.647835179
1750921994.499989033 0.548215260 0.352486844 0.237923714 0.015825542 -0.586255368 0.019141308 0.809745519 -0.134719093 -0.130374936 -1.652863580
1750921994.599988937 0.686502150 0.354497832 0.154271141 0.015660550 -0.541298312 0.018243435 0.840486800 -0.128541261 0.063370026 -1.559001279
1750921994.699989080 0.815531272 0.354783602 0.065157338 0.016609632 -0.492677291 0.016471882 0.869897629 -0.308528243 0.049326164 -1.370066890
1750921994.799988985 0.939349651 0.357922893 -0.054521546 0.017823998 -0.438404590 0.012050392 0.898520177 -0.309466940 -0.142887269 -1.633350129
1750921994.899988890 1.047192041 0.349640136 -0.176889430 0.019977342 -0.388893560 0.010059319 0.921011137 -0.298990960 -0.117524855 -1.639909670
1750921994.999989033 1.128878917 0.351063037 -0.309880773 0.020920957 -0.340736786 0.009811278 0.939874723 -0.315902771 -0.140085173 -1.598733847
1750921995.099988937 1.224200673 0.346324835 -0.475959734 0.022155828 -0.285351212 0.009159768 0.958123115 -0.244470661 -0.231569723 -1.735270829
1750921995.199989080 1.282368792 0.344959767 -0.617001840 0.021269079 -0.237242353 0.006871872 0.971193323 -0.211781174 -0.172216013 -1.826580123
1750921995.299988985 1.336551757 0.333744042 -0.775532128 0.024086297 -0.187881168 0.007278109 0.981869414 -0.113707267 -0.213450812 -1.699480378
1750921995.399987936 1.374882410 0.330182726 -0.958874917 0.027705307 -0.133322627 0.005913604 0.990667715 -0.259920680 -0.091129227 -1.520326917
1750921995.499988079 1.396682727 0.334401894 -1.120176457 0.026110160 -0.080484693 0.004145871 0.996405181 -0.123012101 -0.072440882 -1.778100104
1750921995.599987984 1.386500093 0.337907784 -1.286582422 0.023113197 -0.030712153 0.002670336 0.999257431 -0.721867438 0.225683453 -1.312775154
1750921995.699987888 1.348410484 0.334108375 -1.478114385 0.022405481 0.027880292 0.001073487 0.999359561 -0.511715102 -0.452776174 -1.834194453
1750921995.799988031 1.320961970 0.355079214 -1.635797530 0.016299900 0.085505324 0.000770784 0.996204075 -0.205319224 0.085490305 -1.699244239
1750921995.899987936 1.267786881 0.349317504 -1.806877462 0.015952921 0.144508002 0.000019374 0.989375026 -0.223170523 -0.096834842 -1.825077742
1750921995.999988079 1.190169739 0.343392125 -1.993792602 0.015034294 0.213280585 -0.003950372 0.976867318 -0.069032198 -0.138664124 -1.945124546
1750921996.099987984 1.092899416 0.349030582 -2.156042132 0.010874251 0.272771428 -0.005715876 0.962000430 -0.028071103 -0.088538324 -1.902279131
1750921996.199987888 0.989342795 0.346144729 -2.294177806 0.007855373 0.331762351 -0.010564727 0.943271129 -0.103426278 -0.106839581 -1.831234281
1750921996.299988031 0.847927956 0.333626750 -2.432370234 0.007688005 0.395791666 -0.014972320 0.918186082 0.114686293 -0.085865279 -1.599346916
1750921996.399986982 0.735259544 0.331400435 -2.529289743 0.005714369 0.451353746 -0.019256558 0.892119009 0.050269644 -0.059228448 -1.726646486
1750921996.499986887 0.587285103 0.314464167 -2.618799942 0.008014101 0.503800298 -0.023731522 0.863456918 -0.250632544 -0.264519199 -1.723218573
1750921996.599987030 0.406767911 0.281622854 -2.694720372 0.008410134 0.556247708 -0.026670432 0.830545872 -0.140443900 -0.756135657 -1.888688747
1750921996.699986935 0.259173938 0.305056594 -2.738250665 0.009497542 0.600852193 -0.028209138 0.798805785 -0.355316165 -0.318579115 -1.589160025
1750921996.799987078 0.083855589 0.318204762 -2.768257642 0.008316262 0.644216726 -0.025664298 0.764367055 -0.054154478 0.117730605 -1.833627375
1750921996.899986982 -0.127182685 0.311315898 -2.787245855 0.007332165 0.691315181 -0.030112218 0.721888367 -0.038021080 -0.387414749 -2.042395499
1750921996.999986887 -0.307196326 0.315932233 -2.766573394 0.007506236 0.729072824 -0.027808532 0.683829774 -0.228917793 -0.089125713 -1.776430267
1750921997.099987030 -0.499460736 0.302240337 -2.716975031 0.006516563 0.764333895 -0.027723765 0.644191450 -0.252259350 -0.041937535 -1.844305789
1750921997.199986935 -0.683464662 0.310083250 -2.654587164 0.004028084 0.801158356 -0.029458080 0.597713380 -0.268465819 -0.098056837 -1.832075422
1750921997.299987078 -0.847873018 0.312022361 -2.572398363 0.003589169 0.831868871 -0.030287488 0.554133529 -0.226483366 0.046558460 -1.832173056
1750921997.399986982 -1.009517777 0.309332916 -2.481602238 0.007125550 0.861622744 -0.033398989 0.506399033 -0.146061210 -0.090998935 -2.034907111
1750921997.499985933 -1.185166458 0.314688744 -2.351315641 0.006123214 0.892345065 -0.032144975 0.450166070 -0.010260185 -0.104180371 -1.986430944
1750921997.599986076 -1.330378938 0.327063618 -2.222230437 0.001432389 0.917679618 -0.031152559 0.396095425 -0.055459852 -0.149834856 -1.924980505
1750921997.699985981 -1.445774252 0.323976518 -2.086668716 0.002481472 0.939173530 -0.032142003 0.341926621 -0.084769618 -0.041484724 -1.902799517
1750921997.799985886 -1.564236691 0.323598218 -1.904074781 0.002128437 0.959680755 -0.033401125 0.279092607 -0.215675759 -0.181798455 -1.705582005
1750921997.899986029 -1.645638671 0.319295075 -1.727444023 0.002969387 0.974265284 -0.032925891 0.222966870 -0.087207564 -0.212653020 -2.064758606
1750921997.999985933 -1.712720611 0.323869334 -1.548833971 -0.003912420 0.985858973 -0.028454924 0.165097234 -0.108082296 -0.115097590 -1.932729792
1750921998.099986076 -1.758401188 0.313656608 -1.354481245 -0.006081864 0.994459619 -0.027684980 0.101225584 -0.100931129 -0.023011397 -1.857975912
1750921998.199985981 -1.759735140 0.321836345 -1.198112667 -0.009414667 0.998609043 -0.027495105 0.043992748 -0.018560175 -0.013804606 -1.850365092
1750921998.299985886 -1.768213317 0.314255760 -0.986974490 -0.009749233 0.999353416 -0.030674310 -0.016024614 -0.286618203 -0.578381249 -1.932263867
1750921998.399986029 -1.710976186 0.335737218 -0.785282281 -0.011439255 0.996589013 -0.024207936 -0.078060610 -0.508177956 -0.276067834 -2.433751538
1750921998.499984980 -1.685325350 0.319657099 -0.602812133 -0.012434370 0.990126438 -0.025934625 -0.137194822 0.056824812 0.084830696 -1.896185046
1750921998.599984884 -1.583637044 0.348361212 -0.449960752 -0.012716612 0.981170808 -0.024009093 -0.191221593 0.067026002 0.199678811 -1.522581502
1750921998.699985027 -1.497196587 0.337829919 -0.254275270 -0.010491861 0.966446686 -0.024085726 -0.255520257 -0.450535234 -0.211104944 -2.017133270
1750921998.799984932 -1.382200440 0.346751571 -0.121263214 -0.011821349 0.950729707 -0.026590726 -0.308652253 -0.281011474 -0.146489079 -1.931136528
1750921998.899985075 -1.218251460 0.338739279 0.027157149 -0.013948409 0.932465778 -0.030578493 -0.359691494 -0.057378435 0.078646926 -1.710275913
1750921998.999984980 -1.070119223 0.355015266 0.149966573 -0.013453207 0.908813538 -0.030848066 -0.415842952 0.023756631 -0.132264800 -1.835357019
1750921999.099984884 -0.917734020 0.340968549 0.259393698 -0.016670726 0.884412708 -0.034490753 -0.465130774 0.304108762 -0.426167186 -1.744429049
1750921999.199985027 -0.750573144 0.349599776 0.362569475 0.018640535 -0.856354743 0.031036706 0.515117275 -0.020926387 0.178834111 -1.843836891
1750921999.299984932 -0.555575609 0.348943600 0.427578542 0.018447063 -0.823690913 0.032373156 0.565813542 0.091655246 0.047323545 -2.009974462
1750921999.399985075 -0.364348986 0.367330118 0.477356033 0.014535765 -0.790007013 0.028294253 0.612272053 0.074213153 0.092701692 -1.968107430
1750921999.499984980 -0.180016560 0.374134525 0.491160959 0.011432607 -0.756916113 0.025270413 0.652923196 0.031382443 -0.079691541 -2.149252850
1750921999.599983931 0.039626587 0.333318172 0.500590035 0.015973952 -0.712358573 0.028825694 0.701041494 0.114867683 -0.156294844 -2.167590068
1750921999.699984074 0.218137650 0.369600217 0.468628992 0.010731746 -0.673808831 0.021800450 0.738506079 0.021705430 -0.434540154 -2.167568058
1750921999.799983978 0.434644659 0.341151892 0.425859259 0.014324416 -0.629956305 0.019491148 0.776253799 -0.477266968 1.184733209 -1.805059655
1750921999.899983883 0.621335653 0.380604634 0.353584466 0.008545628 -0.581191349 0.012762764 0.813621964 -0.112289029 0.306778339 -1.779219196
1750921999.999984026 0.802207789 0.361494947 0.264575829 0.014175320 -0.536448535 0.015423198 0.843673014 -0.205146206 -0.101768374 -1.969001097
1750922000.099983931 0.962508808 0.360742765 0.169646585 0.016618483 -0.487240450 0.012320660 0.873022778 -0.043301109 -0.020819507 -1.826234200
1750922000.199984074 1.138223831 0.361960897 0.039766094 0.016651840 -0.429003433 0.009169430 0.903102814 -0.075439781 -0.032140650 -1.956236491
1750922000.299983978 1.269529224 0.356458719 -0.096677855 0.018037795 -0.378646089 0.006606194 0.925342172 0.003342151 -0.112646020 -2.063298721
1750922000.399983883 1.387121282 0.354153138 -0.243534133 0.020478146 -0.325297485 0.005818900 0.945372060 -0.136289348 -0.184518811 -1.849618186
1750922000.499984026 1.498995280 0.354111293 -0.422463376 0.019845422 -0.264440109 0.002411002 0.964194884 -0.011289574 -0.041253658 -1.931665768
1750922000.599982977 1.561781902 0.349461155 -0.583705056 0.019443079 -0.213646139 0.004195031 0.976708603 -0.106918379 -0.113085212 -1.848359292
1750922000.699982882 1.630031387 0.343150006 -0.760071722 0.022179122 -0.159855003 0.000734022 0.986891040 -0.101518849 -0.023816710 -1.720052261
1750922000.799983025 1.678073685 0.349171272 -0.963462996 0.023454971 -0.097522464 -0.001154635 0.994956230 -0.081783237 -0.014075948 -1.864465063
1750922000.899982929 1.686563099 0.358170317 -1.142484923 0.024205258 -0.042923869 -0.001738784 0.998783572 -0.211284720 0.207988965 -1.894201120
1750922000.999983072 1.680504070 0.355908532 -1.313051821 0.024182151 0.013270711 -0.001304484 0.999618632 -0.460548253 -0.145731828 -1.977600263
1750922001.099982977 1.621862450 0.354097653 -1.517059280 0.020649115 0.074698292 -0.001025132 0.996991840 -0.382663195 -0.001263629 -1.724192278
1750922001.199982882 1.578783580 0.367839509 -1.683544222 0.014994925 0.130468742 -0.002734395 0.991335252 -0.180516289 -0.190581349 -1.925924814
1750922001.299983025 1.497794776 0.362689932 -1.854254435 0.013595812 0.185704332 -0.005235932 0.982497654 -0.043491441 -0.256580606 -2.061461047
1750922001.399982929 1.399069389 0.364259363 -2.027334354 0.009023268 0.249225787 -0.008565970 0.968365485 -0.025077145 -0.309432230 -2.069107296
1750922001.499983072 1.289275851 0.343898036 -2.187939318 0.007595520 0.305174243 -0.009489861 0.952218952 -0.065870132 -0.128596750 -1.939897770
1750922001.599982977 1.174628765 0.340221512 -2.323288735 0.007091622 0.359713254 -0.013079031 0.932944276 -0.182137842 -0.138929422 -1.899469842
1750922001.699981928 1.008281265 0.323658348 -2.467291700 0.004170585 0.417716800 -0.017119662 0.908406406 -0.175981222 -0.262764695 -1.904972874
1750922001.799982071 0.863119658 0.298369217 -2.566555571 0.012769544 0.465644748 -0.023613513 0.884564475 -0.099625534 -0.377106092 -1.938247630
1750922001.899981976 0.709271568 0.308815546 -2.642032195 0.008682567 0.513332529 -0.024319453 0.857801196 0.031547972 -0.022749049 -1.863961048
1750922001.999982119 0.553407930 0.291570204 -2.712965321 0.008814742 0.566514448 -0.027859826 0.823533552 -0.308516962 -0.394989809 -1.719886277
1750922002.099982023 0.359288475 0.305684977 -2.749376566 0.007052942 0.610844171 -0.027398483 0.791245207 -0.123012661 -0.063457471 -1.778146511
1750922002.199981928 0.178280143 0.295688988 -2.769463806 0.009360924 0.653381731 -0.028404994 0.756437600 -0.105651069 0.024578558 -1.693232442
1750922002.299982071 -0.043946652 0.293886483 -2.748118372 0.012485566 0.695046554 -0.030178228 0.718222579 -0.656364740 -0.601675689 -2.067821956
1750922002.399981976 -0.239575642 0.303656223 -2.751000322 0.009862731 0.737035868 -0.028744313 0.675170067 -0.272264050 -0.384445882 -2.311559213
1750922002.499982119 -0.428502855 0.291519872 -2.710243959 0.007782164 0.772606864 -0.029852791 0.634134750 -0.244037484 -0.728732968 -2.361276232
1750922002.599982023 -0.621203410 0.294031995 -2.618666563 0.007172168 0.807484744 -0.032837086 0.588930109 -0.223673533 0.303801729 -2.082735327
1750922002.699980974 -0.796111594 0.338728175 -2.535728171 0.001072105 0.839669155 -0.027827096 0.542383824 0.227887382 -0.299348542 -2.160750977
1750922002.799981117 -0.986745190 0.303978028 -2.442342126 0.006446189 0.872451387 -0.033404256 0.487515313 -0.079227515 -0.209092513 -2.051102994
1750922002.899981022 -1.149536052 0.317117805 -2.308651080 0.002602965 0.901294276 -0.031232023 0.432072232 -0.182404631 0.031836585 -1.858105222
1750922002.999980927 -1.291956931 0.320705223 -2.158899540 0.001654968 0.924458124 -0.032467275 0.379895136 -0.218854004 -0.131177663 -1.855317292
1750922003.099981070 -1.407706990 0.326715289 -2.004291625 0.000779956 0.944609041 -0.032670931 0.326566626 -0.068659281 -0.046865893 -1.858363200
1750922003.199980974 -1.500485073 0.327933787 -1.837412511 -0.000197207 0.963384118 -0.032853518 0.266104581 -0.163418654 -0.114405980 -1.958456448
1750922003.299981117 -1.573896186 0.327365735 -1.663841245 -0.001205520 0.977081962 -0.032826623 0.210313572 -0.040833732 -0.067479499 -1.798231174
1750922003.399981022 -1.629528660 0.321276088 -1.467487325 -0.004767317 0.987307375 -0.029152431 0.156049851 -0.229338742 -0.021628264 -1.677448549
1750922003.499980927 -1.663254000 0.324137019 -1.270006671 -0.004692141 0.995048085 -0.030381734 0.094521126 -0.103662014 0.004408704 -1.449866000
1750922003.599981070 -1.670213198 0.320224195 -1.091906068 -0.009231842 0.998689990 -0.030568390 0.039983128 -0.233007971 -0.254636251 -2.217584066
1750922003.699980021 -1.652769843 0.342575526 -0.905787407 -0.009923032 0.999494564 -0.026063433 -0.015259341 0.094836433 -0.399973358 -1.919667454
1750922003.799979925 -1.617744977 0.330170933 -0.707588538 -0.011800805 0.996691106 -0.025881836 -0.076142696 0.103316343 -0.091537962 -2.240741173
1750922003.899980068 -1.537498014 0.332140856 -0.503446202 -0.012276619 0.990889569 -0.024781758 -0.131806720 -0.754283227 -0.170565304 -1.637904404
1750922003.999979973 -1.511789633 0.349796222 -0.377511501 -0.009182331 0.981455996 -0.024318367 -0.189916901 0.204049112 -0.159837233 -2.327692128
1750922004.099980116 -1.363942813 0.331991116 -0.161376148 -0.012987264 0.967779346 -0.026811273 -0.250031246 0.067026271 0.056521558 -1.994289662
1750922004.199980021 -1.254757659 0.331637445 -0.019465075 -0.014183174 0.952016204 -0.030604879 -0.304183048 -0.248429647 0.015490063 -1.805337900
1750922004.299979925 -1.136678458 0.344565387 0.116401171 -0.015740352 0.933398264 -0.033220319 -0.356954245 -0.441857869 -0.472885339 -1.978548921
1750922004.399980068 -1.027056829 0.359938259 0.245372982 -0.014668467 0.909294816 -0.029869062 -0.414819976 0.072455070 -0.173714460 -1.747502144
1750922004.499979973 -0.824184031 0.327222964 0.353230389 -0.019076886 0.886669517 -0.031559227 -0.460930858 -0.241974806 0.032628192 -1.757983696
1750922004.599980116 -0.647651860 0.345450304 0.428848644 0.017749926 -0.861321525 0.033020140 0.506675282 -0.569889939 0.568856955 -1.770863641
1750922004.699980021 -0.443396291 0.359971755 0.506887407 0.018181427 -0.827741469 0.030137405 0.560004673 -0.245647371 -0.238735523 -2.022550788
1750922004.799978971 -0.258426784 0.362287957 0.558275734 0.014784706 -0.794137298 0.028765040 0.606877201 -0.264546599 -0.075426119 -1.995779844
1750922004.899979115 -0.062812191 0.362577940 0.576528001 0.013669298 -0.759658703 0.026782177 0.649626447 -0.386589279 -0.281992941 -2.210625211
1750922004.999979019 0.161299158 0.349939228 0.566670405 0.014117016 -0.719057601 0.025742352 0.694330043 0.356926092 0.706735627 -2.189929232
1750922005.099978924 0.356321104 0.342517356 0.555552231 0.017514890 -0.676367624 0.026287683 0.735886556 -0.033825440 -0.309916085 -2.018196279
1750922005.199979067 0.536512259 0.337228333 0.501241902 0.019350265 -0.632488454 0.023797425 0.773962277 -0.095837376 -0.098260609 -2.004187575
1750922005.299978971 0.727252734 0.349979802 0.432924645 0.015271358 -0.580703900 0.019161882 0.813746022 -0.244534657 -0.172916829 -1.863853077
1750922005.399979115 0.889375786 0.357192011 0.355659341 0.016718279 -0.531881485 0.014602379 0.846527823 -0.244871074 -0.024903896 -1.779660673
1750922005.499979019 1.055467219 0.356970207 0.250696040 0.018607462 -0.482086160 0.013618677 0.875820317 -0.057191199 -0.072964980 -1.995647413
1750922005.599978924 1.213702005 0.356741535 0.118505076 0.018762296 -0.426351658 0.011979709 0.904283543 -0.143370526 -0.082354797 -1.873996234
1750922005.699979067 1.338715704 0.348646461 -0.016765524 0.019214574 -0.375557892 0.009483233 0.926551206 -0.239113015 -0.134701422 -1.807696688
1750922005.799978018 1.455727773 0.347450412 -0.166931641 0.020203108 -0.323127753 0.008351625 0.946102817 -0.127542212 -0.098740549 -1.815935834
1750922005.899977922 1.550297955 0.349373998 -0.334440129 0.020850382 -0.265562576 0.007481756 0.963839096 -0.241399266 -0.122818281 -1.851993066
1750922005.999978065 1.630739759 0.344373251 -0.511673394 0.022082663 -0.212542531 0.004673303 0.976891083 -0.302738491 -0.122342445 -1.811269275
1750922006.099977970 1.679123367 0.349610853 -0.679738442 0.020879359 -0.159676758 0.002024802 0.986946445 -0.158292842 0.011203195 -1.696849834
1750922006.199978113 1.723315716 0.342043923 -0.902319717 0.024049538 -0.097107300 0.000540538 0.994983166 -0.177708595 -0.245711540 -2.215789302
1750922006.299978018 1.738749264 0.351716191 -1.070035206 0.024775752 -0.040185364 -0.001428740 0.998884006 -0.021036900 0.366214922 -1.494403693
1750922006.399977922 1.715581960 0.353652189 -1.248166384 0.025782128 0.014166396 0.000579929 0.999567036 -0.207452670 0.121128419 -1.649437673
1750922006.499978065 1.686006084 0.366222838 -1.448640187 0.016954266 0.077248511 -0.001565352 0.996866476 -0.533254843 0.025201886 -1.763580346
1750922006.599977970 1.613734435 0.376775489 -1.624847982 0.013743117 0.131300933 -0.002236645 0.991244768 -0.192774304 -0.173445512 -1.955157501
1750922006.699978113 1.549923061 0.380308868 -1.791245318 0.011467509 0.186818863 -0.005749131 0.982310621 -0.334671235 -0.131775102 -1.908523094
1750922006.799978018 1.440273030 0.359800420 -1.967221769 0.009567228 0.250382576 -0.007095247 0.968073701 -0.080295123 -0.118371968 -1.884726849
1750922006.899976969 1.317766636 0.334672646 -2.114990750 0.014656047 0.306794514 -0.008551518 0.951624505 -0.095399905 -0.242422569 -2.022101529
1750922006.999977112 1.187268538 0.336628499 -2.240810485 0.010606673 0.359818990 -0.010295406 0.932905031 -0.320338683 -0.097884023 -2.034510422
1750922007.099977016 1.028365047 0.331110581 -2.377191655 0.009825161 0.418612095 -0.015526928 0.907979237 -0.052966524 -0.075856533 -1.937871453
1750922007.199976921 0.867499077 0.330427813 -2.480053499 0.009949214 0.467612684 -0.016708022 0.883719544 -0.059614634 -0.211208682 -1.951542986
1750922007.299977064 0.732057514 0.338955629 -2.542363462 0.004152330 0.512262303 -0.020317168 0.858578653 0.435432435 -0.151498911 -1.397377007
1750922007.399976969 0.550956007 0.338528940 -2.610536516 0.004864736 0.562719353 -0.025802636 0.826230893 -0.047619917 -0.597873416 -1.712002165
1750922007.499977112 0.404189086 0.336126810 -2.678880505 0.006480042 0.609472973 -0.023948914 0.792418547 -0.060064875 0.076280928 -1.744749564
1750922007.599977016 0.195488217 0.332085356 -2.651847909 0.004298468 0.643825496 -0.022898885 0.764817556 0.371052007 -0.177955396 -1.720893331
1750922007.699976921 -0.008204502 0.325134322 -2.705942311 0.006188417 0.697838080 -0.024565473 0.715807415 -0.298003494 -0.282320468 -2.065442633
1750922007.799977064 -0.190523974 0.320650451 -2.670278745 0.006413742 0.735285421 -0.027329818 0.677175970 -0.137262854 0.084538126 -1.772913833
1750922007.899976015 -0.369347413 0.312443938 -2.614126295 0.006096442 0.771376097 -0.026541005 0.635796607 -0.179869382 -0.089312599 -1.922600609
1750922007.999975920 -0.579430059 0.308053734 -2.537540578 0.005564607 0.809819794 -0.030511025 0.585858356 -0.455280747 -0.355894873 -2.147045458
1750922008.099976063 -0.757087743 0.314188202 -2.452744201 0.004772218 0.843019758 -0.032456413 0.536881266 -0.129087472 -0.288944058 -2.160369127
1750922008.199975967 -0.936997805 0.310614604 -2.351275831 0.005079086 0.872805555 -0.033924693 0.486861152 -0.135470870 -0.088401064 -2.056673977
1750922008.299976110 -1.095406511 0.317619436 -2.215713649 0.000196825 0.901732535 -0.032438660 0.431075549 -0.172184450 -0.040476348 -1.870165529
1750922008.399976015 -1.218807523 0.318513898 -2.078084378 0.000317544 0.924174598 -0.033132399 0.380530492 -0.211008641 -0.122592555 -1.951427639
1750922008.499975920 -1.326225903 0.323810305 -1.933197122 -0.001129637 0.944217578 -0.031801022 0.327781307 -0.132514803 0.007551458 -1.738132724
1750922008.599976063 -1.430069969 0.326180432 -1.752874044 -0.003672728 0.963147157 -0.032174017 0.267018536 -0.121459561 -0.069474758 -1.956818322
1750922008.699975967 -1.500790833 0.323892818 -1.574114507 -0.004152974 0.976767295 -0.031188533 0.211980375 -0.224795965 -0.120080037 -1.879932805
1750922008.799976110 -1.546209496 0.323378700 -1.409169614 -0.005020405 0.987440564 -0.030195572 0.154997274 -0.157755231 -0.162039606 -2.012974040
1750922008.899976015 -1.593171787 0.322423142 -1.197937126 -0.007440726 0.995264977 -0.029665386 0.092261729 -0.041167100 -0.046004301 -1.790919107
1750922008.999974966 -1.589503256 0.314062649 -1.029210569 -0.007068563 0.998758671 -0.030108673 0.039046391 -0.092118919 -0.100166829 -2.354601270
1750922009.099975109 -1.575493507 0.319560648 -0.850523614 -0.009919572 0.999393838 -0.028457963 -0.017427073 -0.335605516 -0.099832626 -1.736217438
1750922009.199975014 -1.521262287 0.319901372 -0.633374592 -0.010880546 0.996454915 -0.026101305 -0.079233443 -0.243701436 -0.115924253 -1.794999926
1750922009.299974918 -1.463068838 0.316787362 -0.471035235 -0.012623634 0.990560764 -0.027071028 -0.133780331 0.044329441 0.100285008 -1.665128091
1750922009.399975061 -1.372644535 0.307923192 -0.295493803 -0.014681739 0.981378911 -0.028857442 -0.189333379 -0.419151524 -0.350594310 -2.220197865
1750922009.499974966 -1.269393739 0.323121850 -0.151139129 -0.016608658 0.967640117 -0.030773886 -0.249899427 -0.217341608 -0.158089634 -1.977756116
1750922009.599975109 -1.182815156 0.360564884 -0.035236682 -0.013264782 0.952908370 -0.027089427 -0.301754615 -0.163693664 0.057072240 -1.734572507
1750922009.699975014 -1.035153108 0.342818290 0.110114027 -0.016264216 0.934723071 -0.031620762 -0.353593527 0.203552410 -0.258699487 -1.856428366
1750922009.799974918 -0.887098039 0.349870470 0.224686773 -0.014624977 0.911729884 -0.032367119 -0.409251875 -0.071806745 0.148686673 -1.370033965
1750922009.899975061 -0.714254277 0.322763573 0.326487176 -0.018025105 0.887626713 -0.032747741 -0.459044116 0.191172241 -0.000485286 -1.521115624
1750922009.999974012 -0.576479045 0.353002373 0.416467654 0.017154112 -0.859345801 0.030036573 0.510223809 -0.314654614 -0.283363546 -1.855245401
1750922010.099973917 -0.392054664 0.354831559 0.471784676 0.018039751 -0.826284024 0.031907365 0.562059783 -0.195909432 -0.174441836 -1.886328180
1750922010.199974060 -0.224520493 0.365556487 0.515584400 0.014036525 -0.792633163 0.028116004 0.608888442 -0.090398492 0.060596235 -1.624940669
1750922010.299973965 -0.046406795 0.365018877 0.519544643 0.012755665 -0.759385003 0.024352053 0.650060526 -0.369899421 0.341767649 -1.838797217
1750922010.399974108 0.143474331 0.379621829 0.479111271 0.008820815 -0.720922842 0.021246802 0.692633397 -0.563903704 -0.366062208 -1.689832094
1750922010.499974012 0.313730120 0.365091117 0.457746543 0.013407918 -0.680200515 0.022314046 0.732563698 0.094167532 0.217416346 -1.604894744
1750922010.599973917 0.481279485 0.359149478 0.406895329 0.014458222 -0.640632926 0.020861229 0.767427666 -0.277675996 -0.534359624 -1.776225551
1750922010.699974060 0.661796102 0.360626305 0.359577051 0.015759597 -0.588517903 0.014846485 0.808194218 -0.080943294 0.180510081 -1.658272640
