1750921983.299999952 0.219349000 0.363547000 0.556971000 0.022685271 -0.677657109 0.027993335 0.734494789 -0.200990902 -0.167825159 -1.537255707
1750921983.400000095 0.386993197 0.347636333 0.500028427 0.027275925 -0.629618221 0.031345362 0.775792748 -0.316040616 -0.362711503 -1.617898868
1750921983.500000000 0.537468069 0.356162909 0.451303173 0.023238752 -0.580055860 0.027799583 0.813770449 -0.263657955 -0.177535610 -1.636206414
1750921983.599999905 0.663537276 0.359904864 0.379195586 0.022999162 -0.533155850 0.026801582 0.845279571 -0.091935077 0.028067631 -1.622466744
1750921983.700000048 0.816970916 0.364541566 0.284783982 0.024483822 -0.476188336 0.026293498 0.878609050 -0.128778772 -0.093707075 -1.599610945
1750921983.799998999 0.932846479 0.375495041 0.182587885 0.025105860 -0.425696217 0.020168309 0.904292909 -0.122592675 0.016507329 -1.681084442
1750921983.899998903 1.034271002 0.376455984 0.063190146 0.023858142 -0.379172401 0.020145901 0.924799017 -0.144427158 -0.131040905 -1.650215607
1750921983.999999046 1.135049295 0.372750307 -0.081595694 0.026597489 -0.325432677 0.018536604 0.945009281 -0.176637834 -0.107354308 -1.702539261
1750921984.099998951 1.224395300 0.373603067 -0.228431469 0.026249032 -0.278677902 0.019402934 0.959829746 -0.182419259 -0.129609878 -1.652450208
1750921984.199999094 1.281488937 0.368138985 -0.369080026 0.027642712 -0.233552598 0.019678766 0.971751929 -0.220145977 -0.143522814 -1.633941097
1750921984.299998999 1.332862884 0.363190885 -0.546153332 0.026669032 -0.182130136 0.020303326 0.982702982 -0.208567584 -0.175412237 -1.760396750
1750921984.399998903 1.363271321 0.367974806 -0.689345340 0.025415548 -0.134749461 0.018946980 0.990372478 -0.139035339 0.079174068 -1.609627100
1750921984.499999046 1.377419658 0.373590882 -0.843897351 0.026242598 -0.083808312 0.015222571 0.996019963 -0.146706813 0.041293766 -1.370344265
1750921984.599998951 1.367999544 0.371989660 -1.015948706 0.028472699 -0.022244299 0.015418591 0.999228084 -0.241431172 -0.448932544 -1.880359481
1750921984.699999094 1.343448080 0.376322031 -1.180145973 0.027522935 0.030530377 0.014448136 0.999050367 -0.103856870 -0.137822932 -1.674295344
1750921984.799998999 1.332854051 0.380667515 -1.331639981 0.020202044 0.091182779 0.014097542 0.995529426 -0.080539716 0.192944396 -1.780962658
1750921984.899997950 1.258379953 0.383461040 -1.465028855 0.014546915 0.149911102 0.014040661 0.988492746 -0.278185042 -0.131267629 -1.491810968
1750921984.999998093 1.183838544 0.376780499 -1.611812794 0.014206391 0.205110664 0.010399865 0.978580419 -0.055378070 0.050240368 -1.515838457
1750921985.099997997 1.102539942 0.375689241 -1.739489274 0.012885765 0.261364731 0.009356922 0.965108741 -0.053956518 -0.134304560 -1.728982943
1750921985.199997902 0.986057848 0.367031663 -1.869801622 0.010071346 0.321809046 0.005733294 0.946733667 -0.294858305 -0.144207317 -1.535476883
1750921985.299998045 0.868066177 0.361101284 -1.970806653 0.009597472 0.373302745 0.002031378 0.927657708 -0.118258074 -0.075537528 -1.367304830
1750921985.399997950 0.754901375 0.343415901 -2.064785005 0.007848620 0.426067717 -0.002070202 0.904654859 -0.099763857 -0.029206365 -1.604957332
1750921985.499998093 0.626891231 0.333103461 -2.153435865 0.007403696 0.483256855 -0.006341174 0.875424347 -0.107133617 -0.167845362 -1.592095536
1750921985.599997997 0.520386580 0.350789931 -2.241612437 0.003202725 0.536781606 -0.008628794 0.843671022 0.760947182 0.565939939 -1.241786935
1750921985.699997902 0.378186616 0.337105210 -2.288923474 0.001806270 0.582780865 -0.011257181 0.812549369 -0.028965263 -0.221879057 -1.548669003
1750921985.799998045 0.207298538 0.343174249 -2.319027501 -0.001812669 0.632928474 -0.010608935 0.774135461 -0.127282939 -0.083948845 -1.501792502
1750921985.899996996 0.051110923 0.339372924 -2.328248223 -0.003293828 0.674580595 -0.011036018 0.738111358 -0.092083566 -0.087628229 -1.694619513
1750921985.999996901 -0.112059499 0.335379637 -2.303486535 -0.002750898 0.711619321 -0.012499317 0.702448676 -0.247439812 0.009957337 -1.687293787
1750921986.099997044 -0.299974592 0.329393558 -2.261924252 -0.004587869 0.753710314 -0.014559685 0.657029474 -0.179356513 -0.146762995 -1.689054416
1750921986.199996948 -0.460086435 0.329623333 -2.208017402 -0.005063458 0.788878255 -0.014326347 0.614361633 -0.097058434 -0.051729626 -1.666490523
1750921986.299997091 -0.617091589 0.308748080 -2.134689678 -0.003357666 0.820559323 -0.020282325 0.571191518 -0.234321268 -0.312649355 -1.724209917
1750921986.399996996 -0.769782248 0.297106854 -2.041879338 -0.004684602 0.853591570 -0.024695111 0.520336081 -0.414013378 -0.343567112 -1.590320060
1750921986.499996901 -0.902302928 0.298142861 -1.952875589 -0.008349349 0.882764355 -0.025851062 0.469029962 -0.136603977 -0.039227152 -1.731614487
1750921986.599997044 -1.018836711 0.293952341 -1.842313696 -0.009291929 0.907166304 -0.025050412 0.419923128 -0.159539428 -0.137452758 -1.756316713
1750921986.699996948 -1.135191650 0.296109860 -1.709781722 -0.012998426 0.931300206 -0.022144022 0.363346404 -0.180073786 0.031201008 -1.495767375
1750921986.799997091 -1.223754908 0.297552289 -1.578219105 -0.013832974 0.950218633 -0.026030946 0.310186376 -0.218358178 -0.075839536 -1.593167349
1750921986.899996996 -1.292721326 0.297268258 -1.440078762 -0.016659147 0.965930176 -0.025403015 0.257013724 -0.212034112 -0.165486458 -1.765844081
1750921986.999995947 -1.358924952 0.295599270 -1.267854328 -0.016602458 0.980138821 -0.024965277 0.196033123 -0.113622273 -0.245571839 -1.735043789
1750921987.099996090 -1.404862657 0.287698835 -1.109497914 -0.020370912 0.989655271 -0.023371135 0.140075910 -0.233348243 -0.100071201 -1.459533888
1750921987.199995995 -1.435878678 0.282844884 -0.930247394 -0.020484567 0.995855495 -0.026195042 0.084652442 -0.193598671 -0.099074860 -1.621187694
1750921987.299995899 -1.439812950 0.282401711 -0.757686444 -0.021497075 0.999181175 -0.027076195 0.021017488 -0.041706937 -0.128895449 -1.848574595
1750921987.399996042 -1.400746569 0.278441977 -0.613124884 -0.022145984 0.998882871 -0.026450993 -0.032294132 -0.679436565 0.129901009 -1.140572130
1750921987.499995947 -1.380069885 0.282981752 -0.465074880 -0.021805006 0.995360947 -0.023280507 -0.090769733 -0.044675212 -0.129841585 -1.447734671
1750921987.599996090 -1.339124534 0.313069988 -0.254786739 -0.023862566 0.986845303 -0.024956044 -0.157937084 0.339360835 0.020294556 -1.643019406
1750921987.699995995 -1.227321618 0.297582688 -0.066355776 -0.025992267 0.976316261 -0.026989916 -0.213078635 -0.110539891 -0.918759295 -2.019581452
1750921987.799995899 -1.147606364 0.286379393 0.044852665 -0.026478068 0.962593362 -0.033163853 -0.267606222 0.185013415 -0.016405864 -1.203345469
1750921987.899996042 -1.047014545 0.292578459 0.174710463 -0.027114489 0.943842607 -0.035380375 -0.327374658 -0.364405645 0.192618476 -1.502020112
1750921987.999994993 -0.929719421 0.313043856 0.271792523 -0.027680807 0.926168905 -0.033936742 -0.374557378 0.812395744 0.140663102 -1.361045738
1750921988.099994898 -0.774777523 0.320361519 0.360714928 -0.028530762 0.905541150 -0.036106015 -0.421755351 -0.634329826 0.061289734 -1.812842364
1750921988.199995041 -0.604478976 0.324698705 0.436574566 -0.028545210 0.879702866 -0.036087133 -0.473292464 -0.979615864 0.506740367 -1.411528235
1750921988.299994946 -0.447798145 0.326978768 0.480109007 0.028084632 -0.855448735 0.039063409 0.515647909 -0.847631685 -0.243916612 -1.642386833
1750921988.399995089 -0.299816195 0.339198013 0.554802425 0.028809138 -0.823378107 0.035820464 0.565628342 -0.167496000 -0.170785694 -1.760687757
1750921988.499994993 -0.112682618 0.345557192 0.584256139 0.024648258 -0.790092134 0.032200033 0.611645356 -0.252448865 -0.286679217 -1.793299847
1750921988.599994898 0.049658512 0.292032347 0.600557822 0.043186004 -0.756047702 0.039884992 0.651871175 -0.213630624 0.367789147 -1.591557604
1750921988.699995041 0.203764634 0.361574140 0.625290530 0.023586241 -0.710815034 0.023625768 0.702586294 -0.424729028 0.160567145 -1.694396715
1750921988.799994946 0.392309882 0.369750533 0.631187290 0.026356538 -0.655555354 0.024375570 0.754293273 0.164598439 -0.110046239 -1.681712097
1750921988.899995089 0.556821449 0.365654792 0.588603636 0.026268426 -0.609434496 0.020772910 0.792128810 -0.022769069 -0.287548336 -1.872547099
1750921988.999994993 0.724718985 0.367859621 0.524500081 0.026452752 -0.561317344 0.019807397 0.826940602 -0.064036179 -0.201274560 -1.943226435
1750921989.099993944 0.900853104 0.377201148 0.429628184 0.025144195 -0.510163137 0.021858022 0.859432121 0.021742243 0.388646249 -1.769242206
1750921989.199994087 1.056083338 0.371650873 0.323005496 0.027199034 -0.458572137 0.025955646 0.887861539 -0.144485418 -0.230272867 -1.906255281
1750921989.299993992 1.178371303 0.378138561 0.212298113 0.026263867 -0.409678072 0.025216949 0.911503259 -0.165297830 -0.045839434 -1.810785104
1750921989.399993896 1.309645258 0.379268853 0.060084181 0.025198818 -0.352614937 0.022187291 0.935166001 -0.173335485 -0.120617096 -1.484329615
1750921989.499994040 1.404588863 0.381186433 -0.069933168 0.025154981 -0.299303112 0.017260971 0.953670243 -0.123966994 -0.058195999 -1.663397690
1750921989.599993944 1.479069219 0.373915546 -0.232453136 0.026851816 -0.248420657 0.019009585 0.968093380 -0.320278899 -0.057604754 -1.452617830
1750921989.699994087 1.556114978 0.385390370 -0.400752341 0.026243072 -0.187216349 0.016191545 0.981834596 -0.115407059 -0.055549866 -1.672798920
1750921989.799993992 1.594186651 0.385452966 -0.564142936 0.024627087 -0.134915860 0.015693906 0.990426635 -0.072677663 -0.112146224 -1.789655253
1750921989.899993896 1.628749327 0.375124535 -0.738099440 0.026156944 -0.079279872 0.014410269 0.996404968 -0.121786706 -0.030195272 -1.722894774
1750921989.999994040 1.615622394 0.384225315 -0.916787278 0.028230481 -0.016991966 0.014535906 0.999351300 0.025851057 -0.384316836 -2.109710715
1750921990.099992990 1.608950671 0.411990491 -1.048253489 0.023090745 0.044317634 0.010593888 0.998694415 -0.238772723 -0.170307636 -1.860941869
1750921990.199992895 1.550698053 0.403492914 -1.228574542 0.019479873 0.095878092 0.012259553 0.995126941 0.111249998 -0.381162909 -2.089534194
1750921990.299993038 1.503170951 0.401485744 -1.410337741 0.017894620 0.160148713 0.010231415 0.986877647 -0.246730269 -0.130037877 -1.796976872
1750921990.399992943 1.430427664 0.396434207 -1.560629921 0.016189983 0.210818970 0.007559251 0.977361808 -0.056346907 -0.078925586 -1.609093859
1750921990.499993086 1.334519784 0.392597506 -1.696312351 0.010439539 0.257873390 0.005983627 0.966103787 -0.212725281 -0.068520287 -1.573720440
1750921990.599992990 1.217917352 0.379030278 -1.834444357 0.008537393 0.307625707 0.003214859 0.951463716 -0.056232850 0.058080303 -1.772445568
1750921990.699992895 1.092614623 0.367660824 -1.962802478 0.006701509 0.354270734 0.000459958 0.935118776 -0.158219612 -0.264024525 -1.913242635
1750921990.799993038 0.962321078 0.361967265 -2.069047146 0.006913435 0.398208863 0.000132451 0.917268711 -0.299255703 -0.124586133 -1.717082874
1750921990.899992943 0.814197099 0.344722031 -2.170561836 0.004353525 0.443733339 -0.004460425 0.896137197 -0.125639443 -0.289297720 -1.427521994
1750921990.999993086 0.671525714 0.336309417 -2.253151129 0.007029149 0.484129942 -0.009231776 0.874919176 0.105697464 -0.039012562 -1.968107603
1750921991.099992990 0.505923217 0.321024123 -2.310357346 0.003158561 0.521847364 -0.015227879 0.852897101 -0.397537164 -0.081594784 -1.578536380
1750921991.199991941 0.324274176 0.342539212 -2.384250862 -0.000464598 0.569627383 -0.014797770 0.821769709 -0.048729829 -0.569780321 -1.977616502
1750921991.299992085 0.162345153 0.336940000 -2.402490878 -0.000319674 0.608831827 -0.013764011 0.793179839 -0.113374500 -0.049539145 -1.804555192
1750921991.399991989 -0.021287920 0.336059384 -2.419498202 -0.001231311 0.650997264 -0.012093946 0.758982729 -0.270934528 -0.296807258 -1.717819524
1750921991.499991894 -0.200831384 0.317165898 -2.409041940 0.002904054 0.696775113 -0.015988368 0.717105558 -0.185381579 0.036087846 -1.815550321
1750921991.599992037 -0.361904170 0.310919381 -2.389062805 -0.001624695 0.738146004 -0.014615570 0.674480705 -0.209665291 -0.280662425 -1.972417692
1750921991.699991941 -0.523542383 0.298071460 -2.345265425 -0.002008200 0.775535544 -0.016445439 0.631086472 -0.183488010 -0.252952784 -1.747513226
1750921991.799992085 -0.681519693 0.305556801 -2.274217479 -0.005943849 0.814042441 -0.018589632 0.580477389 -0.233469010 -0.109442776 -1.631027447
1750921991.899991989 -0.835030623 0.298389837 -2.197844700 -0.004311037 0.846549030 -0.021452765 0.531860821 -0.151819596 -0.204087681 -1.737885409
1750921991.999991894 -0.974399576 0.294014835 -2.108401420 -0.005239976 0.876460655 -0.022931220 0.480898557 -0.174176786 -0.043717402 -1.727407939
1750921992.099992037 -1.096821242 0.284835223 -1.991806352 -0.003618607 0.904492973 -0.025704201 0.425697852 0.042559359 -0.105345303 -1.758500035
1750921992.199990988 -1.221082301 0.291255292 -1.868687349 -0.010306806 0.927718663 -0.024670124 0.372321416 -0.221428117 -0.119463601 -1.627915085
1750921992.299990892 -1.296273060 0.299118879 -1.755439177 -0.013118555 0.946901188 -0.026905322 0.320128329 -0.348393600 -0.150765771 -1.458662752
1750921992.399991035 -1.385008056 0.288292508 -1.578566108 -0.010925601 0.965173693 -0.028669036 0.259804657 -0.130215485 -0.133481957 -1.702680717
1750921992.499990940 -1.435750366 0.290345785 -1.442219502 -0.013619673 0.978056703 -0.027098478 0.206119534 -0.347566446 -0.126055610 -1.752807521
1750921992.599991083 -1.482840382 0.282126554 -1.280244626 -0.017949247 0.988066523 -0.022771572 0.151274009 -0.093804576 -0.263870460 -1.769749896
1750921992.699990988 -1.503003543 0.291261356 -1.102013171 -0.022098749 0.995536468 -0.025441987 0.088156066 -0.218286335 -0.191693889 -1.288720608
1750921992.799990892 -1.497174051 0.288653232 -0.949814274 -0.022618471 0.998779676 -0.027163174 0.034492407 -0.195842728 0.020532416 -1.585911523
1750921992.899991035 -1.479300474 0.282824504 -0.784904201 -0.022563141 0.999179491 -0.027688333 -0.019094624 -0.214665649 -0.023491797 -1.549047961
1750921992.999990940 -1.421961842 0.282804558 -0.623810723 -0.023059645 0.996225191 -0.024772143 -0.079937239 -0.659761908 -0.413481045 -1.762227307
1750921993.099991083 -1.381062105 0.287381472 -0.489330211 -0.023251492 0.990225685 -0.025082482 -0.135215863 0.087094620 -0.041467112 -1.594901154
1750921993.199990988 -1.311863286 0.316897550 -0.345819874 -0.022687822 0.980852401 -0.023666272 -0.191973273 -0.171254689 0.075732021 -1.694063696
1750921993.299989939 -1.218989856 0.302626734 -0.172854463 -0.023690440 0.967043399 -0.025741013 -0.252196803 0.998219766 0.626079978 -2.151148133
1750921993.399990082 -1.149600755 0.306885283 -0.064236148 -0.027559254 0.950298418 -0.029478467 -0.308714147 1.143898537 -0.416076450 -1.336969032
1750921993.499989986 -1.015097174 0.314223785 0.029358529 -0.026721760 0.933386991 -0.032300309 -0.356414595 0.083821349 0.531306974 -0.980768163
1750921993.599989891 -0.928811223 0.343594821 0.142094272 -0.025741047 0.908337434 -0.031627580 -0.416245361 -0.001974575 0.146831209 -1.488692511
1750921993.699990034 -0.771683477 0.332235563 0.232574733 -0.026123009 0.883819510 -0.032963098 -0.465933575 -0.117443769 0.029927779 -1.758251960
1750921993.799989939 -0.611743704 0.317222073 0.317883453 0.030809788 -0.856246471 0.035283447 0.514439322 -0.134054304 -0.216319823 -1.595799610
1750921993.899990082 -0.437873024 0.351458781 0.412496042 0.025214838 -0.817719075 0.032933308 0.574121175 0.313216488 0.011226530 -1.691035573
1750921993.999989986 -0.266840734 0.334286806 0.394428441 0.027365347 -0.790571942 0.038246999 0.610560652 0.226269135 -0.051220703 -1.670498271
1750921994.099989891 -0.111461019 0.351420317 0.437844464 0.024816942 -0.752446951 0.033087200 0.657352982 -0.199572003 -0.100235681 -1.604546060
1750921994.199990034 0.072360588 0.355061254 0.422199760 0.024425962 -0.710783575 0.031605507 0.702275711 -0.296395018 -0.120446906 -1.690353173
1750921994.299988985 0.233438343 0.348119004 0.391556202 0.024554712 -0.671200011 0.033548445 0.740109528 -0.044167458 -0.014718155 -1.589385348
1750921994.399988890 0.384991602 0.370942325 0.357542666 0.024218061 -0.627229717 0.030263850 0.777869184 -0.117035367 -0.012642979 -1.502639108
1750921994.499989033 0.541923163 0.357813833 0.269893098 0.025183574 -0.580518656 0.028352500 0.813363396 -0.122848559 -0.118887180 -1.507224440
1750921994.599988937 0.666882347 0.363213514 0.191918658 0.024491365 -0.535357814 0.027944836 0.843807603 -0.117215076 0.057786289 -1.421632649
1750921994.699989080 0.783375887 0.366840542 0.109072446 0.024856985 -0.486526252 0.026646127 0.872905677 -0.281342825 0.044979877 -1.249345878
1750921994.799988985 0.894672008 0.373052567 -0.001567574 0.025394973 -0.432040220 0.022697108 0.901210955 -0.282198810 -0.130297011 -1.489430382
1750921994.899988890 0.991642403 0.368483834 -0.114505785 0.026937778 -0.382349743 0.021082779 0.923384290 -0.272645902 -0.107169361 -1.495411941
1750921994.999989033 1.064410674 0.372180648 -0.236770196 0.027293105 -0.334057229 0.021169759 0.941919686 -0.288067559 -0.127741817 -1.457864252
1750921995.099988937 1.149340761 0.370699894 -0.389395732 0.027841945 -0.278536299 0.020857890 0.959795449 -0.222929563 -0.211165368 -1.582370521
1750921995.199989080 1.200637426 0.371326798 -0.518720952 0.026342211 -0.230350719 0.018842469 0.972568556 -0.193120452 -0.157041505 -1.665634258
1750921995.299988985 1.248316638 0.362941085 -0.663980284 0.028543307 -0.180886619 0.019467175 0.982896912 -0.103688153 -0.194642973 -1.549733682
1750921995.399987936 1.281056888 0.361244674 -0.831638431 0.031462902 -0.126224542 0.018301980 0.991333692 -0.237018231 -0.083099537 -1.386366010
1750921995.499988079 1.298820379 0.366172198 -0.978965513 0.029182324 -0.073370496 0.016725910 0.996737381 -0.112173108 -0.066057882 -1.621425970
1750921995.599987984 1.287384857 0.369710368 -1.130554460 0.025536016 -0.023619891 0.015407963 0.999276042 -0.658261370 0.205797756 -1.197102302
1750921995.699987888 1.250372049 0.366016739 -1.304736416 0.024057988 0.034960883 0.013935222 0.999001882 -0.466626234 -0.412880605 -1.672577665
1750921995.799988031 1.222894795 0.385036217 -1.448091831 0.017197480 0.092479608 0.013749005 0.995471111 -0.187227885 0.077957479 -1.549518350
1750921995.899987936 1.172432555 0.379125037 -1.603446897 0.016066645 0.151426419 0.013030110 0.988252052 -0.203506249 -0.088302412 -1.664264257
1750921995.999988079 1.099498249 0.372541622 -1.772939146 0.014204242 0.220102513 0.009043126 0.975331403 -0.062949548 -0.126445981 -1.773733350
1750921996.099987984 1.008684025 0.375947827 -1.919654399 0.009231374 0.279435377 0.007232935 0.960092879 -0.025597668 -0.080736927 -1.734663183
1750921996.199987888 0.912641363 0.371350176 -2.044337731 0.005377299 0.338263111 0.002280887 0.941033448 -0.094313055 -0.097425601 -1.669878323
1750921996.299988031 0.782317902 0.357076227 -2.168642045 0.004299313 0.402121555 -0.002321624 0.915573253 0.104580914 -0.078299412 -1.458423302
1750921996.399986982 0.678467328 0.352719635 -2.255629607 0.001523912 0.457483343 -0.006818267 0.889190744 0.045840224 -0.054009638 -1.574506096
1750921996.499986887 0.542875135 0.334092176 -2.335481588 0.003055295 0.509768092 -0.011574584 0.860228567 -0.228548502 -0.241211559 -1.571380228
1750921996.599987030 0.378165197 0.300148179 -2.402601382 0.002685078 0.561997035 -0.014837162 0.827001803 -0.128068935 -0.689510106 -1.722270291
1750921996.699986935 0.242538564 0.318168748 -2.440379315 0.003119731 0.606398021 -0.016704976 0.794979654 -0.324008112 -0.290508082 -1.449134011
1750921996.799987078 0.082052554 0.326109622 -2.465523663 0.001324362 0.649503214 -0.014511747 0.760219199 -0.049382752 0.107356982 -1.672060554
1750921996.899986982 -0.110381584 0.314901160 -2.480256622 -0.000385973 0.696303868 -0.019408599 0.717484551 -0.034670920 -0.353278386 -1.862433446
1750921996.999986887 -0.274314991 0.314775856 -2.459166363 -0.000762354 0.733796229 -0.017523923 0.679143155 -0.208747108 -0.081272559 -1.619903268
1750921997.099987030 -0.448622431 0.297569893 -2.411620351 -0.002288244 0.768770920 -0.017875513 0.639270289 -0.230031965 -0.038242284 -1.681798059
1750921997.199986935 -0.615749941 0.300145169 -2.352432553 -0.005359169 0.805246547 -0.020121340 0.592574392 -0.244810430 -0.089416733 -1.670645349
1750921997.299987078 -0.764630255 0.297733122 -2.275455001 -0.006289498 0.835653356 -0.021451007 0.548802118 -0.206527186 0.042456044 -1.670734380
1750921997.399986982 -0.910775097 0.291137052 -2.190681183 -0.003256429 0.865131514 -0.025145343 0.500903755 -0.133191286 -0.082980725 -1.855604884
1750921997.499985933 -1.069382943 0.291404928 -2.069696381 -0.004761542 0.895452598 -0.024552027 0.444453788 -0.009356127 -0.095000703 -1.811400108
1750921997.599986076 -1.200429065 0.298795817 -1.950156090 -0.009882313 0.920353905 -0.024177994 0.390213344 -0.050573106 -0.136632424 -1.755364265
1750921997.699985981 -1.303851134 0.292775068 -1.825138021 -0.009227675 0.941492734 -0.025833628 0.335915026 -0.077300294 -0.037829371 -1.735137716
1750921997.799985886 -1.409547438 0.288986121 -1.657187959 -0.009981465 0.961568425 -0.027863718 0.272965469 -0.196671872 -0.165779607 -1.555297675
1750921997.899986029 -1.481444807 0.282517527 -1.495147886 -0.009439323 0.975779676 -0.028092684 0.216738839 -0.079523424 -0.193915477 -1.882826067
1750921997.999985933 -1.540474571 0.284473351 -1.331446011 -0.016556650 0.986880385 -0.024302467 0.158752553 -0.098558816 -0.104955970 -1.762430738
1750921998.099986076 -1.579451855 0.273401152 -1.153710985 -0.018960553 0.995016111 -0.024328753 0.094823775 -0.092037762 -0.020983789 -1.694263663
1750921998.199985981 -1.578914609 0.280277867 -1.011087104 -0.022460567 0.998732323 -0.024850002 0.037573213 -0.016924778 -0.012588238 -1.687323457
1750921998.299985886 -1.583835301 0.272426805 -0.818496640 -0.022947028 0.999070573 -0.028803300 -0.022400760 -0.261363349 -0.527418212 -1.762005867
1750921998.399986029 -1.529660798 0.292656520 -0.635219464 -0.024681773 0.995849736 -0.023136085 -0.084491632 -0.463400758 -0.251742607 -2.219305842
1750921998.499984980 -1.503629111 0.277965850 -0.469222461 -0.025723610 0.988976344 -0.025635573 -0.143551054 0.051817795 0.077355990 -1.729106067
1750921998.599984884 -1.409716079 0.306002915 -0.330999535 -0.025985223 0.979646799 -0.024426873 -0.197535429 0.061120125 0.182084467 -1.388421936
1750921998.699985027 -1.328241479 0.297762982 -0.153682499 -0.023699586 0.964516079 -0.025381952 -0.261730432 -0.410837122 -0.192503807 -1.839397153
1750921998.799984932 -1.221978080 0.308151441 -0.033789060 -0.024948988 0.948427336 -0.028598170 -0.314714602 -0.256250647 -0.133581454 -1.760977861
1750921998.899985075 -1.070502602 0.304208088 0.099484122 -0.026968724 0.929798790 -0.033269556 -0.365568097 -0.052322636 0.071717092 -1.559577987
1750921998.999984980 -0.934336501 0.322120661 0.209693697 -0.026281613 0.905774288 -0.034318103 -0.421550097 0.021663358 -0.120610522 -1.673637794
1750921999.099984884 -0.793744178 0.312539460 0.307532778 -0.029306249 0.881006587 -0.038626660 -0.470612919 0.277312758 -0.388616221 -1.590721780
1750921999.199985027 -0.640297363 0.324002514 0.399576191 0.030989039 -0.852579311 0.035864153 0.520444003 -0.019082496 0.163076461 -1.681370477
1750921999.299984932 -0.461733246 0.327792113 0.456440000 0.030483065 -0.819579528 0.037924792 0.570895691 0.083579207 0.043153715 -1.832869131
1750921999.399985075 -0.287245685 0.348904649 0.499535189 0.026201101 -0.785625921 0.034543052 0.617180843 0.067673993 0.084533447 -1.794691138
1750921999.499984980 -0.119216338 0.359422160 0.509871603 0.022730376 -0.752296379 0.032134271 0.657647988 0.028617235 -0.072669662 -1.959875251
1750921999.599983931 0.082068935 0.327381033 0.515599732 0.026814386 -0.707364781 0.036371789 0.705402827 0.104746321 -0.142523201 -1.976596717
1750921999.699984074 0.243526204 0.364792190 0.484391677 0.021100450 -0.668618353 0.029946243 0.742702828 0.019792895 -0.396251420 -1.976576647
1750921999.799983978 0.441011035 0.344134167 0.442611260 0.024184304 -0.624462719 0.028190381 0.780170965 -0.435213436 1.080342546 -1.646010028
1750921999.899983883 0.609347592 0.384770583 0.374556421 0.017803214 -0.575510402 0.022084598 0.817302327 -0.102394881 0.279747110 -1.622446455
1750921999.999984026 0.773555261 0.371944008 0.291091502 0.022930643 -0.530500489 0.025186070 0.847000046 -0.187070112 -0.092801234 -1.795506061
1750922000.099983931 0.918505136 0.375385467 0.202552553 0.024773394 -0.481060295 0.022546752 0.876047325 -0.039485709 -0.018985033 -1.665318816
1750922000.199984074 1.077023228 0.381110381 0.081962374 0.024090667 -0.422618337 0.019902752 0.905768879 -0.068792539 -0.029308634 -1.783866186
1750922000.299983978 1.195139167 0.379681066 -0.044089500 0.024850797 -0.372092149 0.017719979 0.927693847 0.003047663 -0.102720416 -1.881494817
1750922000.399983883 1.300550350 0.380877582 -0.179453662 0.026634055 -0.318579949 0.017283149 0.947364099 -0.124280454 -0.168260264 -1.686642363
1750922000.499984026 1.400296857 0.384114740 -0.343982504 0.025226966 -0.257602584 0.014246341 0.965816520 -0.010294813 -0.037618665 -1.761460468
1750922000.599982977 1.455629436 0.381927192 -0.491795217 0.024203338 -0.206737876 0.016297288 0.977961169 -0.097497456 -0.103120909 -1.685494394
1750922000.699982882 1.515792361 0.378407839 -0.653472652 0.026238540 -0.152840943 0.013058228 0.987816110 -0.092573696 -0.021718143 -1.568492910
1750922000.799983025 1.556908844 0.385746804 -0.839494194 0.026709390 -0.090440030 0.011390995 0.995478505 -0.074577052 -0.012835671 -1.700181034
1750922000.899982929 1.562206032 0.394778580 -1.002795929 0.026755368 -0.035810471 0.010961203 0.998940245 -0.192667742 0.189662387 -1.727296951
1750922000.999983072 1.554613601 0.393171286 -1.158251802 0.026008250 0.020382478 0.011519417 0.999387527 -0.419967861 -0.132890927 -1.803347527
1750922001.099982977 1.498665467 0.390847607 -1.343547384 0.021675720 0.081739117 0.011912199 0.996346817 -0.348945507 -0.001152287 -1.572268136
1750922001.199982882 1.457002402 0.402938221 -1.494762831 0.015276008 0.137395135 0.010280347 0.990345159 -0.164610417 -0.173788612 -1.756225368
1750922001.299983025 1.381178220 0.396925393 -1.649434891 0.013126062 0.192551488 0.007785053 0.981168193 -0.039659270 -0.233972461 -1.879819067
1750922001.399982929 1.288999015 0.396625908 -1.806022838 0.007679314 0.255917317 0.004430933 0.966658017 -0.022867517 -0.282167158 -1.886791580
1750922001.499983072 1.187404528 0.376029225 -1.951183398 0.005487525 0.311733218 0.003419970 0.950147668 -0.060066102 -0.117265676 -1.768967122
1750922001.599982977 1.081306311 0.370438538 -2.073192270 0.004213348 0.366135894 -0.000305658 0.930551805 -0.166089089 -0.126687903 -1.732101429
1750922001.699981928 0.928280058 0.351907316 -2.202502114 0.000463724 0.423936505 -0.004527542 0.905680477 -0.160474949 -0.239611650 -1.737119571
1750922001.799982071 0.795327642 0.325766385 -2.291314155 0.008348199 0.471821656 -0.011291943 0.881582171 -0.090847207 -0.343878058 -1.767462381
1750922001.899981976 0.653909534 0.331911933 -2.358193046 0.003584720 0.519270675 -0.012221166 0.854514926 0.028768178 -0.020744557 -1.699721429
1750922001.999982119 0.511364903 0.312750871 -2.421010279 0.002934334 0.572222610 -0.016099461 0.819935048 -0.281332538 -0.360185983 -1.568341551
1750922002.099982023 0.333639218 0.321150299 -2.451758075 0.000536150 0.616304171 -0.015955732 0.787346363 -0.112173619 -0.057866029 -1.621468288
1750922002.199981928 0.168636959 0.307824134 -2.467875946 0.002215495 0.658632357 -0.017343638 0.752261729 -0.096341813 0.022412862 -1.544036271
1750922002.299982071 -0.033613571 0.300846037 -2.445675217 0.004710665 0.700076862 -0.019549673 0.713784287 -0.598530326 -0.548660104 -1.885619495
1750922002.399981976 -0.212195216 0.305131386 -2.445849149 0.001466858 0.741731958 -0.018571901 0.670437645 -0.248273987 -0.350571116 -2.107880277
1750922002.499982119 -0.383607615 0.289453402 -2.406400499 -0.001164748 0.776995295 -0.020126680 0.629183496 -0.222534554 -0.664521956 -2.153216569
1750922002.599982023 -0.558172823 0.286861103 -2.320510811 -0.002338093 0.811560081 -0.023622524 0.583786557 -0.203964937 0.277032779 -1.899218801
1750922002.699980974 -0.717624294 0.323174076 -2.242556460 -0.008914321 0.843335312 -0.019110439 0.536973815 0.207807490 -0.272971977 -1.970360241
1750922002.799981117 -0.889402818 0.286657091 -2.155185789 -0.004114127 0.875821773 -0.025369074 0.481949900 -0.072246523 -0.190668697 -1.870373695
1750922002.899981022 -1.036432299 0.294313016 -2.031225857 -0.008427616 0.904230319 -0.023831859 0.426296314 -0.166332371 0.029031361 -1.694381579
1750922002.999980927 -1.164469088 0.293687133 -1.892910216 -0.009789160 0.927027044 -0.025690512 0.373985333 -0.199570072 -0.119619176 -1.691839303
1750922003.099981070 -1.268192311 0.295883953 -1.750486724 -0.011033963 0.946802210 -0.026539166 0.320530028 -0.062609490 -0.042736388 -1.694616826
1750922003.199980974 -1.350710755 0.294213644 -1.597176502 -0.012377263 0.965151814 -0.027461320 0.259951254 -0.149019309 -0.104325300 -1.785890535
1750922003.299981117 -1.415450788 0.291349728 -1.438010468 -0.013675060 0.978455676 -0.028123445 0.204074876 -0.037235740 -0.061533663 -1.639783227
1750922003.399981022 -1.463571665 0.283793437 -1.258312058 -0.017453167 0.988257428 -0.025108485 0.149707072 -0.209130966 -0.019722528 -1.529643148
1750922003.499980927 -1.491921672 0.284910847 -1.077822642 -0.017610428 0.995582366 -0.027120412 0.088148221 -0.094528020 0.004020239 -1.322113631
1750922003.599981070 -1.495955680 0.280554981 -0.915360401 -0.022307771 0.998794547 -0.027976022 0.033602963 -0.212476887 -0.232199430 -2.022185583
1750922003.699980021 -1.478267431 0.300690312 -0.745788245 -0.023089748 0.999205385 -0.024181539 -0.021695968 0.086480089 -0.364730416 -1.750519364
1750922003.799979925 -1.443582395 0.289516901 -0.565551594 -0.025052133 0.995963536 -0.024782270 -0.082552191 0.094212807 -0.083472257 -2.043302243
1750922003.899980068 -1.367943158 0.292496491 -0.380399294 -0.025557099 0.989775756 -0.024412505 -0.138183995 -0.687820900 -0.155536245 -1.493583365
1750922003.999979973 -1.343359571 0.308757711 -0.265822638 -0.022454506 0.979987276 -0.024742654 -0.196235915 0.186069687 -0.145753459 -2.122591669
1750922004.099980116 -1.205486975 0.295268986 -0.070645844 -0.026219493 0.965859040 -0.028016382 -0.256210724 0.061120370 0.051541261 -1.818566369
1750922004.199980021 -1.104190417 0.297033569 0.057397957 -0.027345545 0.949721527 -0.032535289 -0.310197835 -0.226539710 0.014125184 -1.646263756
1750922004.299979925 -0.995175930 0.311137024 0.179871082 -0.028785023 0.930731863 -0.035861542 -0.362799630 -0.402924347 -0.431217887 -1.804212595
1750922004.399980068 -0.894014051 0.327293185 0.296171721 -0.027494267 0.906244743 -0.033316711 -0.420540756 0.066070820 -0.158407919 -1.593524095
1750922004.499979973 -0.706981076 0.301894773 0.391884470 -0.031713032 0.883254614 -0.035620098 -0.466461980 -0.220653626 0.029753217 -1.603082084
1750922004.599980116 -0.545562043 0.322423802 0.458722038 0.030159444 -0.857618488 0.037733978 0.512012777 -0.519675099 0.518733134 -1.614827135
1750922004.699980021 -0.358755584 0.340222379 0.527409989 0.030243098 -0.823668089 0.035607628 0.565144523 -0.224002589 -0.217699766 -1.844337316
1750922004.799978971 -0.189571720 0.346531898 0.571989717 0.026495924 -0.789790156 0.034933838 0.611808060 -0.241236545 -0.068780080 -1.819925246
1750922004.899979115 -0.011049497 0.351362499 0.586216905 0.025006036 -0.755035124 0.033582400 0.654346148 -0.352525651 -0.257145634 -2.015839895
1750922004.999979019 0.193402894 0.345180713 0.574412186 0.025010056 -0.714126592 0.033200918 0.698781373 0.325476183 0.644462872 -1.996967506
1750922005.099978924 0.371201501 0.343070324 0.561837358 0.027941277 -0.671115746 0.034347752 0.740029170 -0.030844971 -0.282608379 -1.840366497
1750922005.199979067 0.534893905 0.342704539 0.510071490 0.029267111 -0.626953663 0.032427210 0.777830970 -0.087392836 -0.089602550 -1.827592145
1750922005.299978971 0.707601500 0.359082781 0.445472907 0.024565651 -0.574947819 0.028439873 0.817326561 -0.222987920 -0.157680570 -1.699622972
1750922005.399979115 0.854243895 0.369765570 0.373047826 0.025414263 -0.525879903 0.024394248 0.849829020 -0.223294694 -0.022709533 -1.622849032
1750922005.499979019 1.004334286 0.373862741 0.275290379 0.026709773 -0.475864365 0.023877739 0.878788682 -0.052151898 -0.066535800 -1.819804484
1750922005.599978924 1.146924630 0.377863126 0.152803904 0.026187991 -0.419937107 0.022719016 0.906890766 -0.130737687 -0.075098250 -1.708872383
1750922005.699979067 1.259381566 0.373917157 0.027889676 0.026009398 -0.368986593 0.020610588 0.928842080 -0.218043996 -0.122832445 -1.648414704
1750922005.799978018 1.364196685 0.376122967 -0.110480972 0.026349604 -0.316414144 0.019831305 0.948047735 -0.116304056 -0.090040201 -1.655927872
1750922005.899977922 1.448266569 0.380702139 -0.264375164 0.026280134 -0.258724511 0.019302838 0.965400633 -0.220128798 -0.111996366 -1.688807985
1750922005.999978065 1.519501003 0.378668945 -0.426988347 0.026831942 -0.205599883 0.016762145 0.978124617 -0.276063226 -0.111562458 -1.651672498
1750922006.099977970 1.561386811 0.385177788 -0.580806824 0.024945495 -0.152681789 0.014358782 0.987856173 -0.144345149 0.010216045 -1.547334923
1750922006.199978113 1.599076178 0.380106262 -0.784330163 0.027310089 -0.090020428 0.013083125 0.995479439 -0.162050118 -0.224061104 -2.020548961
1750922006.299978018 1.610827746 0.389876466 -0.937405942 0.027292600 -0.033064808 0.011274143 0.999016880 -0.019183271 0.333946544 -1.362726965
1750922006.399977922 1.587447887 0.391717317 -1.099531500 0.027609148 0.021294671 0.013393877 0.999302195 -0.189173346 0.110455403 -1.504100401
1750922006.499978065 1.557697344 0.403179053 -1.281909096 0.017944283 0.084241382 0.011400663 0.996218559 -0.486268039 0.022981267 -1.608185595
1750922006.599977970 1.489379491 0.411705557 -1.441641406 0.014016750 0.138209387 0.010787054 0.990245089 -0.175788338 -0.158162669 -1.782882269
1750922006.699978113 1.429061054 0.413999351 -1.592559953 0.010979674 0.193638061 0.007286197 0.980984536 -0.305182273 -0.120163973 -1.740356970
1750922006.799978018 1.327409516 0.393325837 -1.751738494 0.008217629 0.257076093 0.005896339 0.966338236 -0.073220061 -0.107941832 -1.718657489
1750922006.899976969 1.214499671 0.368038279 -1.885056479 0.012531457 0.313438933 0.004305750 0.949515907 -0.086993912 -0.221061935 -1.843927643
1750922006.999977112 1.093938901 0.367173312 -1.998158885 0.007745494 0.366281333 0.002453465 0.930468685 -0.292112609 -0.089259146 -1.855243148
1750922007.099977016 0.947531808 0.358860119 -2.120568892 0.006116044 0.424898916 -0.002977170 0.905215246 -0.048299473 -0.069172569 -1.767119350
1750922007.199976921 0.799638935 0.354790566 -2.212373399 0.005547916 0.473733179 -0.004375028 0.880640083 -0.054361796 -0.192598404 -1.779586240
1750922007.299977064 0.675207504 0.359576780 -2.267481694 -0.000902368 0.518139064 -0.008180585 0.855256788 0.397065079 -0.138149853 -1.274249613
1750922007.399976969 0.509295752 0.355140084 -2.327406201 -0.000946622 0.568390916 -0.013988292 0.822639166 -0.043423973 -0.545192861 -1.561152134
1750922007.499977112 0.374724367 0.349715935 -2.387918228 0.000006906 0.614926738 -0.012490187 0.788485322 -0.054772365 0.069559569 -1.591014054
1750922007.599977016 0.184926337 0.340997099 -2.360707615 -0.002668210 0.649057434 -0.011714261 0.760644532 0.338357418 -0.162275172 -1.569259870
1750922007.699976921 -0.001247863 0.330028897 -2.407541197 -0.001588684 0.702758725 -0.013920417 0.711290287 -0.271745445 -0.257444301 -1.883449822
1750922007.799977064 -0.166881479 0.321500964 -2.372788466 -0.001945406 0.739947776 -0.017111618 0.672443824 -0.125168181 0.077089199 -1.616696678
1750922007.899976015 -0.328985517 0.309590502 -2.319411501 -0.002808467 0.775747446 -0.016784719 0.630813986 -0.164020511 -0.081442978 -1.753194070
1750922007.999975920 -0.519417998 0.300347344 -2.247002863 -0.003966115 0.813848469 -0.021320922 0.580672333 -0.415164492 -0.324535828 -1.957862359
1750922008.099976063 -0.680441658 0.301436915 -2.167468024 -0.005300597 0.846705418 -0.023829022 0.531501662 -0.117713159 -0.263484265 -1.970012037
1750922008.199975967 -0.843081524 0.293565120 -2.072741074 -0.005490526 0.876154774 -0.025887929 0.481302900 -0.123534095 -0.080611761 -1.875453801
1750922008.299976110 -0.985948488 0.295725763 -1.947152658 -0.010849384 0.904632981 -0.025034046 0.425317243 -0.157012723 -0.036909846 -1.705379214
1750922008.399976015 -1.096736028 0.293137754 -1.820135282 -0.011126008 0.926731865 -0.026338802 0.374633861 -0.192415989 -0.111790530 -1.779481057
1750922008.499975920 -1.192969099 0.294915308 -1.686680684 -0.012929914 0.946392539 -0.025641403 0.321739798 -0.120838496 0.006886075 -1.584980245
1750922008.599976063 -1.285434002 0.293985733 -1.520971227 -0.015842873 0.964874662 -0.026746887 0.260864897 -0.110757367 -0.063353113 -1.784396750
1750922008.699975967 -1.347616689 0.289599802 -1.357114365 -0.016603623 0.978110865 -0.026444512 0.205728322 -0.204988468 -0.109499398 -1.714285863
1750922008.799976110 -1.386950369 0.287477877 -1.206159375 -0.017717163 0.988382261 -0.026163172 0.148667739 -0.143854909 -0.147761774 -1.835604406
1750922008.899976015 -1.427104483 0.284754752 -1.012982205 -0.020361196 0.995746791 -0.026414313 0.085883834 -0.037539734 -0.041950714 -1.633115449
1750922008.999974966 -1.421462986 0.276628933 -0.859215470 -0.020144376 0.998883976 -0.027543073 0.032655552 -0.084002024 -0.091340807 -2.147129759
1750922009.099975109 -1.406598875 0.281346002 -0.696441592 -0.023105622 0.999094789 -0.026604141 -0.023831737 -0.306034232 -0.091036051 -1.583233721
1750922009.199975014 -1.354472501 0.282179066 -0.499114747 -0.024136619 0.995718728 -0.025048524 -0.085639998 -0.222228117 -0.105709793 -1.636836694
1750922009.299974918 -1.299335195 0.280148805 -0.351825248 -0.025919347 0.989433670 -0.026725418 -0.140124773 0.040423431 0.091448573 -1.518408285
1750922009.399975061 -1.214519450 0.273593487 -0.192918286 -0.027982005 0.979851985 -0.029236429 -0.195582020 -0.382218732 -0.319702315 -2.024569072
1750922009.499974966 -1.118968971 0.289386117 -0.062513602 -0.029865366 0.965681733 -0.031952509 -0.256019312 -0.198190938 -0.144159847 -1.803489647
1750922009.599975109 -1.039494715 0.325161217 0.042239548 -0.026410036 0.950634949 -0.028993185 -0.307823163 -0.149270087 0.052043421 -1.581733730
1750922009.699975014 -0.902672988 0.311969585 0.172877759 -0.029308375 0.932069369 -0.034212357 -0.359467975 0.185616751 -0.235904641 -1.692852476
1750922009.799974918 -0.766461879 0.321501032 0.275542824 -0.027488149 0.908722993 -0.035737697 -0.414957518 -0.065479621 0.135585411 -1.249315854
1750922009.899975061 -0.607008109 0.300525521 0.366125212 -0.030678065 0.884240562 -0.036789245 -0.464568656 0.174327438 -0.000442526 -1.387085221
1750922009.999974012 -0.481020810 0.331036140 0.446582881 0.029524923 -0.855620579 0.034804772 0.515587366 -0.286929381 -0.258395470 -1.691773746
1750922010.099973917 -0.312273422 0.336875034 0.494749644 0.030098706 -0.822202224 0.037407935 0.567166834 -0.178647220 -0.159071203 -1.720117721
1750922010.199974060 -0.159274868 0.350463621 0.532657664 0.025727952 -0.788280906 0.034319064 0.613818774 -0.082433189 0.055256905 -1.481761907
1750922010.299973965 0.003137016 0.354175660 0.534066461 0.024073302 -0.754765463 0.031164933 0.654811667 -0.337306390 0.311653399 -1.676774865
1750922010.399974108 0.175364661 0.372123577 0.494909968 0.019704640 -0.716062801 0.028716122 0.697166535 -0.514216330 -0.333807286 -1.540935539
1750922010.499974012 0.330629392 0.362982661 0.473271091 0.023850753 -0.675016077 0.030351683 0.736792517 0.085870127 0.198259091 -1.463482293
1750922010.599973917 0.482857328 0.361710609 0.424812881 0.024448105 -0.635199208 0.029423495 0.771400360 -0.253209069 -0.487275474 -1.619716590
1750922010.699974060 0.646773609 0.367495583 0.379444202 0.025114651 -0.582783712 0.024033930 0.811883470 -0.073811119 0.164604756 -1.512156890
