1750921983.200000048 0.015079342 0.365026253 0.423155194 0.011269792 -0.723780102 0.024246840 0.689512471 -0.162274980 -0.168699239 -1.703559727
1750921983.299999952 0.173346705 0.366492810 0.405051521 0.012228975 -0.682815264 0.019983133 0.730215340 -0.200990902 -0.167825159 -1.537255707
1750921983.400000095 0.341277352 0.346006202 0.350464165 0.017336201 -0.635115219 0.022733941 0.771888129 -0.316040616 -0.362711503 -1.617898868
1750921983.500000000 0.492569054 0.350427642 0.303765002 0.013889875 -0.585771285 0.018569019 0.810144595 -0.263657955 -0.177535610 -1.636206414
1750921983.599999905 0.619658087 0.350600150 0.233371115 0.014201876 -0.539089547 0.017066646 0.841955757 -0.091935077 0.028067631 -1.622466744
1750921983.700000048 0.774425167 0.350864678 0.141045536 0.016361487 -0.482375155 0.016022017 0.875665351 -0.128778772 -0.093707075 -1.599610945
1750921983.799998999 0.891919687 0.358383991 0.040399299 0.017628175 -0.432083571 0.009467187 0.901611561 -0.122592675 0.016507329 -1.681084442
1750921983.899998903 0.994942988 0.356216343 -0.077605692 0.016942768 -0.385688136 0.009076872 0.922428975 -0.144427158 -0.131040905 -1.650215607
1750921983.999999046 1.097543101 0.349293871 -0.220987113 0.020348939 -0.332130459 0.007116280 0.942987082 -0.176637834 -0.107354308 -1.702539261
1750921984.099998951 1.188861920 0.347215792 -0.366591837 0.020571078 -0.285475303 0.007693979 0.958134377 -0.182419259 -0.129609878 -1.652450208
1750921984.199999094 1.247694421 0.339684437 -0.506425923 0.022523876 -0.240453510 0.007733947 0.970368472 -0.220145977 -0.143522814 -1.633941097
1750921984.299998999 1.301316474 0.332664174 -0.682761153 0.022190806 -0.189097246 0.008106440 0.981674124 -0.208567584 -0.175412237 -1.760396750
1750921984.399998903 1.333775679 0.336057839 -0.825542080 0.021545622 -0.141760369 0.006547016 0.989644846 -0.139035339 0.079174068 -1.609627100
1750921984.499999046 1.350157235 0.340656877 -0.979907015 0.023047078 -0.090881395 0.002652994 0.995591465 -0.146706813 0.041293766 -1.370344265
1750921984.599998951 1.343030142 0.338578148 -1.152063499 0.026067420 -0.029374443 0.002698788 0.999224874 -0.241431172 -0.448932544 -1.880359481
1750921984.699999094 1.320825817 0.342855875 -1.316596034 0.025809016 0.023406043 0.001618184 0.999391532 -0.103856870 -0.137822932 -1.674295344
1750921984.799998999 1.312401210 0.346838488 -1.468236121 0.019284834 0.084169983 0.001141564 0.996264125 -0.080539716 0.192944396 -1.780962658
1750921984.899997950 1.239838392 0.351000327 -1.602638885 0.014406354 0.143012952 0.001019408 0.989615437 -0.278185042 -0.131267629 -1.491810968
1750921984.999998093 1.167143813 0.345636891 -1.750399868 0.014826294 0.198270981 -0.002605755 0.980031637 -0.055378070 0.050240368 -1.515838457
1750921985.099997997 1.087581199 0.346116031 -1.879169034 0.014269404 0.254625534 -0.003595980 0.966927759 -0.053956518 -0.134304560 -1.728982943
1750921985.199997902 0.972689479 0.339931745 -2.011024967 0.012300623 0.315217400 -0.007121610 0.948913046 -0.294858305 -0.144207317 -1.535476883
1750921985.299998045 0.855962636 0.336635817 -2.113607621 0.012558014 0.366833887 -0.010682521 0.930140355 -0.118258074 -0.075537528 -1.367304830
1750921985.399997950 0.743660281 0.321493395 -2.209053227 0.011567662 0.419763937 -0.014603362 0.907442102 -0.099763857 -0.029206365 -1.604957332
1750921985.499998093 0.616638166 0.314128268 -2.299402858 0.011952134 0.477142769 -0.018612852 0.878547373 -0.107133617 -0.167845362 -1.592095536
1750921985.599997997 0.511832679 0.334197351 -2.389092332 0.008525042 0.530927458 -0.020624669 0.847123356 0.760947182 0.565939939 -1.241786935
1750921985.699997902 0.369979319 0.324002155 -2.438287022 0.007805627 0.577146132 -0.022951206 0.816280991 -0.028965263 -0.221879057 -1.548669003
1750921985.799998045 0.199729820 0.334369232 -2.470743960 0.004910142 0.627597693 -0.021930365 0.778213393 -0.127282939 -0.083948845 -1.501792502
1750921985.899996996 0.043635395 0.334576204 -2.482081088 0.004044553 0.669508563 -0.021984108 0.742467928 -0.092083566 -0.087628229 -1.694619513
1750921985.999996901 -0.119904139 0.334914773 -2.459533802 0.005149333 0.706775755 -0.023055601 0.707043108 -0.247439812 0.009957337 -1.687293787
1750921986.099997044 -0.308457039 0.333972698 -2.420517711 0.003963656 0.749190662 -0.024623930 0.661884660 -0.179356513 -0.146762995 -1.689054416
1750921986.199996948 -0.469224476 0.338575965 -2.368802678 0.004028318 0.784651523 -0.023911305 0.619462678 -0.097058434 -0.051729626 -1.666490523
1750921986.299997091 -0.627697456 0.322082504 -2.297545186 0.006272005 0.816588581 -0.029358963 0.576438898 -0.234321268 -0.312649355 -1.724209917
1750921986.399996996 -0.781882004 0.314789898 -2.206783642 0.005505773 0.849971352 -0.033187286 0.525753737 -0.414013378 -0.343567112 -1.590320060
1750921986.499996901 -0.915524589 0.319631727 -2.119601721 0.002330702 0.879535008 -0.033761421 0.474629228 -0.136603977 -0.039227152 -1.731614487
1750921986.599997044 -1.033614817 0.318925200 -2.010625513 0.001797914 0.904282033 -0.032379585 0.425702167 -0.159539428 -0.137452758 -1.756316713
1750921986.699996948 -1.151659098 0.324652096 -1.879703393 -0.001501265 0.928851903 -0.028813636 0.369325958 -0.180073786 0.031201008 -1.495767375
1750921986.799997091 -1.241929044 0.328940201 -1.749368431 -0.001957111 0.948132739 -0.032054547 0.316248297 -0.218358178 -0.075839536 -1.593167349
1750921986.899996996 -1.312744466 0.331022434 -1.612182272 -0.004476621 0.964242028 -0.030788028 0.263190745 -0.212034112 -0.165486458 -1.765844081
1750921986.999995947 -1.381295921 0.331791666 -1.440872414 -0.004116081 0.978863912 -0.029587817 0.202319206 -0.113622273 -0.245571839 -1.735043789
1750921987.099996090 -1.429564045 0.325748453 -1.283128598 -0.007659069 0.988811880 -0.027313038 0.146445906 -0.233348243 -0.100071201 -1.459533888
1750921987.199995995 -1.463120827 0.322451852 -1.104300810 -0.007561689 0.995384081 -0.029431229 0.091033806 -0.193598671 -0.099074860 -1.621187694
1750921987.299995899 -1.469402364 0.322834943 -0.931809210 -0.008397038 0.999153450 -0.029500737 0.027414954 -0.041706937 -0.128895449 -1.848574595
1750921987.399996042 -1.432413695 0.318471342 -0.786713712 -0.008946814 0.999227348 -0.028188154 -0.025886070 -0.679436565 0.129901009 -1.140572130
1750921987.499995947 -1.413633466 0.323095307 -0.638413812 -0.008555537 0.996105375 -0.024250394 -0.084337437 -0.044675212 -0.129841585 -1.447734671
1750921987.599996090 -1.374773144 0.352995123 -0.427703579 -0.010576860 0.988070684 -0.025051695 -0.151581219 0.339360835 0.020294556 -1.643019406
1750921987.699995995 -1.265972589 0.335407961 -0.237705928 -0.012718163 0.977941260 -0.026363668 -0.206818995 -0.110539891 -0.918759295 -2.019581452
1750921987.799995899 -1.188088709 0.322610399 -0.125377496 -0.013230243 0.964584514 -0.031805615 -0.261514969 0.185013415 -0.016405864 -1.203345469
1750921987.899996042 -1.089138112 0.326746714 0.005816484 -0.013974493 0.946246006 -0.033213541 -0.321434396 -0.364405645 0.192618476 -1.502020112
1750921987.999994993 -0.972677085 0.344574233 0.104411178 -0.014684871 0.928905305 -0.031126591 -0.368714557 0.812395744 0.140663102 -1.361045738
1750921988.099994898 -0.818816178 0.348249148 0.195411455 -0.015692563 0.908607391 -0.032647945 -0.416077474 -0.634329826 0.061289734 -1.812842364
1750921988.199995041 -0.649505628 0.348492010 0.273571352 -0.015938556 0.883122587 -0.031908964 -0.467784434 -0.979615864 0.506740367 -1.411528235
1750921988.299994946 -0.493422488 0.346895531 0.319231331 0.015687127 -0.859147150 0.034283821 0.510337837 -0.847631685 -0.243916612 -1.642386833
1750921988.399995089 -0.346198571 0.355590904 0.395890206 0.016748964 -0.827435787 0.030333612 0.560490288 -0.167496000 -0.170785694 -1.760687757
1750921988.499994993 -0.159379125 0.357224233 0.427870869 0.012952242 -0.794419675 0.026021686 0.606673299 -0.252448865 -0.286679217 -1.793299847
1750921988.599994898 0.001282221 0.299581155 0.446592611 0.031796272 -0.760877400 0.033241824 0.647263131 -0.213630624 0.367789147 -1.591557604
1750921988.699995041 0.156792379 0.365211030 0.473159040 0.012793754 -0.715773064 0.016102572 0.698030047 -0.424729028 0.160567145 -1.694396715
1750921988.799994946 0.345389155 0.368525518 0.481597402 0.016171217 -0.660905422 0.016089576 0.750122417 0.164598439 -0.110046239 -1.681712097
1750921988.899995089 0.510300699 0.359991173 0.441279343 0.016629569 -0.615052969 0.011903393 0.788220535 -0.022769069 -0.287548336 -1.872547099
1750921988.999994993 0.679051808 0.357577207 0.379465545 0.017374361 -0.567182110 0.010391117 0.823343556 -0.064036179 -0.201274560 -1.943226435
1750921989.099993944 0.856637996 0.361955005 0.286971492 0.016649970 -0.516233329 0.011908477 0.856203315 0.021742243 0.388646249 -1.769242206
1750921989.199994087 1.013101879 0.351938279 0.182499740 0.019288518 -0.464859679 0.015547276 0.885037691 -0.144485418 -0.230272867 -1.906255281
1750921989.299993992 1.137005422 0.354791524 0.073447770 0.018944928 -0.416121068 0.014397453 0.908997833 -0.165297830 -0.045839434 -1.810785104
1750921989.399993896 1.270314271 0.351882262 -0.076963323 0.018592930 -0.359217344 0.010939339 0.933004573 -0.173335485 -0.120617096 -1.484329615
1750921989.499994040 1.367028113 0.350794226 -0.205678998 0.019236658 -0.306046499 0.005666144 0.951805330 -0.123966994 -0.058195999 -1.663397690
1750921989.599993944 1.443489242 0.340914534 -0.367138024 0.021552187 -0.255286159 0.007136791 0.966598958 -0.320278899 -0.057604754 -1.452617830
1750921989.699994087 1.523079546 0.349683394 -0.534412749 0.021728647 -0.194179743 0.004013697 0.980717076 -0.115407059 -0.055549866 -1.672798920
1750921989.799993992 1.563349751 0.348074090 -0.697267480 0.020777100 -0.141923435 0.003288568 0.989654099 -0.072677663 -0.112146224 -1.789655253
1750921989.899993896 1.599985861 0.336123888 -0.870695011 0.023024901 -0.086356591 0.001826102 0.995996515 -0.121786706 -0.030195272 -1.722894774
1750921989.999994040 1.589521229 0.344811641 -1.049579047 0.025899087 -0.024122155 0.001802395 0.999371858 0.025851057 -0.384316836 -2.109710715
1750921990.099992990 1.585353873 0.372188336 -1.181229839 0.021583005 0.037243935 -0.002288884 0.999070480 -0.238772723 -0.170307636 -1.860941869
1750921990.199992895 1.529348218 0.364445816 -1.362295238 0.018636930 0.088873188 -0.000705355 0.995868326 0.111249998 -0.381162909 -2.089534194
1750921990.299993038 1.484251489 0.362907596 -1.544681185 0.017915588 0.153209360 -0.002766300 0.988027465 -0.246730269 -0.130037877 -1.796976872
1750921990.399992943 1.413444069 0.359111302 -1.695931773 0.016905451 0.203955519 -0.005428247 0.978819128 -0.056346907 -0.078925586 -1.609093859
1750921990.499993086 1.319315621 0.357190768 -1.832894945 0.011799112 0.251152746 -0.006991423 0.967850298 -0.212725281 -0.068520287 -1.573720440
1750921990.599992990 1.204282096 0.346068821 -1.972552520 0.010590544 0.301018274 -0.009683018 0.953510398 -0.056232850 0.058080303 -1.772445568
1750921990.699992895 1.080476659 0.337410272 -2.102564400 0.009411274 0.347787613 -0.012331943 0.937445000 -0.158219612 -0.264024525 -1.913242635
1750921990.799993038 0.951530336 0.334647746 -2.210554993 0.010231012 0.391838911 -0.012514856 0.919891827 -0.299255703 -0.124586133 -1.717082874
1750921990.899992943 0.804397301 0.320819229 -2.314015062 0.008335386 0.437526061 -0.016942161 0.899007470 -0.125639443 -0.289297720 -1.427521994
1750921990.999993086 0.662687438 0.315758481 -2.398511163 0.011609620 0.478018241 -0.021500890 0.878009960 0.105697464 -0.039012562 -1.968107603
1750921991.099992990 0.497534068 0.304527925 -2.457913328 0.008313562 0.515919418 -0.027312938 0.856161224 -0.397537164 -0.081594784 -1.578536380
1750921991.199991941 0.317522315 0.330430695 -2.534361614 0.005369991 0.563953718 -0.026599959 0.825360412 -0.048729829 -0.569780321 -1.977616502
1750921991.299992085 0.155764447 0.328951266 -2.554788589 0.006073691 0.603348481 -0.025273437 0.797053934 -0.113374500 -0.049539145 -1.804555192
1750921991.399991989 -0.027582381 0.332756176 -2.574297393 0.005766286 0.645757019 -0.023251110 0.763167091 -0.270934528 -0.296807258 -1.717819524
1750921991.499991894 -0.207680932 0.318563745 -2.566220305 0.010605448 0.691753167 -0.026666024 0.721563582 -0.185381579 0.036087846 -1.815550321
1750921991.599992037 -0.369117435 0.316575453 -2.548417796 0.006689988 0.733470856 -0.024854650 0.679233387 -0.209665291 -0.280662425 -1.972417692
1750921991.699991941 -0.531613112 0.308102637 -2.506781779 0.006891019 0.771152671 -0.026199428 0.636073630 -0.183488010 -0.252952784 -1.747513226
1750921991.799992085 -0.690290782 0.319975619 -2.437926128 0.003571425 0.810046206 -0.027791343 0.585696192 -0.233469010 -0.109442776 -1.631027447
1750921991.899991989 -0.844956451 0.317107996 -2.363628888 0.005742763 0.842852892 -0.030078030 0.537272124 -0.151819596 -0.204087681 -1.737885409
1750921991.999991894 -0.985590783 0.316719912 -2.276080158 0.005314283 0.873116847 -0.030961975 0.486497776 -0.174176786 -0.043717402 -1.727407939
1750921992.099992037 -1.109777597 0.311203844 -2.161132571 0.007428789 0.901494850 -0.033064229 0.431461012 0.042559359 -0.105345303 -1.758500035
1750921992.199990988 -1.235486459 0.321357109 -2.039746780 0.001142754 0.925169745 -0.031430333 0.378248293 -0.221428117 -0.119463601 -1.627915085
1750921992.299990892 -1.311974883 0.331640913 -1.927566572 -0.001299829 0.944737033 -0.033046212 0.326156705 -0.348393600 -0.150765771 -1.458662752
1750921992.399991035 -1.403348718 0.323859049 -1.751880895 0.001263086 0.963385741 -0.034049374 0.265945406 -0.130215485 -0.133481957 -1.702680717
1750921992.499990940 -1.455862878 0.327798203 -1.616248520 -0.001166393 0.976670473 -0.031827102 0.212368694 -0.347566446 -0.126055610 -1.752807521
1750921992.599991083 -1.505340108 0.321481338 -1.454901110 -0.005284859 0.987116967 -0.026839081 0.157644623 -0.093804576 -0.263870460 -1.769749896
1750921992.699990988 -1.527671767 0.331883277 -1.276997918 -0.009191996 0.995063710 -0.028734020 0.094541397 -0.218286335 -0.191693889 -1.288720608
1750921992.799990892 -1.523974105 0.329763799 -1.124724727 -0.009550017 0.998674736 -0.029769246 0.040882289 -0.195842728 0.020532416 -1.585911523
1750921992.899991035 -1.508493303 0.324166198 -0.959564856 -0.009378203 0.999437106 -0.029599942 -0.012702869 -0.214665649 -0.023491797 -1.549047961
1750921992.999990940 -1.453361884 0.323337107 -0.797704833 -0.009810468 0.996909137 -0.025892594 -0.073522114 -0.659761908 -0.413481045 -1.762227307
1750921993.099991083 -1.414182502 0.327417418 -0.662697161 -0.009966841 0.991288024 -0.025475375 -0.128839905 0.087094620 -0.041467112 -1.594901154
1750921993.199990988 -1.346191128 0.355733178 -0.518370159 -0.009420293 0.982297231 -0.023300699 -0.185635355 -0.171254689 0.075732021 -1.694063696
1750921993.299989939 -1.256070876 0.339787501 -0.344099568 -0.010466671 0.968908064 -0.024573384 -0.245975122 0.998219766 0.626079978 -2.151148133
1750921993.399990082 -1.188072288 0.342703065 -0.234561391 -0.014413146 0.952591860 -0.027570241 -0.302656393 1.143898537 -0.416076450 -1.336969032
1750921993.499989986 -1.054703683 0.346947828 -0.139168372 -0.013679938 0.935990092 -0.029733575 -0.350501528 0.083821349 0.531306974 -0.980768163
1750921993.599989891 -0.969219407 0.374546836 -0.025379076 -0.012908424 0.911338734 -0.028228098 -0.410485394 -0.001974575 0.146831209 -1.488692511
1750921993.699990034 -0.813679499 0.359501180 0.067280733 -0.013499279 0.887163617 -0.028872495 -0.460352979 -0.117443769 0.029927779 -1.758251960
1750921993.799989939 -0.655353568 0.340708006 0.154821752 0.018429774 -0.859979516 0.030540077 0.509080425 -0.134054304 -0.216319823 -1.595799610
1750921993.899990082 -0.481950323 0.370826268 0.251666537 0.013230991 -0.821794321 0.027300831 0.568976010 0.313216488 0.011226530 -1.691035573
1750921993.999989986 -0.311192362 0.349154176 0.236001340 0.015623877 -0.794915129 0.032101496 0.605669321 0.226269135 -0.051220703 -1.670498271
1750921994.099989891 -0.156022619 0.362439237 0.281468052 0.013511107 -0.757089801 0.026241553 0.652643749 -0.199572003 -0.100235681 -1.604546060
1750921994.199990034 0.028026605 0.361251780 0.268320075 0.013580155 -0.715734343 0.024091113 0.697824869 -0.296395018 -0.120446906 -1.690353173
1750921994.299988985 0.189270186 0.350010962 0.239904982 0.014132876 -0.676410121 0.025464563 0.735949160 -0.044167458 -0.014718155 -1.589385348
1750921994.399988890 0.341811639 0.368758032 0.207875819 0.014312821 -0.632703619 0.021600029 0.773960408 -0.117035367 -0.012642979 -1.502639108
1750921994.499989033 0.499522406 0.351201257 0.122427634 0.015825542 -0.586255368 0.019141308 0.809745519 -0.122848559 -0.118887180 -1.507224440
1750921994.599988937 0.625624393 0.353035050 0.046145960 0.015660550 -0.541298312 0.018243435 0.840486800 -0.117215076 0.057786289 -1.421632649
1750921994.699989080 0.743284342 0.353295640 -0.035115739 0.016609632 -0.492677291 0.016471882 0.869897629 -0.281342825 0.044979877 -1.249345878
1750921994.799988985 0.856192684 0.356158318 -0.144249331 0.017823998 -0.438404590 0.012050392 0.898520177 -0.282198810 -0.130297011 -1.489430382
1750921994.899988890 0.954532734 0.348605382 -0.255834986 0.019977342 -0.388893560 0.010059319 0.921011137 -0.272645902 -0.107169361 -1.495411941
1750921994.999989033 1.029021916 0.349902906 -0.377108033 0.020920957 -0.340736786 0.009811278 0.939874723 -0.288067559 -0.127741817 -1.457864252
1750921995.099988937 1.115944565 0.345582202 -0.528553241 0.022155828 -0.285351212 0.009159768 0.958123115 -0.222929563 -0.211165368 -1.582370521
1750921995.199989080 1.168987303 0.344337415 -0.657167673 0.021269079 -0.237242353 0.006871872 0.971193323 -0.193120452 -0.157041505 -1.665634258
1750921995.299988985 1.218396033 0.334109944 -0.801729346 0.024086297 -0.187881168 0.007278109 0.981869414 -0.103688153 -0.194642973 -1.549733682
1750921995.399987936 1.253349248 0.330862427 -0.968917210 0.027705307 -0.133322627 0.005913604 0.990667715 -0.237018231 -0.083099537 -1.386366010
1750921995.499988079 1.273228668 0.334709830 -1.116005951 0.026110160 -0.080484693 0.004145871 0.996405181 -0.112173108 -0.066057882 -1.621425970
1750921995.599987984 1.263943260 0.337906805 -1.267749350 0.023113197 -0.030712153 0.002670336 0.999257431 -0.658261370 0.205797756 -1.197102302
1750921995.699987888 1.229209848 0.334442174 -1.442404814 0.022405481 0.027880292 0.001073487 0.999359561 -0.466626234 -0.412880605 -1.672577665
1750921995.799988031 1.204179912 0.353565205 -1.586193989 0.016299900 0.085505324 0.000770784 0.996204075 -0.187227885 0.077957479 -1.549518350
1750921995.899987936 1.155690251 0.348311177 -1.742199516 0.015952921 0.144508002 0.000019374 0.989375026 -0.203506249 -0.088302412 -1.664264257
1750921995.999988079 1.084912206 0.342907903 -1.912644961 0.015034294 0.213280585 -0.003950372 0.976867318 -0.062949548 -0.126445981 -1.773733350
1750921996.099987984 0.996212684 0.348049537 -2.060598161 0.010874251 0.272771428 -0.005715876 0.962000430 -0.025597668 -0.080736927 -1.734663183
1750921996.199987888 0.901780771 0.345417966 -2.186562256 0.007855373 0.331762351 -0.010564727 0.943271129 -0.094313055 -0.097425601 -1.669878323
1750921996.299988031 0.772826450 0.334002987 -2.312578103 0.007688005 0.395791666 -0.014972320 0.918186082 0.104580914 -0.078299412 -1.458423302
1750921996.399986982 0.670085615 0.331972839 -2.400957722 0.005714369 0.451353746 -0.019256558 0.892119009 0.045840224 -0.054009638 -1.574506096
1750921996.499986887 0.535149680 0.316528881 -2.482580888 0.008014101 0.503800298 -0.023731522 0.863456918 -0.228548502 -0.241211559 -1.571380228
1750921996.599987030 0.370538440 0.286581321 -2.551811724 0.008410134 0.556247708 -0.026670432 0.830545872 -0.128068935 -0.689510106 -1.722270291
1750921996.699986935 0.235949447 0.307950240 -2.591506423 0.009497542 0.600852193 -0.028209138 0.798805785 -0.324008112 -0.290508082 -1.449134011
1750921996.799987078 0.076078963 0.319939880 -2.618869388 0.008316262 0.644216726 -0.025664298 0.764367055 -0.049382752 0.107356982 -1.672060554
1750921996.899986982 -0.116364048 0.313658016 -2.636184488 0.007332165 0.691315181 -0.030112218 0.721888367 -0.034670920 -0.353278386 -1.862433446
1750921996.999986887 -0.280516106 0.317867591 -2.617333545 0.007506236 0.729072824 -0.027808532 0.683829774 -0.208747108 -0.081272559 -1.619903268
1750921997.099987030 -0.455839480 0.305382132 -2.572105454 0.006516563 0.764333895 -0.027723765 0.644191450 -0.230031965 -0.038242284 -1.681798059
1750921997.199986935 -0.623630226 0.312533980 -2.515214783 0.004028084 0.801158356 -0.029458080 0.597713380 -0.244810430 -0.089416733 -1.670645349
1750921997.299987078 -0.773552032 0.314302230 -2.440267902 0.003589169 0.831868871 -0.030287488 0.554133529 -0.206527186 0.042456044 -1.670734380
1750921997.399986982 -0.920953750 0.311849761 -2.357472116 0.007125550 0.861622744 -0.033398989 0.506399033 -0.133191286 -0.082980725 -1.855604884
1750921997.499985933 -1.081125459 0.316733670 -2.238665492 0.006123214 0.892345065 -0.032144975 0.450166070 -0.009356127 -0.095000703 -1.811400108
1750921997.599986076 -1.213542799 0.328018154 -2.120954401 0.001432389 0.917679618 -0.031152559 0.396095425 -0.050573106 -0.136632424 -1.755364265
1750921997.699985981 -1.318770260 0.325203068 -1.997337461 0.002481472 0.939173530 -0.032142003 0.341926621 -0.077300294 -0.037829371 -1.735137716
1750921997.799985886 -1.426794592 0.324858101 -1.830832466 0.002128437 0.959680755 -0.033401125 0.279092607 -0.196671872 -0.165779607 -1.555297675
1750921997.899986029 -1.501023980 0.320934121 -1.669765214 0.002969387 0.974265284 -0.032925891 0.222966870 -0.079523424 -0.193915477 -1.882826067
1750921997.999985933 -1.562195115 0.325105328 -1.506893069 -0.003912420 0.985858973 -0.028454924 0.165097234 -0.098558816 -0.104955970 -1.762430738
1750921998.099986076 -1.603850628 0.315792478 -1.329665389 -0.006081864 0.994459619 -0.027684980 0.101225584 -0.092037762 -0.020983789 -1.694263663
1750921998.199985981 -1.605067042 0.323251472 -1.187074951 -0.009414667 0.998609043 -0.027495105 0.043992748 -0.016924778 -0.012588238 -1.687323457
1750921998.299985886 -1.612798179 0.316338837 -0.994540839 -0.009749233 0.999353416 -0.030674310 -0.016024614 -0.261363349 -0.527418212 -1.762005867
1750921998.399986029 -1.560604397 0.335927495 -0.810620381 -0.011439255 0.996589013 -0.024207936 -0.078060610 -0.463400758 -0.251742607 -2.219305842
1750921998.499984980 -1.537213738 0.321264247 -0.644228266 -0.012434370 0.990126438 -0.025934625 -0.137194822 0.051817795 0.077355990 -1.729106067
1750921998.599984884 -1.444485516 0.347439147 -0.504845113 -0.012716612 0.981170808 -0.024009093 -0.191221593 0.061120125 0.182084467 -1.388421936
1750921998.699985027 -1.365661607 0.337835801 -0.326402110 -0.010491861 0.966446686 -0.024085726 -0.255520257 -0.410837122 -0.192503807 -1.839397153
1750921998.799984932 -1.260798142 0.345971338 -0.205110175 -0.011821349 0.950729707 -0.026590726 -0.308652253 -0.256250647 -0.133581454 -1.760977861
1750921998.899985075 -1.111295235 0.338665034 -0.069767609 -0.013948409 0.932465778 -0.030578493 -0.359691494 -0.052322636 0.071717092 -1.559577987
1750921998.999984980 -0.976215407 0.353506892 0.042220681 -0.013453207 0.908813538 -0.030848066 -0.415842952 0.021663358 -0.120610522 -1.673637794
1750921999.099984884 -0.837257355 0.340697876 0.142005829 -0.016670726 0.884412708 -0.034490753 -0.465130774 0.277312758 -0.388616221 -1.590721780
1750921999.199985027 -0.684825563 0.348568578 0.236090456 0.018640535 -0.856354743 0.031036706 0.515117275 -0.019082496 0.163076461 -1.681370477
1750921999.299984932 -0.507009890 0.347970219 0.295371363 0.018447063 -0.823690913 0.032373156 0.565813542 0.083579207 0.043153715 -1.832869131
1750921999.399985075 -0.332632862 0.364736642 0.340762800 0.014535765 -0.790007013 0.028294253 0.612272053 0.067673993 0.084533447 -1.794691138
1750921999.499984980 -0.164542560 0.370941491 0.353351329 0.011432607 -0.756916113 0.025270413 0.652923196 0.028617235 -0.072669662 -1.959875251
1750921999.599983931 0.035747121 0.333721599 0.361949579 0.015973952 -0.712358573 0.028825694 0.701041494 0.104746321 -0.142523201 -1.976596717
1750921999.699984074 0.198528999 0.366806715 0.332804726 0.010731746 -0.673808831 0.021800450 0.738506079 0.019792895 -0.396251420 -1.976576647
1750921999.799983978 0.395958877 0.340865064 0.293803573 0.014324416 -0.629956305 0.019491148 0.776253799 -0.435213436 1.080342546 -1.646010028
1750921999.899983883 0.566199925 0.376841498 0.227897145 0.008545628 -0.581191349 0.012762764 0.813621964 -0.102394881 0.279747110 -1.622446455
1750921999.999984026 0.731134835 0.359415627 0.146731346 0.014175320 -0.536448535 0.015423198 0.843673014 -0.187070112 -0.092801234 -1.795506061
1750922000.099983931 0.877311214 0.358729722 0.060166623 0.016618483 -0.487240450 0.012320660 0.873022778 -0.039485709 -0.018985033 -1.665318816
1750922000.199984074 1.037543419 0.359840521 -0.058269679 0.016651840 -0.429003433 0.009169430 0.903102814 -0.068792539 -0.029308634 -1.783866186
1750922000.299983978 1.157279070 0.354823158 -0.182691112 0.018037795 -0.378646089 0.006606194 0.925342172 0.003047663 -0.102720416 -1.881494817
1750922000.399983883 1.264509713 0.352720729 -0.316607409 0.020478146 -0.325297485 0.005818900 0.945372060 -0.124280454 -0.168260264 -1.686642363
1750922000.499984026 1.366526133 0.352682571 -0.479770620 0.019845422 -0.264440109 0.002411002 0.964194884 -0.010294813 -0.037618665 -1.761460468
1750922000.599982977 1.423780423 0.348442171 -0.626804775 0.019443079 -0.213646139 0.004195031 0.976708603 -0.097497456 -0.103120909 -1.685494394
1750922000.699982882 1.486016226 0.342687118 -0.787631206 0.022179122 -0.159855003 0.000734022 0.986891040 -0.092573696 -0.021718143 -1.568492910
1750922000.799983025 1.529825362 0.348177831 -0.973101019 0.023454971 -0.097522464 -0.001154635 0.994956230 -0.074577052 -0.012835671 -1.700181034
1750922000.899982929 1.537566746 0.356383941 -1.136348746 0.024205258 -0.042923869 -0.001738784 0.998783572 -0.192667742 0.189662387 -1.727296951
1750922000.999983072 1.532041598 0.354321449 -1.291886445 0.024182151 0.013270711 -0.001304484 0.999618632 -0.419967861 -0.132890927 -1.803347527
1750922001.099982977 1.478567080 0.352670132 -1.477918149 0.020649115 0.074698292 -0.001025132 0.996991840 -0.348945507 -0.001152287 -1.572268136
1750922001.199982882 1.439284028 0.365201149 -1.629733566 0.014994925 0.130468742 -0.002734395 0.991335252 -0.164610417 -0.173788612 -1.756225368
1750922001.299983025 1.365431409 0.360505318 -1.785401952 0.013595812 0.185704332 -0.005235932 0.982497654 -0.039659270 -0.233972461 -1.879819067
1750922001.399982929 1.275405034 0.361936462 -1.943231241 0.009023268 0.249225787 -0.008565970 0.968365485 -0.022867517 -0.282167158 -1.886791580
1750922001.499983072 1.175285759 0.343369236 -2.089684783 0.007595520 0.305174243 -0.009489861 0.952218952 -0.060066102 -0.117265676 -1.768967122
1750922001.599982977 1.070740597 0.340016662 -2.213108127 0.007091622 0.359713254 -0.013079031 0.932944276 -0.166089089 -0.126687903 -1.732101429
1750922001.699981928 0.919050512 0.324912932 -2.344422526 0.004170585 0.417716800 -0.017119662 0.908406406 -0.160474949 -0.239611650 -1.737119571
1750922001.799982071 0.786679562 0.301852108 -2.434939937 0.012769544 0.465644748 -0.023613513 0.884564475 -0.090847207 -0.343878058 -1.767462381
1750922001.899981976 0.646387524 0.311377978 -2.503766072 0.008682567 0.513332529 -0.024319453 0.857801196 0.028768178 -0.020744557 -1.699721429
1750922001.999982119 0.504257533 0.295652179 -2.568449052 0.008814742 0.566514448 -0.027859826 0.823533552 -0.281332538 -0.360185983 -1.568341551
1750922002.099982023 0.327242569 0.308523253 -2.601651985 0.007052942 0.610844171 -0.027398483 0.791245207 -0.112173619 -0.057866029 -1.621468288
1750922002.199981928 0.162183465 0.299408043 -2.619969274 0.009360924 0.653381731 -0.028404994 0.756437600 -0.096341813 0.022412862 -1.544036271
1750922002.299982071 -0.040462210 0.297764362 -2.600504655 0.012485566 0.695046554 -0.030178228 0.718222579 -0.598530326 -0.548660104 -1.885619495
1750922002.399981976 -0.218853699 0.306673259 -2.603132667 0.009862731 0.737035868 -0.028744313 0.675170067 -0.248273987 -0.350571116 -2.107880277
1750922002.499982119 -0.391133926 0.295606281 -2.565967479 0.007782164 0.772606864 -0.029852791 0.634134750 -0.222534554 -0.664521956 -2.153216569
1750922002.599982023 -0.566855014 0.297897053 -2.482459262 0.007172168 0.807484744 -0.032837086 0.588930109 -0.203964937 0.277032779 -1.899218801
1750922002.699980974 -0.726351473 0.338654909 -2.406828839 0.001072105 0.839669155 -0.027827096 0.542383824 0.207807490 -0.272971977 -1.970360241
1750922002.799981117 -0.900187729 0.306966709 -2.321671340 0.006446189 0.872451387 -0.033404256 0.487515313 -0.072246523 -0.190668697 -1.870373695
1750922002.899981022 -1.048634563 0.318948698 -2.199760243 0.002602965 0.901294276 -0.031232023 0.432072232 -0.166332371 0.029031361 -1.694381579
1750922002.999980927 -1.178506279 0.322220017 -2.063203794 0.001654968 0.924458124 -0.032467275 0.379895136 -0.199570072 -0.119619176 -1.691839303
1750922003.099981070 -1.284057227 0.327700517 -1.922218881 0.000779956 0.944609041 -0.032670931 0.326566626 -0.062609490 -0.042736388 -1.694616826
1750922003.199980974 -1.368660334 0.328811649 -1.770044024 -0.000197207 0.963384118 -0.032853518 0.266104581 -0.149019309 -0.104325300 -1.785890535
1750922003.299981117 -1.435602957 0.328293650 -1.611766681 -0.001205520 0.977081962 -0.032826623 0.210313572 -0.037235740 -0.061533663 -1.639783227
1750922003.399981022 -1.486333475 0.322740581 -1.432714139 -0.004767317 0.987307375 -0.029152431 0.156049851 -0.209130966 -0.019722528 -1.529643148
1750922003.499980927 -1.517087167 0.325349427 -1.252634142 -0.004692141 0.995048085 -0.030381734 0.094521126 -0.094528020 0.004020239 -1.322113631
1750922003.599981070 -1.523433167 0.321781374 -1.090226557 -0.009231842 0.998689990 -0.030568390 0.039983128 -0.212476887 -0.232199430 -2.022185583
1750922003.699980021 -1.507526802 0.342163257 -0.920507412 -0.009923032 0.999494564 -0.026063433 -0.015259341 0.086480089 -0.364730416 -1.750519364
1750922003.799979925 -1.475588090 0.330851673 -0.739772484 -0.011800805 0.996691106 -0.025881836 -0.076142696 0.094212807 -0.083472257 -2.043302243
1750922003.899980068 -1.402411945 0.332648020 -0.553617787 -0.012276619 0.990889569 -0.024781758 -0.131806720 -0.687820900 -0.155536245 -1.493583365
1750922003.999979973 -1.378968813 0.348747714 -0.438779599 -0.009182331 0.981455996 -0.024318367 -0.189916901 0.186069687 -0.145753459 -2.122591669
1750922004.099980116 -1.244149253 0.332511474 -0.241688629 -0.012987264 0.967779346 -0.026811273 -0.250031246 0.061120370 0.051541261 -1.818566369
1750922004.199980021 -1.144584755 0.332188965 -0.112281798 -0.014183174 0.952016204 -0.030604879 -0.304183048 -0.226539710 0.014125184 -1.646263756
1750922004.299979925 -1.036909893 0.343977785 0.011612834 -0.015740352 0.933398264 -0.033220319 -0.356954245 -0.402924347 -0.431217887 -1.804212595
1750922004.399980068 -0.936947379 0.357996104 0.129220523 -0.014668467 0.909294816 -0.029869062 -0.414819976 0.066070820 -0.158407919 -1.593524095
1750922004.499979973 -0.751950358 0.328163459 0.227574267 -0.019076886 0.886669517 -0.031559227 -0.460930858 -0.220653626 0.029753217 -1.603082084
1750922004.599980116 -0.590973006 0.344784729 0.296529554 0.017749926 -0.861321525 0.033020140 0.506675282 -0.519675099 0.518733134 -1.614827135
1750922004.699980021 -0.404715053 0.358026648 0.367692069 0.018181427 -0.827741469 0.030137405 0.560004673 -0.224002589 -0.217699766 -1.844337316
1750922004.799978971 -0.236043806 0.360138762 0.414552405 0.014784706 -0.794137298 0.028765040 0.606877201 -0.241236545 -0.068780080 -1.819925246
1750922004.899979115 -0.057665446 0.360403194 0.431196405 0.013669298 -0.759658703 0.026782177 0.649626447 -0.352525651 -0.257145634 -2.015839895
1750922004.999979019 0.146698729 0.348878119 0.422207394 0.014117016 -0.719057601 0.025742352 0.694330043 0.325476183 0.644462872 -1.996967506
1750922005.099978924 0.324536663 0.342110213 0.412068878 0.017514890 -0.676367624 0.026287683 0.735886556 -0.030844971 -0.282608379 -1.840366497
1750922005.199979067 0.488850594 0.337287222 0.362544008 0.019350265 -0.632488454 0.023797425 0.773962277 -0.087392836 -0.089602550 -1.827592145
1750922005.299978971 0.662784311 0.348915118 0.300246404 0.015271358 -0.580703900 0.019161882 0.813746022 -0.222987920 -0.157680570 -1.699622972
1750922005.399979115 0.810622178 0.355491837 0.229789196 0.016718279 -0.531881485 0.014602379 0.846527823 -0.223294694 -0.022709533 -1.622849032
1750922005.499979019 0.962078760 0.355289577 0.134074549 0.018607462 -0.482086160 0.013618677 0.875820317 -0.052151898 -0.066535800 -1.819804484
1750922005.599978924 1.106370968 0.355081054 0.013531358 0.018762296 -0.426351658 0.011979709 0.904283543 -0.130737687 -0.075098250 -1.708872383
1750922005.699979067 1.220369307 0.347699262 -0.109820114 0.019214574 -0.375557892 0.009483233 0.926551206 -0.218043996 -0.122832445 -1.648414704
1750922005.799978018 1.327071065 0.346608601 -0.246754610 0.020203108 -0.323127753 0.008351625 0.946102817 -0.116304056 -0.090040201 -1.655927872
1750922005.899977922 1.413308364 0.348362694 -0.399503384 0.020850382 -0.265562576 0.007481756 0.963839096 -0.220128798 -0.111996366 -1.688807985
1750922005.999978065 1.486662180 0.343802579 -0.561120056 0.022082663 -0.212542531 0.004673303 0.976891083 -0.276063226 -0.111562458 -1.651672498
1750922006.099977970 1.530782553 0.348578679 -0.714376350 0.020879359 -0.159676758 0.002024802 0.986946445 -0.144345149 0.010216045 -1.547334923
1750922006.199978113 1.571080972 0.341678495 -0.917345271 0.024049538 -0.097107300 0.000540538 0.994983166 -0.162050118 -0.224061104 -2.020548961
1750922006.299978018 1.585154620 0.350498509 -1.070282807 0.024775752 -0.040185364 -0.001428740 0.998884006 -0.019183271 0.333946544 -1.362726965
1750922006.399977922 1.564028662 0.352263920 -1.232718273 0.025782128 0.014166396 0.000579929 0.999567036 -0.189173346 0.110455403 -1.504100401
1750922006.499978065 1.537058811 0.363726928 -1.415527683 0.016954266 0.077248511 -0.001565352 0.996866476 -0.486268039 0.022981267 -1.608185595
1750922006.599977970 1.471155250 0.373349751 -1.576209240 0.013743117 0.131300933 -0.002236645 0.991244768 -0.175788338 -0.158162669 -1.782882269
1750922006.699978113 1.412966503 0.376571793 -1.727944771 0.011467509 0.186818863 -0.005749131 0.982310621 -0.305182273 -0.120163973 -1.740356970
1750922006.799978018 1.312978090 0.357870410 -1.888415369 0.009567228 0.250382576 -0.007095247 0.968073701 -0.073220061 -0.107941832 -1.718657489
1750922006.899976969 1.201266129 0.334956725 -2.023163949 0.014656047 0.306794514 -0.008551518 0.951624505 -0.086993912 -0.221061935 -1.843927643
1750922006.999977112 1.082266639 0.336740242 -2.137897302 0.010606673 0.359818990 -0.010295406 0.932905031 -0.292112609 -0.089259146 -1.855243148
1750922007.099977016 0.937364647 0.331708526 -2.262261486 0.009825161 0.418612095 -0.015526928 0.907979237 -0.048299473 -0.069172569 -1.767119350
1750922007.199976921 0.790673096 0.331085918 -2.356059842 0.009949214 0.467612684 -0.016708022 0.883719544 -0.054361796 -0.192598404 -1.779586240
1750922007.299977064 0.667165727 0.338862321 -2.412879473 0.004152330 0.512262303 -0.020317168 0.858578653 0.397065079 -0.138149853 -1.274249613
1750922007.399976969 0.502021657 0.338473229 -2.475045580 0.004864736 0.562719353 -0.025802636 0.826230893 -0.043423973 -0.545192861 -1.561152134
1750922007.499977112 0.368186843 0.336282758 -2.537367559 0.006480042 0.609472973 -0.023948914 0.792418547 -0.054772365 0.069559569 -1.591014054
1750922007.599977016 0.177875281 0.332597410 -2.512716892 0.004298468 0.643825496 -0.022898885 0.764817556 0.338357418 -0.162275172 -1.569259870
1750922007.699976921 -0.007869417 0.326258854 -2.562044862 0.006188417 0.697838080 -0.024565473 0.715807415 -0.271745445 -0.257444301 -1.883449822
1750922007.799977064 -0.174124131 0.322170071 -2.529523728 0.006413742 0.735285421 -0.027329818 0.677175970 -0.125168181 0.077089199 -1.616696678
1750922007.899976015 -0.337190861 0.314686661 -2.478319051 0.006096442 0.771376097 -0.026541005 0.635796607 -0.164020511 -0.081442978 -1.753194070
1750922007.999975920 -0.528762448 0.310683292 -2.408481549 0.005564607 0.809819794 -0.030511025 0.585858356 -0.415164492 -0.324535828 -1.957862359
1750922008.099976063 -0.690766140 0.316277232 -2.331156854 0.004772218 0.843019758 -0.032456413 0.536881266 -0.117713159 -0.263484265 -1.970012037
1750922008.199975967 -0.854823746 0.313018515 -2.238629189 0.005079086 0.872805555 -0.033924693 0.486861152 -0.123534095 -0.080611761 -1.875453801
1750922008.299976110 -0.999274550 0.319406128 -2.115011829 0.000196825 0.901732535 -0.032438660 0.431075549 -0.157012723 -0.036909846 -1.705379214
1750922008.399976015 -1.111802301 0.320221776 -1.989509516 0.000317544 0.924174598 -0.033132399 0.380530492 -0.192415989 -0.111790530 -1.779481057
1750922008.499975920 -1.209755701 0.325051500 -1.857388744 -0.001129637 0.944217578 -0.031801022 0.327781307 -0.120838496 0.006886075 -1.584980245
1750922008.599976063 -1.304449732 0.327212788 -1.692954514 -0.003672728 0.963147157 -0.032174017 0.267018536 -0.110757367 -0.063353113 -1.784396750
1750922008.699975967 -1.368939153 0.325126743 -1.529946056 -0.004152974 0.976767295 -0.031188533 0.211980375 -0.204988468 -0.109499398 -1.714285863
1750922008.799976110 -1.410355831 0.324657926 -1.379534989 -0.005020405 0.987440564 -0.030195572 0.154997274 -0.143854909 -0.147761774 -1.835604406
1750922008.899976015 -1.453180123 0.323786565 -1.186914877 -0.007440726 0.995264977 -0.029665386 0.092261729 -0.037539734 -0.041950714 -1.633115449
1750922008.999974966 -1.449834838 0.316162742 -1.033055361 -0.007068563 0.998758671 -0.030108673 0.039046391 -0.084002024 -0.091340807 -2.147129759
1750922009.099975109 -1.437059534 0.321176294 -0.870113089 -0.009919572 0.999393838 -0.028457963 -0.017427073 -0.306034232 -0.091036051 -1.583233721
1750922009.199975014 -1.387606801 0.321486996 -0.672097768 -0.010880546 0.996454915 -0.026101305 -0.079233443 -0.222228117 -0.105709793 -1.636836694
1750922009.299974918 -1.334540964 0.318647372 -0.524062655 -0.012623634 0.990560764 -0.027071028 -0.133780331 0.040423431 0.091448573 -1.518408285
1750922009.399975061 -1.252084238 0.310564252 -0.363988745 -0.014681739 0.981378911 -0.028857442 -0.189333379 -0.382218732 -0.319702315 -2.024569072
1750922009.499974966 -1.157931203 0.324423707 -0.232353627 -0.016608658 0.967640117 -0.030773886 -0.249899427 -0.198190938 -0.144159847 -1.803489647
1750922009.599975109 -1.078981338 0.358567515 -0.126663719 -0.013264782 0.952908370 -0.027089427 -0.301754615 -0.149270087 0.052043421 -1.581733730
1750922009.699975014 -0.944330269 0.342384630 0.005879671 -0.016264216 0.934723071 -0.031620762 -0.353593527 0.185616751 -0.235904641 -1.692852476
1750922009.799974918 -0.809320809 0.348815420 0.110357043 -0.014624977 0.911729884 -0.032367119 -0.409251875 -0.065479621 0.135585411 -1.249315854
1750922009.899975061 -0.651706869 0.324097000 0.203187484 -0.018025105 0.887626713 -0.032747741 -0.459044116 0.174327438 -0.000442526 -1.387085221
1750922009.999974012 -0.526071457 0.351671361 0.285239492 0.017154112 -0.859345801 0.030036573 0.510223809 -0.286929381 -0.258395470 -1.691773746
1750922010.099973917 -0.357897303 0.353339372 0.335682353 0.018039751 -0.826284024 0.031907365 0.562059783 -0.178647220 -0.159071203 -1.720117721
1750922010.199974060 -0.205125108 0.363119291 0.375622742 0.014036525 -0.792633163 0.028116004 0.608888442 -0.082433189 0.055256905 -1.481761907
1750922010.299973965 -0.042705582 0.362629052 0.379234035 0.012755665 -0.759385003 0.024352053 0.650060526 -0.337306390 0.311653399 -1.676774865
1750922010.399974108 0.130444505 0.375945291 0.342363378 0.008820815 -0.720922842 0.021246802 0.692633397 -0.514216330 -0.333807286 -1.540935539
1750922010.499974012 0.285698508 0.362694927 0.322881165 0.013407918 -0.680200515 0.022314046 0.732563698 0.085870127 0.198259091 -1.463482293
1750922010.599973917 0.438484558 0.357276824 0.276510616 0.014458222 -0.640632926 0.020861229 0.767427666 -0.253209069 -0.487275474 -1.619716590
1750922010.699974060 0.603095274 0.358623524 0.233361703 0.015759597 -0.588517903 0.014846485 0.808194218 -0.073811119 0.164604756 -1.512156890
