1750921983.200000048 -0.008225884 -0.011612986 -0.099830847 -0.000174604 0.034329121 -0.002812606 0.999406609 -0.162274980 -0.168699239 -1.703559727
1750921983.299999952 -0.044769893 -0.017547460 -0.254775255 -0.002075634 0.091876166 -0.007832750 0.995737470 -0.200990902 -0.167825159 -1.537255707
1750921983.400000095 -0.119095258 -0.044961602 -0.413911636 0.004183236 0.154585149 -0.011386435 0.987904996 -0.316040616 -0.362711503 -1.617898868
1750921983.500000000 -0.183154899 -0.046879225 -0.558764061 -0.000328058 0.215985052 -0.013071750 0.976309110 -0.263657955 -0.177535610 -1.636206414
1750921983.599999905 -0.267978383 -0.051241124 -0.676632215 -0.000357436 0.270731529 -0.015602181 0.962528381 -0.091935077 0.028067631 -1.622466744
1750921983.700000048 -0.377828102 -0.056332328 -0.819404939 0.001422933 0.333516564 -0.019360164 0.942544355 -0.128778772 -0.093707075 -1.599610945
1750921983.799998999 -0.491420195 -0.052120551 -0.924620263 -0.001593544 0.386203077 -0.025844346 0.922050277 -0.122592675 0.016507329 -1.681084442
1750921983.899998903 -0.620733195 -0.056425231 -1.012956524 -0.001350126 0.432583698 -0.026603274 0.901200193 -0.144427158 -0.131040905 -1.650215607
1750921983.999999046 -0.775283719 -0.064817106 -1.097671621 0.000626013 0.483405664 -0.031527960 0.874828303 -0.176637834 -0.107354308 -1.702539261
1750921984.099998951 -0.930623057 -0.067756201 -1.171191908 0.002259816 0.525709273 -0.032177651 0.850052500 -0.182419259 -0.129609878 -1.652450208
1750921984.199999094 -1.076520241 -0.074673191 -1.212877914 0.004628723 0.564701405 -0.034385270 0.824565674 -0.220145977 -0.143522814 -1.633941097
1750921984.299998999 -1.258036840 -0.079901789 -1.245175095 0.005901385 0.607269830 -0.034704805 0.793715379 -0.208567584 -0.175412237 -1.760396750
1750921984.399998903 -1.403551028 -0.074527554 -1.260931007 0.005453313 0.644665699 -0.035946998 0.763599510 -0.139035339 0.079174068 -1.609627100
1750921984.499999046 -1.558654453 -0.066860069 -1.259455538 0.004799338 0.682822689 -0.040327055 0.729454502 -0.146706813 0.041293766 -1.370344265
1750921984.599998951 -1.728788746 -0.064245081 -1.232244226 0.008396353 0.726311309 -0.043273278 0.685951024 -0.241431172 -0.448932544 -1.880359481
1750921984.699999094 -1.889459561 -0.054727262 -1.191298085 0.008783374 0.761487587 -0.044339592 0.646601506 -0.103856870 -0.137822932 -1.674295344
1750921984.799998999 -2.038954501 -0.046512759 -1.165503978 0.005700351 0.799674044 -0.040319828 0.599051951 -0.080539716 0.192944396 -1.780962658
1750921984.899997950 -2.163794701 -0.035370353 -1.078110855 0.003961255 0.833915018 -0.037183257 0.550624606 -0.278185042 -0.131267629 -1.491810968
1750921984.999998093 -2.302065589 -0.033395413 -0.988534980 0.003061372 0.863409302 -0.040218964 0.502889094 -0.055378070 0.050240368 -1.515838457
1750921985.099997997 -2.420560494 -0.025724513 -0.894662450 0.003545365 0.891054348 -0.040694794 0.452054768 -0.053956518 -0.134304560 -1.728982943
1750921985.199997902 -2.538096846 -0.022875570 -0.765042122 0.001357316 0.917855901 -0.041715745 0.394713186 -0.294858305 -0.144207317 -1.535476883
1750921985.299998045 -2.626297034 -0.017789089 -0.637159072 0.000396656 0.938071842 -0.044312178 0.343594956 -0.118258074 -0.075537528 -1.367304830
1750921985.399997950 -2.708158414 -0.024930116 -0.513876081 -0.001587623 0.956256314 -0.046127202 0.288866097 -0.099763857 -0.029206365 -1.604957332
1750921985.499998093 -2.783081017 -0.023703733 -0.376992853 -0.002546634 0.972730014 -0.048912897 0.226709867 -0.107133617 -0.167845362 -1.592095536
1750921985.599997997 -2.859431733 0.003795094 -0.263654675 -0.004612255 0.985046131 -0.047422215 0.165571677 0.760947182 0.565939939 -1.241786935
1750921985.699997902 -2.891803766 0.001895139 -0.116702720 -0.005316552 0.992698163 -0.048101380 0.110491401 -0.028965263 -0.221879057 -1.548669003
1750921985.799998045 -2.903825413 0.021513244 0.055391530 -0.004782278 0.997854483 -0.044787509 0.047514635 -0.127282939 -0.083948845 -1.501792502
1750921985.899996996 -2.896735961 0.029752451 0.211519356 -0.003947480 0.999009401 -0.043677016 -0.007546672 -0.092083566 -0.087628229 -1.694619513
1750921985.999996901 -2.855125764 0.037638971 0.371081470 -0.002687887 0.997258173 -0.044675495 -0.058932271 -0.247439812 0.009957337 -1.687293787
1750921986.099997044 -2.794249307 0.045073382 0.553603045 -0.003088271 0.991708787 -0.044093078 -0.120664597 -0.179356513 -0.146762995 -1.689054416
1750921986.199996948 -2.723922663 0.056345649 0.706798680 -0.001162259 0.983575713 -0.042929857 -0.175312559 -0.097058434 -0.051729626 -1.666490523
1750921986.299997091 -2.634867451 0.045947724 0.856546475 -0.002476179 0.972533431 -0.047434584 -0.227865213 -0.234321268 -0.312649355 -1.724209917
1750921986.399996996 -2.526774099 0.044032232 0.999290557 -0.004464069 0.956822424 -0.048431416 -0.286575153 -0.414013378 -0.343567112 -1.590320060
1750921986.499996901 -2.424415601 0.053303043 1.121443172 -0.005715327 0.938342144 -0.045417079 -0.342664040 -0.136603977 -0.039227152 -1.731614487
1750921986.599997044 -2.302351922 0.055713217 1.225924100 -0.003897587 0.918255770 -0.043085431 -0.393617574 -0.159539428 -0.137452758 -1.756316713
1750921986.699996948 -2.158380261 0.063991725 1.327469548 -0.002214365 0.892580773 -0.037041675 -0.449357958 -0.180073786 0.031201008 -1.495767375
1750921986.799997091 -2.018282856 0.069470023 1.401611027 -0.003898319 0.865714077 -0.037674677 -0.499103755 -0.218358178 -0.075839536 -1.593167349
1750921986.899996996 -1.873711380 0.071607753 1.455774855 0.003668046 -0.836855264 0.033740483 0.546371112 -0.212034112 -0.165486458 -1.765844081
1750921986.999995947 -1.695550197 0.071462550 1.503790821 0.001533410 -0.801095809 0.031784254 0.597689647 -0.113622273 -0.245571839 -1.735043789
1750921987.099996090 -1.533372822 0.063850541 1.533623687 0.001360681 -0.766078014 0.026280117 0.642208674 -0.233348243 -0.100071201 -1.459533888
1750921987.199995995 -1.351937359 0.057719639 1.546268367 0.002143996 -0.729023572 0.026390846 0.683976285 -0.193598671 -0.099074860 -1.621187694
1750921987.299995899 -1.179927318 0.054068670 1.532405732 0.002005430 -0.684021708 0.024202894 0.729057269 -0.041706937 -0.128895449 -1.848574595
1750921987.399996042 -1.040294165 0.044220999 1.479062389 0.000845493 -0.644279951 0.021540039 0.764485877 -0.679436565 0.129901009 -1.140572130
1750921987.499995947 -0.895167164 0.044169926 1.442936368 -0.002870236 -0.598570325 0.017670604 0.800870200 -0.044675212 -0.129841585 -1.447734671
1750921987.599996090 -0.689947772 0.066786778 1.378311256 -0.001405453 -0.543043648 0.014868625 0.839571644 0.339360835 0.020294556 -1.643019406
1750921987.699995995 -0.514424195 0.039040896 1.249208133 0.000697016 -0.495092656 0.012605962 0.868748448 -0.110539891 -0.918759295 -2.019581452
1750921987.799995899 -0.412292444 0.019568142 1.159557309 0.004891807 -0.445318613 0.014284665 0.895244856 0.185013415 -0.016405864 -1.203345469
1750921987.899996042 -0.293579508 0.015482235 1.045931897 0.006303101 -0.388380662 0.012924522 0.921386829 -0.364405645 0.192618476 -1.502020112
1750921987.999994993 -0.209028528 0.025018473 0.918017484 0.005183872 -0.341582286 0.009606091 0.939788483 0.812395744 0.140663102 -1.361045738
1750921988.099994898 -0.136684502 0.018759199 0.754631752 0.007033475 -0.292728917 0.008429890 0.956132443 -0.634329826 0.061289734 -1.812842364
1750921988.199995041 -0.078970861 0.008629888 0.577596096 0.006778764 -0.237188550 0.006156067 0.971420477 -0.979615864 0.506740367 -1.411528235
1750921988.299994946 -0.052006988 -0.001860735 0.417557896 0.008573935 -0.189444245 0.006574558 0.981832033 -0.847631685 -0.243916612 -1.642386833
1750921988.399995089 0.006973980 -0.002416666 0.262161594 0.006639317 -0.130983406 0.001535298 0.991361140 -0.167496000 -0.170785694 -1.760687757
1750921988.499994993 0.016806205 -0.010863335 0.073061311 0.001281707 -0.074499124 -0.000025059 0.997220255 -0.252448865 -0.286679217 -1.793299847
1750921988.599994898 0.015408867 -0.076862299 -0.085455188 0.019647361 -0.022313001 -0.010700144 0.999500684 -0.213630624 0.367789147 -1.591557604
1750921988.699995041 0.024773740 -0.019721352 -0.246214872 -0.005125810 0.045887931 -0.009662606 0.998886709 -0.424729028 0.160567145 -1.694396715
1750921988.799994946 0.011054582 -0.025984625 -0.434426168 -0.002000871 0.121158151 -0.014102707 0.992531013 0.164598439 -0.110046239 -1.681712097
1750921988.899995089 -0.048518631 -0.041674649 -0.592852977 -0.004023471 0.180019375 -0.018679480 0.983477460 -0.022769069 -0.287548336 -1.872547099
1750921988.999994993 -0.129768271 -0.050902841 -0.752906237 -0.003775697 0.238018453 -0.021637725 0.971012239 -0.064036179 -0.201274560 -1.943226435
1750921989.099993944 -0.242387622 -0.053015419 -0.918506925 -0.002137656 0.296439990 -0.021458864 0.954807981 0.021742243 0.388646249 -1.769242206
1750921989.199994087 -0.364693994 -0.068150179 -1.061012079 0.003370809 0.352071021 -0.022283274 0.935701923 -0.144485418 -0.230272867 -1.906255281
1750921989.299993992 -0.487474755 -0.068703569 -1.171362156 0.003302589 0.402339129 -0.023907297 0.915172530 -0.165297830 -0.045839434 -1.810785104
1750921989.399993896 -0.652536299 -0.074435446 -1.285926733 0.001715473 0.458041925 -0.027142504 0.888514455 -0.173335485 -0.120617096 -1.484329615
1750921989.499994040 -0.791721656 -0.077079237 -1.366815069 -0.000609974 0.507331992 -0.032154224 0.861150384 -0.123966994 -0.058195999 -1.663397690
1750921989.599993944 -0.961206521 -0.086671080 -1.423346535 0.003191277 0.552052851 -0.033807322 0.833117357 -0.320278899 -0.057604754 -1.452617830
1750921989.699994087 -1.136475177 -0.077652076 -1.483278987 0.002414997 0.603149455 -0.037001355 0.796765840 -0.115407059 -0.055549866 -1.672798920
1750921989.799993992 -1.302934313 -0.077155037 -1.504184765 0.002504333 0.644551048 -0.037535671 0.763635220 -0.072677663 -0.112146224 -1.789655253
1750921989.899993896 -1.479662658 -0.086536169 -1.519715600 0.004280000 0.686122752 -0.040916257 0.726321631 -0.121786706 -0.030195272 -1.722894774
1750921989.999994040 -1.655877647 -0.072836273 -1.488973536 0.007749497 0.729904848 -0.043800175 0.682099995 0.025851057 -0.384316836 -2.109710715
1750921990.099992990 -1.785576346 -0.041978786 -1.470950094 0.003419572 0.770508413 -0.043910132 0.635906434 -0.238772723 -0.170307636 -1.860941869
1750921990.199992895 -1.958921478 -0.042368544 -1.393926905 0.004016179 0.802500155 -0.041100135 0.595221093 0.111249998 -0.381162909 -2.089534194
1750921990.299993038 -2.134740442 -0.037071764 -1.327893952 0.003744301 0.839371574 -0.042381895 0.541890318 -0.246730269 -0.130037877 -1.796976872
1750921990.399992943 -2.276667759 -0.033537864 -1.239865597 0.002493419 0.866196485 -0.043673307 0.497785169 -0.056346907 -0.078925586 -1.609093859
1750921990.499993086 -2.401632913 -0.027333603 -1.130467328 -0.000731306 0.889466393 -0.041093124 0.455148719 -0.212725281 -0.068520287 -1.573720440
1750921990.599992990 -2.526993596 -0.029211099 -0.999540548 -0.002106710 0.911877714 -0.042114060 0.408290341 -0.056232850 0.058080303 -1.772445568
1750921990.699992895 -2.641699131 -0.028436649 -0.861164661 -0.003493439 0.930943233 -0.043052313 0.362600318 -0.158219612 -0.264024525 -1.913242635
1750921990.799993038 -2.733822686 -0.022074910 -0.720560490 -0.001765506 0.947065334 -0.043779809 0.318036891 -0.299255703 -0.124586133 -1.717082874
1750921990.899992943 -2.819523480 -0.025973530 -0.561867332 -0.004935548 0.961812540 -0.045228203 0.269901256 -0.125639443 -0.289297720 -1.427521994
1750921990.999993086 -2.886864035 -0.021864844 -0.411217885 -0.004903476 0.972889491 -0.050570205 0.225620585 0.105697464 -0.039012562 -1.968107603
1750921991.099992990 -2.926652940 -0.023385040 -0.239914323 -0.010230063 0.981767112 -0.051787885 0.182610784 -0.397537164 -0.081594784 -1.578536380
1750921991.199991941 -2.980907445 0.013337360 -0.053829829 -0.010094326 0.990744673 -0.048806253 0.126257862 -0.048729829 -0.569780321 -1.977616502
1750921991.299992085 -2.982210087 0.020402837 0.109061055 -0.007327029 0.995759100 -0.048118481 0.078068824 -0.113374500 -0.049539145 -1.804555192
1750921991.399991989 -2.979962757 0.033792792 0.292981659 -0.004576594 0.998639714 -0.046099307 0.023929682 -0.270934528 -0.296807258 -1.717819524
1750921991.499991894 -2.951053184 0.028357178 0.471410478 -0.002298245 0.997949742 -0.051372783 -0.038103375 -0.185381579 0.036087846 -1.815550321
1750921991.599992037 -2.914445828 0.033935596 0.629560438 -0.002033770 0.994155253 -0.046572518 -0.097376575 -0.209665291 -0.280662425 -1.972417692
1750921991.699991941 -2.854174612 0.032491721 0.786326146 -0.001489105 0.986921674 -0.046881164 -0.154225639 -0.183488010 -0.252952784 -1.747513226
1750921991.799992085 -2.766935192 0.050486932 0.935074684 -0.003362541 0.975189656 -0.044549194 -0.216816047 -0.233469010 -0.109442776 -1.631027447
1750921991.899991989 -2.675047487 0.053428193 1.079980760 -0.002285606 0.960724745 -0.046769323 -0.273523985 -0.151819596 -0.204087681 -1.737885409
1750921991.999991894 -2.571603686 0.057814958 1.209298517 -0.001929478 0.942896859 -0.046028796 -0.329883524 -0.174176786 -0.043717402 -1.727407939
1750921992.099992037 -2.442987113 0.055575195 1.319382577 -0.000799944 0.920553825 -0.047867543 -0.387670884 0.042559359 -0.105345303 -1.758500035
1750921992.199990988 -2.307498283 0.068893832 1.429408519 -0.002599283 0.896705402 -0.040948564 -0.440721999 -0.221428117 -0.119463601 -1.627915085
1750921992.299990892 -2.186930717 0.080131894 1.491680524 -0.004391439 0.870833630 -0.039046520 -0.490004972 -0.348393600 -0.150765771 -1.458662752
1750921992.399991035 -2.001907351 0.072471293 1.562269911 0.002342424 -0.838162471 0.040257124 0.543927889 -0.130215485 -0.133481957 -1.702680717
1750921992.499990940 -1.860993435 0.075593916 1.598365788 0.001406262 -0.807047185 0.035713182 0.589404303 -0.347566446 -0.126055610 -1.752807521
1750921992.599991083 -1.695101280 0.067677909 1.628992828 -0.000412384 -0.773261566 0.028011889 0.633468006 -0.093804576 -0.263870460 -1.769749896
1750921992.699990988 -1.515639705 0.074690502 1.629896104 0.002749984 -0.731480467 0.024797476 0.681405789 -0.218286335 -0.191693889 -1.288720608
1750921992.799990892 -1.364924932 0.068554896 1.608619330 0.003121316 -0.693791646 0.023863985 0.719773520 -0.195842728 0.020532416 -1.585911523
1750921992.899991035 -1.202866548 0.058037133 1.574337732 0.002315462 -0.654264565 0.022499190 0.755927446 -0.214665649 -0.023491797 -1.549047961
1750921992.999990940 -1.048652102 0.050395757 1.500864323 -0.000720649 -0.607199542 0.018112258 0.794342585 -0.659761908 -0.413481045 -1.762227307
1750921993.099991083 -0.919130230 0.049124306 1.446080998 -0.001345965 -0.562149305 0.016227750 0.826875448 0.087094620 -0.041467112 -1.594901154
1750921993.199990988 -0.783275336 0.070386037 1.360370561 -0.003678787 -0.513756767 0.013628488 0.857819745 -0.171254689 0.075732021 -1.694063696
1750921993.299989939 -0.621140372 0.045602378 1.251539559 -0.002300378 -0.459801293 0.011992309 0.887937872 0.998219766 0.626079978 -2.151148133
1750921993.399990082 -0.520315606 0.042379289 1.171197172 0.002405364 -0.406692386 0.009399787 0.913513635 1.143898537 -0.416076450 -1.336969032
1750921993.499989986 -0.441191181 0.037595355 1.027595396 0.003477594 -0.359882062 0.009975649 0.932937990 0.083821349 0.531306974 -0.980768163
1750921993.599989891 -0.337726041 0.058042546 0.928126065 0.001868603 -0.298693447 0.007746877 0.954315838 -0.001974575 0.146831209 -1.488692511
1750921993.699990034 -0.264291196 0.032966585 0.763859834 0.002861185 -0.245391911 0.006195241 0.969399940 -0.117443769 0.029927779 -1.758251960
1750921993.799989939 -0.196338089 0.004139592 0.597621771 0.007590039 -0.191045617 0.002080179 0.981549610 -0.134054304 -0.216319823 -1.595799610
1750921993.899990082 -0.119979495 0.023165563 0.412791890 0.002096885 -0.120836894 0.001871756 0.992668396 0.313216488 0.011226530 -1.691035573
1750921993.999989986 -0.156014574 -0.006553029 0.246383845 0.007595466 -0.075585550 0.002048286 0.997108288 0.226269135 -0.051220703 -1.670498271
1750921994.099989891 -0.128849393 -0.002134979 0.086496704 0.002316427 -0.015375219 -0.001867702 0.999877367 -0.199572003 -0.100235681 -1.604546060
1750921994.199990034 -0.163553453 -0.012123744 -0.094457017 0.001367427 0.045821319 -0.004939283 0.998936505 -0.296395018 -0.120446906 -1.690353173
1750921994.299988985 -0.210929357 -0.030633852 -0.250489595 0.003391399 0.100420286 -0.005828141 0.994922257 -0.044167458 -0.014718155 -1.589385348
1750921994.399988890 -0.260295016 -0.018679626 -0.399037039 0.001369452 0.157801790 -0.009959199 0.987419634 -0.117035367 -0.012642979 -1.502639108
1750921994.499989033 -0.364004505 -0.041883852 -0.544598794 0.001376633 0.215321072 -0.014122412 0.976440217 -0.122848559 -0.118887180 -1.507224440
1750921994.599988937 -0.454525997 -0.044389735 -0.660889583 0.001448236 0.268141299 -0.015849726 0.963248116 -0.117215076 0.057786289 -1.421632649
1750921994.699989080 -0.549030322 -0.047921954 -0.768145591 0.001715593 0.322363408 -0.018992420 0.946423889 -0.281342825 0.044979877 -1.249345878
1750921994.799988985 -0.670599946 -0.047918178 -0.867581279 0.000333984 0.379716552 -0.024130455 0.924788057 -0.282198810 -0.130297011 -1.489430382
1750921994.899988890 -0.793092416 -0.057529078 -0.951738251 0.001330710 0.429326877 -0.028148350 0.902709440 -0.272645902 -0.107169361 -1.495411941
1750921994.999989033 -0.922230743 -0.056875484 -1.011574186 0.002827916 0.475376989 -0.029997045 0.879266114 -0.288067559 -0.127741817 -1.457864252
1750921995.099988937 -1.082895524 -0.061688418 -1.079937409 0.004410731 0.525757139 -0.032388951 0.850006431 -0.222929563 -0.211165368 -1.582370521
1750921995.199989080 -1.216851773 -0.062323872 -1.117514970 0.003226100 0.567474153 -0.034074517 0.822679527 -0.193120452 -0.157041505 -1.665634258
1750921995.299988985 -1.366387360 -0.071346005 -1.149163199 0.006571063 0.608165877 -0.036688434 0.792934452 -0.103688153 -0.194642973 -1.549733682
1750921995.399987936 -1.536555500 -0.072111602 -1.164205598 0.009279522 0.650868013 -0.041081686 0.758021778 -0.237018231 -0.083099537 -1.386366010
1750921995.499988079 -1.684859947 -0.065551480 -1.167006888 0.008210155 0.690271752 -0.041750702 0.722297986 -0.112173108 -0.066057882 -1.621425970
1750921995.599987984 -1.834371407 -0.058076073 -1.140305949 0.006377950 0.725523400 -0.041072453 0.686941171 -0.658261370 0.205797756 -1.197102302
1750921995.699987888 -2.003769632 -0.055411786 -1.085350625 0.006232136 0.764518083 -0.042203487 0.643189028 -0.466626234 -0.412880605 -1.672577665
1750921995.799988031 -2.143227448 -0.031453983 -1.044791333 0.003476020 0.800589669 -0.038348243 0.597974508 -0.187227885 0.077957479 -1.549518350
1750921995.899987936 -2.292526342 -0.030363406 -0.978268951 0.004282577 0.834678157 -0.039011817 0.549337885 -0.203506249 -0.088302412 -1.664264257
1750921995.999988079 -2.453546293 -0.027951918 -0.887952082 0.002616160 0.870995499 -0.041338235 0.489541772 -0.062949548 -0.126445981 -1.773733350
1750921996.099987984 -2.589925563 -0.014689024 -0.783028389 0.000227030 0.899492043 -0.039623511 0.435136750 -0.025597668 -0.080736927 -1.734663183
1750921996.199987888 -2.703947882 -0.009456713 -0.674571954 -0.003681197 0.924710178 -0.040704041 0.378471552 -0.094313055 -0.097425601 -1.669878323
1750921996.299988031 -2.814133738 -0.011279546 -0.531410273 -0.005170596 0.948457302 -0.043508316 0.313861495 0.104580914 -0.078299412 -1.458423302
1750921996.399986982 -2.889851044 -0.005981159 -0.419117912 -0.007976940 0.965895040 -0.044769647 0.254909432 0.045840224 -0.054009638 -1.574506096
1750921996.499986887 -2.955334533 -0.012648150 -0.274978994 -0.008141763 0.979212212 -0.049251111 0.196599805 -0.228548502 -0.241211559 -1.571380228
1750921996.599987030 -3.005305443 -0.032635650 -0.102091651 -0.008380212 0.989420744 -0.051180107 0.135487860 -0.128068935 -0.689510106 -1.722270291
1750921996.699986935 -3.028492330 -0.003620261 0.034900948 -0.007328581 0.995291215 -0.052646096 0.081056015 -0.324008112 -0.290508082 -1.449134011
1750921996.799987078 -3.036644664 0.016974461 0.196023423 -0.004737830 0.998422464 -0.049622481 0.025840786 -0.049382752 0.107356982 -1.672060554
1750921996.899986982 -3.031344147 0.020689459 0.389237528 -0.007061445 0.997951200 -0.051220354 -0.037683078 -0.034670920 -0.353278386 -1.862433446
1750921996.999986887 -2.993257663 0.032564499 0.549635096 -0.003859073 0.994616642 -0.049218549 -0.091106404 -0.208747108 -0.081272559 -1.619903268
1750921997.099987030 -2.927989682 0.027660352 0.718915314 -0.003135891 0.988451326 -0.047754798 -0.143783247 -0.230031965 -0.038242284 -1.681798059
1750921997.199986935 -2.851649983 0.041695438 0.878341468 -0.004657000 0.978235087 -0.046218265 -0.202233278 -0.244810430 -0.089416733 -1.670645349
1750921997.299987078 -2.759585635 0.049013583 1.018224670 -0.004328731 0.966079264 -0.045624684 -0.254146624 -0.206527186 0.042456044 -1.670734380
1750921997.399986982 -2.660105419 0.051794758 1.154915470 -0.003047451 0.950058094 -0.049399187 -0.308123435 -0.133191286 -0.082980725 -1.855604884
1750921997.499985933 -2.523229056 0.061627569 1.299698135 -0.001407865 0.928493434 -0.046673185 -0.368401378 -0.009356127 -0.095000703 -1.811400108
1750921997.599986076 -2.390578772 0.076501182 1.416746289 -0.002575166 0.905058556 -0.041366633 -0.423262543 -0.050573106 -0.136632424 -1.755364265
1750921997.699985981 -2.255530460 0.075798874 1.506875925 -0.001509160 0.878830545 -0.041622753 -0.475312678 -0.077300294 -0.037829371 -1.735137716
1750921997.799985886 -2.077523083 0.076621276 1.594659670 0.001513238 -0.845507443 0.040775968 0.532402287 -0.196671872 -0.165779607 -1.555297675
1750921997.899986029 -1.908954611 0.072329952 1.649744280 -0.000349605 -0.813248692 0.039782738 0.580554714 -0.079523424 -0.193915477 -1.882826067
1750921997.999985933 -1.739972997 0.075427719 1.691244401 -0.000008361 -0.777941473 0.030290689 0.627606197 -0.098558816 -0.104955970 -1.762430738
1750921998.099986076 -1.559290184 0.063732141 1.712422132 -0.000015708 -0.736002741 0.026591183 0.676456114 -0.092037762 -0.020983789 -1.694263663
1750921998.199985981 -1.417427854 0.067647962 1.696645723 0.001365892 -0.696091321 0.022534572 0.717598216 -0.016924778 -0.012588238 -1.687323457
1750921998.299985886 -1.225487688 0.056279630 1.682269606 0.003332852 -0.651726152 0.022848671 0.758102799 -0.261363349 -0.527418212 -1.762005867
1750921998.399986029 -1.048632329 0.068614426 1.608076101 -0.000935260 -0.603655798 0.015655691 0.797090774 -0.463400758 -0.251742607 -2.219305842
1750921998.499984980 -0.886454066 0.048621462 1.566279426 0.000581060 -0.555195529 0.014461102 0.831593929 0.051817795 0.077355990 -1.729106067
1750921998.599984884 -0.758455693 0.066642503 1.456721357 -0.000987894 -0.508913622 0.011480270 0.860740468 0.061120125 0.182084467 -1.388421936
1750921998.699985027 -0.590728781 0.048646873 1.358277573 -0.002681345 -0.451041418 0.011377211 0.892426473 -0.410837122 -0.192503807 -1.839397153
1750921998.799984932 -0.482465422 0.048509975 1.239730987 -0.000060606 -0.400919186 0.010511087 0.916053120 -0.256250647 -0.133581454 -1.760977861
1750921998.899985075 -0.365793395 0.030385770 1.076081169 0.004284868 -0.350674266 0.010062270 0.936433633 -0.052322636 0.071717092 -1.559577987
1750921998.999984980 -0.270189262 0.035679527 0.928297396 0.004198574 -0.293001335 0.008915517 0.956061244 0.021663358 -0.120610522 -1.673637794
1750921999.099984884 -0.187688340 0.013480203 0.779531558 0.009187369 -0.240020531 0.007405783 0.970696086 0.277312758 -0.388616221 -1.590721780
1750921999.199985027 -0.112033376 0.011403442 0.616985166 0.008133496 -0.184128678 0.002059261 0.982866337 -0.019082496 0.163076461 -1.681370477
1750921999.299984932 -0.074079986 0.000487684 0.433754753 0.009333653 -0.124542620 0.001445318 0.992169305 0.083579207 0.043153715 -1.832869131
1750921999.399985075 -0.049179632 0.007430339 0.254644130 0.004088521 -0.067403650 0.000111388 0.997717405 0.067673993 0.084533447 -1.794691138
1750921999.499984980 -0.056312998 0.004966136 0.086137858 0.000212083 -0.015007127 -0.000968989 0.999886895 0.028617235 -0.072669662 -1.959875251
1750921999.599983931 -0.072026039 -0.042353033 -0.111572038 0.006549040 0.050452607 -0.003700634 0.998698127 0.104746321 -0.142523201 -1.976596717
1750921999.699984074 -0.119455783 -0.016663876 -0.271360879 -0.001563482 0.104108996 -0.005813721 0.994547673 0.019792895 -0.396251420 -1.976576647
1750921999.799983978 -0.181876931 -0.051381282 -0.461284332 -0.000150443 0.161318023 -0.011455944 0.986835971 -0.435213436 1.080342546 -1.646010028
1750921999.899983883 -0.266627696 -0.022249430 -0.624344501 -0.008131916 0.221704114 -0.013072502 0.974992445 -0.102394881 0.279747110 -1.622446455
1750921999.999984026 -0.366931624 -0.045789366 -0.777576566 -0.001551859 0.273752485 -0.016745281 0.961653141 -0.187070112 -0.092801234 -1.795506061
1750922000.099983931 -0.470070270 -0.051548294 -0.912449506 -0.001270631 0.328266632 -0.021892541 0.944330515 -0.039485709 -0.018985033 -1.665318816
1750922000.199984074 -0.606470897 -0.055408021 -1.057648413 -0.002399822 0.389385167 -0.025382739 0.920722080 -0.068792539 -0.029308634 -1.783866186
1750922000.299983978 -0.744173230 -0.063225796 -1.161664964 -0.002315728 0.439383703 -0.029209477 0.897821477 0.003047663 -0.102720416 -1.881494817
1750922000.399983883 -0.889777483 -0.067273348 -1.252326006 -0.000104604 0.489709171 -0.032617545 0.871275509 -0.124280454 -0.168260264 -1.686642363
1750922000.499984026 -1.063768245 -0.068264291 -1.334519786 -0.001685443 0.544173077 -0.035515610 0.838219221 -0.010294813 -0.037618665 -1.761460468
1750922000.599982977 -1.216565613 -0.071635724 -1.373974511 0.000568827 0.587286683 -0.034871450 0.808627238 -0.097497456 -0.103120909 -1.685494394
1750922000.699982882 -1.383671595 -0.076419255 -1.416685928 0.001090666 0.630514671 -0.040025604 0.775143865 -0.092573696 -0.021718143 -1.568492910
1750922000.799983025 -1.572864394 -0.068439147 -1.438840895 0.002060160 0.677887899 -0.043076680 0.733899279 -0.074577052 -0.012835671 -1.700181034
1750922000.899982929 -1.735702864 -0.056517604 -1.427950565 0.003497859 0.716985366 -0.044680158 0.695646055 -0.192667742 0.189662387 -1.727296951
1750922000.999983072 -1.889524517 -0.054384551 -1.404262889 0.005254526 0.754937894 -0.044968147 0.654231635 -0.419967861 -0.132890927 -1.803347527
1750922001.099982977 -2.067981039 -0.048693063 -1.329490418 0.004735029 0.793869307 -0.042700535 0.606568848 -0.348945507 -0.001152287 -1.572268136
1750922001.199982882 -2.213859812 -0.030407486 -1.273516079 0.001205359 0.826814644 -0.040033033 0.561046742 -0.164610417 -0.173788612 -1.756225368
1750922001.299983025 -2.359832953 -0.027509307 -1.181906312 -0.000071489 0.856910046 -0.040982629 0.513834207 -0.039659270 -0.233972461 -1.879819067
1750922001.399982929 -2.505933422 -0.017636513 -1.074323499 -0.003806421 0.888627299 -0.040058959 0.456861374 -0.022867517 -0.282167158 -1.886791580
1750922001.499983072 -2.639937258 -0.027516744 -0.957009373 -0.003830833 0.913752851 -0.039757185 0.404302385 -0.060066102 -0.117265676 -1.768967122
1750922001.599982977 -2.750262387 -0.022566402 -0.838780306 -0.005237405 0.935554323 -0.041820411 0.350658995 -0.166089089 -0.126687903 -1.732101429
1750922001.699981928 -2.863108386 -0.026810417 -0.672259301 -0.008443320 0.955783067 -0.042276666 0.290895382 -0.160474949 -0.239611650 -1.737119571
1750922001.799982071 -2.937870567 -0.040985713 -0.529231510 -0.006098641 0.969516163 -0.052883772 0.239174671 -0.090847207 -0.343878058 -1.767462381
1750922001.899981976 -2.989539023 -0.022778126 -0.382573781 -0.007832421 0.981294987 -0.050091476 0.185713884 0.028768178 -0.020744557 -1.699721429
1750922001.999982119 -3.037362904 -0.029796219 -0.233256181 -0.008662601 0.990978638 -0.052195167 0.123133921 -0.281332538 -0.360185983 -1.568341551
1750922002.099982023 -3.049282159 -0.007323435 -0.054495721 -0.008010779 0.996351228 -0.050187251 0.068566009 -0.112173619 -0.057866029 -1.621468288
1750922002.199981928 -3.048248890 -0.007771208 0.111822798 -0.005773212 0.998531080 -0.052111066 0.013667067 -0.096341813 0.022412862 -1.544036271
1750922002.299982071 -3.005142322 0.000154628 0.310633884 -0.003553935 0.997556803 -0.055057038 -0.042854609 -0.598530326 -0.548660104 -1.885619495
1750922002.399981976 -2.986618517 0.017969483 0.487408593 -0.002698505 0.993365782 -0.051457179 -0.102807101 -0.248273987 -0.350571116 -2.107880277
1750922002.499982119 -2.929686421 0.014533698 0.654534706 -0.003569040 0.986378811 -0.049937972 -0.156685361 -0.222534554 -0.664521956 -2.153216569
1750922002.599982023 -2.826080043 0.023438305 0.818982865 -0.004839683 0.975759594 -0.050648156 -0.212848672 -0.203964937 0.277032779 -1.899218801
1750922002.699980974 -2.731462963 0.070143591 0.966246264 -0.003840770 0.962572776 -0.041885115 -0.267739681 0.207807490 -0.272971977 -1.970360241
1750922002.799981117 -2.627093238 0.044986805 1.130408020 -0.003029785 0.943160827 -0.048516105 -0.328762318 -0.072246523 -0.190668697 -1.870373695
1750922002.899981022 -2.488375872 0.061246583 1.262829537 -0.002647864 0.921020912 -0.043059288 -0.387116734 -0.166332371 0.029031361 -1.694381579
1750922002.999980927 -2.337467344 0.067518381 1.375578410 -0.003068927 0.897439196 -0.042055363 -0.439118227 -0.199570072 -0.119619176 -1.691839303
1750922003.099981070 -2.184977240 0.074677340 1.463574443 -0.002737211 0.871004781 -0.040360282 -0.489606195 -0.062609490 -0.042736388 -1.694616826
1750922003.199980974 -2.023922214 0.076152178 1.529719821 0.002420631 -0.838330317 0.038376050 0.543804836 -0.149019309 -0.104325300 -1.785890535
1750922003.299981117 -1.858914613 0.074970194 1.577723932 0.002147357 -0.805776053 0.036298759 0.591102987 -0.037235740 -0.061533663 -1.639783227
1750922003.399981022 -1.675281332 0.067432992 1.607493777 0.000950888 -0.772159700 0.029895630 0.634724149 -0.209130966 -0.019722528 -1.529643148
1750922003.499980927 -1.492818505 0.067027721 1.616904062 0.000992362 -0.731321574 0.029252790 0.681404465 -0.094528020 0.004020239 -1.322113631
1750922003.599981070 -1.330889071 0.059688957 1.604485236 0.003497439 -0.693113681 0.024609314 0.720399594 -0.212476887 -0.232199430 -2.022185583
1750922003.699980021 -1.163854793 0.074974436 1.567893899 0.000007872 -0.652443039 0.019677619 0.757582255 0.086480089 -0.364730416 -1.750519364
1750922003.799979925 -0.988375805 0.057542392 1.515774843 0.000572240 -0.605148709 0.016548112 0.795940244 0.094212807 -0.083472257 -2.043302243
1750922003.899980068 -0.812109429 0.051014820 1.421439793 -0.000349886 -0.559735212 0.013960613 0.828553843 -0.687820900 -0.155536245 -1.493583365
1750922003.999979973 -0.700533579 0.063033199 1.383983440 -0.003098380 -0.509982982 0.014362674 0.860058993 0.186069687 -0.145753459 -2.122591669
1750922004.099980116 -0.520998568 0.035166135 1.228177836 0.001033532 -0.456064022 0.011479090 0.889872334 0.061120370 0.051541261 -1.818566369
1750922004.199980021 -0.404217857 0.026642868 1.114384424 0.004519015 -0.405132706 0.011541735 0.914173866 -0.226539710 0.014125184 -1.646263756
1750922004.299979925 -0.293630491 0.029948496 0.992555694 0.007452328 -0.353358005 0.010558685 0.935398897 -0.402924347 -0.431217887 -1.804212595
1750922004.399980068 -0.188336274 0.036021305 0.878991462 0.004272313 -0.294126661 0.007388824 0.955728340 0.066070820 -0.158407919 -1.593524095
1750922004.499979973 -0.112993426 -0.005424115 0.685618569 0.008579795 -0.244749204 0.003792985 0.969541040 -0.220653626 0.029753217 -1.603082084
1750922004.599980116 -0.063125097 0.001445043 0.517063621 0.008980932 -0.193690856 0.004311264 0.981012033 -0.519675099 0.518733134 -1.614827135
1750922004.699980021 -0.014100767 0.003629811 0.323354254 0.007441187 -0.131588328 0.000350556 0.991276459 -0.224002589 -0.217699766 -1.844337316
1750922004.799978971 0.012646993 -0.003812953 0.150497364 0.004553464 -0.074178802 0.000419942 0.997234473 -0.241236545 -0.068780080 -1.819925246
1750922004.899979115 0.008217232 -0.012821122 -0.028374551 0.002789521 -0.019334115 -0.001522470 0.999808028 -0.352525651 -0.257145634 -2.015839895
1750922004.999979019 -0.024943148 -0.034244480 -0.229421249 0.002907026 0.041006151 -0.004119227 0.999146174 0.325476183 0.644462872 -1.996967506
1750922005.099978924 -0.056036492 -0.049572590 -0.404273123 0.006254336 0.100322491 -0.007806775 0.994904687 -0.030844971 -0.282608379 -1.840366497
1750922005.199979067 -0.124609506 -0.061295425 -0.561229674 0.006362372 0.157837939 -0.012265172 0.987368356 -0.087392836 -0.089602550 -1.827592145
1750922005.299978971 -0.206678755 -0.056748546 -0.727100411 0.001127041 0.222011420 -0.013854918 0.974944973 -0.222987920 -0.157680570 -1.699622972
1750922005.399979115 -0.293880190 -0.055744331 -0.865875076 -0.000386777 0.278844291 -0.019310636 0.960142079 -0.223294694 -0.022709533 -1.622849032
1750922005.499979019 -0.406714833 -0.061051926 -1.004945574 0.001125178 0.333741616 -0.022641239 0.942391979 -0.052151898 -0.066535800 -1.819804484
1750922005.599978924 -0.543359668 -0.065384753 -1.134020597 0.001158020 0.392002427 -0.025150392 0.919619603 -0.130737687 -0.075098250 -1.708872383
1750922005.699979067 -0.679370905 -0.075305502 -1.232347703 0.000682871 0.442336846 -0.028240464 0.896403996 -0.218043996 -0.122832445 -1.648414704
1750922005.799978018 -0.827890304 -0.078240575 -1.322185804 0.001653569 0.491729098 -0.030770899 0.870202799 -0.116304056 -0.090040201 -1.655927872
1750922005.899977922 -0.989652151 -0.076921277 -1.390034908 0.002744674 0.543187340 -0.032877792 0.838963069 -0.220128798 -0.111996366 -1.688807985
1750922005.999978065 -1.158826226 -0.081043602 -1.443743979 0.002706033 0.588092480 -0.036541648 0.807963254 -0.276063226 -0.111562458 -1.651672498
1750922006.099977970 -1.316084959 -0.074603934 -1.469918998 0.001195711 0.630721268 -0.038200549 0.775067720 -0.144345149 0.010216045 -1.547334923
1750922006.199978113 -1.522477882 -0.078380461 -1.485908291 0.003731923 0.678185618 -0.042399863 0.733656999 -0.162050118 -0.224061104 -2.020548961
1750922006.299978018 -1.675811786 -0.066419959 -1.482530364 0.004178327 0.718867647 -0.044930898 0.693680807 -0.019183271 0.333946544 -1.362726965
1750922006.399977922 -1.834575424 -0.059516908 -1.442766581 0.007748691 0.755471976 -0.044919587 0.653593361 -0.189173346 0.110455403 -1.504100401
1750922006.499978065 -2.012695097 -0.042128021 -1.395342300 0.001944746 0.795559713 -0.040321824 0.604528834 -0.486268039 0.022981267 -1.608185595
1750922006.599977970 -2.164304749 -0.025201609 -1.311781239 0.000768253 0.827337281 -0.038773401 0.560365111 -0.175788338 -0.158162669 -1.782882269
1750922006.699978113 -2.308061503 -0.015274300 -1.236578663 -0.001837681 0.857560502 -0.039740043 0.512842409 -0.305182273 -0.120163973 -1.740356970
1750922006.799978018 -2.456000637 -0.024941873 -1.117756157 -0.002313485 0.889178524 -0.039492705 0.455847044 -0.073220061 -0.107941832 -1.718657489
1750922006.899976969 -2.577104064 -0.038881340 -0.990079103 0.001607695 0.914211537 -0.044409598 0.402793332 -0.086993912 -0.221061935 -1.843927643
1750922006.999977112 -2.677003893 -0.028304410 -0.858793329 -0.000820114 0.935532492 -0.042597539 0.350661850 -0.292112609 -0.089259146 -1.855243148
1750922007.099977016 -2.783553276 -0.023003998 -0.700339896 -0.003470231 0.955928291 -0.045441081 0.290041667 -0.048299473 -0.069172569 -1.767119350
1750922007.199976921 -2.859459282 -0.013982477 -0.543898786 -0.002753536 0.970335413 -0.046188456 0.237293555 -0.054361796 -0.192598404 -1.779586240
1750922007.299977064 -2.901212541 0.001342877 -0.415194427 -0.007887088 0.981323083 -0.044058156 0.187087357 0.397065079 -0.138149853 -1.274249613
1750922007.399976969 -2.943538558 0.010716505 -0.244144775 -0.009875116 0.990596324 -0.047909220 0.127773671 -0.043423973 -0.545192861 -1.561152134
1750922007.499977112 -2.989732953 0.016741595 -0.104036385 -0.005861771 0.996367000 -0.047484554 0.070453227 -0.054772365 0.069559569 -1.591014054
1750922007.599977016 -2.942965775 0.021886145 0.082044491 -0.005355220 0.998631420 -0.044791935 0.026463024 0.338357418 -0.162275172 -1.569259870
1750922007.699976921 -2.970238580 0.026018535 0.272343298 -0.003446498 0.997826958 -0.046590685 -0.046462806 -0.271745445 -0.257444301 -1.883449822
1750922007.799977064 -2.918491484 0.029368071 0.433669028 -0.003998357 0.993805433 -0.047975284 -0.100165599 -0.125168181 0.077089199 -1.616696678
1750922007.899976015 -2.848633568 0.028699366 0.589835936 -0.002263418 0.986880233 -0.046509544 -0.154593484 -0.164020511 -0.081442978 -1.753194070
1750922007.999975920 -2.756859044 0.032450626 0.771924764 -0.004077948 0.975081087 -0.047846470 -0.216589378 -0.415164492 -0.324535828 -1.957862359
1750922008.099976063 -2.660940618 0.044128256 0.923314610 -0.004698693 0.960544522 -0.047615540 -0.273979752 -0.117713159 -0.263484265 -1.970012037
1750922008.199975967 -2.549856080 0.046685910 1.075434858 -0.004310752 0.942937496 -0.047827136 -0.329488786 -0.123534095 -0.080611761 -1.875453801
1750922008.299976110 -2.410021610 0.057118679 1.203986663 -0.005125903 0.920617490 -0.042041853 -0.388161879 -0.157012723 -0.036909846 -1.705379214
1750922008.399976015 -2.272173768 0.060356296 1.300947896 -0.004467921 0.897753407 -0.041511585 -0.438515274 -0.192415989 -0.111790530 -1.779481057
1750922008.499975920 -2.129390004 0.066711717 1.382473958 -0.003378181 0.871710537 -0.038383430 -0.488503878 -0.120838496 0.006886075 -1.584980245
1750922008.599976063 -1.954956901 0.069427070 1.457146349 0.004236849 -0.838952671 0.035349622 0.543038552 -0.110757367 -0.063353113 -1.784396750
1750922008.699975967 -1.785570226 0.066438537 1.502248648 0.002906405 -0.806905286 0.033048856 0.589748408 -0.204988468 -0.109499398 -1.714285863
1750922008.799976110 -1.631371438 0.064236965 1.525848158 0.001884096 -0.771457775 0.030373483 0.635552361 -0.143854909 -0.147761774 -1.835604406
1750922008.899976015 -1.435106192 0.060640049 1.545952944 0.002254167 -0.729856264 0.026667340 0.683076574 -0.037539734 -0.041950714 -1.633115449
1750922008.999974966 -1.282880709 0.048986157 1.525128598 0.001705872 -0.692408137 0.025896478 0.721039135 -0.084002024 -0.091340807 -2.147129759
1750922009.099975109 -1.122502401 0.049253237 1.493234165 0.001774946 -0.650732271 0.021213424 0.759008796 -0.306034232 -0.091036051 -1.583233721
1750922009.199975014 -0.931700679 0.042120935 1.421126122 0.000099627 -0.602656817 0.017298869 0.797812948 -0.222228117 -0.105709793 -1.636836694
1750922009.299974918 -0.791008703 0.032922918 1.351415251 0.001579221 -0.558028128 0.015167392 0.829681906 0.040423431 0.091448573 -1.518408285
1750922009.399975061 -0.641917887 0.016727596 1.251426525 0.003953099 -0.510463990 0.013283477 0.859787437 -0.382218732 -0.319702315 -2.024569072
1750922009.499974966 -0.522016432 0.022576748 1.142000242 0.006404026 -0.456123518 0.011407645 0.889820314 -0.198190938 -0.144159847 -1.803489647
1750922009.599975109 -0.425699511 0.050086927 1.049612590 0.001284424 -0.407551419 0.009964909 0.913126986 -0.149270087 0.052043421 -1.581733730
1750922009.699975014 -0.310232092 0.023907510 0.901482716 0.006605210 -0.356778401 0.009205496 0.934120336 0.185616751 -0.235904641 -1.692852476
1750922009.799974918 -0.222238753 0.020995936 0.755082151 0.006103186 -0.299877084 0.009249554 0.953913482 -0.065479621 0.135585411 -1.249315854
1750922009.899975061 -0.149064010 -0.013845028 0.589244249 0.008763499 -0.246755096 0.005426744 0.969023051 0.174327438 -0.000442526 -1.387085221
1750922009.999974012 -0.081828846 0.005384345 0.453646321 0.006371400 -0.189742620 0.002662662 0.981809581 -0.286929381 -0.258395470 -1.691773746
1750922010.099973917 -0.051474165 -0.002567410 0.280888764 0.008686176 -0.129063356 0.001563891 0.991597073 -0.178647220 -0.159071203 -1.720117721
1750922010.199974060 -0.029581603 -0.001390865 0.124205783 0.003590171 -0.071664503 0.000480363 0.997422217 -0.082433189 0.055256905 -1.481761907
1750922010.299973965 -0.045090608 -0.010032193 -0.037281623 0.000369951 -0.018829114 -0.002468031 0.999819602 -0.337306390 0.311653399 -1.676774865
1750922010.399974108 -0.101789274 -0.004401225 -0.205422260 -0.004000091 0.038591273 -0.003085641 0.999242309 -0.514216330 -0.333807286 -1.540935539
1750922010.499974012 -0.139630637 -0.024845528 -0.356448734 0.000492554 0.095360365 -0.007252785 0.995416272 0.085870127 0.198259091 -1.463482293
1750922010.599973917 -0.203728611 -0.036669884 -0.502307553 0.000775153 0.147643689 -0.010308528 0.988986590 -0.253209069 -0.487275474 -1.619716590
1750922010.699974060 -0.265887379 -0.042407938 -0.660622721 -0.001918441 0.212617417 -0.016862482 0.976988132 -0.073811119 0.164604756 -1.512156890
