1750921983.200000048 -0.014279353 -0.007235350 -0.098110457 -0.000310226 0.032776475 -0.002972246 0.999458239 -0.320126581 -0.059945961 -1.670259350
1750921983.299999952 -0.050343726 -0.013203676 -0.253165905 -0.002194035 0.090328712 -0.008003136 0.995877432 -0.011750951 0.048746415 -1.660598520
1750921983.400000095 -0.120486270 -0.028560236 -0.417864737 -0.000231997 0.153815211 -0.012291572 0.988023150 -0.396912245 -0.264921422 -1.618185096
1750921983.500000000 -0.191014332 -0.033660375 -0.561268406 -0.004971879 0.212769455 -0.014970416 0.976975090 -0.321957288 -0.195244550 -1.647792002
1750921983.599999905 -0.275697179 -0.037952540 -0.684107900 -0.005531224 0.267315914 -0.019428126 0.963397195 -0.087052978 0.031428603 -1.634336069
1750921983.700000048 -0.383809584 -0.048133076 -0.831408443 -0.002502677 0.331427146 -0.024941979 0.943147751 -0.140440671 -0.095644793 -1.591012001
1750921983.799998999 -0.496231531 -0.046470131 -0.930312802 -0.002560822 0.383818875 -0.030434541 0.922903165 -0.116295250 -0.024098293 -1.625437059
1750921983.899998903 -0.625130554 -0.050268200 -1.019275119 -0.002080913 0.430248171 -0.031239311 0.902167549 -0.144427158 -0.131040905 -1.650215607
1750921983.999999046 -0.778695232 -0.053001841 -1.104163327 -0.001337289 0.480537038 -0.037392853 0.876175862 -0.176637834 -0.107354308 -1.702539261
1750921984.099998951 -0.920425621 -0.052345652 -1.165342871 -0.001804560 0.522546141 -0.039492029 0.851693991 -0.182419259 -0.129609878 -1.652450208
1750921984.199999094 -1.063705833 -0.051028736 -1.209130913 -0.001532094 0.562961228 -0.043305440 0.825346562 -0.220145977 -0.143522814 -1.633941097
1750921984.299998999 -1.243114228 -0.051227549 -1.244940826 -0.002989520 0.606973089 -0.045756051 0.793398460 -0.208567584 -0.175412237 -1.760396750
1750921984.399998903 -1.388600607 -0.045303125 -1.260756164 -0.002896481 0.644339637 -0.047411204 0.763262878 -0.139035339 0.079174068 -1.609627100
1750921984.499999046 -1.544392343 -0.042817067 -1.259746129 -0.002082760 0.683194735 -0.051246992 0.728432812 -0.146706813 0.041293766 -1.370344265
1750921984.599998951 -1.710591191 -0.032677844 -1.231844999 0.000522744 0.726491335 -0.053491801 0.685090282 -0.266481978 -0.294984320 -1.797824975
1750921984.699999094 -1.871138415 -0.021683498 -1.190784077 0.001459117 0.761604260 -0.054956814 0.645706258 -0.103856870 -0.137822932 -1.674295344
1750921984.799998999 -2.013944385 -0.007290593 -1.161335084 -0.003137151 0.799486199 -0.050967535 0.598510056 -0.080539716 0.192944396 -1.780962658
1750921984.899997950 -2.128932587 0.013295122 -1.082104817 -0.005437919 0.834096692 -0.047315887 0.549558317 -0.240712280 -0.086105530 -1.480282842
1750921984.999998093 -2.271630200 0.011938093 -0.987973111 -0.004750033 0.863075703 -0.052330291 0.502333862 -0.064682632 0.001308699 -1.562832715
1750921985.099997997 -2.391657265 0.014408859 -0.883409765 -0.002523827 0.889709710 -0.055055684 0.453187747 -0.182765791 -0.195599317 -1.748603314
1750921985.199997902 -2.520121283 0.022780585 -0.755736851 -0.004537175 0.916944150 -0.055694541 0.395083483 -0.132686723 -0.102797575 -1.701426682
1750921985.299998045 -2.608431277 0.031766077 -0.628144431 -0.004717936 0.937140620 -0.058593527 0.343965112 -0.306850523 -0.102353618 -1.454900494
1750921985.399997950 -2.685982226 0.027900192 -0.495438794 -0.006172359 0.955651198 -0.060340735 0.288186893 -0.099763857 -0.029206365 -1.604957332
1750921985.499998093 -2.756516664 0.032740603 -0.349376876 -0.006473375 0.972101701 -0.063113601 0.225816413 -0.107133617 -0.167845362 -1.592095536
1750921985.599997997 -2.804610998 0.045158758 -0.212924453 -0.008431402 0.983147652 -0.064383199 0.170892977 -0.092094016 0.036224225 -1.518834541
1750921985.699997902 -2.838585413 0.048287821 -0.066355754 -0.008182492 0.991086091 -0.065266193 0.115852199 -0.028965263 -0.221879057 -1.548669003
1750921985.799998045 -2.845699405 0.068347243 0.105155690 -0.006473863 0.996436130 -0.063713225 0.054897651 -0.127282939 -0.083948845 -1.501792502
1750921985.899996996 -2.840959263 0.082525488 0.260945778 -0.004602995 0.998023009 -0.062680690 -0.000128951 0.051518167 -0.068538814 -1.647332057
1750921985.999996901 -2.808523824 0.097099304 0.418297273 -0.002133782 0.996614083 -0.063607758 -0.052056407 -0.247439812 0.009957337 -1.687293787
1750921986.099997044 -2.756867423 0.112071245 0.598787657 -0.001126947 0.991368029 -0.062782956 -0.115093272 -0.179356513 -0.146762995 -1.689054416
1750921986.199996948 -2.688971659 0.120668254 0.750096487 0.001565379 0.983392784 -0.064232438 -0.169736193 -0.097058434 -0.051729626 -1.666490523
1750921986.299997091 -2.608187062 0.124594133 0.901494233 0.001112694 0.972186714 -0.066894422 -0.224447971 -0.070971775 -0.117333827 -1.687726557
1750921986.399996996 -2.504757789 0.128370817 1.050391593 -0.000422788 0.955806448 -0.067702036 -0.286094895 -0.255126297 -0.363912715 -1.654139865
1750921986.499996901 -2.401746223 0.140288521 1.166026308 -0.000235522 0.937712726 -0.066135269 -0.341058521 -0.236323676 -0.078680026 -1.638424569
1750921986.599997044 -2.282088934 0.145426514 1.264130392 0.002723947 0.918004299 -0.064598864 -0.391264199 -0.169761702 -0.141662266 -1.738243364
1750921986.699996948 -2.133534802 0.158012892 1.372698303 0.005426071 0.891694057 -0.059100723 -0.448730846 -0.117860675 -0.019151568 -1.697169226
1750921986.799997091 -1.993558028 0.167794000 1.446624524 0.004978481 0.864839323 -0.059267407 -0.498513325 -0.218358178 -0.075839536 -1.593167349
1750921986.899996996 -1.841068591 0.171199257 1.507582007 -0.005736448 -0.835781489 0.056299025 0.546138092 -0.212034112 -0.165486458 -1.765844081
1750921986.999995947 -1.662924344 0.174954553 1.555514105 -0.009264475 -0.800089752 0.053712516 0.597398965 -0.145741704 -0.132672281 -1.744896157
1750921987.099996090 -1.500039884 0.176243723 1.583986730 -0.009958308 -0.766422183 0.046239963 0.640593268 -0.233348243 -0.100071201 -1.459533888
1750921987.199995995 -1.316367673 0.174126460 1.597820541 -0.010212036 -0.729468506 0.044346590 0.682498933 -0.192673455 -0.093636719 -1.628041125
1750921987.299995899 -1.142032967 0.173013103 1.585031925 -0.011478203 -0.684585344 0.039843640 0.727752459 -0.026984319 -0.081720943 -1.903152178
1750921987.399996042 -0.979145223 0.156556105 1.539855731 -0.011846817 -0.643492612 0.035537380 0.764535157 -0.410683923 -0.032658013 -1.674979295
1750921987.499995947 -0.833445982 0.159926568 1.490451245 -0.016712466 -0.598262202 0.030056821 0.800562064 -0.080185805 -0.115438765 -1.460463676
1750921987.599996090 -0.632220250 0.182213254 1.429184031 -0.015898206 -0.541810833 0.025715732 0.839956528 0.372744463 0.039133677 -1.567760951
1750921987.699995995 -0.461027270 0.151690611 1.304834539 -0.014215274 -0.492667203 0.021993957 0.869823671 -0.110539891 -0.918759295 -2.019581452
1750921987.799995899 -0.363509121 0.130683888 1.219521349 -0.010410443 -0.441465499 0.022127815 0.896944924 0.265924701 -0.016115453 -1.381915006
1750921987.899996042 -0.237879253 0.122837055 1.103043329 -0.009732822 -0.383310659 0.020080191 0.923349878 0.050536334 0.145105811 -1.573948386
1750921987.999994993 -0.136582299 0.126390619 0.986513109 -0.011009552 -0.330944653 0.016771524 0.943436878 0.588497600 0.042215973 -1.431780667
1750921988.099994898 -0.079998053 0.104229486 0.803472622 -0.008105897 -0.284152253 0.014198532 0.958639762 -0.897092256 -0.061829255 -1.921284603
1750921988.199995041 -0.002068524 0.070086277 0.626229993 -0.005815780 -0.225566802 0.009526606 0.974163764 -0.458081099 0.028105025 -1.671927277
1750921988.299994946 0.055135568 0.058973715 0.469764610 -0.004713586 -0.170672657 0.007127407 0.985290732 -0.135249217 -0.180844695 -1.817584437
1750921988.399995089 0.094039096 0.052275609 0.302800484 -0.005800950 -0.115133176 0.002775010 0.993329251 -0.167496000 -0.170785694 -1.760687757
1750921988.499994993 0.097834545 0.039084747 0.113754110 -0.011238919 -0.058585054 0.000590753 0.998218979 -0.306534335 -0.164785489 -1.837789179
1750921988.599994898 0.089011953 -0.024616485 -0.045759680 0.005254338 -0.007576529 -0.010367356 0.999903748 -0.213630624 0.367789147 -1.591557604
1750921988.699995041 0.104991626 0.015796139 -0.225907091 -0.016890610 0.065073043 -0.009170764 0.997695396 0.147013096 -0.041053488 -1.815630940
1750921988.799994946 0.050446224 0.010521432 -0.404978106 -0.015760124 0.129187767 -0.013548776 0.991402325 -0.090159466 0.180505071 -1.768007403
1750921988.899995089 -0.004432931 -0.011080889 -0.574676668 -0.017550179 0.190836358 -0.019571086 0.981269814 0.166340822 -0.228063426 -1.955514022
1750921988.999994993 -0.088668990 -0.025387696 -0.729911349 -0.017357026 0.246942890 -0.024338167 0.968568839 -0.052653428 -0.245434345 -2.029393185
1750921989.099993944 -0.212041231 -0.043652534 -0.889205403 -0.010925585 0.301671519 -0.025231822 0.953015362 -0.094886129 0.131609080 -1.849485629
1750921989.199994087 -0.336170837 -0.048430658 -1.030612831 -0.011202103 0.353800725 -0.027367905 0.934853228 -0.146899721 -0.210569707 -1.942111661
1750921989.299993992 -0.462507310 -0.053936972 -1.145093838 -0.010774028 0.401659191 -0.030084462 0.915231523 -0.129243583 -0.079818062 -1.851863835
1750921989.399993896 -0.627438163 -0.064952520 -1.260667285 -0.011526932 0.456466565 -0.034385796 0.889001137 -0.083145052 -0.160920920 -1.775632997
1750921989.499994040 -0.782215296 -0.071062984 -1.355176530 -0.012717728 0.505798895 -0.039735830 0.861641922 -0.102505740 -0.093776485 -1.805209942
1750921989.599993944 -0.936003114 -0.078759293 -1.415751812 -0.010643298 0.551365928 -0.043139603 0.833079413 -0.203584836 -0.149625524 -1.524726202
1750921989.699994087 -1.124952526 -0.079373749 -1.475732956 -0.008860951 0.602388771 -0.047389373 0.796745568 -0.109174793 -0.112451913 -1.812091383
1750921989.799993992 -1.291540859 -0.082246695 -1.494353778 -0.007275169 0.643547907 -0.048423107 0.763837919 -0.154123641 -0.085096162 -1.748590915
1750921989.899993896 -1.460768960 -0.084628411 -1.508893343 -0.006506306 0.685220117 -0.052146451 0.726437751 -0.228554523 -0.087285183 -1.787359818
1750921989.999994040 -1.645303709 -0.081071326 -1.477488500 -0.000854539 0.728994591 -0.057501256 0.682099525 -0.166484882 -0.353239889 -1.966591728
1750921990.099992990 -1.812450813 -0.070826034 -1.456270319 0.000898635 0.769751900 -0.060734564 0.635446707 -0.220360649 0.027964760 -1.607495751
1750921990.199992895 -1.935608923 -0.039852070 -1.384314667 -0.004783357 0.802199312 -0.055945256 0.594410222 -0.473431160 -0.537745058 -1.464010441
1750921990.299993038 -2.106769936 -0.023561521 -1.318462298 -0.004032010 0.838383178 -0.056426068 0.542137888 0.104236697 0.169853080 -1.551428928
1750921990.399992943 -2.253800414 -0.016068103 -1.229588324 -0.003508210 0.864702385 -0.059704975 0.498711132 -0.100712767 -0.138105206 -1.716309015
1750921990.499993086 -2.385908297 0.005266419 -1.129047019 -0.005953736 0.888783173 -0.057228156 0.454702059 -0.050387115 0.114105462 -1.611806549
1750921990.599992990 -2.507077338 0.008213422 -0.993168939 -0.007610933 0.910465521 -0.058485941 0.409358039 -0.055804512 -0.074655828 -1.798630441
1750921990.699992895 -2.633894349 0.007703002 -0.858814838 -0.006199236 0.929597692 -0.061115708 0.363420652 -0.235762460 -0.249963142 -1.821631012
1750921990.799993038 -2.731595988 0.016752358 -0.712501218 -0.003432420 0.945455686 -0.063189468 0.319544763 -0.196574966 -0.078829332 -1.797743212
1750921990.899992943 -2.820821749 0.030096108 -0.542139025 -0.005611398 0.960331496 -0.064265935 0.271296553 -0.034285023 -0.040895479 -1.884678802
1750921990.999993086 -2.906130748 0.040287769 -0.391147314 -0.005608536 0.972145772 -0.068687015 0.224016153 0.179173172 -0.022599014 -1.941778101
1750921991.099992990 -2.959663019 0.047472588 -0.235497012 -0.010101527 0.981702599 -0.068660954 0.177323544 -0.017797398 -0.144510369 -1.588488145
1750921991.199991941 -3.008262715 0.073519284 -0.043198878 -0.007909184 0.990152000 -0.068604721 0.121777887 0.011298515 0.484412947 -1.557914969
1750921991.299992085 -2.996678543 0.092029442 0.132897640 -0.007212138 0.994867818 -0.067803932 0.074757184 -0.179288512 -0.077079526 -1.846123531
1750921991.399991989 -2.988709193 0.105689801 0.303095838 -0.004639866 0.997557263 -0.066134966 0.022003313 -0.103952783 -0.354788549 -2.067953835
1750921991.499991894 -2.985652887 0.117141485 0.511009980 -0.002637441 0.996435510 -0.069875688 -0.047187986 -0.089570218 0.060550929 -1.897786090
1750921991.599992037 -2.929611046 0.130208721 0.672523489 -0.001387544 0.992589407 -0.065103954 -0.102595413 -0.361474613 -0.309827894 -1.947978063
1750921991.699991941 -2.864550982 0.131176432 0.831260682 0.000974764 0.985148417 -0.066210040 -0.158423092 -0.061610562 -0.348188695 -1.775408873
1750921991.799992085 -2.767451932 0.143179352 0.978818620 -0.000285005 0.973461770 -0.066685213 -0.218918211 -0.262390802 -0.290650450 -1.662886973
1750921991.899991989 -2.672980360 0.149733350 1.131531768 0.001522199 0.958379100 -0.068556342 -0.277141142 -0.233957596 -0.174955652 -1.679435783
1750921991.999991894 -2.560768286 0.166553005 1.252467781 0.003054571 0.941502976 -0.064771415 -0.330707544 -0.221039869 -0.089166556 -1.616255254
1750921992.099992037 -2.424298137 0.168837851 1.362932588 0.004485313 0.919369273 -0.064302851 -0.388078813 -0.163266441 -0.184889656 -1.663664886
1750921992.199990988 -2.290235200 0.178071007 1.451432358 0.004692499 0.896574848 -0.059571120 -0.438842572 -0.113135797 -0.115970891 -1.722858982
1750921992.299990892 -2.156093927 0.183443950 1.520663410 0.005310754 0.870025924 -0.059681924 -0.489351362 -0.133737418 0.006290688 -1.230891642
1750921992.399991035 -1.994514903 0.189145872 1.585356412 -0.007127772 -0.838079322 0.058182078 0.542390165 -0.260970904 -0.085995273 -1.451743018
1750921992.499990940 -1.849500666 0.189252489 1.622042648 -0.011851384 -0.806335150 0.054084691 0.588861628 -0.235271648 -0.242688084 -1.765585094
1750921992.599991083 -1.687403849 0.182188430 1.640613480 -0.011450505 -0.773719203 0.043896689 0.631902336 -0.160407751 -0.056011672 -1.818768630
1750921992.699990988 -1.514303606 0.181730079 1.649104655 -0.013637748 -0.730030573 0.043237403 0.681909012 -0.204436370 -0.146985866 -1.586996987
1750921992.799990892 -1.367030139 0.172909279 1.626777613 -0.011681377 -0.691809587 0.038489554 0.720958803 -0.259273831 -0.104588005 -1.793329859
1750921992.899991035 -1.211774158 0.168887293 1.588057499 -0.012804509 -0.651932981 0.033877876 0.757411198 -0.274833647 0.005755155 -1.404443744
1750921992.999990940 -1.041729899 0.146753187 1.527955074 -0.014375028 -0.603736154 0.028676437 0.796538559 -0.476093796 -0.560577453 -1.794472757
1750921993.099991083 -0.901013585 0.144715807 1.458244824 -0.015723283 -0.558611811 0.025786897 0.828879158 -0.260305554 0.033323543 -1.565682718
1750921993.199990988 -0.747624085 0.085495831 1.367808180 -0.011690644 -0.511479592 0.024783087 0.858858402 1.062405277 -0.098809658 -1.818675293
1750921993.299989939 -0.576833983 0.113257339 1.257388072 -0.011617540 -0.456781172 0.018315597 0.889314642 0.814315236 -0.343389125 -2.533195139
1750921993.399990082 -0.471958257 0.120884035 1.158346067 -0.007992476 -0.404412721 0.015015076 0.914418405 0.108199641 -0.223311184 -1.448209090
1750921993.499989986 -0.373385847 0.123539911 1.028634065 -0.008314688 -0.353966546 0.016383930 0.935077599 -0.202728704 0.182604049 -1.272909620
1750921993.599989891 -0.279208112 0.104852251 0.876755803 -0.005596896 -0.296042314 0.011954287 0.955083618 -0.242371889 0.018514643 -1.554501586
1750921993.699990034 -0.216524458 0.088502160 0.710925073 -0.006888474 -0.244453983 0.011683416 0.969566035 -0.278950284 -0.272962050 -1.797302724
1750921993.799989939 -0.167685769 0.072271553 0.575726938 -0.004743948 -0.188918268 0.007583774 0.981952071 -0.030388549 -0.035052410 -1.605374106
1750921993.899990082 -0.138311963 0.065541484 0.397278123 -0.007215038 -0.127845382 0.005454678 0.991752866 -0.386096037 -0.148664440 -1.665904740
1750921993.999989986 -0.130778017 0.055214449 0.239980694 -0.006305341 -0.073355377 0.003674832 0.997279162 -0.224745370 -0.092048233 -1.685484332
1750921994.099989891 -0.136446766 0.042423374 0.080174290 -0.008818566 -0.018260325 0.000971001 0.999793904 -0.151908170 -0.017242874 -1.717493151
1750921994.199990034 -0.167528694 0.033074209 -0.095572878 -0.010754155 0.043024463 -0.002281892 0.999013532 -0.329404131 -0.130431480 -1.605184104
1750921994.299988985 -0.212635836 0.016835352 -0.249185193 -0.010721807 0.098093629 -0.005344863 0.995105078 -0.294540284 -0.127256740 -1.632251062
1750921994.399988890 -0.254690395 0.023578335 -0.383452626 -0.011125184 0.153614226 -0.009519261 0.988022410 -0.071088124 0.527899473 -0.992858042
1750921994.499989033 -0.338515747 -0.009460704 -0.545721601 -0.009134564 0.217173646 -0.015084213 0.975973685 -0.320602080 -0.167691456 -1.487514556
1750921994.599988937 -0.420405986 -0.018297032 -0.671569143 -0.008473854 0.273959136 -0.018930812 0.961517660 0.004678479 0.112919207 -1.477805599
1750921994.699989080 -0.520296783 -0.023264981 -0.769977511 -0.008047552 0.326040460 -0.023155166 0.945037932 -0.223088132 -0.099117271 -1.490782517
1750921994.799988985 -0.642017443 -0.029449214 -0.870048379 -0.007694164 0.384050449 -0.028808683 0.922830490 -0.351229155 -0.167388244 -1.413903385
1750921994.899988890 -0.762401435 -0.033999446 -0.945807313 -0.008180124 0.432577116 -0.033370916 0.900942010 -0.282904821 -0.051797239 -1.370671139
1750921994.999989033 -0.887718615 -0.033178227 -1.003998803 -0.006996597 0.478564026 -0.035717359 0.877298006 -0.248862672 -0.104385507 -1.488080606
1750921995.099988937 -1.042325822 -0.035382798 -1.065591229 -0.006169539 0.528218020 -0.039043191 0.848188239 -0.009439755 -0.011816178 -1.619967286
1750921995.199989080 -1.178906281 -0.036950175 -1.096442464 -0.006659293 0.568350431 -0.040857701 0.821744540 -0.161497964 -0.084592859 -1.651128932
1750921995.299988985 -1.332254670 -0.044446043 -1.129075665 -0.004894049 0.608556797 -0.045135182 0.792210508 -0.230968320 -0.180291847 -1.514097255
1750921995.399987936 -1.503124526 -0.046477503 -1.140997902 -0.001119705 0.650807796 -0.049946140 0.757597085 -0.254001844 -0.157185412 -1.461403210
1750921995.499988079 -1.650947802 -0.040419984 -1.141313295 -0.001555755 0.688911554 -0.051194473 0.723033593 -0.123392471 -0.040368775 -1.620786699
1750921995.599987984 -1.810199113 -0.029867147 -1.125310611 -0.003564924 0.725758053 -0.051666668 0.685997883 -0.338582406 -0.105074225 -1.616054239
1750921995.699987888 -1.993119341 -0.033086447 -1.072588094 -0.002209852 0.765773304 -0.055298865 0.640724901 -0.205936666 -0.345556394 -1.827951010
1750921995.799988031 -2.129220062 0.010018338 -1.048283673 -0.009506324 0.803949031 -0.051496395 0.592388138 -0.264137409 -0.150142628 -1.721859758
1750921995.899987936 -2.278412279 0.015008547 -0.976216052 -0.008486788 0.836986035 -0.050473347 0.544825470 -0.131200379 -0.129177404 -1.770884745
1750921995.999988079 -2.440667306 0.007774712 -0.869731904 -0.007845449 0.871634295 -0.054329186 0.487073346 -0.122683127 -0.223048856 -1.845629094
1750921996.099987984 -2.578540374 0.014374623 -0.767217776 -0.008124477 0.900206736 -0.054747214 0.431931208 -0.219816655 -0.125363480 -1.644838950
1750921996.199987888 -2.680478663 0.012306614 -0.646256950 -0.008767896 0.924379015 -0.058243590 0.376900842 -0.134206820 -0.172060681 -1.630292060
1750921996.299988031 -2.793295378 0.019462233 -0.507331866 -0.010195100 0.948245992 -0.060963062 0.311462844 0.015062362 -0.127111214 -1.663751830
1750921996.399986982 -2.879737951 0.022984564 -0.363908484 -0.012129872 0.965709304 -0.063466954 0.251456461 -0.052787172 -0.123385585 -1.712140212
1750921996.499986887 -2.941082028 0.030833567 -0.229301905 -0.011341989 0.978631984 -0.066797071 0.194136423 0.034011838 -0.150308330 -1.668478690
1750921996.599987030 -2.992869222 0.037279815 -0.057225497 -0.011538939 0.989023960 -0.064741968 0.132313786 -0.115520523 -0.077604441 -1.549525402
1750921996.699986935 -3.010040837 0.045294171 0.084287059 -0.008561595 0.994362614 -0.071176738 0.078125300 -0.344719888 -0.089481990 -1.680527598
1750921996.799987078 -3.011202913 0.051982093 0.236572037 -0.005407092 0.997124880 -0.071680695 0.023971112 -0.112012370 -0.121127127 -1.729239667
1750921996.899986982 -3.004684869 0.071394220 0.428947953 -0.006131729 0.996608456 -0.071848530 -0.039645625 -0.011537191 -0.281233629 -1.814722636
1750921996.999986887 -2.964130960 0.097100407 0.572127135 -0.001705138 0.993360918 -0.068298353 -0.092555470 -0.096892632 0.019681229 -1.648855416
1750921997.099987030 -2.938529409 0.096392367 0.765751849 -0.001043709 0.985348966 -0.069669326 -0.155667949 0.138315592 -0.237526367 -1.873363891
1750921997.199986935 -2.847159740 0.124860369 0.916193708 -0.001393301 0.975282544 -0.065416076 -0.211051547 0.007950729 -0.052750686 -1.839424030
1750921997.299987078 -2.762889410 0.132471890 1.073665995 0.001092729 0.961451087 -0.068316914 -0.266352046 -0.061048549 0.009767612 -1.775403501
1750921997.399986982 -2.649882287 0.141991014 1.202564958 0.003413153 0.946102789 -0.071347989 -0.315891323 -0.200022207 -0.050309111 -1.780461847
1750921997.499985933 -2.508742591 0.158015885 1.333633279 0.006276475 0.925705558 -0.068917376 -0.371860486 -0.174579511 -0.102230255 -1.849559401
1750921997.599986076 -2.380028418 0.179751516 1.437526996 0.005311109 0.903437040 -0.062596336 -0.424093157 -0.209415922 -0.085360168 -1.602829086
1750921997.699985981 -2.231978694 0.185948541 1.528734829 0.005540025 0.877500083 -0.060166119 -0.475755138 -0.047358223 -0.034862223 -1.774875148
1750921997.799985886 -2.055293527 0.191279804 1.614570906 -0.007335546 -0.844373526 0.060880466 0.532234072 -0.006065441 -0.269814393 -2.095289906
1750921997.899986029 -1.892752601 0.195699714 1.667589335 -0.010222052 -0.812130228 0.057922952 0.580504035 -0.075026616 -0.068868453 -1.768190006
1750921997.999985933 -1.738456366 0.197853764 1.696938203 -0.013144396 -0.777787135 0.052386628 0.626202874 -0.179439690 -0.078852941 -1.793116320
1750921998.099986076 -1.550137107 0.191136636 1.716837231 -0.012961622 -0.736749658 0.047054701 0.674401804 -0.084832159 -0.106303891 -1.634536892
1750921998.199985981 -1.364086911 0.208014518 1.716260130 -0.012702955 -0.696007679 0.041029456 0.716748582 -0.062902645 0.008083268 -2.126394792
1750921998.299985886 -1.209763364 0.210512952 1.688219866 -0.011577895 -0.652928851 0.037896570 0.756381992 0.067906240 0.039279755 -2.337656628
1750921998.399986029 -1.008403832 0.187315796 1.647158084 -0.013792624 -0.601563711 0.031150191 0.798098071 0.417300842 -0.436135990 -3.166135269
1750921998.499984980 -0.856608201 0.202299849 1.573845187 -0.016433881 -0.555921748 0.026808152 0.830639669 -0.063807393 0.244776982 -1.721381540
1750921998.599984884 -0.695427385 0.159288391 1.470660241 -0.012820978 -0.508179556 0.024456901 0.860808353 -0.423607268 -0.128137338 -1.959977578
1750921998.699985027 -0.553336357 0.157796361 1.354392318 -0.016754040 -0.452681984 0.022662891 0.891226524 -0.336858604 -0.094734503 -1.795562263
1750921998.799984932 -0.429791063 0.146787438 1.234381442 -0.014079264 -0.402582587 0.021551786 0.915021615 -0.173874924 -0.081812733 -1.886928690
1750921998.899985075 -0.332570190 0.140661783 1.113012500 -0.012956214 -0.350399724 0.019930462 0.936298535 -0.234857419 -0.268081281 -1.630604927
1750921998.999984980 -0.228882182 0.124895938 0.963807473 -0.010456442 -0.291521030 0.016213069 0.956369849 0.050368037 -0.191384698 -1.597616372
1750921999.099984884 -0.146129030 0.076229858 0.816284365 -0.002224918 -0.238677404 0.013347150 0.971004635 -0.233039605 -0.275243549 -1.971321351
1750921999.199985027 -0.104378500 0.081614798 0.622781644 -0.005287336 -0.190721635 0.007605562 0.981600457 -0.251645647 0.028821523 -1.603215899
1750921999.299984932 -0.035121457 0.080656481 0.439420911 -0.007332015 -0.124778543 0.003280914 0.992152101 0.074884682 0.020714422 -1.815775659
1750921999.399985075 -0.024672526 0.066910540 0.270213227 -0.008957931 -0.071703812 0.000405678 0.997385660 -0.171578812 -0.062793875 -2.033866078
1750921999.499984980 -0.028372832 0.055504854 0.088842113 -0.012378668 -0.016999012 -0.002136849 0.999776593 -0.209892547 0.010702845 -1.733086409
1750921999.599983931 -0.055036841 0.041243862 -0.115592364 -0.014818060 0.047165635 -0.005425790 0.998762429 0.105148883 0.316991406 -1.917079283
1750921999.699984074 -0.103120580 0.045730605 -0.284919824 -0.019683968 0.101069544 -0.010121321 0.994633122 -0.061778095 -0.398569050 -1.859382382
1750921999.799983978 -0.169801729 0.001059485 -0.445962205 -0.015138375 0.155445484 -0.012986138 0.987643099 -0.472394794 -0.416190704 -1.594350258
1750921999.899983883 -0.253680972 -0.008896565 -0.622425403 -0.012023403 0.218795905 -0.017074789 0.975547150 -0.312722342 0.175885082 -1.896644816
1750921999.999984026 -0.329814098 -0.016047224 -0.772997645 -0.012098858 0.274176905 -0.023336576 0.961319950 -0.305386836 0.002243551 -1.726605759
1750922000.099983931 -0.437764909 -0.027965682 -0.908352216 -0.012002096 0.327296240 -0.030335287 0.944358455 -0.003237031 -0.057304538 -1.852556146
1750922000.199984074 -0.579568319 -0.034336973 -1.046257490 -0.010402728 0.387686804 -0.032677210 0.921153041 -0.163531621 -0.045722776 -1.778009206
1750922000.299983978 -0.719646467 -0.040765109 -1.155305753 -0.010556554 0.438166003 -0.036959800 0.898071871 -0.073949017 -0.115073316 -1.815691033
1750922000.399983883 -0.867229037 -0.050176623 -1.239314370 -0.005494384 0.487777880 -0.040072952 0.872030223 -0.086384056 -0.152469258 -1.882186139
1750922000.499984026 -1.036396820 -0.053473286 -1.315394187 -0.005673479 0.541307218 -0.043142649 0.839698172 -0.136897023 -0.115058902 -1.668605603
1750922000.599982977 -1.205539857 -0.060199599 -1.369296584 -0.003176877 0.587214248 -0.044377493 0.808207877 0.075069292 -0.145102974 -1.906530424
1750922000.699982882 -1.353546489 -0.048614576 -1.404766542 -0.005664139 0.628836051 -0.049995388 0.775908242 -0.002031454 0.015979019 -1.624140685
1750922000.799983025 -1.539843599 -0.040124862 -1.426498999 -0.004292772 0.675502917 -0.054221330 0.735348508 0.067539018 -0.076473309 -1.802912805
1750922000.899982929 -1.707407580 -0.034370414 -1.421987807 -0.000666948 0.715238154 -0.056858420 0.696563750 -0.135114653 -0.112946903 -1.790967435
1750922000.999983072 -1.875169461 -0.023312483 -1.394103339 -0.000015222 0.752731419 -0.058963734 0.655681850 -0.203046028 0.096148402 -1.590274885
1750922001.099982977 -2.044575391 -0.011971379 -1.338123699 -0.000923000 0.793580037 -0.056442175 0.605841691 0.050268970 0.158003228 -1.709510514
1750922001.199982882 -2.211310947 0.001951754 -1.285887142 -0.002806908 0.828078623 -0.055948784 0.557806104 -0.014978363 -0.173578824 -1.961787390
1750922001.299983025 -2.351605975 0.006623165 -1.189673238 -0.003856787 0.856792312 -0.057187813 0.512466207 -0.202838833 -0.129386522 -1.832356835
1750922001.399982929 -2.511026419 0.013110380 -1.078035515 -0.004583312 0.889016804 -0.057904758 0.454175247 -0.079319872 -0.147282409 -1.744489312
1750922001.499983072 -2.627827163 0.014352323 -0.958755443 -0.006874737 0.913297909 -0.057800472 0.403111366 -0.079081765 -0.119409259 -1.558856439
1750922001.599982977 -2.741129138 0.028165011 -0.825755560 -0.007515818 0.935031904 -0.060342307 0.349310258 -0.283502731 -0.130548916 -1.624789324
1750922001.699981928 -2.845589039 0.033841953 -0.656260691 -0.007104270 0.954893877 -0.060714748 0.290587221 -0.259395578 -0.065147245 -1.662582011
1750922001.799982071 -2.931584358 0.034257060 -0.506321455 -0.007537001 0.969003318 -0.069802386 0.236861543 0.134189413 -0.125342438 -1.349833455
1750922001.899981976 -2.989344582 0.050300501 -0.368273825 -0.005960660 0.980819096 -0.068520411 0.182382357 -0.033613929 -0.030685894 -1.696145245
1750922001.999982119 -3.023583983 0.052112118 -0.195408857 -0.004899412 0.990013462 -0.070698638 0.121864853 -0.253391543 -0.387183958 -1.768236887
1750922002.099982023 -3.044362591 0.067312038 -0.029765569 -0.003321721 0.995218268 -0.070960644 0.067038441 -0.228153814 -0.058111687 -1.626168780
1750922002.199981928 -3.050435245 0.078157978 0.135216466 -0.001729616 0.997409034 -0.071188783 0.010216836 -0.313404776 -0.177962321 -2.002460199
1750922002.299982071 -3.034279088 0.114181683 0.339250375 0.000625257 0.996256187 -0.068340029 -0.052942045 0.087978427 0.402281255 -1.944728162
1750922002.399981976 -2.973246305 0.106382917 0.500945819 0.002336577 0.992192753 -0.071131193 -0.102413055 -0.236561263 -0.215066072 -1.904561157
1750922002.499982119 -2.916280923 0.117889058 0.676795296 0.001551946 0.985225871 -0.065553842 -0.158209568 -0.319777050 -0.445767146 -2.102950409
1750922002.599982023 -2.825431182 0.138959827 0.849689987 0.002888250 0.973694650 -0.064410225 -0.218544525 -0.005991656 -0.141005484 -1.843998387
1750922002.699980974 -2.729571601 0.152984208 1.008500741 0.002269864 0.959076354 -0.064544558 -0.275683507 0.149126955 -0.038259969 -1.846197445
1750922002.799981117 -2.609583755 0.161558045 1.133817507 0.004711342 0.942736890 -0.063865215 -0.327331931 -0.241747130 -0.287409640 -2.166505930
1750922002.899981022 -2.461491214 0.177746271 1.270877490 0.007159743 0.920310472 -0.059496405 -0.386571533 -0.016034812 0.014166774 -1.834403765
1750922002.999980927 -2.312619443 0.189516884 1.372830110 0.006219386 0.897444334 -0.055818597 -0.437537736 -0.218658762 -0.098409721 -1.741093919
1750922003.099981070 -2.163842464 0.192963459 1.456808466 0.008585562 0.871503068 -0.056664706 -0.487029570 -0.140714564 -0.109123885 -1.680383245
1750922003.199980974 -1.977979831 0.200292218 1.541563574 -0.008622622 -0.838339693 0.052067739 0.542587468 -0.092646537 -0.175220908 -2.002853999
1750922003.299981117 -1.818462980 0.198549490 1.583220116 -0.009450669 -0.806290571 0.049998130 0.589327062 -0.041880048 -0.029672690 -1.868157714
1750922003.399981022 -1.636284698 0.201139941 1.629546113 -0.010832074 -0.772076976 0.040806533 0.634125095 -0.070337423 -0.083451525 -1.743113073
1750922003.499980927 -1.446304879 0.192517352 1.633873958 -0.011286108 -0.732463606 0.042021613 0.679414361 -0.185730364 -0.184465773 -1.836085840
1750922003.599981070 -1.276143883 0.187551160 1.631960652 -0.009846969 -0.693648320 0.038027968 0.719241906 -0.080368403 -0.116518300 -1.703360545
1750922003.699980021 -1.119496079 0.183918459 1.596958562 -0.013239263 -0.653182905 0.033839490 0.756327775 -0.154220231 0.139649075 -1.373281727
1750922003.799979925 -0.929045430 0.160127869 1.535711319 -0.012370150 -0.606154898 0.031058406 0.794643690 -0.080298828 -0.296948628 -1.953155137
1750922003.899980068 -0.751219795 0.149078099 1.447151325 -0.012600694 -0.559991779 0.025434494 0.828011785 -0.071250813 -0.082433802 -1.789251999
1750922003.999979973 -0.608630193 0.147159473 1.369284679 -0.013483097 -0.511618626 0.025223444 0.858736493 -0.127647752 -0.002975453 -1.670371874
1750922004.099980116 -0.447347791 0.135264161 1.247987119 -0.010134144 -0.455031228 0.020185080 0.890188993 -0.233762618 -0.115150686 -1.773755494
1750922004.199980021 -0.342831447 0.135801542 1.138850419 -0.008397603 -0.404147307 0.019710944 0.914442952 -0.520389582 0.160914943 -1.916261001
1750922004.299979925 -0.248919816 0.137183423 0.986365154 -0.006294359 -0.356823566 0.018243601 0.933972427 -0.530111027 0.631588754 -1.679059503
1750922004.399980068 -0.156465221 0.139646328 0.838996038 -0.010749476 -0.299790810 0.014688599 0.953831308 0.208599420 0.142521580 -1.503275884
1750922004.499979973 -0.071317500 0.119596674 0.680530634 -0.011392029 -0.247138004 0.011402276 0.968846230 -0.777408699 0.358081764 -2.057519258
1750922004.599980116 -0.010438861 0.113362898 0.562921010 -0.009779411 -0.191426682 0.009606583 0.981411179 -0.302661861 0.277404547 -1.747203244
1750922004.699980021 0.026594375 0.106252263 0.352622133 -0.011404271 -0.132027213 0.007144993 0.991154734 -0.193858902 -0.048883174 -1.626951770
1750922004.799978971 0.043343038 0.076336985 0.183327457 -0.011571714 -0.077845348 0.005052691 0.996885484 -0.191550582 -0.423189197 -1.855097255
1750922004.899979115 0.040645082 0.081843242 0.007334859 -0.018633808 -0.022917180 0.002236211 0.999561195 -0.016919997 -0.090713168 -1.839668627
1750922004.999979019 0.027564056 0.020363831 -0.189567073 -0.011028355 0.042894974 -0.001527947 0.999017548 0.220147085 -0.559592618 -1.910355939
1750922005.099978924 -0.019972629 0.023155682 -0.359868595 -0.014471116 0.097602237 -0.007193439 0.995094289 0.052355709 -0.231355264 -1.815032742
1750922005.199979067 -0.095814015 0.004198003 -0.520887964 -0.014871511 0.153157262 -0.011988270 0.988017192 -0.072831741 0.067948739 -1.842217190
1750922005.299978971 -0.174011952 -0.007234711 -0.692966284 -0.019205573 0.219929257 -0.016844799 0.975181276 -0.052127974 -0.092448768 -1.812348659
1750922005.399979115 -0.266326731 -0.022832230 -0.840079405 -0.017167250 0.276605296 -0.023851504 0.960534175 -0.164794035 -0.149970495 -1.812232033
1750922005.499979019 -0.375192834 -0.034329758 -0.976883034 -0.014473754 0.332214792 -0.026646941 0.942716173 0.041716740 -0.064318973 -1.854014032
1750922005.599978924 -0.519577811 -0.047179765 -1.099163091 -0.012403553 0.387822193 -0.030261264 0.921153817 -0.124408562 -0.092417569 -1.851548239
1750922005.699979067 -0.646257064 -0.049965620 -1.210306971 -0.014654478 0.440197538 -0.034099765 0.897133535 -0.236519000 -0.116834200 -1.684904745
1750922005.799978018 -0.787140907 -0.053190171 -1.290590492 -0.013990478 0.488432679 -0.037036748 0.871702968 -0.166078265 -0.084868254 -1.782123731
1750922005.899977922 -0.961830115 -0.058620266 -1.365582434 -0.012788066 0.540748721 -0.041402651 0.840067322 -0.184762599 -0.060762611 -1.702868342
1750922005.999978065 -1.114997237 -0.063489692 -1.407554850 -0.011327399 0.584388876 -0.044586058 0.810168757 -0.151396850 -0.135477378 -1.670024841
1750922006.099977970 -1.281072562 -0.066128414 -1.437014113 -0.010686326 0.627184127 -0.047557020 0.777344327 -0.180585328 -0.029276521 -1.609835140
1750922006.199978113 -1.460687724 -0.064133716 -1.444611579 -0.007643651 0.672961152 -0.050781897 0.737892987 -0.132549494 -0.152015855 -1.614770036
1750922006.299978018 -1.627269616 -0.057345461 -1.434866567 -0.004246513 0.712951257 -0.054054168 0.699114167 -0.158056239 0.014534520 -1.551802120
1750922006.399977922 -1.793578274 -0.043267375 -1.417490814 -0.003810415 0.753600278 -0.056280779 0.654908067 -0.212179013 -0.143888621 -1.812968381
1750922006.499978065 -1.969696720 -0.027094917 -1.348306135 -0.007556928 0.791022234 -0.052177232 0.609511488 -0.481658849 0.002521880 -1.633503633
1750922006.599977970 -2.132923923 -0.013728942 -1.305194924 -0.008171034 0.826609789 -0.051609851 0.560344461 -0.644676371 -0.311847656 -1.977444761
1750922006.699978113 -2.275588941 -0.006475265 -1.223284507 -0.009978917 0.856446757 -0.053949984 0.513311575 -0.002619331 -0.276216047 -1.662642317
1750922006.799978018 -2.426698752 -0.001720010 -1.113631531 -0.010334854 0.889516451 -0.052105404 0.453804695 -0.175801089 -0.139242442 -1.802368316
1750922006.899976969 -2.541443232 0.004538221 -0.988159277 -0.010217778 0.913745215 -0.055118579 0.402401816 -0.156269369 0.154904908 -1.754460731
1750922006.999977112 -2.653426150 0.002594744 -0.850504866 -0.011051291 0.935423781 -0.055499658 0.348969922 -0.170061437 -0.148571274 -1.891199773
1750922007.099977016 -2.753272348 0.014428505 -0.692464244 -0.012307572 0.955517230 -0.058408944 0.288831686 -0.083110373 -0.096486635 -1.776582631
1750922007.199976921 -2.840650098 0.016485214 -0.532555442 -0.010831087 0.970046831 -0.061368247 0.234788781 -0.091346076 -0.130540381 -1.674536456
1750922007.299977064 -2.894703451 0.027435742 -0.400115230 -0.011042188 0.981404775 -0.062354269 0.181203428 0.164767255 -0.301154874 -1.566522787
1750922007.399976969 -2.938861573 0.039862781 -0.236435384 -0.011530338 0.990357335 -0.066557849 0.120952274 -0.214831813 -0.289326557 -1.801299852
1750922007.499977112 -2.965983652 0.039132236 -0.070275501 -0.008718862 0.995138604 -0.069835616 0.068892146 -0.102540127 -0.080187019 -1.571441182
1750922007.599977016 -2.951325310 0.048186583 0.090645798 -0.007199552 0.997514656 -0.067374971 0.019320759 -0.518134259 -0.376714224 -1.986740463
1750922007.699976921 -2.927388367 0.070812083 0.288634221 -0.004146089 0.996781395 -0.067499682 -0.043051742 -0.093991083 0.172117555 -1.665521394
1750922007.799977064 -2.884167444 0.075745942 0.472546099 -0.004614215 0.992495511 -0.071235830 -0.099281554 -0.149190605 -0.091796741 -1.978040363
1750922007.899976015 -2.822191853 0.100903203 0.647508837 -0.001100789 0.985569902 -0.065698354 -0.155995134 -0.122721742 -0.156424708 -1.945956714
1750922007.999975920 -2.719218980 0.094173340 0.828990549 -0.001981679 0.973833777 -0.071875685 -0.215586952 -0.323283024 -0.521490374 -1.973590746
1750922008.099976063 -2.626373304 0.109804165 0.973121783 0.000286831 0.959691552 -0.073070416 -0.271390413 -0.040903537 -0.187870604 -1.836445247
1750922008.199975967 -2.512655747 0.117397967 1.111947395 -0.000910668 0.943206396 -0.073130055 -0.324056879 -0.108498548 -0.019552527 -1.877336233
1750922008.299976110 -2.371295436 0.136275910 1.258609863 0.001245511 0.920325242 -0.068081782 -0.385181476 -0.122892163 0.001698636 -1.777241391
1750922008.399976015 -2.238469923 0.150742458 1.352315249 0.002667975 0.897700299 -0.065247008 -0.435740614 -0.139672108 -0.086961988 -1.909686464
1750922008.499975920 -2.090268047 0.157292533 1.432032959 0.005074357 0.871846208 -0.062964003 -0.485689176 -0.164638739 -0.225932662 -1.766083453
1750922008.599976063 -1.911729895 0.164608526 1.514407174 -0.006789253 -0.838740121 0.059975343 0.541176379 -0.069151931 -0.113531376 -1.877220083
1750922008.699975967 -1.755460228 0.175516449 1.558522243 -0.006775820 -0.806270451 0.053317099 0.589100446 -0.124335135 -0.157325650 -1.837790898
1750922008.799976110 -1.583810258 0.171087713 1.583585963 -0.008313256 -0.771307264 0.051740858 0.634301882 -0.253190177 -0.121526502 -1.600242024
1750922008.899976015 -1.398128399 0.170579738 1.585987166 -0.009509056 -0.731099853 0.048546200 0.680474723 -0.254619847 -0.041370358 -1.499089022
1750922008.999974966 -1.241329061 0.171114484 1.567982507 -0.010917938 -0.693503234 0.044965420 0.718966045 -0.392975368 0.133579833 -1.256956663
1750922009.099975109 -1.059488421 0.173203335 1.524015466 -0.011915411 -0.651623515 0.039567013 0.757416180 -0.270954653 0.004827619 -2.010991591
1750922009.199975014 -0.872520590 0.164775164 1.483437090 -0.014184618 -0.600597463 0.034015354 0.798701721 0.136865105 0.095924263 -1.631298292
1750922009.299974918 -0.732404221 0.167064376 1.403371427 -0.014685360 -0.555732377 0.030238933 0.830681330 -0.157087330 -0.034044804 -1.503857478
1750922009.399975061 -0.576861766 0.146345344 1.306670273 -0.012077115 -0.507522255 0.025738273 0.861169464 -0.385333464 -0.347843012 -1.777979584
1750922009.499974966 -0.431688984 0.136010364 1.176103063 -0.008776231 -0.451632691 0.022175668 0.891885155 -0.296317930 -0.109813770 -1.657736885
1750922009.599975109 -0.366420018 0.192766309 1.136145994 -0.019725774 -0.403550752 0.022655143 0.914464012 0.945257469 0.502011588 -0.724537100
1750922009.699975014 -0.276332124 0.138828419 0.936073955 -0.010251704 -0.358476622 0.018816716 0.933292744 -0.070218084 -0.273247052 -1.565032846
1750922009.799974918 -0.175236840 0.103109491 0.758939571 -0.006681126 -0.299870637 0.016354016 0.953816287 -0.247282628 -0.591923461 -1.935548402
1750922009.899975061 -0.119986873 0.097112305 0.590463121 -0.010411609 -0.250000079 0.011422193 0.968122457 -0.407793078 0.185922625 -1.688668315
1750922009.999974012 -0.049137680 0.096835434 0.465115785 -0.011330062 -0.190309227 0.007259867 0.981631969 -0.252825624 -0.176126654 -1.729372616
1750922010.099973917 -0.020899134 0.067513396 0.282691586 -0.006251305 -0.129166168 0.005413594 0.991588481 -0.195953292 -0.153235248 -1.647296628
1750922010.199974060 -0.011262377 0.069036141 0.126415337 -0.012652965 -0.074781908 0.002947836 0.997115279 -0.168080937 -0.017306088 -1.737746320
1750922010.299973965 -0.022848793 0.054075900 -0.031455626 -0.015726670 -0.020898759 -0.000757981 0.999657611 -0.396316660 0.354114466 -1.557462245
1750922010.399974108 -0.054239020 0.043634993 -0.210814781 -0.017654609 0.043867812 -0.001380128 0.998880386 -0.393175090 -0.059561857 -1.448462485
1750922010.499974012 -0.111730812 0.016449704 -0.366000054 -0.013435025 0.096498917 -0.010040380 0.995191765 -0.278305198 -0.188040962 -1.520914203
1750922010.599973917 -0.172371093 0.004142370 -0.505039765 -0.013884658 0.150001849 -0.015568563 0.988465620 -0.335006802 -0.615220855 -1.688766006
1750922010.699974060 -0.264133186 -0.012012476 -0.656386514 -0.013719649 0.206919992 -0.019646948 0.978064357 -0.361244777 -0.087209972 -1.567688024
1750922010.799973965 -0.346790049 -0.033667820 -0.801432075 -0.007848978 0.263163274 -0.024422280 0.964410202 -0.302885988 -0.228147574 -1.628553094
1750922010.899974108 -0.450206464 -0.040030001 -0.912256646 -0.004899170 0.313937814 -0.028916699 0.948990449 -0.333799878 0.012631680 -1.476314036
1750922010.999974012 -0.579500023 -0.043010304 -1.028770577 -0.007276182 0.372161605 -0.032519368 0.927569560 -0.196259960 -0.069742277 -1.614709495
1750922011.099972963 -0.711817691 -0.046694859 -1.122867901 -0.006337850 0.422354272 -0.036304858 0.905681322 -0.153021642 -0.114152607 -1.731425457
1750922011.199973106 -0.848210846 -0.052654166 -1.195584498 -0.003667971 0.470759706 -0.039111345 0.881386492 -0.238505963 -0.063932110 -1.571679820
1750922011.299973011 -1.007946054 -0.053710831 -1.259762255 -0.002652516 0.525893136 -0.043713536 0.849422451 -0.138198450 -0.117897300 -1.630237582
1750922011.399972916 -1.159117357 -0.058946784 -1.299117141 -0.001480103 0.571045161 -0.044308792 0.819720662 -0.176435460 -0.116108792 -1.617544263
1750922011.499973059 -1.289995089 -0.049619762 -1.328610548 -0.000726710 0.614246792 -0.045963739 0.787773879 -0.130996062 -0.018769481 -1.299871755
1750922011.599972963 -1.461529091 -0.043334829 -1.351159428 -0.001045361 0.663671864 -0.051034311 0.746280150 -0.196521822 -0.156531182 -1.610264801
1750922011.699973106 -1.625424512 -0.035960391 -1.345720588 0.000523363 0.704537173 -0.053519223 0.707645950 -0.040880474 0.082731990 -1.642873838
1750922011.799973011 -1.748954151 -0.023748039 -1.302666311 -0.001309069 0.741040326 -0.051719873 0.669464395 -0.183471414 0.010069243 -1.392918630
1750922011.899972916 -1.926055596 -0.018794593 -1.265881981 -0.000058557 0.783357299 -0.055108407 0.619123899 -0.015756968 0.024189210 -1.622042748
1750922011.999973059 -2.079247524 -0.017890051 -1.187851924 0.001337985 0.816372890 -0.053948495 0.574998325 -0.410986695 -0.503667792 -2.175341604
1750922012.099972010 -2.211988380 0.000412868 -1.132818655 -0.000384301 0.849699823 -0.052469086 0.524649462 -0.094908388 0.058935711 -1.411791592
1750922012.199971914 -2.349233976 0.005456070 -1.005038694 -0.001525503 0.879885644 -0.055573270 0.471922174 -0.221898048 -0.070264917 -1.648702770
1750922012.299972057 -2.461404941 0.009035541 -0.897159261 -0.002473736 0.905242111 -0.056204547 0.421155138 -0.223017526 -0.085529412 -1.609082190
1750922012.399971962 -2.560231816 0.019864702 -0.784336181 -0.004510409 0.926993654 -0.057344201 0.370640073 -0.173823609 -0.044794772 -1.490055699
1750922012.499972105 -2.649432504 0.027658014 -0.641581755 -0.006964841 0.947516963 -0.058911320 0.314153708 -0.012168395 -0.151246150 -1.635994972
1750922012.599972010 -2.721423564 0.032019330 -0.503379369 -0.006021271 0.963134980 -0.061626297 0.261795634 -0.191547098 -0.128500836 -1.588873052
1750922012.699971914 -2.779694118 0.041700953 -0.361971850 -0.006488202 0.976029883 -0.063523402 0.208058522 -0.116520335 -0.148867391 -1.626113594
1750922012.799972057 -2.823776737 0.050492843 -0.203415456 -0.005948264 0.987059692 -0.064995003 0.146469899 -0.108804499 -0.126270437 -1.472375386
1750922012.899971962 -2.840502100 0.058062975 -0.054795518 -0.004437488 0.993374250 -0.065906374 0.094043915 -0.173437721 -0.243664223 -1.580913517
1750922012.999972105 -2.846472293 0.077065750 0.095603624 -0.003816846 0.997270954 -0.062653709 0.038866292 -0.247968925 -0.120370484 -1.630872907
1750922013.099972010 -2.824250726 0.077214503 0.281661788 -0.000966524 0.997566378 -0.065696307 -0.023332002 -0.118875794 -0.395658626 -1.567259638
1750922013.199970961 -2.790809578 0.090764499 0.427156266 -0.001016406 0.994877082 -0.065733848 -0.076795962 -0.224130076 -0.116901971 -1.658661224
1750922013.299971104 -2.738700606 0.104029561 0.566986252 0.002574573 0.989757890 -0.063779693 -0.127690412 -0.184823703 -0.050657984 -1.266290900
1750922013.399971008 -2.687731216 0.122065650 0.681886259 0.004411158 0.980658217 -0.061357935 -0.185809601 0.014656621 0.045458242 -1.132765741
1750922013.499970913 -2.629997327 0.115988609 0.751237302 0.005446175 0.970051247 -0.062971291 -0.234532585 -0.022203976 0.001639741 -0.784464994
1750922013.599971056 -2.590443725 0.120489580 0.795753477 0.005963611 0.958683853 -0.062490699 -0.277461021 -0.293505584 -0.076116488 -0.450608995
1750922013.699970961 -2.560305800 0.125304852 0.817441056 0.005488322 0.948625691 -0.062076398 -0.310202673 -0.222503018 -0.011660589 -0.271496933
1750922013.799971104 -2.543456863 0.127331057 0.818092792 0.004713062 0.942140194 -0.061042904 -0.329580652 -0.225279144 0.091194342 0.030282425
1750922013.899971008 -2.528399990 0.123428808 0.811319684 0.004576579 0.934749227 -0.062375652 -0.349760226 -0.194726486 0.112412111 0.137724097
1750922013.999970913 -2.516953217 0.121518131 0.780566015 0.005214096 0.926031742 -0.062135858 -0.372259534 -0.311568275 -0.073001354 0.052267884
1750922014.099971056 -2.517722794 0.121329613 0.756244130 0.005074017 0.918339361 -0.061610258 -0.390936373 -0.227364759 0.061411726 0.245027444
1750922014.199970007 -2.519970521 0.119864149 0.733277971 0.005545806 0.911049138 -0.060861012 -0.407743361 -0.267193683 0.174253811 0.237846927
1750922014.299969912 -2.529199238 0.124461378 0.704995956 0.004877119 0.903429753 -0.058463354 -0.424703345 -0.321032374 0.151134209 0.313324463
1750922014.399970055 -2.484523707 0.025551825 0.740051686 0.010226032 0.898203383 -0.074879851 -0.433034777 0.039978336 -2.445568983 -1.236537013
1750922014.499969959 -2.481804720 0.107036595 0.717215493 0.006595946 0.894972963 -0.067464881 -0.440940335 2.012854899 -0.212353331 0.868420514
1750922014.599970102 -2.496077087 0.050179575 0.771185028 0.017727019 0.895018643 -0.088688681 -0.436762749 0.000000000 -0.000000000 -0.000000000
1750922014.699970007 -2.496077087 0.050179575 0.771185028 0.017727019 0.895018643 -0.088688681 -0.436762749 0.000000000 -0.000000000 -0.000000000
1750922014.799969912 -2.496077087 0.050179575 0.771185028 0.017727019 0.895018643 -0.088688681 -0.436762749 0.000000000 -0.000000000 -0.000000000
1750922014.899970055 -2.496077087 0.050179575 0.771185028 0.017727019 0.895018643 -0.088688681 -0.436762749 0.000000000 -0.000000000 -0.000000000
1750922014.999969959 -2.496077087 0.050179575 0.771185028 0.017727019 0.895018643 -0.088688681 -0.436762749 0.000000000 -0.000000000 -0.000000000
1750922015.099970102 -2.496077087 0.050179575 0.771185028 0.017727019 0.895018643 -0.088688681 -0.436762749 0.000000000 -0.000000000 -0.000000000
1750922015.199970007 -2.496077087 0.050179575 0.771185028 0.017727019 0.895018643 -0.088688681 -0.436762749 0.000000000 -0.000000000 -0.000000000
1750922015.299968958 -2.496077087 0.050179575 0.771185028 0.017727019 0.895018643 -0.088688681 -0.436762749 0.000000000 -0.000000000 -0.000000000
1750922015.399969101 -2.496077087 0.050179575 0.771185028 0.017727019 0.895018643 -0.088688681 -0.436762749 0.000000000 -0.000000000 -0.000000000
1750922015.499969006 -2.496077087 0.050179575 0.771185028 0.017727019 0.895018643 -0.088688681 -0.436762749 0.000000000 -0.000000000 -0.000000000
