1750921983.200000048 0.037037484 0.311435963 0.524408086 0.021715116 -0.725150656 0.035374253 0.687338085 -0.348478830 -0.065255120 -1.818187114
1750921983.299999952 0.209285561 0.318263362 0.505518210 0.022026536 -0.684276780 0.031702356 0.728199891 -0.012791683 0.053063678 -1.807670665
1750921983.400000095 0.397183904 0.315122345 0.451322859 0.024024772 -0.636147817 0.031363334 0.770555064 -0.432065074 -0.288384385 -1.761500865
1750921983.500000000 0.561297764 0.321176433 0.393671453 0.020476623 -0.588918342 0.026870294 0.807486150 -0.350471675 -0.212536529 -1.793729929
1750921983.599999905 0.705034680 0.325978365 0.318061380 0.021139717 -0.542529437 0.024136401 0.839423824 -0.094762890 0.034212101 -1.779082261
1750921983.700000048 0.878689580 0.326150364 0.220449684 0.024478568 -0.484657821 0.023337417 0.874049747 -0.152878904 -0.104115645 -1.731921165
1750921983.799998999 0.999739809 0.334717250 0.111615941 0.026187449 -0.434675253 0.020000741 0.899984229 -0.126595025 -0.026232576 -1.769395103
1750921983.899998903 1.112705415 0.336146382 -0.016135313 0.024959540 -0.388357536 0.020031720 0.920952863 -0.157218457 -0.142646640 -1.796368182
1750921983.999999046 1.224404993 0.337887584 -0.171093983 0.027651425 -0.335430886 0.016599825 0.941512594 -0.192281895 -0.116862222 -1.853325919
1750921984.099998951 1.308726859 0.341393421 -0.316409250 0.026847596 -0.289252292 0.014833885 0.956761346 -0.198575357 -0.141088873 -1.798800692
1750921984.199999094 1.374458986 0.344016356 -0.465651151 0.027835201 -0.242673295 0.012381885 0.969629601 -0.239643370 -0.156234019 -1.778652308
1750921984.299998999 1.436439312 0.343579815 -0.654910477 0.026407333 -0.189616084 0.009409242 0.981458027 -0.227039528 -0.190947752 -1.916307600
1750921984.399998903 1.471924566 0.348633037 -0.810264180 0.025696284 -0.142279268 0.008050658 0.989460205 -0.151349107 0.086186178 -1.752184924
1750921984.499999046 1.490929285 0.348239870 -0.978810355 0.026939629 -0.090374818 0.005642581 0.995527403 -0.159700011 0.044950979 -1.491709826
1750921984.599998951 1.481655393 0.353520234 -1.162282047 0.027840050 -0.029130714 0.005407246 0.999173206 -0.290083153 -0.321109826 -1.957050684
1750921984.699999094 1.457394357 0.358649098 -1.341361434 0.027435806 0.023650638 0.004416479 0.999333988 -0.113055031 -0.150029323 -1.822580559
1750921984.799998999 1.443032040 0.368853734 -1.499881384 0.019021091 0.083788111 0.002677185 0.996298441 -0.087672776 0.210032660 -1.938694943
1750921984.899997950 1.370878198 0.381817609 -1.634916973 0.012464841 0.143160110 0.002296292 0.989618380 -0.262031142 -0.093731530 -1.611385195
1750921984.999998093 1.288201059 0.369103063 -1.801151768 0.014610812 0.197798700 -0.001651456 0.980132374 -0.070411298 0.001424605 -1.701246159
1750921985.099997997 1.190997270 0.360035115 -1.944342876 0.016112508 0.252327377 -0.003051736 0.967502955 -0.198952579 -0.212922716 -1.903469670
1750921985.199997902 1.069484493 0.355119408 -2.099792948 0.013034090 0.313748836 -0.006554945 0.949393919 -0.144438222 -0.111901919 -1.852114804
1750921985.299998045 0.942770139 0.351649522 -2.211862181 0.013265849 0.365397605 -0.010076630 0.930702460 -0.334026968 -0.111418642 -1.583754840
1750921985.399997950 0.810267484 0.333986001 -2.312578234 0.011757032 0.419339866 -0.013993717 0.907645319 -0.108599517 -0.031793048 -1.747101574
1750921985.499998093 0.661702487 0.324695264 -2.407686756 0.011717663 0.476906810 -0.018015342 0.878691094 -0.116621986 -0.182710712 -1.733100664
1750921985.599997997 0.519901679 0.324922940 -2.477540237 0.009811388 0.525231987 -0.022116710 0.850615041 -0.100250391 0.039432450 -1.653351254
1750921985.699997902 0.366174068 0.314433919 -2.533157415 0.009191824 0.571657683 -0.024381736 0.820078371 -0.031530593 -0.241529941 -1.685828027
1750921985.799998045 0.180598081 0.320574041 -2.563457200 0.007691508 0.620789563 -0.024213040 0.783565497 -0.138555847 -0.091383837 -1.634799874
1750921985.899996996 0.010925309 0.321982303 -2.578754434 0.006950631 0.663012829 -0.024128108 0.748186816 0.056080912 -0.074609005 -1.793229248
1750921985.999996901 -0.164074453 0.324211737 -2.564337459 0.008246413 0.700996586 -0.024843675 0.712684064 -0.269354503 0.010839216 -1.836730219
1750921986.099997044 -0.366539881 0.325154460 -2.532132886 0.007172487 0.744647872 -0.025980832 0.666913111 -0.195241356 -0.159761169 -1.838646779
1750921986.199996948 -0.539131366 0.322129069 -2.478444877 0.009192194 0.780326135 -0.027113667 0.624717116 -0.105654487 -0.056311099 -1.814084498
1750921986.299997091 -0.713090979 0.314277197 -2.410701667 0.010150454 0.813822823 -0.031471019 0.580171489 -0.077257443 -0.127725585 -1.837201317
1750921986.399996996 -0.887296231 0.306925020 -2.318164143 0.009050778 0.848992723 -0.035772215 0.527114587 -0.277721748 -0.396142916 -1.800639995
1750921986.499996901 -1.026327505 0.311397165 -2.222051704 0.007522029 0.878045674 -0.037000671 0.477085069 -0.257253858 -0.085648381 -1.783532862
1750921986.599997044 -1.148052810 0.310418382 -2.105500065 0.008013319 0.902575094 -0.036035641 0.428946872 -0.184796774 -0.154208690 -1.892192183
1750921986.699996948 -1.285467298 0.317130190 -1.959289078 0.005464981 0.928060973 -0.033042090 0.370919378 -0.128299094 -0.020847741 -1.847480283
1750921986.799997091 -1.384202681 0.323760887 -1.817816364 0.005242517 0.947445374 -0.035886471 0.317855218 -0.237697233 -0.082556321 -1.734267403
1750921986.899996996 -1.470042616 0.324887403 -1.660968053 0.003602941 0.963735298 -0.035717519 0.264434402 -0.230813071 -0.180142889 -1.922237378
1750921986.999995947 -1.545226699 0.328063013 -1.474736800 0.004254338 0.978454016 -0.034004604 0.203600899 -0.158649427 -0.144422500 -1.899434186
1750921987.099996090 -1.597244385 0.330026424 -1.302423375 -0.000531071 0.988279629 -0.030829835 0.149507909 -0.254014904 -0.108934081 -1.588798594
1750921987.199995995 -1.635905708 0.330016432 -1.105666920 -0.001290510 0.995063694 -0.031704632 0.094028700 -0.209737723 -0.101929725 -1.772229801
1750921987.299995899 -1.644759797 0.333318503 -0.915613133 -0.003106209 0.999074596 -0.030381883 0.030286047 -0.029374205 -0.088958619 -2.071706269
1750921987.399996042 -1.615893895 0.322681077 -0.733313383 -0.005332762 0.999239275 -0.029468366 -0.024980942 -0.447056451 -0.035550394 -1.823325085
1750921987.499995947 -1.581963941 0.333600254 -0.569636082 -0.005286456 0.996236911 -0.024474040 -0.082976455 -0.087287521 -0.125662685 -1.589810730
1750921987.599996090 -1.544146069 0.367176269 -0.345001219 -0.007811119 0.988124982 -0.024839155 -0.151429930 0.405756854 0.042599580 -1.706610868
1750921987.699995995 -1.429849312 0.348588489 -0.143145192 -0.010519368 0.977719457 -0.025759573 -0.208063575 -0.120329939 -1.000129897 -2.198447188
1750921987.799995899 -1.348828708 0.335380760 -0.026193719 -0.011619737 0.963899479 -0.030764089 -0.264227832 0.289476520 -0.017542730 -1.504305338
1750921987.899996042 -1.239051406 0.339800810 0.124741327 -0.012005172 0.945003448 -0.032104031 -0.325259421 0.055012122 0.157957215 -1.713346298
1750921987.999994993 -1.127041250 0.356122643 0.249049541 -0.012118629 0.925270007 -0.030792919 -0.377862871 0.640618329 0.045954862 -1.558587389
1750921988.099994898 -0.935311874 0.349695644 0.334347424 -0.014557791 0.905443339 -0.032796908 -0.422947743 -0.976543900 -0.067305209 -2.091444606
1750921988.199995041 -0.751564282 0.330159851 0.442323724 -0.017730163 0.878015584 -0.033209174 -0.477149270 -0.498651393 0.030594167 -1.820002762
1750921988.299994946 -0.589507168 0.333329953 0.524550568 0.018460602 -0.849840799 0.034001146 0.525617489 -0.147227665 -0.196861340 -1.978560157
1750921988.399995089 -0.414140570 0.341883551 0.588218293 0.019110447 -0.818969936 0.031761139 0.572637988 -0.182330408 -0.185911456 -1.916624380
1750921988.499994993 -0.209843175 0.344712191 0.616977774 0.015152023 -0.785282985 0.027612290 0.618335355 -0.333682777 -0.179379839 -2.000554347
1750921988.599994898 -0.031302427 0.289846508 0.629820131 0.032430361 -0.751881007 0.033801512 0.657632634 -0.232550979 0.400362667 -1.732515089
1750921988.699995041 0.157139693 0.350247292 0.669002863 0.014124310 -0.702900137 0.019483519 0.710881350 0.160033420 -0.044689421 -1.976433647
1750921988.799994946 0.357605993 0.359638928 0.633204862 0.015647572 -0.655550183 0.018534418 0.754761941 -0.098144506 0.196491637 -1.924592296
1750921988.899995089 0.549445631 0.350468505 0.596330711 0.016473819 -0.607039521 0.014119057 0.794375406 0.181072921 -0.248262033 -2.128705579
1750921988.999994993 0.728894848 0.347340625 0.525660390 0.017827851 -0.560237262 0.011807403 0.828056135 -0.057316718 -0.267171421 -2.209127905
1750921989.099993944 0.918164444 0.339532824 0.413340272 0.020414822 -0.512067655 0.016592168 0.858542166 -0.103289790 0.143265136 -2.013286702
1750921989.199994087 1.087087614 0.344724347 0.297503348 0.019523728 -0.463893742 0.015389301 0.885541975 -0.159910004 -0.229218970 -2.114116228
1750921989.299993992 1.227356997 0.346653233 0.175847455 0.019660755 -0.417422749 0.014184879 0.908388954 -0.140690137 -0.086887208 -2.015875536
1750921989.399993896 1.374315613 0.341962328 0.012792715 0.019804307 -0.361415540 0.010948462 0.932130210 -0.090508855 -0.175173001 -1.932893257
1750921989.499994040 1.496831893 0.340885914 -0.142140392 0.020619709 -0.308189359 0.006533204 0.951079105 -0.111584237 -0.102081869 -1.965089706
1750921989.599993944 1.582804101 0.335045635 -0.300312628 0.022259527 -0.256480819 0.005725531 0.966276007 -0.221615479 -0.162877220 -1.659764714
1750921989.699994087 1.672101731 0.336156289 -0.496766763 0.023973953 -0.195339860 0.003965893 0.980434526 -0.118843940 -0.122411300 -1.972580607
1750921989.799993992 1.714128238 0.331514546 -0.674299658 0.023590327 -0.143374457 0.004111973 0.989378771 -0.167773716 -0.092632767 -1.903456173
1750921989.899993896 1.752059662 0.326986438 -0.855223483 0.024562142 -0.087685288 0.001709003 0.995843899 -0.248796625 -0.095015660 -1.945658672
1750921989.999994040 1.741976729 0.324458360 -1.058761414 0.029768252 -0.025202684 0.001661311 0.999237667 -0.181229740 -0.384524843 -2.140764390
1750921990.099992990 1.740016051 0.330438712 -1.242403151 0.030866725 0.036820781 -0.000041775 0.998845070 -0.239877054 0.030441480 -1.749864810
1750921990.199992895 1.675856323 0.355169516 -1.385643247 0.021463648 0.088694481 -0.001948317 0.995825690 -0.515360944 -0.585370850 -1.593671617
1750921990.299993038 1.625811177 0.363600973 -1.579531617 0.019892021 0.151790487 -0.002878070 0.988208314 0.113468498 0.184896245 -1.688832387
1750921990.399992943 1.548589642 0.360877194 -1.750037723 0.020809810 0.201784861 -0.005713130 0.979192107 -0.109632468 -0.150336596 -1.868315202
1750921990.499993086 1.455646023 0.372400262 -1.906329822 0.015527639 0.250500145 -0.007019068 0.967966581 -0.054849687 0.124211297 -1.754557397
1750921990.599992990 1.324817365 0.361000467 -2.054788427 0.013619816 0.298729944 -0.010311671 0.954184778 -0.060746880 -0.081267777 -1.957927486
1750921990.699992895 1.196668552 0.345879436 -2.209051175 0.014853988 0.345854184 -0.012295763 0.938090111 -0.256642938 -0.272101314 -1.982965120
1750921990.799993038 1.051006534 0.340608317 -2.333673451 0.016735176 0.389305110 -0.012890845 0.920866598 -0.213984774 -0.085810911 -1.956961679
1750921990.899992943 0.877959483 0.337987647 -2.452351922 0.014536342 0.435168954 -0.016702761 0.900076493 -0.037321502 -0.044517418 -2.051596785
1750921990.999993086 0.725542915 0.333771807 -2.564217753 0.016417071 0.478429961 -0.021130194 0.877717932 0.195041778 -0.024600513 -2.113753126
1750921991.099992990 0.564228118 0.326485730 -2.642255093 0.012088759 0.519495821 -0.025994251 0.853991951 -0.019373638 -0.157309038 -1.729173781
1750921991.199991941 0.361146212 0.336445289 -2.720229431 0.012026514 0.566689730 -0.026192031 0.823427040 0.012299176 0.527315341 -1.695892869
1750921991.299992085 0.168328894 0.340851047 -2.730866978 0.010732481 0.604966146 -0.026777043 0.795728450 -0.195167333 -0.083906132 -2.009626837
1750921991.399991989 -0.017240010 0.340459285 -2.744508706 0.009987915 0.646234580 -0.025638959 0.762642611 -0.113159439 -0.386210661 -2.251103708
1750921991.499991894 -0.242603076 0.334173152 -2.768234244 0.012705160 0.697352350 -0.029200292 0.716020685 -0.097503071 0.065913667 -2.065864929
1750921991.599992037 -0.425032040 0.334847170 -2.728798358 0.008950645 0.736156540 -0.027227744 0.676204173 -0.393488881 -0.337268032 -2.120502192
1750921991.699991941 -0.604589433 0.322821637 -2.678900165 0.010450382 0.773055112 -0.028412067 0.633616081 -0.067067147 -0.379026286 -1.932649283
1750921991.799992085 -0.777244980 0.324391077 -2.593276503 0.009135931 0.810479717 -0.032146066 0.584812614 -0.285629639 -0.316392124 -1.810161797
1750921991.899991989 -0.954635348 0.319534490 -2.510990993 0.011071288 0.844096780 -0.034500811 0.534965183 -0.254678225 -0.190450730 -1.828176265
1750921991.999991894 -1.101004657 0.329022114 -2.405763633 0.008761027 0.872916147 -0.033176139 0.486662089 -0.240616430 -0.097063658 -1.759400105
1750921992.099992037 -1.237987562 0.324156611 -2.272546031 0.008976291 0.901158445 -0.034376887 0.432031380 -0.177726255 -0.201264546 -1.811008606
1750921992.199990988 -1.351602729 0.328763766 -2.139317755 0.005356819 0.923890220 -0.033435133 0.381156474 -0.123155753 -0.126241939 -1.875445272
1750921992.299990892 -1.444134798 0.330924624 -2.003416410 0.005772858 0.944058373 -0.035466324 0.327814890 -0.145581972 0.006847827 -1.339906478
1750921992.399991035 -1.535384147 0.334379995 -1.837294283 0.005926383 0.962548733 -0.035739940 0.268677261 -0.284083987 -0.093611508 -1.580317720
1750921992.499990940 -1.593816593 0.333975462 -1.685309634 0.006195904 0.976318231 -0.031872306 0.213888939 -0.256108657 -0.264181935 -1.921955454
1750921992.599991083 -1.634335963 0.327757131 -1.512327005 -0.001380360 0.986629155 -0.027687413 0.160606387 -0.174614383 -0.060972387 -1.979849229
1750921992.699990988 -1.666008859 0.329825213 -1.326357985 0.000143686 0.995098764 -0.028375441 0.094727314 -0.222542429 -0.160003779 -1.727550558
1750921992.799990892 -1.660387282 0.325107512 -1.164091108 -0.004107978 0.998766890 -0.028930269 0.040135558 -0.282236611 -0.113850920 -1.952157454
1750921992.899991035 -1.638566826 0.327228077 -0.991237834 -0.006100450 0.999512578 -0.027212718 -0.014030611 -0.299174494 0.006264865 -1.528829351
1750921992.999990940 -1.594059630 0.311917952 -0.799119741 -0.007985871 0.996744530 -0.025042556 -0.076219673 -0.518259398 -0.610225413 -1.953401574
1750921993.099991083 -1.537134515 0.318708390 -0.638059057 -0.008262322 0.990981946 -0.024256703 -0.131522354 -0.283359709 0.036274867 -1.704348575
1750921993.199990988 -1.454541641 0.265590565 -0.458936775 -0.010573974 0.981964068 -0.028697452 -0.186577643 1.156497992 -0.107560809 -1.979747626
1750921993.299989939 -1.360286734 0.308955497 -0.261044020 -0.014074041 0.968317474 -0.026732091 -0.247888253 0.886435672 -0.373801639 -2.757549454
1750921993.399990082 -1.267937075 0.328185661 -0.135234977 -0.017536584 0.952150878 -0.029274913 -0.303717225 0.117782423 -0.243088905 -1.576470807
1750921993.499989986 -1.141293959 0.344671146 -0.012152090 -0.014870105 0.934180699 -0.031759704 -0.355072700 -0.220683523 0.198776513 -1.385645809
1750921993.599989891 -0.988336661 0.339922543 0.109664382 -0.018263168 0.910530262 -0.032803847 -0.411734145 -0.263837736 0.020154406 -1.692177177
1750921993.699990034 -0.816448194 0.338362541 0.199170647 -0.016007966 0.887188059 -0.033272816 -0.459928268 -0.303655724 -0.297137137 -1.956482179
1750921993.799989939 -0.675762617 0.333900819 0.269781279 0.018703029 -0.859454761 0.033776121 0.509751787 -0.033079933 -0.038156853 -1.747555260
1750921993.899990082 -0.486779604 0.343272921 0.324626604 0.016606406 -0.826329382 0.032157050 0.562023045 -0.420290920 -0.161831017 -1.813446835
1750921993.999989986 -0.317419550 0.346414148 0.353265218 0.016644084 -0.794257033 0.033000664 0.606456673 -0.244650111 -0.100200553 -1.834760508
1750921994.099989891 -0.143420489 0.346855109 0.368033125 0.015017263 -0.759639845 0.030575007 0.649451273 -0.165362030 -0.018770002 -1.869604212
1750921994.199990034 0.050762353 0.351978989 0.357283836 0.013886395 -0.718422952 0.028224833 0.694894948 -0.358578053 -0.141983241 -1.747348430
1750921994.299988985 0.223531628 0.347362193 0.328744104 0.014082486 -0.678921144 0.027225814 0.733571072 -0.320626464 -0.138527328 -1.776812594
1750921994.399988890 0.373057800 0.365985287 0.300333795 0.014737198 -0.636740615 0.025056470 0.770529933 -0.077384097 0.574653283 -1.080791254
1750921994.499989033 0.561666595 0.343182362 0.231569384 0.017617935 -0.585400864 0.023739072 0.810204846 -0.348996442 -0.182543175 -1.619257391
1750921994.599988937 0.708676534 0.343380733 0.159498647 0.018532307 -0.536838778 0.022336623 0.843185481 0.005092832 0.122919981 -1.608688553
1750921994.699989080 0.828137900 0.344951859 0.064339867 0.019704856 -0.489884314 0.020335397 0.871327464 -0.242846099 -0.107895666 -1.622814782
1750921994.799988985 0.952342175 0.344933647 -0.054157692 0.021558465 -0.434690878 0.017244635 0.900156484 -0.382336027 -0.182213109 -1.539126792
1750921994.899988890 1.050040748 0.344519119 -0.174380167 0.022396669 -0.386077886 0.014063586 0.922087019 -0.307960497 -0.056384700 -1.492065650
1750921994.999989033 1.128989767 0.348250161 -0.302348426 0.022742956 -0.337821730 0.013481538 0.940838714 -0.270903380 -0.113630487 -1.619873574
1750921995.099988937 1.215684893 0.348442513 -0.461439465 0.023335107 -0.283041867 0.011858638 0.958750305 -0.010275794 -0.012862687 -1.763440896
1750921995.199989080 1.266859980 0.346898303 -0.605016234 0.022331855 -0.236648315 0.010152977 0.971285633 -0.175801152 -0.092084889 -1.797362396
1750921995.299988985 1.322658257 0.338761884 -0.766306043 0.024597157 -0.187761433 0.008386884 0.981870808 -0.251424201 -0.196259529 -1.648194407
1750921995.399987936 1.357953744 0.334345846 -0.949350279 0.028411618 -0.133637433 0.007623820 0.990593607 -0.276497707 -0.171106655 -1.590833474
1750921995.499988079 1.377035522 0.338099451 -1.109222560 0.026925859 -0.082530670 0.005991566 0.996206699 -0.134320817 -0.043944066 -1.764332881
1750921995.599987984 1.379636772 0.345036091 -1.283672183 0.023811634 -0.030484293 0.003580748 0.999245161 -0.368569209 -0.114380202 -1.759181287
1750921995.699987888 1.346971764 0.333265006 -1.487999381 0.025000494 0.030009569 0.001351054 0.999235996 -0.224175600 -0.376160854 -1.989844853
1750921995.799988031 1.334769766 0.375205283 -1.639470785 0.014900216 0.091098476 -0.002566033 0.995727105 -0.287530935 -0.163440122 -1.874357551
1750921995.899987936 1.276152403 0.371241714 -1.810080920 0.012597211 0.148566557 -0.002190165 0.988819747 -0.142820238 -0.140618097 -1.927724472
1750921995.999988079 1.183232044 0.350661581 -1.998858681 0.013416971 0.214806137 -0.005674456 0.976548058 -0.133548650 -0.242803344 -2.009088610
1750921996.099987984 1.090201586 0.345913776 -2.161193721 0.011336104 0.274960486 -0.007597783 0.961358673 -0.239284881 -0.136466390 -1.790515337
1750921996.199987888 0.973372674 0.330791003 -2.286807964 0.011478940 0.332164570 -0.011922571 0.943076235 -0.146092947 -0.187299363 -1.774680091
1750921996.299988031 0.837805419 0.323841808 -2.426758116 0.010314983 0.396899066 -0.016708506 0.917652199 0.016396371 -0.138368913 -1.811103251
1750921996.399986982 0.694271616 0.313053389 -2.538678320 0.009003353 0.453304875 -0.021664299 0.891046737 -0.057462307 -0.134313321 -1.863777186
1750921996.499986887 0.556585454 0.308236737 -2.622475613 0.010338349 0.504810023 -0.025129039 0.862802695 0.037024122 -0.163620499 -1.816248749
1750921996.599987030 0.377413494 0.298700565 -2.700713564 0.006994940 0.557853055 -0.025978060 0.829503575 -0.125751684 -0.084477536 -1.686760274
1750921996.699986935 0.226515238 0.294290121 -2.737671195 0.012447418 0.602134776 -0.029908254 0.797736968 -0.375250262 -0.097407029 -1.829364777
1750921996.799987078 0.062041700 0.287776795 -2.758672618 0.013680850 0.644564960 -0.029826045 0.763845045 -0.121932829 -0.131854841 -1.882391067
1750921996.899986982 -0.147730063 0.291594012 -2.776900840 0.012013938 0.691742616 -0.032837860 0.721297091 -0.012558991 -0.306141295 -1.975444899
1750921996.999986887 -0.309493946 0.307333559 -2.752224685 0.011308919 0.729219975 -0.029196529 0.683562652 -0.105474000 0.021424312 -1.794887525
1750921997.099987030 -0.521341740 0.289582087 -2.749391630 0.011747460 0.771126931 -0.032108465 0.635762770 0.150565615 -0.258563067 -2.039279760
1750921997.199986935 -0.697794744 0.308639752 -2.670820631 0.007549928 0.805740515 -0.031804333 0.591365966 0.008654891 -0.057422590 -2.002333990
1750921997.299987078 -0.879074106 0.304304310 -2.600200591 0.010719903 0.838049789 -0.034200502 0.544415247 -0.066455359 0.010632688 -1.932643435
1750921997.399986982 -1.033487212 0.305170017 -2.494918235 0.014053915 0.865044287 -0.036625874 0.500159389 -0.217737323 -0.054764775 -1.938149777
1750921997.499985933 -1.194472769 0.313437821 -2.359709617 0.013718023 0.893401996 -0.035366909 0.447653739 -0.190041275 -0.111284354 -2.013367008
1750921997.599986076 -1.325064746 0.330113364 -2.234610105 0.008083152 0.917503740 -0.034290819 0.396163716 -0.227962999 -0.092920155 -1.744784838
1750921997.699985981 -1.443155292 0.331452166 -2.086525208 0.006295305 0.938871975 -0.034957825 0.342429168 -0.051552539 -0.037949822 -1.932068288
1750921997.799985886 -1.559116857 0.332887909 -1.906782675 0.008060913 0.959196400 -0.036867372 0.280210787 -0.006602631 -0.293710706 -2.280860818
1750921997.899986029 -1.637803831 0.336024991 -1.738084428 0.007944946 0.973935062 -0.035205342 0.223937397 -0.081671404 -0.074967839 -1.924791072
1750921997.999985933 -1.689721324 0.338682107 -1.575189384 0.006056790 0.985307248 -0.031755581 0.167703685 -0.195331900 -0.085836610 -1.951925003
1750921998.099986076 -1.735120213 0.333224892 -1.374052668 0.002457222 0.993998562 -0.030994265 0.104881724 -0.092345382 -0.115718774 -1.779300870
1750921998.199985981 -1.760226898 0.355164395 -1.173444092 -0.001599289 0.998494964 -0.029607745 0.046137077 -0.068473665 0.008799169 -2.314720531
1750921998.299985886 -1.750358591 0.363375420 -1.003163814 -0.003925697 0.999442557 -0.030735332 -0.012429909 0.073920407 0.042758596 -2.544692929
1750921998.399986029 -1.730351520 0.345796404 -0.779619855 -0.006475758 0.996499754 -0.027221134 -0.078773823 0.454259402 -0.474762699 -3.446546399
1750921998.499984980 -1.672476399 0.371587493 -0.606633074 -0.006965448 0.990561498 -0.024524085 -0.134677286 -0.069458542 0.266455838 -1.873836979
1750921998.599984884 -1.578582213 0.337350782 -0.417939446 -0.009987223 0.981268035 -0.027777434 -0.190372564 -0.461124361 -0.139485917 -2.133564453
1750921998.699985027 -1.471732123 0.348961410 -0.249433818 -0.007307885 0.967308729 -0.025932337 -0.252166477 -0.366692737 -0.103124735 -1.954587573
1750921998.799984932 -1.357601351 0.350230457 -0.100203426 -0.008560444 0.951749568 -0.029120967 -0.305370999 -0.189274286 -0.089058539 -2.054045936
1750921998.899985075 -1.239002317 0.356412041 0.020610371 -0.009035796 0.932973564 -0.030762249 -0.358514111 -0.255657741 -0.291824099 -1.775020668
1750921998.999984980 -1.090419577 0.354774335 0.152272917 -0.011718136 0.908761982 -0.032138118 -0.415910430 0.054828920 -0.208334826 -1.739110457
1750921999.099984884 -0.938046401 0.316896763 0.262080456 -0.017673806 0.884295482 -0.038035227 -0.465040276 -0.253678931 -0.299620699 -2.145912896
1750921999.199985027 -0.735518797 0.341006322 0.331870077 0.018385642 -0.860408286 0.033333767 0.508181473 -0.273932831 0.031374123 -1.745205910
1750921999.299984932 -0.546948085 0.357849703 0.430269770 0.018048532 -0.824553010 0.030707133 0.564662427 0.081516900 0.022549010 -1.976591183
1750921999.399985075 -0.364839789 0.358413730 0.463688975 0.017269624 -0.793271011 0.028889030 0.607937733 -0.186774817 -0.068355261 -2.213996943
1750921999.499984980 -0.167988870 0.362341629 0.483310412 0.014932311 -0.758856938 0.025879378 0.650571618 -0.228481837 0.011650750 -1.886578498
1750921999.599983931 0.056948854 0.364812214 0.481163662 0.013383128 -0.715573571 0.023180408 0.698024373 0.114461472 0.345065986 -2.086866838
1750921999.699984074 0.245224624 0.384036503 0.450805843 0.011589722 -0.676826024 0.017405670 0.735845945 -0.067249518 -0.433868615 -2.024059968
1750921999.799983978 0.431292901 0.348836141 0.400756613 0.014591513 -0.635318461 0.019782725 0.771858915 -0.514232791 -0.453050944 -1.735555077
1750921999.899983883 0.633182978 0.352350213 0.333066681 0.017121221 -0.584071387 0.020278399 0.811268307 -0.340418829 0.191462475 -2.064622578
1750921999.999984026 0.805928575 0.356719356 0.270339985 0.019409046 -0.536588254 0.016703371 0.843455590 -0.332433649 0.002442253 -1.879523885
1750922000.099983931 0.966846001 0.353931210 0.171421498 0.022388077 -0.488539578 0.012620162 0.872163165 -0.003523721 -0.062379757 -2.016629162
1750922000.199984074 1.134439832 0.356738447 0.036085025 0.022484243 -0.431045082 0.012669410 0.901961242 -0.178014921 -0.049772248 -1.935479916
1750922000.299983978 1.270729011 0.356912647 -0.101089353 0.023236670 -0.380239639 0.009918830 0.924542855 -0.080498367 -0.125264870 -1.976499062
1750922000.399983883 1.381284384 0.351446463 -0.249497527 0.026543861 -0.327628758 0.011714389 0.944360945 -0.094034724 -0.165972811 -2.048883357
1750922000.499984026 1.485578853 0.351481643 -0.422430052 0.026066969 -0.267913565 0.009471526 0.963043678 -0.149021410 -0.125249179 -1.816386902
1750922000.599982977 1.566280127 0.345795645 -0.598079960 0.026291994 -0.213821318 0.010316590 0.976464409 0.081717860 -0.157954127 -2.075383712
1750922000.699982882 1.622771531 0.358714103 -0.753803238 0.026629159 -0.162057957 0.004411150 0.986412007 -0.002211371 0.017394213 -1.767983915
1750922000.799983025 1.669726976 0.366298350 -0.952572497 0.028125638 -0.100662879 0.002113058 0.994520723 0.073520661 -0.083246225 -1.962589121
1750922000.899982929 1.686209536 0.368907644 -1.134386247 0.030222593 -0.045140601 0.002473859 0.998520306 -0.147081183 -0.122950130 -1.949585801
1750922000.999983072 1.677077131 0.375155902 -1.319572180 0.029988927 0.010341431 0.000840299 0.999496380 -0.221028951 0.104663857 -1.731118765
1750922001.099982977 1.637870274 0.379143835 -1.510149128 0.024952067 0.074588855 0.000848810 0.996901789 0.054721079 0.171996902 -1.860914587
1750922001.199982882 1.602121857 0.386321598 -1.697437231 0.021055819 0.133283433 -0.001283267 0.990853436 -0.016304933 -0.188951962 -2.135534552
1750922001.299983025 1.516362132 0.380004085 -1.861523123 0.019277235 0.186194560 -0.003962308 0.982315771 -0.220803405 -0.140845736 -1.994640884
1750922001.399982929 1.416322630 0.373895846 -2.048309060 0.016922354 0.251113509 -0.006458098 0.967788165 -0.086344896 -0.160326585 -1.898991308
1750922001.499983072 1.302952726 0.362228849 -2.189866168 0.013360468 0.305289282 -0.009478274 0.952118750 -0.086085700 -0.129984829 -1.696917721
1750922001.599982977 1.173250015 0.363025680 -2.329778910 0.012907205 0.359938017 -0.013174010 0.932793907 -0.308611362 -0.142111078 -1.768690001
1750922001.699981928 1.003792750 0.351874307 -2.464578567 0.011496780 0.417017262 -0.014865418 0.908704268 -0.282369141 -0.070917059 -1.809829826
1750922001.799982071 0.853453118 0.337136145 -2.576759041 0.016356620 0.466698524 -0.022902603 0.883968563 0.146073998 -0.136443484 -1.469382461
1750922001.899981976 0.710877473 0.340965957 -2.657370077 0.014867921 0.515279234 -0.022638181 0.856594285 -0.036590972 -0.033403613 -1.846365613
1750922001.999982119 0.528973176 0.326669414 -2.716609432 0.015594052 0.566687775 -0.025330843 0.823395494 -0.275833354 -0.421475194 -1.924842105
1750922002.099982023 0.351924100 0.327805344 -2.760776385 0.015496881 0.611176689 -0.026240327 0.790907293 -0.248360427 -0.063258392 -1.770191630
1750922002.199981928 0.174050392 0.324561470 -2.788837811 0.015453470 0.655157947 -0.027253283 0.754842045 -0.341161704 -0.193723687 -2.179809579
1750922002.299982071 -0.050986416 0.345529652 -2.798643738 0.013607190 0.701621984 -0.025959815 0.711946293 0.095770302 0.437909594 -2.116964461
1750922002.399981976 -0.232439879 0.323651069 -2.753215237 0.015942909 0.736020798 -0.028442705 0.676173219 -0.257512488 -0.234113559 -2.073240035
1750922002.499982119 -0.430295588 0.321355686 -2.714574851 0.010344309 0.772954472 -0.027536099 0.633779254 -0.348098343 -0.485246845 -2.289199779
1750922002.599982023 -0.630220983 0.330353404 -2.639226684 0.009539105 0.810424400 -0.028247388 0.585084081 -0.006522311 -0.153493740 -2.007313478
1750922002.699980974 -0.815012977 0.333075898 -2.556447014 0.008573646 0.843413438 -0.031213503 0.536289084 0.162334495 -0.041648492 -2.009707298
1750922002.799981117 -0.966394845 0.333373983 -2.443133565 0.009207445 0.871253803 -0.031186667 0.489754455 -0.263157645 -0.312864289 -2.358384142
1750922002.899981022 -1.134755281 0.341411991 -2.301185899 0.007154412 0.900654253 -0.029115766 0.433500870 -0.017454947 0.015421465 -1.996869102
1750922002.999980927 -1.265013965 0.347842182 -2.153758244 0.003560071 0.923469462 -0.029739431 0.382501040 -0.238024438 -0.107125451 -1.895295199
1750922003.099981070 -1.375171561 0.346864235 -2.003877473 0.005683500 0.943360434 -0.030901651 0.330278486 -0.153177054 -0.118788523 -1.829207639
1750922003.199980974 -1.491339563 0.350740759 -1.814139028 0.002334369 0.962796095 -0.030570282 0.268484056 -0.100851847 -0.190739478 -2.180238256
1750922003.299981117 -1.556855152 0.348160857 -1.647066170 0.001541882 0.976462402 -0.030974828 0.213446386 -0.045589186 -0.032300674 -2.033612494
1750922003.399981022 -1.630733325 0.350295628 -1.456234977 -0.004085715 0.987113899 -0.026216953 0.157804082 -0.076566909 -0.090842472 -1.897493181
1750922003.499980927 -1.659409058 0.344209051 -1.251248449 -0.002361878 0.994735484 -0.029183760 0.098204106 -0.202179712 -0.200803122 -1.998700151
1750922003.599981070 -1.679097449 0.342270239 -1.066985445 -0.005701261 0.998625656 -0.029893283 0.042669506 -0.087486291 -0.126837830 -1.854219941
1750922003.699980021 -1.661497480 0.344504246 -0.893117060 -0.005864328 0.999546945 -0.026796216 -0.012388602 -0.167878861 0.152017199 -1.494907447
1750922003.799979925 -1.618272719 0.327893509 -0.678752244 -0.007584773 0.996908083 -0.027999788 -0.073025723 -0.087410554 -0.323248105 -2.126137777
1750922003.899980068 -1.545093461 0.327324272 -0.474904248 -0.010629022 0.991126130 -0.026295779 -0.129863587 -0.077561194 -0.089734613 -1.947718436
1750922003.999979973 -1.479636878 0.335015754 -0.310776021 -0.009058909 0.982040527 -0.027642467 -0.186414147 -0.138952970 -0.003238976 -1.818309604
1750922004.099980116 -1.368962294 0.336165836 -0.120576809 -0.013614220 0.967794905 -0.029149203 -0.249675787 -0.254465978 -0.125349092 -1.930849471
1750922004.199980021 -1.265072728 0.348610812 0.006351225 -0.013749258 0.952106426 -0.032092368 -0.303767002 -0.566478273 0.175166495 -2.085976085
1750922004.299979925 -1.113179453 0.365680234 0.127358888 -0.014902285 0.935213542 -0.034402134 -0.352093801 -0.577060705 0.687525883 -1.827766659
1750922004.399980068 -0.966701735 0.383432368 0.246103194 -0.012915266 0.912327328 -0.030641557 -0.408109223 0.227074183 0.155144110 -1.636414633
1750922004.499979973 -0.805352647 0.377627228 0.359048328 -0.013315841 0.888590207 -0.029637990 -0.457549694 -0.846260480 0.389795542 -2.239744984
1750922004.599980116 -0.686055937 0.382652755 0.440112874 0.013933632 -0.860942009 0.031281772 0.507549172 -0.329467334 0.301973087 -1.901945601
1750922004.699980021 -0.463729405 0.394634231 0.507334050 0.012707188 -0.828845280 0.030037529 0.558526433 -0.211028160 -0.053212549 -1.771043966
1750922004.799978971 -0.280936677 0.377789342 0.548054396 0.012279791 -0.797163272 0.029870068 0.602899414 -0.208515402 -0.460669264 -2.019395326
1750922004.899979115 -0.091486993 0.399594560 0.567563682 0.007730394 -0.762942590 0.023972614 0.645975355 -0.018418529 -0.098747247 -2.002600250
1750922004.999979019 0.127689301 0.350431399 0.580537052 0.013145987 -0.718537710 0.028517282 0.694778746 0.239644576 -0.609153355 -2.079548036
1750922005.099978924 0.317091018 0.367915775 0.550945982 0.012995798 -0.679338635 0.023187363 0.733343353 0.056992631 -0.251845415 -1.975782469
1750922005.199979067 0.502083251 0.360427029 0.490227936 0.014115008 -0.637126350 0.020609772 0.770354476 -0.079282138 0.073966670 -2.005374528
1750922005.299978971 0.698638254 0.362053017 0.428158274 0.012137456 -0.583316359 0.015073586 0.812014467 -0.056744727 -0.100636562 -1.972860669
1750922005.399979115 0.870504842 0.356636641 0.347754529 0.016327019 -0.534567089 0.012595918 0.844874428 -0.179389142 -0.163252744 -1.972733714
1750922005.499979019 1.033065755 0.354418229 0.248020437 0.017776799 -0.484219207 0.013260965 0.874665589 0.045411414 -0.070015431 -2.018216166
1750922005.599978924 1.184730441 0.348738355 0.108082322 0.019347010 -0.431080284 0.012778954 0.902015621 -0.135426899 -0.100602600 -2.015531989
1750922005.699979067 1.321212201 0.353310176 -0.014453511 0.018287358 -0.378402394 0.008760602 0.925419069 -0.257466481 -0.127181708 -1.834129589
1750922005.799978018 1.426341351 0.354347369 -0.156286143 0.018610128 -0.327327120 0.007379803 0.944698978 -0.180787110 -0.092384674 -1.939958847
1750922005.899977922 1.530370068 0.351864070 -0.335260837 0.020077354 -0.268858787 0.005310222 0.962955686 -0.201126236 -0.066144097 -1.853684146
1750922005.999978065 1.595975539 0.347422843 -0.495234483 0.021188677 -0.217456709 0.004100353 0.975831341 -0.164805425 -0.147476033 -1.817931836
1750922006.099977970 1.649589857 0.344023283 -0.670828901 0.021567746 -0.164462956 0.002293166 0.986144771 -0.196579002 -0.031869418 -1.752411389
1750922006.199978113 1.681015209 0.343415538 -0.863998258 0.023480344 -0.104445518 0.001930197 0.994251518 -0.144288839 -0.165479252 -1.757783348
1750922006.299978018 1.691641603 0.346692654 -1.045453437 0.025891073 -0.048753832 0.001704463 0.998473741 -0.172054608 0.015821781 -1.689238631
1750922006.399977922 1.693375975 0.357193181 -1.227810428 0.025419050 0.011299624 -0.000227354 0.999612994 -0.230970805 -0.156632224 -1.973535277
1750922006.499978065 1.640397862 0.365100367 -1.427479784 0.017537027 0.069816134 -0.001199019 0.997404994 -0.524317324 0.002745232 -1.778176100
1750922006.599977970 1.614070532 0.372564974 -1.609789013 0.014363606 0.130123685 -0.002352042 0.991390933 -0.701772614 -0.339466676 -2.152578630
1750922006.699978113 1.543801956 0.370293702 -1.774677035 0.012828418 0.185039937 -0.006366687 0.982626643 -0.002851314 -0.300679327 -1.809895473
1750922006.799978018 1.444968244 0.362645991 -1.952176382 0.008748304 0.251388123 -0.006914209 0.967822129 -0.191371043 -0.151574553 -1.961996409
1750922006.899976969 1.324222024 0.355900574 -2.092456112 0.009108104 0.305936657 -0.010215169 0.951953494 -0.170109482 0.168624177 -1.909845853
1750922006.999977112 1.190709417 0.339212812 -2.231070550 0.006922193 0.360220402 -0.012609482 0.932756317 -0.185123055 -0.161729600 -2.058695290
1750922007.099977016 1.032451528 0.335862052 -2.359598463 0.006263588 0.418502281 -0.017276865 0.908029800 -0.090471105 -0.105032046 -1.933926996
1750922007.199976921 0.871409571 0.321978005 -2.474601359 0.007787309 0.468641483 -0.019826523 0.883131602 -0.099436209 -0.142101787 -1.822843025
1750922007.299977064 0.734835716 0.320861267 -2.550335127 0.006843945 0.516232085 -0.022378390 0.856128964 0.179359990 -0.327826880 -1.705263045
1750922007.399976969 0.563191673 0.318716836 -2.619430251 0.008070817 0.567266415 -0.027567190 0.823033247 -0.233858553 -0.314950979 -1.960833316
1750922007.499977112 0.387804220 0.302405122 -2.670042405 0.011119056 0.609515766 -0.029461080 0.792148309 -0.111621670 -0.087288842 -1.710617041
1750922007.599977016 0.211758578 0.297983524 -2.675128056 0.009162780 0.648142568 -0.028474052 0.760931326 -0.564023206 -0.410078200 -2.162697613
1750922007.699976921 -0.006610391 0.305114798 -2.675350424 0.010002879 0.694385128 -0.028592359 0.718965725 -0.102315473 0.187361275 -1.813029537
1750922007.799977064 -0.210785174 0.294698574 -2.652400359 0.011466474 0.733626883 -0.033584771 0.678625213 -0.162403782 -0.099926788 -2.153226982
1750922007.899976015 -0.409530934 0.307386299 -2.608639883 0.008726946 0.771432767 -0.029525482 0.635565553 -0.133590685 -0.170278579 -2.118301821
1750922007.999975920 -0.617858986 0.285688436 -2.520464115 0.011945898 0.808282768 -0.036725044 0.587526623 -0.351914826 -0.567676558 -2.148383281
1750922008.099976063 -0.786585612 0.291420295 -2.439104967 0.013697545 0.840718138 -0.038177546 0.539951724 -0.044526189 -0.204509504 -1.999091389
1750922008.199975967 -0.951616167 0.289315419 -2.334271568 0.012454739 0.869103860 -0.041400896 0.492736569 -0.118107803 -0.021284211 -2.043603916
1750922008.299976110 -1.129677607 0.299274542 -2.200911279 0.009677498 0.899586511 -0.039176933 0.434874261 -0.133776199 0.001849077 -1.934644099
1750922008.399976015 -1.249195941 0.309064411 -2.069844507 0.008279557 0.922362290 -0.038573700 0.384306291 -0.152042272 -0.094663841 -2.078819269
1750922008.499975920 -1.354960019 0.311826155 -1.920130963 0.008078362 0.942588417 -0.037646035 0.331729696 -0.179220092 -0.245942557 -1.922497950
1750922008.599976063 -1.467607357 0.315762755 -1.738001086 0.007043096 0.962104811 -0.037123391 0.270049220 -0.075276423 -0.123586367 -2.043477479
1750922008.699975967 -1.536452666 0.326619939 -1.575130247 0.002254109 0.976250404 -0.035166667 0.213760082 -0.135346969 -0.171259313 -2.000556218
1750922008.799976110 -1.585441688 0.322857833 -1.392736916 0.002440462 0.986871415 -0.035372392 0.157567915 -0.275614154 -0.132289587 -1.741968651
1750922008.899976015 -1.612190353 0.325663918 -1.192389565 0.001364022 0.994694556 -0.034905854 0.096759816 -0.277170444 -0.045034355 -1.631856958
1750922008.999974966 -1.613283653 0.330886890 -1.020663509 0.000204645 0.998507957 -0.033685885 0.042977662 -0.427779524 0.145410430 -1.368279967
1750922009.099975109 -1.589810565 0.340620804 -0.818592903 -0.002426961 0.999397302 -0.031656222 -0.014036597 -0.294951954 0.005255181 -2.189096560
1750922009.199975014 -1.569737745 0.338740292 -0.611103015 -0.004051545 0.996384591 -0.028870527 -0.079798655 0.148986665 0.104419867 -1.775775441
1750922009.299974918 -1.501957413 0.351146669 -0.449490642 -0.005554790 0.990474297 -0.028111227 -0.134683221 -0.170999886 -0.037060007 -1.637047736
1750922009.399975061 -1.416259195 0.340395626 -0.268387349 -0.009506141 0.981101410 -0.029210092 -0.191040380 -0.419460809 -0.378649988 -1.935447671
1750922009.499974966 -1.293635490 0.343764722 -0.094452354 -0.012937028 0.966800515 -0.031617664 -0.253238467 -0.322561548 -0.119539508 -1.804555588
1750922009.599975109 -1.264058857 0.410187548 -0.020491209 -0.004015810 0.952206329 -0.025591888 -0.304355115 1.028974901 0.546472618 -0.788706268
1750922009.699975014 -1.055575934 0.371476075 0.104144103 -0.011896711 0.935959766 -0.031765006 -0.350469354 -0.076437001 -0.297447381 -1.703641146
1750922009.799974918 -0.874827351 0.350667280 0.237185541 -0.014370932 0.912253708 -0.034784087 -0.407893020 -0.269183398 -0.644347603 -2.106971689
1750922009.899975061 -0.700023897 0.360432246 0.318689758 -0.014041560 0.889911333 -0.030297311 -0.454909582 -0.443909576 0.202389001 -1.838226483
1750922009.999974012 -0.574212143 0.372809205 0.411343391 0.014622584 -0.860374186 0.028598362 0.508649755 -0.275217314 -0.191725442 -1.882535791
1750922010.099973917 -0.378826010 0.358013965 0.466146733 0.017321460 -0.827045893 0.032816345 0.560908322 -0.213308041 -0.166806642 -1.793190681
1750922010.199974060 -0.211874886 0.373956319 0.496572714 0.013027603 -0.795299558 0.027738877 0.605441532 -0.182967150 -0.018838815 -1.891651118
1750922010.299973965 -0.038999797 0.371755915 0.504762569 0.011823270 -0.761506312 0.024205613 0.647597433 -0.431416740 0.385476878 -1.695400049
1750922010.399974108 0.159209397 0.376015720 0.494176344 0.008602962 -0.718037804 0.023678524 0.695548006 -0.427996935 -0.064836997 -1.576746644
1750922010.499974012 0.336243486 0.359429520 0.452782954 0.015853212 -0.680045276 0.022054424 0.732666842 -0.302953505 -0.204694950 -1.655615103
1750922010.599973917 0.494996847 0.357462773 0.405470937 0.017570923 -0.639442459 0.018923784 0.768405163 -0.364676929 -0.669708349 -1.838332826
1750922010.699974060 0.671400507 0.351834652 0.326224435 0.018409757 -0.593836146 0.017149625 0.804192516 -0.393238690 -0.094933788 -1.706531482
1750922010.799973965 0.840309869 0.339846947 0.256172128 0.023509649 -0.546021124 0.019043213 0.837224931 -0.329711311 -0.248353634 -1.772787112
1750922010.899974108 0.973727308 0.340958633 0.158838974 0.026627740 -0.500626536 0.018760613 0.865050330 -0.363363113 0.013750414 -1.607064889
1750922010.999974012 1.116351469 0.345753922 0.034173288 0.025146743 -0.446022842 0.015022709 0.894542109 -0.213641870 -0.075919054 -1.757717445
1750922011.099972963 1.235284252 0.347703856 -0.096616318 0.026287394 -0.396269006 0.013456000 0.917659405 -0.166574118 -0.124262618 -1.884770443
1750922011.199973106 1.331915713 0.345178258 -0.234486074 0.027860184 -0.345858285 0.013706288 0.937772891 -0.259629421 -0.069594305 -1.710876815
1750922011.299973011 1.421964024 0.346750332 -0.398820664 0.029269165 -0.285278317 0.011387127 0.957930024 -0.150438099 -0.128338962 -1.774620788
1750922011.399972916 1.484521721 0.341713711 -0.556962730 0.028203435 -0.233085583 0.011716894 0.971976539 -0.192061598 -0.126392054 -1.760803276
1750922011.499973059 1.532539366 0.351973280 -0.694876894 0.027676832 -0.180501652 0.010907176 0.983124702 -0.142597826 -0.020431814 -1.414995866
1750922011.599972963 1.578642197 0.357523950 -0.877523116 0.028562561 -0.116624344 0.006809232 0.992741949 -0.213926924 -0.170394483 -1.752879103
1750922011.699973106 1.593505778 0.361877242 -1.055540197 0.029143190 -0.060544364 0.005762786 0.997723331 -0.044501084 0.090059210 -1.788376184
1750922011.799973011 1.562165337 0.368859766 -1.194912078 0.024437243 -0.007910318 0.004940803 0.999657860 -0.199720697 0.010961033 -1.516283507
1750922011.899972916 1.545196652 0.367503770 -1.391150034 0.025183696 0.057887981 0.002655642 0.998001859 -0.017152496 0.026331545 -1.765700173
1750922011.999973059 1.481034772 0.358493555 -1.566725408 0.023101090 0.112784239 0.003530434 0.993344649 -0.447386038 -0.548275505 -2.368002354
1750922012.099972010 1.437459552 0.370823702 -1.717769922 0.018569973 0.172416052 0.002063060 0.984846996 -0.103314020 0.064155396 -1.536827966
1750922012.199971914 1.317266940 0.362119043 -1.882623382 0.017915851 0.231859870 -0.002162868 0.972581794 -0.241550614 -0.076487982 -1.794721360
1750922012.299972057 1.215370090 0.354105549 -2.017784229 0.015760849 0.286591824 -0.004633510 0.957911923 -0.242769239 -0.093104388 -1.751591753
1750922012.399971962 1.105775270 0.353766033 -2.139376953 0.013402382 0.338715556 -0.008320802 0.940756564 -0.189218426 -0.048762054 -1.622023592
1750922012.499972105 0.962948662 0.347617413 -2.254319114 0.011006778 0.394480976 -0.012849851 0.918748329 -0.013246098 -0.164641378 -1.780888086
1750922012.599972010 0.823081665 0.338488380 -2.349978514 0.011989608 0.444057969 -0.015550809 0.895782866 -0.208511609 -0.139881608 -1.729592778
1750922012.699971914 0.677508832 0.335104787 -2.431382308 0.011497590 0.492790738 -0.018871442 0.869867210 -0.126840045 -0.162051942 -1.770131556
1750922012.799972057 0.511691356 0.329481391 -2.499629714 0.011259801 0.546182801 -0.021486284 0.837314698 -0.118440851 -0.137453672 -1.602777409
1750922012.899971962 0.353117662 0.323956209 -2.537004126 0.011612813 0.589624756 -0.022764541 0.807272919 -0.188798362 -0.265244526 -1.720928301
1750922012.999972105 0.190226956 0.330877819 -2.563326618 0.008295319 0.633399905 -0.022099067 0.773464530 -0.269930478 -0.131031186 -1.775312381
1750922013.099972010 -0.013104355 0.314673555 -2.563200237 0.011147046 0.680247924 -0.024276048 0.732495173 -0.129404117 -0.430700427 -1.706065156
1750922013.199970961 -0.175373472 0.316882057 -2.546144096 0.010122788 0.718419384 -0.026367902 0.695036583 -0.243980323 -0.127255481 -1.805561791
1750922013.299971104 -0.333949564 0.319652070 -2.508180696 0.010167706 0.753152037 -0.024374122 0.657316156 -0.201192752 -0.055144546 -1.378440897
1750922013.399971008 -0.465939212 0.329825168 -2.468391313 0.008695629 0.790570085 -0.023731358 0.611849776 0.015954696 0.049484285 -1.233089983
1750922013.499970913 -0.547639799 0.318085409 -2.414726290 0.009959857 0.820021339 -0.026047974 0.571653137 -0.024170488 0.001784966 -0.853941721
1750922013.599971056 -0.601141976 0.319710697 -2.377834362 0.009465288 0.844574956 -0.027164955 0.534664022 -0.319500125 -0.082857801 -0.490517516
1750922013.699970961 -0.628853215 0.323556140 -2.348195928 0.008526788 0.862348462 -0.028664399 0.505431278 -0.242209164 -0.012693318 -0.295542261
1750922013.799971104 -0.631928717 0.326019320 -2.330133785 0.007074339 0.872479719 -0.029409433 0.487713213 -0.245231159 0.099271037 0.032964411
1750922013.899971008 -0.626254869 0.322687886 -2.312878088 0.007830494 0.882682718 -0.031294636 0.468860906 -0.211972582 0.122367973 0.149921734
1750922013.999970913 -0.594452503 0.323611566 -2.296504829 0.007925087 0.893735421 -0.031672043 0.447404818 -0.339162551 -0.079466773 0.056897028
1750922014.099971056 -0.568136239 0.325587532 -2.294209015 0.007332604 0.902576492 -0.032278527 0.429255175 -0.247501488 0.066850701 0.266728482
1750922014.199970007 -0.542976151 0.326027647 -2.293646318 0.007002976 0.910304720 -0.032202009 0.412624898 -0.290857891 0.189686730 0.258912017
1750922014.299969912 -0.511709183 0.333389081 -2.300125701 0.004694140 0.917852442 -0.031897310 0.395610189 -0.349464845 0.164519523 0.341074278
1750922014.399970055 -0.546657971 0.223802955 -2.253397629 0.020528244 0.921154201 -0.039202265 0.386673909 0.043519047 -2.662162623 -1.346051835
1750922014.499969959 -0.529529013 0.314298627 -2.249961264 0.012533532 0.924631176 -0.037357797 0.378819871 2.191124893 -0.231160562 0.945332824
1750922014.599970102 -0.580839195 0.247482951 -2.270613035 0.035861494 0.922394268 -0.042957150 0.382174635 0.000000000 0.000000000 0.000000000
1750922014.699970007 -0.580839195 0.247482951 -2.270613035 0.035861494 0.922394268 -0.042957150 0.382174635 0.000000000 0.000000000 0.000000000
1750922014.799969912 -0.580839195 0.247482951 -2.270613035 0.035861494 0.922394268 -0.042957150 0.382174635 0.000000000 0.000000000 0.000000000
1750922014.899970055 -0.580839195 0.247482951 -2.270613035 0.035861494 0.922394268 -0.042957150 0.382174635 0.000000000 0.000000000 0.000000000
1750922014.999969959 -0.580839195 0.247482951 -2.270613035 0.035861494 0.922394268 -0.042957150 0.382174635 0.000000000 0.000000000 0.000000000
1750922015.099970102 -0.580839195 0.247482951 -2.270613035 0.035861494 0.922394268 -0.042957150 0.382174635 0.000000000 0.000000000 0.000000000
1750922015.199970007 -0.580839195 0.247482951 -2.270613035 0.035861494 0.922394268 -0.042957150 0.382174635 0.000000000 0.000000000 0.000000000
1750922015.299968958 -0.580839195 0.247482951 -2.270613035 0.035861494 0.922394268 -0.042957150 0.382174635 0.000000000 0.000000000 0.000000000
1750922015.399969101 -0.580839195 0.247482951 -2.270613035 0.035861494 0.922394268 -0.042957150 0.382174635 0.000000000 0.000000000 0.000000000
1750922015.499969006 -0.580839195 0.247482951 -2.270613035 0.035861494 0.922394268 -0.042957150 0.382174635 0.000000000 0.000000000 0.000000000
