1750921983.200000048 0.061434592 0.357903144 0.577210531 0.022204523 -0.718915247 0.031652970 0.694021554 -0.320126581 -0.059945961 -1.670259350
1750921983.299999952 0.219349000 0.363547000 0.556971000 0.022685271 -0.677657109 0.027993335 0.734494789 -0.011750951 0.048746415 -1.660598520
1750921983.400000095 0.390996805 0.360142673 0.503990368 0.024904219 -0.629143236 0.027666767 0.776397526 -0.396912245 -0.264921422 -1.618185096
1750921983.500000000 0.540779955 0.365301806 0.448283793 0.021522157 -0.581555008 0.023247675 0.812889977 -0.321957288 -0.195244550 -1.647792002
1750921983.599999905 0.671537718 0.369484782 0.376422409 0.022352107 -0.534867798 0.020558034 0.844389833 -0.087052978 0.031428603 -1.634336069
1750921983.700000048 0.829381699 0.369398092 0.283822971 0.025909174 -0.476684953 0.019802964 0.878469130 -0.140440671 -0.095644793 -1.591012001
1750921983.799998999 0.938755408 0.377298839 0.181849927 0.027771551 -0.426460469 0.016524338 0.903928734 -0.116295250 -0.024098293 -1.625437059
1750921983.899998903 1.040352477 0.378770082 0.062604180 0.026706668 -0.379948716 0.016641971 0.924472159 -0.144427158 -0.131040905 -1.650215607
1750921983.999999046 1.140326988 0.380667781 -0.081607772 0.029543560 -0.326831915 0.013279299 0.944527256 -0.176637834 -0.107354308 -1.702539261
1750921984.099998951 1.215326765 0.384253482 -0.216489374 0.028870562 -0.280508257 0.011608991 0.959347090 -0.182419259 -0.129609878 -1.652450208
1750921984.199999094 1.273182035 0.387125386 -0.354666311 0.029977147 -0.233808484 0.009242676 0.971776485 -0.220145977 -0.143522814 -1.633941097
1750921984.299998999 1.326900116 0.387400314 -0.529549282 0.028675720 -0.180633457 0.006397725 0.983111553 -0.208567584 -0.175412237 -1.760396750
1750921984.399998903 1.356881251 0.392661588 -0.672814633 0.028082585 -0.133219823 0.005153684 0.990675167 -0.139035339 0.079174068 -1.609627100
1750921984.499999046 1.371478577 0.393053936 -0.827943708 0.029439419 -0.081258341 0.002858813 0.996254099 -0.146706813 0.041293766 -1.370344265
1750921984.599998951 1.359874075 0.398850276 -0.996273954 0.030488456 -0.019985020 0.002770249 0.999331466 -0.266481978 -0.294984320 -1.797824975
1750921984.699999094 1.334578063 0.404548493 -1.160316413 0.030197118 0.032798814 0.001923774 0.999003839 -0.103856870 -0.137822932 -1.674295344
1750921984.799998999 1.318743895 0.414766329 -1.305618921 0.021897208 0.092929361 0.000429748 0.995431796 -0.080539716 0.192944396 -1.780962658
1750921984.899997950 1.250239524 0.427644768 -1.428357629 0.015456720 0.152252924 0.000283255 0.988220652 -0.240712280 -0.086105530 -1.480282842
1750921984.999998093 1.171431201 0.417132848 -1.579698225 0.017666709 0.206806879 -0.003516414 0.978215946 -0.064682632 0.001308699 -1.562832715
1750921985.099997997 1.079686649 0.409917685 -1.709609630 0.019247325 0.261216596 -0.004755843 0.965076584 -0.182765791 -0.195599317 -1.748603314
1750921985.199997902 0.965424945 0.406679227 -1.850347820 0.016229894 0.322484344 -0.008024800 0.946401628 -0.132686723 -0.102797575 -1.701426682
1750921985.299998045 0.847127083 0.404576282 -1.951146694 0.016498238 0.373966927 -0.011367529 0.927225606 -0.306850523 -0.102353618 -1.454900494
1750921985.399997950 0.723644499 0.389402941 -2.041488833 0.015016072 0.427707658 -0.015073395 0.903666681 -0.099763857 -0.029206365 -1.604957332
1750921985.499998093 0.585539926 0.381960527 -2.126367321 0.014994929 0.485015355 -0.018874097 0.874173339 -0.107133617 -0.167845362 -1.592095536
1750921985.599997997 0.454116794 0.383108733 -2.188118284 0.013087286 0.533094357 -0.022763995 0.845648231 -0.092094016 0.036224225 -1.518834541
1750921985.699997902 0.311934623 0.374391972 -2.236643367 0.012472298 0.579243392 -0.024828920 0.814680956 -0.028965263 -0.221879057 -1.548669003
1750921985.799998045 0.141000746 0.380959251 -2.261293830 0.010989349 0.628038848 -0.024431120 0.777720747 -0.127282939 -0.083948845 -1.501792502
1750921985.899996996 -0.015092443 0.383039012 -2.272457784 0.010252138 0.669934971 -0.024145143 0.741956225 0.051518167 -0.068538814 -1.647332057
1750921985.999996901 -0.175571258 0.385748549 -2.256235726 0.011534000 0.707588091 -0.024689455 0.706099491 -0.247439812 0.009957337 -1.687293787
1750921986.099997044 -0.360980625 0.387303181 -2.223216470 0.010428028 0.750820268 -0.025594680 0.659928097 -0.179356513 -0.146762995 -1.689054416
1750921986.199996948 -0.518604461 0.384981352 -2.170991563 0.012406751 0.786105671 -0.026553654 0.617396834 -0.097058434 -0.051729626 -1.666490523
1750921986.299997091 -0.677267343 0.378162089 -2.105857634 0.013283016 0.819198968 -0.030727602 0.572531594 -0.070971775 -0.117333827 -1.687726557
1750921986.399996996 -0.835733515 0.371680329 -2.017944264 0.012083102 0.853891426 -0.034802324 0.519145673 -0.255126297 -0.363912715 -1.654139865
1750921986.499996901 -0.961782146 0.375895635 -1.927286801 0.010476486 0.882487963 -0.035823799 0.468851675 -0.236323676 -0.078680026 -1.638424569
1750921986.599997044 -1.071612639 0.374930129 -1.818176729 0.010904684 0.906568140 -0.034686972 0.420490321 -0.169761702 -0.141662266 -1.738243364
1750921986.699996948 -1.195317701 0.380948427 -1.681521777 0.008287933 0.931515033 -0.031468328 0.362244113 -0.117860675 -0.019151568 -1.697169226
1750921986.799997091 -1.283577670 0.386753669 -1.549875544 0.007942248 0.950416786 -0.034136521 0.308997657 -0.218358178 -0.075839536 -1.593167349
1750921986.899996996 -1.359756487 0.387372679 -1.404352888 0.006199253 0.966216141 -0.033785887 0.255433850 -0.212034112 -0.165486458 -1.765844081
1750921986.999995947 -1.425641471 0.389684163 -1.232013725 0.006737964 0.980366546 -0.031899627 0.194469664 -0.145741704 -0.132672281 -1.744896157
1750921987.099996090 -1.470489778 0.390853888 -1.072856693 0.001860347 0.989694925 -0.028529989 0.140308707 -0.233348243 -0.100071201 -1.459533888
1750921987.199995995 -1.502664827 0.390034064 -0.891485714 0.000960416 0.995970645 -0.029251807 0.084769598 -0.192673455 -0.093636719 -1.628041125
1750921987.299995899 -1.507562138 0.392165071 -0.716760635 -0.001003884 0.999393628 -0.027754800 0.021000928 -0.026984319 -0.081720943 -1.903152178
1750921987.399996042 -1.478005668 0.381371393 -0.549865308 -0.003369034 0.999050851 -0.026693006 -0.034256836 -0.410683923 -0.032658013 -1.674979295
1750921987.499995947 -1.444021373 0.390450824 -0.400055216 -0.003438348 0.995499869 -0.021573749 -0.092210421 -0.080185805 -0.115438765 -1.460463676
1750921987.599996090 -1.405336164 0.420025629 -0.194213168 -0.006167661 0.986763269 -0.021779484 -0.160579780 0.372744463 0.039133677 -1.567760951
1750921987.699995995 -1.297016297 0.401474219 -0.010844371 -0.009059412 0.975844193 -0.022572154 -0.217109504 -0.110539891 -0.918759295 -2.019581452
1750921987.799995899 -1.220675550 0.388424030 0.095132962 -0.010387674 0.961522360 -0.027473759 -0.273152047 0.265924701 -0.016115453 -1.381915006
1750921987.899996042 -1.117271206 0.391278627 0.231920968 -0.010991897 0.942068365 -0.028719904 -0.334008296 0.050536334 0.145105811 -1.573948386
1750921987.999994993 -1.012216370 0.405188668 0.344273027 -0.011279117 0.921847094 -0.027339287 -0.386423705 0.588497600 0.042215973 -1.431780667
1750921988.099994898 -0.834699950 0.398060246 0.419331796 -0.013902676 0.901616208 -0.029269713 -0.431321472 -0.897092256 -0.061829255 -1.921284603
1750921988.199995041 -0.664186340 0.378811187 0.515291695 -0.017286563 0.873697896 -0.029601011 -0.485259665 -0.458081099 0.028105025 -1.671927277
1750921988.299994946 -0.513934100 0.380638256 0.588080015 0.018218559 -0.845080898 0.030349740 0.533465326 -0.135249217 -0.180844695 -1.817584437
1750921988.399995089 -0.351748937 0.387446699 0.643622671 0.019044325 -0.813773038 0.028077912 0.580191681 -0.167496000 -0.170785694 -1.760687757
1750921988.499994993 -0.163607675 0.389047498 0.666584349 0.015247385 -0.779645730 0.023950438 0.625576878 -0.306534335 -0.164785489 -1.837789179
1750921988.599994898 0.000360225 0.337835834 0.675083031 0.032763855 -0.745938977 0.029978489 0.664532063 -0.213630624 0.367789147 -1.591557604
1750921988.699995041 0.174361769 0.392338263 0.708167283 0.014581513 -0.696388595 0.015838227 0.717341937 0.147013096 -0.041053488 -1.815630940
1750921988.799994946 0.357918302 0.400303083 0.671931768 0.016322155 -0.648636890 0.014900400 0.760777070 -0.090159466 0.180505071 -1.768007403
1750921988.899995089 0.533453828 0.391257921 0.634763931 0.017325105 -0.599753063 0.010515846 0.799928448 0.166340822 -0.228063426 -1.955514022
1750921988.999994993 0.697062190 0.387982475 0.566794968 0.018855461 -0.552639149 0.008239132 0.833166585 -0.052653428 -0.245434345 -2.029393185
1750921989.099993944 0.868964458 0.380572720 0.460382490 0.021678822 -0.504209225 0.013058121 0.863210618 -0.094886129 0.131609080 -1.849485629
1750921989.199994087 1.022175082 0.385206951 0.351148435 0.020959724 -0.455783178 0.011929917 0.889764048 -0.146899721 -0.210569707 -1.942111661
1750921989.299993992 1.148955387 0.386992815 0.237040197 0.021253674 -0.409100667 0.010795691 0.912177822 -0.129243583 -0.079818062 -1.851863835
1750921989.399993896 1.281149676 0.382874244 0.084762630 0.021559751 -0.352868741 0.007652903 0.935393106 -0.083145052 -0.160920920 -1.775632997
1750921989.499994040 1.391047422 0.382138212 -0.059623103 0.022507564 -0.299460345 0.003328747 0.953837424 -0.102505740 -0.093776485 -1.805209942
1750921989.599993944 1.467305128 0.377195050 -0.206386921 0.024299541 -0.247615676 0.002608984 0.968550052 -0.203584836 -0.149625524 -1.524726202
1750921989.699994087 1.545998123 0.378812431 -0.388334144 0.026176295 -0.186346265 0.000964183 0.982134890 -0.109174793 -0.112451913 -1.812091383
1750921989.799993992 1.581569884 0.375249981 -0.552128590 0.025937634 -0.134300345 0.001231895 0.990600393 -0.154123641 -0.085096162 -1.748590915
1750921989.899993896 1.613323440 0.371825828 -0.718967460 0.027032780 -0.078550044 -0.001046179 0.996543037 -0.228554523 -0.087285183 -1.787359818
1750921989.999994040 1.600602391 0.370551772 -0.905752208 0.032391208 -0.016051032 -0.000982965 0.999345890 -0.166484882 -0.353239889 -1.966591728
1750921990.099992990 1.595714996 0.376961350 -1.074359332 0.033615755 0.045967797 -0.002529652 0.998373950 -0.220360649 0.027964760 -1.607495751
1750921990.199992895 1.534464306 0.400656170 -1.204712049 0.024306993 0.097837847 -0.004203889 0.994896604 -0.473431160 -0.537745058 -1.464010441
1750921990.299993038 1.485249430 0.409569374 -1.381902510 0.022851895 0.160866563 -0.004933126 0.986699247 0.104236697 0.169853080 -1.551428928
1750921990.399992943 1.411422291 0.408233412 -1.537210156 0.023834587 0.210780726 -0.007622303 0.977213026 -0.100712767 -0.138105206 -1.716309015
1750921990.499993086 1.323456662 0.419980424 -1.679126555 0.018622892 0.259405670 -0.008723528 0.965549474 -0.050387115 0.114105462 -1.611806549
1750921990.599992990 1.200729310 0.410790025 -1.813316748 0.016759101 0.307519086 -0.011837875 0.951320666 -0.055804512 -0.074655828 -1.798630441
1750921990.699992895 1.080349045 0.398198702 -1.952901452 0.018040509 0.354494916 -0.013670398 0.934783940 -0.235762460 -0.249963142 -1.821631012
1750921990.799993038 0.944427812 0.394582503 -2.064917156 0.019970246 0.397781994 -0.014127156 0.917153803 -0.196574966 -0.078829332 -1.797743212
1750921990.899992943 0.783466214 0.393486346 -2.170996048 0.017786508 0.443466937 -0.017748273 0.895938455 -0.034285023 -0.040895479 -1.884678802
1750921990.999993086 0.641561801 0.390804776 -2.271175581 0.019666267 0.486526936 -0.022025866 0.873166444 0.179173172 -0.022599014 -1.941778101
1750921991.099992990 0.492044750 0.385172885 -2.340148586 0.015324552 0.527394744 -0.026685460 0.849062912 -0.017797398 -0.144510369 -1.588488145
1750921991.199991941 0.304240554 0.395557717 -2.408271066 0.015287632 0.574304893 -0.026686267 0.818063581 0.011298515 0.484412947 -1.557914969
1750921991.299992085 0.126981498 0.400464914 -2.414747903 0.014002515 0.612328311 -0.027093325 0.790015140 -0.179288512 -0.077079526 -1.846123531
1750921991.399991989 -0.043691516 0.400949524 -2.424130330 0.013275257 0.653288010 -0.025762045 0.756554598 -0.103952783 -0.354788549 -2.067953835
1750921991.499991894 -0.251110523 0.396235942 -2.442127829 0.015952826 0.703976188 -0.029104430 0.709447649 -0.089570218 0.060550929 -1.897786090
1750921991.599992037 -0.417995528 0.397424093 -2.402808141 0.012199825 0.742414343 -0.026902015 0.669289465 -0.361474613 -0.309827894 -1.947978063
1750921991.699991941 -0.582120094 0.386882480 -2.353989643 0.013659893 0.778917711 -0.027903515 0.626356129 -0.061610562 -0.348188695 -1.775408873
1750921991.799992085 -0.739241905 0.388623955 -2.272409347 0.012266998 0.815903005 -0.031412868 0.577204504 -0.262390802 -0.290650450 -1.662886973
1750921991.899991989 -0.900796584 0.384498698 -2.193845957 0.014124923 0.849060137 -0.033580788 0.527038614 -0.233957596 -0.174955652 -1.679435783
1750921991.999991894 -1.033409082 0.393306983 -2.094667788 0.011764471 0.877434024 -0.032046646 0.478481080 -0.221039869 -0.089166556 -1.616255254
1750921992.099992037 -1.156987471 0.388752582 -1.970010519 0.011887889 0.905173384 -0.033048075 0.423589007 -0.163266441 -0.184889656 -1.663664886
1750921992.199990988 -1.259062503 0.392802023 -1.845693902 0.008193865 0.927440276 -0.031895072 0.372518590 -0.113135797 -0.115970891 -1.722858982
1750921992.299990892 -1.341738430 0.394502757 -1.719291817 0.008495222 0.947119539 -0.033753277 0.318987658 -0.133737418 0.006290688 -1.230891642
1750921992.399991035 -1.422718527 0.397237904 -1.565148312 0.008530965 0.965063505 -0.033842695 0.259681201 -0.260970904 -0.085995273 -1.451743018
1750921992.499990940 -1.473813261 0.396359738 -1.424565322 0.008721657 0.978315664 -0.029814758 0.204776647 -0.235271648 -0.242688084 -1.765585094
1750921992.599991083 -1.508124328 0.389962118 -1.265028567 0.001065927 0.988140546 -0.025409856 0.151431385 -0.160407751 -0.056011672 -1.818768630
1750921992.699990988 -1.534054614 0.391075305 -1.093674007 0.002427218 0.995999971 -0.025937532 0.085471696 -0.204436370 -0.146985866 -1.586996987
1750921992.799990892 -1.526161615 0.385915942 -0.944755040 -0.001966623 0.999175287 -0.026317523 0.030858817 -0.259273831 -0.104588005 -1.793329859
1750921992.899991035 -1.503181712 0.386918170 -0.786354399 -0.004086005 0.999420965 -0.024454881 -0.023302315 -0.274833647 0.005755155 -1.404443744
1750921992.999990940 -1.459112725 0.371718044 -0.610729370 -0.006123673 0.996077568 -0.022131533 -0.085452759 -0.476093796 -0.560577453 -1.794472757
1750921993.099991083 -1.404069986 0.376921386 -0.463732864 -0.006553747 0.989803335 -0.021231135 -0.140697001 -0.260305554 0.033323543 -1.565682718
1750921993.199990988 -1.325402285 0.326895214 -0.300874318 -0.009074004 0.980294889 -0.025547558 -0.195670423 1.062405277 -0.098809658 -1.818675293
1750921993.299989939 -1.235292463 0.365358141 -0.120504189 -0.012750848 0.966085854 -0.023445157 -0.256838205 0.814315236 -0.343389125 -2.533195139
1750921993.399990082 -1.148257400 0.382014734 -0.006425887 -0.016422958 0.949419484 -0.025870420 -0.312511843 0.108199641 -0.223311184 -1.448209090
1750921993.499989986 -1.029782640 0.396019891 0.104553229 -0.013958022 0.930976635 -0.028309350 -0.363711779 -0.202728704 0.182604049 -1.272909620
1750921993.599989891 -0.887251298 0.390415121 0.213819344 -0.017566285 0.906814945 -0.029254707 -0.420145502 -0.242371889 0.018514643 -1.554501586
1750921993.699990034 -0.727866092 0.387819887 0.293103754 -0.015497939 0.883025083 -0.029695740 -0.468128913 -0.278950284 -0.272962050 -1.797302724
1750921993.799989939 -0.597472552 0.382783141 0.355548464 0.018394400 -0.854840796 0.030133380 0.517687974 -0.030388549 -0.035052410 -1.605374106
1750921993.899990082 -0.422927081 0.390330065 0.402760925 0.016498773 -0.821225394 0.028501730 0.569652783 -0.386096037 -0.148664440 -1.665904740
1750921993.999989986 -0.266875558 0.392364908 0.426205979 0.016736728 -0.788746806 0.029328190 0.613790042 -0.224745370 -0.092048233 -1.685484332
1750921994.099989891 -0.106809845 0.391968374 0.436819342 0.015282112 -0.753724225 0.026911012 0.656461764 -0.151908170 -0.017242874 -1.717493151
1750921994.199990034 0.071381737 0.395915261 0.423676191 0.014345862 -0.712080998 0.024576708 0.701520373 -0.329404131 -0.130431480 -1.605184104
1750921994.299988985 0.229562359 0.391091797 0.394509036 0.014726964 -0.672221905 0.023592260 0.739827163 -0.294540284 -0.127256740 -1.632251062
1750921994.399988890 0.366496416 0.407713586 0.365968231 0.015557449 -0.629698005 0.021444415 0.776388128 -0.071088124 0.527899473 -0.992858042
1750921994.499989033 0.538465739 0.386316531 0.299498644 0.018650068 -0.577997663 0.020146118 0.815576490 -0.320602080 -0.167691456 -1.487514556
1750921994.599988937 0.672269975 0.386239397 0.230810098 0.019751363 -0.529131884 0.018788935 0.848101591 0.004678479 0.112919207 -1.477805599
1750921994.699989080 0.780386175 0.387652778 0.141390032 0.021088677 -0.481917308 0.016837475 0.875801048 -0.223088132 -0.099117271 -1.490782517
1750921994.799988985 0.892456294 0.387701665 0.030445773 0.023117777 -0.426456482 0.013810657 0.904107130 -0.351229155 -0.167388244 -1.413903385
1750921994.899988890 0.980150697 0.387506007 -0.081634910 0.024097113 -0.377636874 0.010701256 0.925578308 -0.282904821 -0.051797239 -1.370671139
1750921994.999989033 1.050510596 0.391235340 -0.200491531 0.024599240 -0.329209230 0.010201643 0.943881394 -0.248862672 -0.104385507 -1.488080606
1750921995.099988937 1.127442520 0.391835370 -0.348082162 0.025350398 -0.274263742 0.008678306 0.961281147 -0.009439755 -0.011816178 -1.619967286
1750921995.199989080 1.172005711 0.390912218 -0.480829091 0.024471797 -0.227749884 0.007076942 0.973386377 -0.161497964 -0.084592859 -1.651128932
1750921995.299988985 1.220486799 0.384001544 -0.629955443 0.026861570 -0.178768187 0.005396125 0.983509671 -0.230968320 -0.180291847 -1.514097255
1750921995.399987936 1.249783861 0.380701858 -0.798696571 0.030816781 -0.124573065 0.004722258 0.991720514 -0.254001844 -0.157185412 -1.461403210
1750921995.499988079 1.264616699 0.384860306 -0.945840067 0.029448756 -0.073409205 0.003227279 0.996861798 -0.123392471 -0.040368775 -1.620786699
1750921995.599987984 1.264079183 0.392083809 -1.106077267 0.026440451 -0.021323713 0.000977246 0.999422457 -0.338582406 -0.105074225 -1.616054239
1750921995.699987888 1.230564175 0.382417431 -1.293248694 0.027748019 0.039170323 -0.001101824 0.998846594 -0.205936666 -0.345556394 -1.827951010
1750921995.799988031 1.216969419 0.421744283 -1.431959598 0.017743455 0.100257584 -0.004754348 0.994791929 -0.264137409 -0.150142628 -1.721859758
1750921995.899987936 1.160222655 0.419192039 -1.587684524 0.015557995 0.157663405 -0.004187934 0.987361464 -0.131200379 -0.129177404 -1.770884745
1750921995.999988079 1.071590523 0.401608975 -1.759594608 0.016465408 0.223793889 -0.007474544 0.974468736 -0.122683127 -0.223048856 -1.845629094
1750921996.099987984 0.983373120 0.398439519 -1.907138948 0.014464936 0.283815024 -0.009183012 0.958725962 -0.219816655 -0.125363480 -1.644838950
1750921996.199987888 0.873875379 0.385657589 -2.020602951 0.014650840 0.340858774 -0.013314099 0.939906051 -0.134206820 -0.172060681 -1.630292060
1750921996.299988031 0.746958983 0.380533373 -2.146876320 0.013524044 0.405370891 -0.017857694 0.913877806 0.015062362 -0.127111214 -1.663751830
1750921996.399986982 0.613184116 0.371777192 -2.247288502 0.012225673 0.461544614 -0.022589285 0.886745074 -0.052787172 -0.123385585 -1.712140212
1750921996.499986887 0.485282296 0.368343283 -2.321940804 0.013571897 0.512792714 -0.025863630 0.858015448 0.034011838 -0.150308330 -1.668478690
1750921996.599987030 0.319350885 0.360720185 -2.390805985 0.010254140 0.565535759 -0.026463450 0.824235309 -0.115520523 -0.077604441 -1.549525402
1750921996.699986935 0.180109627 0.357483230 -2.422211269 0.015687304 0.609520026 -0.030252398 0.792037903 -0.344719888 -0.089481990 -1.680527598
1750921996.799987078 0.028661240 0.352292509 -2.438741115 0.016928726 0.651632239 -0.029990240 0.757752881 -0.112012370 -0.121127127 -1.729239667
1750921996.899986982 -0.164301183 0.356767577 -2.451904917 0.015229220 0.698426733 -0.032762571 0.714769042 -0.011537191 -0.281233629 -1.814722636
1750921996.999986887 -0.312391535 0.371781601 -2.426418990 0.014543472 0.735545860 -0.028927939 0.676700783 -0.096892632 0.019681229 -1.648855416
1750921997.099987030 -0.506996085 0.356347893 -2.420308330 0.014924076 0.777016317 -0.031621798 0.628508533 0.138315592 -0.237526367 -1.873363891
1750921997.199986935 -0.667650466 0.374205114 -2.345056180 0.010690800 0.811227266 -0.031084259 0.583806302 0.007950729 -0.052750686 -1.839424030
1750921997.299987078 -0.832972548 0.370632536 -2.277138649 0.013787620 0.843100678 -0.033315163 0.536545663 -0.061048549 0.009767612 -1.775403501
1750921997.399986982 -0.973009014 0.371553990 -2.177815413 0.017043148 0.869684149 -0.035597176 0.492028306 -0.200022207 -0.050309111 -1.780461847
1750921997.499985933 -1.118543281 0.379154739 -2.050858252 0.016644080 0.897553235 -0.034138513 0.439267262 -0.174579511 -0.102230255 -1.849559401
1750921997.599986076 -1.236297195 0.394401677 -1.933660867 0.010937509 0.921188634 -0.032827502 0.387574801 -0.209415922 -0.085360168 -1.602829086
1750921997.699985981 -1.342244954 0.395394059 -1.795638839 0.009049396 0.942065730 -0.033297139 0.333648873 -0.047358223 -0.034862223 -1.774875148
1750921997.799985886 -1.445700388 0.396310099 -1.628575867 0.010678046 0.961815886 -0.035025295 0.271236813 -0.006065441 -0.269814393 -2.095289906
1750921997.899986029 -1.515099979 0.398687524 -1.472280996 0.010461178 0.976030229 -0.033193287 0.214834263 -0.075026616 -0.068868453 -1.768190006
1750921997.999985933 -1.560012906 0.400540631 -1.321772793 0.008481061 0.986877939 -0.029566355 0.158511314 -0.179439690 -0.078852941 -1.793116320
1750921998.099986076 -1.598325304 0.394723456 -1.136290839 0.004741037 0.994995213 -0.028603915 0.095623557 -0.084832159 -0.106303891 -1.634536892
1750921998.199985981 -1.617891594 0.413991014 -0.951505037 0.000551082 0.998954800 -0.027032675 0.036854296 -0.062902645 0.008083268 -2.126394792
1750921998.299985886 -1.605906974 0.420650809 -0.795235168 -0.001939763 0.999370115 -0.028001271 -0.021714966 0.067906240 0.039279755 -2.337656628
1750921998.399986029 -1.583817845 0.403313700 -0.590341698 -0.004641125 0.995811564 -0.024318712 -0.088013575 0.417300842 -0.436135990 -3.166135269
1750921998.499984980 -1.527619157 0.425908439 -0.432315113 -0.005268793 0.989351511 -0.021504328 -0.143851975 -0.063807393 0.244776982 -1.721381540
1750921998.599984884 -1.438328521 0.393132148 -0.260765496 -0.008490523 0.979560054 -0.024626115 -0.199458181 -0.423607268 -0.128137338 -1.959977578
1750921998.699985027 -1.337284218 0.402517542 -0.107754779 -0.005991384 0.965019944 -0.022700732 -0.261123126 -0.336858604 -0.094734503 -1.795562263
1750921998.799984932 -1.229923695 0.402467770 0.027378348 -0.007451173 0.948981837 -0.025796596 -0.314185436 -0.173874924 -0.081812733 -1.886928690
1750921998.899985075 -1.118919747 0.407052486 0.136359749 -0.008126759 0.929721689 -0.027361091 -0.367155154 -0.234857419 -0.268081281 -1.630604927
1750921998.999984980 -0.980226154 0.404275091 0.254758559 -0.011030649 0.904991347 -0.028644522 -0.424321198 0.050368037 -0.191384698 -1.597616372
1750921999.099984884 -0.838576551 0.368299287 0.352843576 -0.017227966 0.880102011 -0.034438485 -0.473220497 -0.233039605 -0.275243549 -1.971321351
1750921999.199985027 -0.651274425 0.389253708 0.413623779 0.018066556 -0.855806858 0.029695049 0.516126366 -0.251645647 0.028821523 -1.603215899
1750921999.299984932 -0.476337569 0.403450321 0.500882977 0.017938583 -0.819424198 0.027037233 0.572268450 0.074884682 0.020714422 -1.815775659
1750921999.399985075 -0.308507131 0.403040690 0.528489994 0.017330511 -0.787737627 0.025210203 0.615250786 -0.171578812 -0.062793875 -2.033866078
1750921999.499984980 -0.127355419 0.405727638 0.543190360 0.015158615 -0.752918286 0.022215905 0.657564237 -0.209892547 0.010702845 -1.733086409
1750921999.599983931 0.079218148 0.407065855 0.537413585 0.013810975 -0.709188246 0.019537570 0.704613065 0.105148883 0.316991406 -1.917079283
1750921999.699984074 0.251712258 0.424087275 0.506429415 0.012154576 -0.670073934 0.013795955 0.742066615 -0.061778095 -0.398569050 -1.859382382
1750921999.799983978 0.421612309 0.391219855 0.457131968 0.015369917 -0.628249242 0.016173006 0.777692156 -0.472394794 -0.416190704 -1.594350258
1750921999.899983883 0.605910933 0.393937119 0.391551906 0.018127335 -0.576648053 0.016691298 0.816620979 -0.312722342 0.175885082 -1.896644816
1750921999.999984026 0.763528887 0.397537374 0.331029155 0.020577360 -0.528865863 0.013147911 0.848354056 -0.305386836 0.002243551 -1.726605759
1750922000.099983931 0.909639024 0.394791242 0.237431218 0.023705880 -0.480550512 0.009099514 0.876599359 -0.003237031 -0.057304538 -1.852556146
1750922000.199984074 1.061288029 0.397337176 0.110298364 0.024014495 -0.422784126 0.009232682 0.905865136 -0.163531621 -0.045722776 -1.778009206
1750922000.299983978 1.184142125 0.397604528 -0.018004137 0.024918820 -0.371767115 0.006558874 0.927968343 -0.073949017 -0.115073316 -1.815691033
1750922000.399983883 1.283145890 0.392853813 -0.156215296 0.028416532 -0.318988284 0.008418588 0.947295151 -0.086384056 -0.152469258 -1.882186139
1750922000.499984026 1.376007104 0.393304183 -0.316818339 0.028106407 -0.259096470 0.006296583 0.965421878 -0.136897023 -0.115058902 -1.668605603
1750922000.599982977 1.447128064 0.388611207 -0.479544685 0.028499667 -0.204885759 0.007252990 0.978344003 0.075069292 -0.145102974 -1.906530424
1750922000.699982882 1.496430179 0.401011486 -0.623467680 0.028928116 -0.153018118 0.001459974 0.987798810 -0.002031454 0.015979019 -1.624140685
1750922000.799983025 1.536221453 0.408764369 -0.806791261 0.030566401 -0.091548503 -0.000706627 0.995331135 0.067539018 -0.076473309 -1.802912805
1750922000.899982929 1.548290244 0.411990970 -0.974048803 0.032805177 -0.035997812 -0.000226216 0.998813259 -0.135114653 -0.112946903 -1.790967435
1750922000.999983072 1.536790783 0.418684314 -1.143951222 0.032686876 0.019495420 -0.001711696 0.999274020 -0.203046028 0.096148402 -1.590274885
1750922001.099982977 1.497567700 0.423453869 -1.318305777 0.027791434 0.083727339 -0.001479228 0.996099985 0.050268970 0.158003228 -1.709510514
1750922001.199982882 1.461590484 0.431122917 -1.489682796 0.023994779 0.142377891 -0.003404636 0.989515637 -0.014978363 -0.173578824 -1.961787390
1750922001.299983025 1.380014670 0.426489708 -1.638966259 0.022290667 0.195218876 -0.005906230 0.980488569 -0.202838833 -0.129386522 -1.832356835
1750922001.399982929 1.284939458 0.422220741 -1.808855703 0.020023654 0.260012646 -0.008173411 0.965362974 -0.079319872 -0.147282409 -1.744489312
1750922001.499983072 1.178363329 0.412677664 -1.937004640 0.016517055 0.314057406 -0.010979857 0.949196805 -0.079081765 -0.119409259 -1.558856439
1750922001.599982977 1.056867133 0.414644338 -2.063305484 0.016104025 0.368536005 -0.014480839 0.929361167 -0.283502731 -0.130548916 -1.624789324
1750922001.699981928 0.898892962 0.405776384 -2.184293624 0.014745262 0.425397869 -0.015951291 0.904745703 -0.259395578 -0.065147245 -1.662582011
1750922001.799982071 0.758845813 0.393421687 -2.284848580 0.019579116 0.474858638 -0.023843345 0.879521135 0.134189413 -0.125342438 -1.349833455
1750922001.899981976 0.626544118 0.397935294 -2.356449366 0.018131789 0.523187023 -0.023372456 0.851704353 -0.033613929 -0.030685894 -1.696145245
1750922001.999982119 0.458404729 0.385856771 -2.407841690 0.018862856 0.574292129 -0.025857984 0.818024516 -0.253391543 -0.387183958 -1.768236887
1750922002.099982023 0.295046183 0.387859950 -2.445397777 0.018773077 0.618481640 -0.026572928 0.785125411 -0.228153814 -0.058111687 -1.626168780
1750922002.199981928 0.131184435 0.385763613 -2.468168728 0.018725382 0.662130655 -0.027384950 0.748653738 -0.313404776 -0.177962321 -2.002460199
1750922002.299982071 -0.075582428 0.406016142 -2.473254429 0.016883685 0.708197277 -0.025851654 0.705339103 0.087978427 0.402281255 -1.944728162
1750922002.399981976 -0.241566383 0.386453382 -2.428556967 0.019180138 0.742265455 -0.028181749 0.669238303 -0.236561263 -0.215066072 -1.904561157
1750922002.499982119 -0.422646630 0.384982320 -2.389720585 0.013562114 0.778816488 -0.027027255 0.626522525 -0.319777050 -0.445767146 -2.102950409
1750922002.599982023 -0.604957437 0.393712520 -2.317079135 0.012706735 0.815838861 -0.027518875 0.577484374 -0.005991656 -0.141005484 -1.843998387
1750922002.699980974 -0.773269518 0.396578089 -2.237899403 0.011659706 0.848386029 -0.030275460 0.528382998 0.149126955 -0.038259969 -1.846197445
1750922002.799981117 -0.910388199 0.396925726 -2.131254045 0.012233654 0.875793966 -0.030072953 0.481592030 -0.241747130 -0.287409640 -2.166505930
1750922002.899981022 -1.062582875 0.404312953 -1.997983239 0.010117422 0.904672936 -0.027775125 0.425080063 -0.016034812 0.014166774 -1.834403765
1750922002.999980927 -1.179696107 0.410036574 -1.860333614 0.006433937 0.927026224 -0.028187186 0.373880284 -0.218658762 -0.098409721 -1.741093919
1750922003.099981070 -1.278337136 0.408858656 -1.720808016 0.008452971 0.946432396 -0.029195541 0.321468331 -0.140714564 -0.109123885 -1.680383245
1750922003.199980974 -1.381802337 0.411968295 -1.544548719 0.004986899 0.965303548 -0.028639029 0.259507221 -0.092646537 -0.175220908 -2.002853999
1750922003.299981117 -1.439156360 0.409046880 -1.389998042 0.004075297 0.978464070 -0.028872960 0.204347274 -0.041880048 -0.029672690 -1.868157714
1750922003.399981022 -1.503768398 0.410374027 -1.213461196 -0.001632086 0.988601708 -0.023906747 0.148635351 -0.070337423 -0.083451525 -1.743113073
1750922003.499980927 -1.526658468 0.403889653 -1.024730148 -0.000077242 0.995676732 -0.026731665 0.088956497 -0.185730364 -0.184465773 -1.836085840
1750922003.599981070 -1.541627355 0.401280286 -0.855165375 -0.003562279 0.999063690 -0.027271999 0.033395979 -0.080368403 -0.116518300 -1.703360545
1750922003.699980021 -1.522506169 0.402399379 -0.695760215 -0.003841589 0.999468831 -0.024044270 -0.021660375 -0.154220231 0.139649075 -1.373281727
1750922003.799979925 -1.479243618 0.385899896 -0.499686796 -0.005740990 0.996277565 -0.025099244 -0.082268359 -0.080298828 -0.296948628 -1.953155137
1750922003.899980068 -1.408578251 0.384062960 -0.313703039 -0.008934393 0.989973718 -0.023251702 -0.139038026 -0.071250813 -0.082433802 -1.789251999
1750922003.999979973 -1.345643743 0.390043129 -0.164029476 -0.007548662 0.980366547 -0.024506781 -0.195509254 -0.127647752 -0.002975453 -1.670371874
1750922004.099980116 -1.240763855 0.389696044 0.008790368 -0.012319336 0.965552203 -0.025863672 -0.258627625 -0.233762618 -0.115150686 -1.773755494
1750922004.199980021 -1.143139754 0.400065793 0.123667596 -0.012662058 0.949373369 -0.028722700 -0.312577807 -0.520389582 0.160914943 -1.916261001
1750922004.299979925 -1.001506059 0.414511889 0.232315039 -0.014004262 0.932044052 -0.030955461 -0.360748562 -0.530111027 0.631588754 -1.679059503
1750922004.399980068 -0.864881847 0.429618999 0.338978876 -0.012184870 0.908627290 -0.027145441 -0.416546638 0.208599420 0.142521580 -1.503275884
1750922004.499979973 -0.714797729 0.423052386 0.439949388 -0.012762815 0.884433213 -0.026087678 -0.465762209 -0.777408699 0.358081764 -2.057519258
1750922004.599980116 -0.603831553 0.426768683 0.512404818 0.013592905 -0.856330656 0.027684281 0.515506179 -0.302661861 0.277404547 -1.747203244
1750922004.699980021 -0.398440043 0.436511827 0.570431004 0.012565051 -0.823758804 0.026419644 0.566185089 -0.193858902 -0.048883174 -1.626951770
1750922004.799978971 -0.229931716 0.420071114 0.604647598 0.012327561 -0.791667327 0.026238470 0.610264219 -0.191550582 -0.423189197 -1.855097255
1750922004.899979115 -0.055503265 0.439212019 0.619457520 0.007917768 -0.757024481 0.020375396 0.653020740 -0.016919997 -0.090713168 -1.839668627
1750922004.999979019 0.145813930 0.393067982 0.627414712 0.013607616 -0.712195898 0.024875939 0.701407886 0.220147085 -0.559592618 -1.910355939
1750922005.099978924 0.319347743 0.408482584 0.597107207 0.013601483 -0.672628195 0.019563446 0.739596906 0.052355709 -0.231355264 -1.815032742
1750922005.199979067 0.488197224 0.401128768 0.538163838 0.014892888 -0.630072038 0.017003052 0.776207656 -0.072831741 0.067948739 -1.842217190
1750922005.299978971 0.667682891 0.402106167 0.477827176 0.013099502 -0.575860800 0.011533037 0.817361445 -0.052127974 -0.092448768 -1.812348659
1750922005.399979115 0.824152067 0.396808333 0.401035892 0.017466013 -0.526813635 0.009071233 0.849752932 -0.164794035 -0.149970495 -1.812232033
1750922005.499979019 0.971760318 0.394582717 0.306663728 0.019117376 -0.476198340 0.009788616 0.879075566 0.041716740 -0.064318973 -1.854014032
1750922005.599978924 1.108664532 0.389421693 0.175533424 0.020878490 -0.422811888 0.009370961 0.905928463 -0.124408562 -0.092417569 -1.851548239
1750922005.699979067 1.231962399 0.393655613 0.060694118 0.019965632 -0.369907378 0.005449273 0.928838097 -0.236519000 -0.116834200 -1.684904745
1750922005.799978018 1.326121577 0.394869231 -0.071353885 0.020444774 -0.318653692 0.004157472 0.947641573 -0.166078265 -0.084868254 -1.782123731
1750922005.899977922 1.418625535 0.393037061 -0.237514222 0.022076261 -0.260017552 0.002188449 0.965349016 -0.184762599 -0.060762611 -1.702868342
1750922005.999978065 1.476152386 0.389473281 -0.385580164 0.023329155 -0.208498466 0.001075918 0.977743823 -0.151396850 -0.135477378 -1.670024841
1750922006.099977970 1.522405411 0.386993817 -0.547784771 0.023841146 -0.155408152 -0.000616992 0.987562416 -0.180585328 -0.029276521 -1.609835140
1750922006.199978113 1.547992559 0.387258747 -0.725741323 0.025910213 -0.095322253 -0.000856078 0.995108836 -0.132549494 -0.152015855 -1.614770036
1750922006.299978018 1.554691549 0.391121571 -0.892566904 0.028458318 -0.039599263 -0.000965129 0.998809837 -0.158056239 0.014534520 -1.551802120
1750922006.399977922 1.553239070 0.401661637 -1.060034740 0.028109885 0.020468020 -0.002734827 0.999391522 -0.212179013 -0.143888621 -1.812968381
1750922006.499978065 1.501230129 0.410134092 -1.242487646 0.020348201 0.078982046 -0.003472412 0.996662295 -0.481658849 0.002521880 -1.633503633
1750922006.599977970 1.473991537 0.418002580 -1.409450192 0.017287182 0.139241528 -0.004421259 0.990097673 -0.644676371 -0.311847656 -1.977444761
1750922006.699978113 1.406647652 0.417025414 -1.559713580 0.015818141 0.194088454 -0.008254764 0.980821756 -0.002619331 -0.276216047 -1.662642317
1750922006.799978018 1.312830720 0.411291310 -1.721101516 0.011846516 0.260307610 -0.008553395 0.965415169 -0.175801089 -0.139242442 -1.802368316
1750922006.899976969 1.199522339 0.406293855 -1.847928106 0.012259147 0.314714988 -0.011675356 0.949035234 -0.156269369 0.154904908 -1.754460731
1750922006.999977112 1.074474058 0.392208418 -1.973056903 0.010125067 0.368830310 -0.013860253 0.929338248 -0.170061437 -0.148571274 -1.891199773
1750922007.099977016 0.926925876 0.390428344 -2.088436731 0.009491688 0.426895082 -0.018308797 0.904065974 -0.083110373 -0.096486635 -1.776582631
1750922007.199976921 0.777004746 0.378917017 -2.191398230 0.011040858 0.476805310 -0.020681202 0.878696241 -0.091346076 -0.130540381 -1.674536456
1750922007.299977064 0.650277030 0.378837400 -2.258645300 0.010111556 0.524153325 -0.023034998 0.851252276 0.164767255 -0.301154874 -1.566522787
1750922007.399976969 0.491446377 0.377927766 -2.319204850 0.011319712 0.574890699 -0.028022400 0.817671874 -0.214831813 -0.289326557 -1.801299852
1750922007.499977112 0.329430121 0.363928140 -2.362793738 0.014365222 0.616850936 -0.029760407 0.786385962 -0.102540127 -0.080187019 -1.571441182
1750922007.599977016 0.167631732 0.360628704 -2.364498871 0.012423821 0.655189578 -0.028580348 0.754821455 -0.518134259 -0.376714224 -1.986740463
1750922007.699976921 -0.032907678 0.368095123 -2.360962819 0.013257313 0.701040898 -0.028486289 0.712428547 -0.093991083 0.172117555 -1.665521394
1750922007.799977064 -0.220092471 0.359268134 -2.336469806 0.014657487 0.739918328 -0.033294283 0.671712376 -0.149190605 -0.091796741 -1.978040363
1750922007.899976015 -0.401839339 0.371539230 -2.292842780 0.011927729 0.777320382 -0.029009789 0.628322517 -0.122721742 -0.156424708 -1.945956714
1750922007.999975920 -0.591781694 0.352043725 -2.208426297 0.015036744 0.813736963 -0.036029676 0.579920609 -0.323283024 -0.521490374 -1.973590746
1750922008.099976063 -0.745349356 0.357613496 -2.130809252 0.016722641 0.845731452 -0.037302091 0.532040617 -0.040903537 -0.187870604 -1.836445247
1750922008.199975967 -0.895157986 0.355852801 -2.031732648 0.015389515 0.873691437 -0.040329267 0.484561644 -0.108498548 -0.019552527 -1.877336233
1750922008.299976110 -1.056400091 0.365087865 -1.906175127 0.012548722 0.903638965 -0.037865104 0.426433329 -0.122892163 0.001698636 -1.777241391
1750922008.399976015 -1.163911485 0.373933639 -1.783718401 0.011073915 0.925948476 -0.037071701 0.375662717 -0.139672108 -0.086961988 -1.909686464
1750922008.499975920 -1.258504020 0.376173494 -1.644402759 0.010787556 0.945686297 -0.035967106 0.322904666 -0.164638739 -0.225932662 -1.766083453
1750922008.599976063 -1.358864267 0.379361186 -1.475191157 0.009637493 0.964633388 -0.035240732 0.261051023 -0.069151931 -0.113531376 -1.877220083
1750922008.699975967 -1.419290278 0.388818021 -1.324378040 0.004749146 0.978264526 -0.033072457 0.204651353 -0.124335135 -0.157325650 -1.837790898
1750922008.799976110 -1.461210508 0.384665681 -1.156042160 0.004808074 0.988366457 -0.033122081 0.148362921 -0.253190177 -0.121526502 -1.600242024
1750922008.899976015 -1.482371193 0.386365120 -0.971561500 0.003591710 0.995629163 -0.032484653 0.087489527 -0.254619847 -0.041370358 -1.499089022
1750922008.999974966 -1.480442802 0.390318793 -0.813792251 0.002308882 0.998945358 -0.031119955 0.033680704 -0.392975368 0.133579833 -1.256956663
1750922009.099975109 -1.455417289 0.398163435 -0.628547366 -0.000453993 0.999309036 -0.028932369 -0.023327280 -0.270954653 0.004827619 -2.010991591
1750922009.199975014 -1.433472678 0.395326319 -0.438323831 -0.002235256 0.995685764 -0.025988347 -0.089047564 0.136865105 0.095924263 -1.631298292
1750922009.299974918 -1.368426334 0.405640376 -0.290977501 -0.003891532 0.989270585 -0.025104535 -0.143869134 -0.157087330 -0.034044804 -1.503857478
1750922009.399975061 -1.286691641 0.394510261 -0.126146049 -0.008024854 0.979389989 -0.026062050 -0.200129011 -0.385333464 -0.347843012 -1.777979584
1750922009.499974966 -1.171102933 0.396231954 0.031543618 -0.011676762 0.964530004 -0.028332709 -0.262188447 -0.296317930 -0.109813770 -1.657736885
1750922009.599975109 -1.142400011 0.456759670 0.099295965 -0.002870422 0.949428062 -0.022310761 -0.313177817 0.945257469 0.502011588 -0.724537100
1750922009.699975014 -0.948967366 0.419709583 0.210043643 -0.010968436 0.932791271 -0.028347955 -0.359133029 -0.070218084 -0.273247052 -1.565032846
1750922009.799974918 -0.780788939 0.399179788 0.329069827 -0.013678295 0.908570081 -0.031275027 -0.416335425 -0.247282628 -0.591923461 -1.935548402
1750922009.899975061 -0.618813554 0.407015210 0.401010220 -0.013484494 0.885782076 -0.026742825 -0.463134002 -0.407793078 0.185922625 -1.688668315
1750922009.999974012 -0.501635635 0.417400093 0.484035089 0.014261300 -0.855747128 0.024993623 0.516593445 -0.252825624 -0.176126654 -1.729372616
1750922010.099973917 -0.321313166 0.402719878 0.530982764 0.017215251 -0.821955567 0.029155048 0.568544339 -0.195953292 -0.153235248 -1.647296628
1750922010.199974060 -0.167389128 0.416515307 0.556172614 0.013066743 -0.789776274 0.024099599 0.612782104 -0.168080937 -0.017306088 -1.737746320
1750922010.299973965 -0.008478531 0.413729592 0.560750455 0.012020234 -0.755583352 0.020570701 0.654619094 -0.396316660 0.354114466 -1.557462245
1750922010.399974108 0.173410216 0.416865057 0.547684545 0.009023353 -0.711665533 0.020078914 0.702173472 -0.393175090 -0.059561857 -1.448462485
1750922010.499974012 0.335238924 0.401091970 0.506581087 0.016444866 -0.673344604 0.018403860 0.738916713 -0.278305198 -0.188040962 -1.520914203
1750922010.599973917 0.480239504 0.398854368 0.460422880 0.018322533 -0.632409490 0.015283555 0.774266708 -0.335006802 -0.615220855 -1.688766006
1750922010.699974060 0.640894567 0.393337303 0.384616468 0.019345545 -0.586472266 0.013541021 0.809625020 -0.361244777 -0.087209972 -1.567688024
1750922010.799973965 0.794794921 0.381964150 0.317350888 0.024660997 -0.538371477 0.015438965 0.842205216 -0.302885988 -0.228147574 -1.628553094
1750922010.899974108 0.915690593 0.382907790 0.225694662 0.027955183 -0.492728693 0.015184656 0.869601270 -0.333799878 0.012631680 -1.476314036
1750922010.999974012 1.044594954 0.387331797 0.108796003 0.026644276 -0.437842052 0.011538405 0.898582932 -0.196259960 -0.069742277 -1.614709495
1750922011.099972963 1.151623456 0.389271488 -0.013339107 0.027946743 -0.387875708 0.010040786 0.921233194 -0.153021642 -0.114152607 -1.731425457
1750922011.199973106 1.238029647 0.387228261 -0.141620457 0.029691594 -0.337286082 0.010364759 0.940876761 -0.238505963 -0.063932110 -1.571679820
1750922011.299973011 1.317958423 0.389107605 -0.294077325 0.031272473 -0.276520067 0.008147965 0.960464625 -0.138198450 -0.117897300 -1.630237582
1750922011.399972916 1.372714465 0.385000595 -0.440412192 0.030367578 -0.224198650 0.008594503 0.974032294 -0.176435460 -0.116108792 -1.617544263
1750922011.499973059 1.414524089 0.394905828 -0.567847183 0.029984432 -0.171511009 0.007904356 0.984694079 -0.130996062 -0.018769481 -1.299871755
1750922011.599972963 1.453796794 0.400714510 -0.736357657 0.031005129 -0.107539150 0.003946779 0.993709432 -0.196521822 -0.156531182 -1.610264801
1750922011.699973106 1.464450398 0.405531189 -0.900092115 0.031718570 -0.051414471 0.003033235 0.998168966 -0.040880474 0.082731990 -1.642873838
1750922011.799973011 1.433332985 0.412765587 -1.027535256 0.027131692 0.001247898 0.002390763 0.999628230 -0.183471414 0.010069243 -1.392918630
1750922011.899972916 1.414416280 0.412560977 -1.207492645 0.028004189 0.067032079 0.000278265 0.997357703 -0.015756968 0.024189210 -1.622042748
1750922011.999973059 1.352471289 0.405420557 -1.367708459 0.026043804 0.121885132 0.001329496 0.992201576 -0.410986695 -0.503667792 -2.175341604
1750922012.099972010 1.309941617 0.417676301 -1.505638935 0.021614069 0.181449952 0.000082763 0.983162621 -0.094908388 0.058935711 -1.411791592
1750922012.199971914 1.196716883 0.410998199 -1.655054692 0.021025186 0.240790441 -0.003949996 0.970341333 -0.221898048 -0.070264917 -1.648702770
1750922012.299972057 1.100802477 0.404731634 -1.777505772 0.018934425 0.295395873 -0.006220740 0.955167037 -0.223017526 -0.085529412 -1.609082190
1750922012.399971962 0.998080455 0.405479686 -1.887326972 0.016616334 0.347373984 -0.009707430 0.937529188 -0.173823609 -0.044794772 -1.490055699
1750922012.499972105 0.864923765 0.400997679 -1.990504161 0.014248777 0.402951143 -0.014014593 0.915003246 -0.012168395 -0.151246150 -1.635994972
1750922012.599972010 0.734799431 0.393670109 -2.076035428 0.015259550 0.452318678 -0.016539251 0.891572438 -0.191547098 -0.128500836 -1.588873052
1750922012.699971914 0.599700604 0.391573828 -2.148348569 0.014780008 0.500819852 -0.019665397 0.865201884 -0.116520335 -0.148867391 -1.626113594
1750922012.799972057 0.446220983 0.387439770 -2.208245313 0.014554215 0.553916360 -0.022060406 0.832152738 -0.108804499 -0.126270437 -1.472375386
1750922012.899971962 0.299918204 0.383212997 -2.239908574 0.014915310 0.597081493 -0.023156691 0.801707548 -0.173437721 -0.243664223 -1.580913517
1750922012.999972105 0.149890907 0.390383512 -2.261287166 0.011614734 0.640548304 -0.022265893 0.767507132 -0.247968925 -0.120370484 -1.630872907
1750922013.099972010 -0.036930730 0.376348811 -2.257799500 0.014444807 0.687015111 -0.024249655 0.726094718 -0.118875794 -0.395658626 -1.567259638
1750922013.199970961 -0.185672146 0.378972766 -2.239369580 0.013389250 0.724846889 -0.026143766 0.688283531 -0.224130076 -0.116901971 -1.658661224
1750922013.299971104 -0.330664902 0.381993730 -2.201796901 0.013431907 0.759224244 -0.023970886 0.650248820 -0.184823703 -0.050657984 -1.266290900
1750922013.399971008 -0.451176095 0.391694938 -2.162962253 0.011930686 0.796222465 -0.023109940 0.604444683 0.014656621 0.045458242 -1.132765741
1750922013.499970913 -0.525356703 0.380987453 -2.112343218 0.013134030 0.825304517 -0.025266892 0.563969445 -0.022203976 0.001639741 -0.784464994
1750922013.599971056 -0.573864890 0.382522156 -2.077543268 0.012587013 0.849519630 -0.026228496 0.526754242 -0.293505584 -0.076116488 -0.450608995
1750922013.699970961 -0.598798204 0.386024187 -2.049832295 0.011597640 0.867028600 -0.027604414 0.497357917 -0.222503018 -0.011660589 -0.271496933
1750922013.799971104 -0.601306338 0.388210507 -2.033178580 0.010114434 0.877001152 -0.028268142 0.479549361 -0.225279144 0.091194342 0.030282425
1750922013.899971008 -0.595816881 0.385041143 -2.017442223 0.010826337 0.887032926 -0.030089565 0.460597434 -0.194726486 0.112412111 0.137724097
1750922013.999970913 -0.566325818 0.385675550 -2.002939045 0.010885636 0.897887830 -0.030388893 0.439039250 -0.311568275 -0.073001354 0.052267884
1750922014.099971056 -0.542107662 0.387369160 -2.001267368 0.010259508 0.906563923 -0.030924465 0.420809070 -0.227364759 0.061411726 0.245027444
1750922014.199970007 -0.518987365 0.387665320 -2.001175359 0.009904019 0.914138823 -0.030785965 0.404109325 -0.267193683 0.174253811 0.237846927
1750922014.299969912 -0.490347791 0.394328757 -2.007621252 0.007570082 0.921533629 -0.030400622 0.387032643 -0.321032374 0.151134209 0.313324463
1750922014.399970055 -0.522124247 0.293576441 -1.964642947 0.023319740 0.924735759 -0.037821976 0.378007228 0.039978336 -2.445568983 -1.236537013
1750922014.499969959 -0.505946375 0.376618603 -1.961337182 0.015329489 0.928153563 -0.035876427 0.370147068 2.012854899 -0.212353331 0.868420514
1750922014.599970102 -0.553709246 0.315557517 -1.979759554 0.038608429 0.925908930 -0.041704535 0.373447149 0.000000000 0.000000000 0.000000000
1750922014.699970007 -0.553709246 0.315557517 -1.979759554 0.038608429 0.925908930 -0.041704535 0.373447149 0.000000000 0.000000000 0.000000000
1750922014.799969912 -0.553709246 0.315557517 -1.979759554 0.038608429 0.925908930 -0.041704535 0.373447149 0.000000000 0.000000000 0.000000000
1750922014.899970055 -0.553709246 0.315557517 -1.979759554 0.038608429 0.925908930 -0.041704535 0.373447149 0.000000000 0.000000000 0.000000000
1750922014.999969959 -0.553709246 0.315557517 -1.979759554 0.038608429 0.925908930 -0.041704535 0.373447149 0.000000000 0.000000000 0.000000000
1750922015.099970102 -0.553709246 0.315557517 -1.979759554 0.038608429 0.925908930 -0.041704535 0.373447149 0.000000000 0.000000000 0.000000000
1750922015.199970007 -0.553709246 0.315557517 -1.979759554 0.038608429 0.925908930 -0.041704535 0.373447149 0.000000000 0.000000000 0.000000000
1750922015.299968958 -0.553709246 0.315557517 -1.979759554 0.038608429 0.925908930 -0.041704535 0.373447149 0.000000000 0.000000000 0.000000000
1750922015.399969101 -0.553709246 0.315557517 -1.979759554 0.038608429 0.925908930 -0.041704535 0.373447149 0.000000000 0.000000000 0.000000000
1750922015.499969006 -0.553709246 0.315557517 -1.979759554 0.038608429 0.925908930 -0.041704535 0.373447149 0.000000000 0.000000000 0.000000000
