1750921983.200000048 0.036612512 0.313517607 0.385185302 0.021715116 -0.725150656 0.035374253 0.687338085 -0.320126581 -0.059945961 -1.670259350
1750921983.299999952 0.194846479 0.319789529 0.367832307 0.022026536 -0.684276780 0.031702356 0.728199891 -0.011750951 0.048746415 -1.660598520
1750921983.400000095 0.367457407 0.316904065 0.318046292 0.024024772 -0.636147817 0.031363334 0.770555064 -0.396912245 -0.264921422 -1.618185096
1750921983.500000000 0.518218958 0.322465593 0.265085406 0.020476623 -0.588918342 0.026870294 0.807486150 -0.321957288 -0.195244550 -1.647792002
1750921983.599999905 0.650261434 0.326876839 0.195626971 0.021139717 -0.542529437 0.024136401 0.839423824 -0.087052978 0.031428603 -1.634336069
1750921983.700000048 0.809787765 0.327034844 0.105956966 0.024478568 -0.484657821 0.023337417 0.874049747 -0.140440671 -0.095644793 -1.591012001
1750921983.799998999 0.920989344 0.334904728 0.005977939 0.026187449 -0.434675253 0.020000741 0.899984229 -0.116295250 -0.024098293 -1.625437059
1750921983.899998903 1.024764065 0.336217586 -0.111379468 0.024959540 -0.388357536 0.020031720 0.920952863 -0.144427158 -0.131040905 -1.650215607
1750921983.999999046 1.127375761 0.337817123 -0.253730696 0.027651425 -0.335430886 0.016599825 0.941512594 -0.176637834 -0.107354308 -1.702539261
1750921984.099998951 1.204837197 0.341037726 -0.387223108 0.026847596 -0.289252292 0.014833885 0.956761346 -0.182419259 -0.129609878 -1.652450208
1750921984.199999094 1.265221356 0.343447259 -0.524322683 0.027835201 -0.242673295 0.012381885 0.969629601 -0.220145977 -0.143522814 -1.633941097
1750921984.299998999 1.322158960 0.343046235 -0.698183863 0.026407333 -0.189616084 0.009409242 0.981458027 -0.208567584 -0.175412237 -1.760396750
1750921984.399998903 1.354757133 0.347688326 -0.840897984 0.025696284 -0.142279268 0.008050658 0.989460205 -0.139035339 0.079174068 -1.609627100
1750921984.499999046 1.372215628 0.347327147 -0.995731237 0.026939629 -0.090374818 0.005642581 0.995527403 -0.146706813 0.041293766 -1.370344265
1750921984.599998951 1.363696260 0.352177900 -1.164275666 0.027840050 -0.029130714 0.005407246 0.999173206 -0.266481978 -0.294984320 -1.797824975
1750921984.699999094 1.341409102 0.356889480 -1.328785148 0.027435806 0.023650638 0.004416479 0.999333988 -0.103856870 -0.137822932 -1.674295344
1750921984.799998999 1.328215304 0.366263867 -1.474407909 0.019021091 0.083788111 0.002677185 0.996298441 -0.080539716 0.192944396 -1.780962658
1750921984.899997950 1.261931901 0.378173001 -1.598456998 0.012464841 0.143160110 0.002296292 0.989618380 -0.240712280 -0.086105530 -1.480282842
1750921984.999998093 1.185981377 0.366492910 -1.751166925 0.014610812 0.197798700 -0.001651456 0.980132374 -0.064682632 0.001308699 -1.562832715
1750921985.099997997 1.096686092 0.358162731 -1.882708000 0.016112508 0.252327377 -0.003051736 0.967502955 -0.182765791 -0.195599317 -1.748603314
1750921985.199997902 0.985059598 0.353646966 -2.025510649 0.013034090 0.313748836 -0.006554945 0.949393919 -0.132686723 -0.102797575 -1.701426682
1750921985.299998045 0.868654728 0.350459390 -2.128461926 0.013265849 0.365397605 -0.010076630 0.930702460 -0.306850523 -0.102353618 -1.454900494
1750921985.399997950 0.746932493 0.334232974 -2.220983716 0.011757032 0.419339866 -0.013993717 0.907645319 -0.099763857 -0.029206365 -1.604957332
1750921985.499998093 0.610454750 0.325698131 -2.308354206 0.011717663 0.476906810 -0.018015342 0.878691094 -0.107133617 -0.167845362 -1.592095536
1750921985.599997997 0.480190860 0.325907283 -2.372524405 0.009811388 0.525231987 -0.022116710 0.850615041 -0.092094016 0.036224225 -1.518834541
1750921985.699997902 0.338970532 0.316271649 -2.423616568 0.009191824 0.571657683 -0.024381736 0.820078371 -0.028965263 -0.221879057 -1.548669003
1750921985.799998045 0.168493014 0.321912211 -2.451451162 0.007691508 0.620789563 -0.024213040 0.783565497 -0.127282939 -0.083948845 -1.501792502
1750921985.899996996 0.012624825 0.323205897 -2.465503813 0.006950631 0.663012829 -0.024128108 0.748186816 0.051518167 -0.068538814 -1.647332057
1750921985.999996901 -0.148136951 0.325253944 -2.452259802 0.008246413 0.700996586 -0.024843675 0.712684064 -0.247439812 0.009957337 -1.687293787
1750921986.099997044 -0.334129785 0.326119967 -2.422675395 0.007172487 0.744647872 -0.025980832 0.666913111 -0.179356513 -0.146762995 -1.689054416
1750921986.199996948 -0.492679221 0.323340722 -2.373355445 0.009192194 0.780326135 -0.027113667 0.624717116 -0.097058434 -0.051729626 -1.666490523
1750921986.299997091 -0.652485474 0.316127678 -2.311123824 0.010150454 0.813822823 -0.031471019 0.580171489 -0.070971775 -0.117333827 -1.687726557
1750921986.399996996 -0.812517382 0.309373675 -2.226115156 0.009050778 0.848992723 -0.035772215 0.527114587 -0.255126297 -0.363912715 -1.654139865
1750921986.499996901 -0.940237066 0.313481966 -2.137822428 0.007522029 0.878045674 -0.037000671 0.477085069 -0.236323676 -0.078680026 -1.638424569
1750921986.599997044 -1.052058796 0.312582817 -2.030753435 0.008013319 0.902575094 -0.036035641 0.428946872 -0.169761702 -0.141662266 -1.738243364
1750921986.699996948 -1.178293237 0.318748552 -1.896438178 0.005464981 0.928060973 -0.033042090 0.370919378 -0.117860675 -0.019151568 -1.697169226
1750921986.799997091 -1.268995506 0.324839775 -1.766475689 0.005242517 0.947445374 -0.035886471 0.317855218 -0.218358178 -0.075839536 -1.593167349
1750921986.899996996 -1.347851501 0.325874638 -1.622388562 0.003602941 0.963735298 -0.035717519 0.264434402 -0.212034112 -0.165486458 -1.765844081
1750921986.999995947 -1.416918604 0.328791880 -1.451309089 0.004254338 0.978454016 -0.034004604 0.203600899 -0.145741704 -0.132672281 -1.744896157
1750921987.099996090 -1.464704129 0.330595548 -1.293015091 -0.000531071 0.988279629 -0.030829835 0.149507909 -0.233348243 -0.100071201 -1.459533888
1750921987.199995995 -1.500219966 0.330586369 -1.112266748 -0.001290510 0.995063694 -0.031704632 0.094028700 -0.192673455 -0.093636719 -1.628041125
1750921987.299995899 -1.508353687 0.333619783 -0.937675743 -0.003106209 0.999074596 -0.030381883 0.030286047 -0.026984319 -0.081720943 -1.903152178
1750921987.399996042 -1.481836315 0.323847818 -0.770207907 -0.005332762 0.999239275 -0.029468366 -0.024980942 -0.410683923 -0.032658013 -1.674979295
1750921987.499995947 -1.450666903 0.333878611 -0.619847396 -0.005286456 0.996236911 -0.024474040 -0.082976455 -0.080185805 -0.115438765 -1.460463676
1750921987.599996090 -1.415925895 0.364722880 -0.413488833 -0.007811119 0.988124982 -0.024839155 -0.151429930 0.372744463 0.039133677 -1.567760951
1750921987.699995995 -1.310928325 0.347647403 -0.228055819 -0.010519368 0.977719457 -0.025759573 -0.208063575 -0.110539891 -0.918759295 -2.019581452
1750921987.799995899 -1.236499561 0.335514255 -0.120619522 -0.011619737 0.963899479 -0.030764089 -0.264227832 0.265924701 -0.016115453 -1.381915006
1750921987.899996042 -1.135653743 0.339574690 0.018035444 -0.012005172 0.945003448 -0.032104031 -0.325259421 0.050536334 0.145105811 -1.573948386
1750921987.999994993 -1.032756737 0.354568577 0.132229938 -0.012118629 0.925270007 -0.030792919 -0.377862871 0.588497600 0.042215973 -1.431780667
1750921988.099994898 -0.856626470 0.348664479 0.210587982 -0.014557791 0.905443339 -0.032796908 -0.422947743 -0.897092256 -0.061829255 -1.921284603
1750921988.199995041 -0.687828588 0.330718119 0.309779327 -0.017730163 0.878015584 -0.033209174 -0.477149270 -0.458081099 0.028105025 -1.671927277
1750921988.299994946 -0.538956446 0.333630301 0.385316191 0.018460602 -0.849840799 0.034001146 0.525617489 -0.135249217 -0.180844695 -1.817584437
1750921988.399995089 -0.377857680 0.341487979 0.443803909 0.019110447 -0.818969936 0.031761139 0.572637988 -0.167496000 -0.170785694 -1.760687757
1750921988.499994993 -0.190181928 0.344086481 0.470223517 0.015152023 -0.785282985 0.027612290 0.618335355 -0.306534335 -0.164785489 -1.837789179
1750921988.599994898 -0.026167262 0.293684671 0.482021020 0.032430361 -0.751881007 0.033801512 0.657632634 -0.213630624 0.367789147 -1.591557604
1750921988.699995041 0.146943202 0.349171246 0.518015843 0.014124310 -0.702900137 0.019483519 0.710881350 0.147013096 -0.041053488 -1.815630940
1750921988.799994946 0.331099556 0.357798777 0.485130369 0.015647572 -0.655550183 0.018534418 0.754761941 -0.090159466 0.180505071 -1.768007403
1750921988.899995089 0.507331115 0.349374461 0.451256299 0.016473819 -0.607039521 0.014119057 0.794375406 0.166340822 -0.228063426 -1.955514022
1750921988.999994993 0.672180338 0.346501064 0.386335718 0.017827851 -0.560237262 0.011807403 0.828056135 -0.052653428 -0.245434345 -2.029393185
1750921989.099993944 0.846050953 0.339328506 0.283153969 0.020414822 -0.512067655 0.016592168 0.858542166 -0.094886129 0.131609080 -1.849485629
1750921989.199994087 1.001230529 0.344097648 0.176741541 0.019523728 -0.463893742 0.015389301 0.885541975 -0.146899721 -0.210569707 -1.942111661
1750921989.299993992 1.130087590 0.345869599 0.064983576 0.019660755 -0.417422749 0.014184879 0.908388954 -0.129243583 -0.079818062 -1.851863835
1750921989.399993896 1.265089648 0.341560347 -0.084805025 0.019804307 -0.361415540 0.010948462 0.932130210 -0.083145052 -0.160920920 -1.775632997
1750921989.499994040 1.377637999 0.340571509 -0.227132770 0.020619709 -0.308189359 0.006533204 0.951079105 -0.102505740 -0.093776485 -1.805209942
1750921989.599993944 1.456615506 0.335206396 -0.372436107 0.022259527 -0.256480819 0.005725531 0.966276007 -0.203584836 -0.149625524 -1.524726202
1750921989.699994087 1.538647877 0.336226687 -0.552906727 0.023973953 -0.195339860 0.003965893 0.980434526 -0.109174793 -0.112451913 -1.812091383
1750921989.799993992 1.577255106 0.331962596 -0.715995540 0.023590327 -0.143374457 0.004111973 0.989378771 -0.154123641 -0.085096162 -1.748590915
1750921989.899993896 1.612100429 0.327802895 -0.882199397 0.024562142 -0.087685288 0.001709003 0.995843899 -0.228554523 -0.087285183 -1.787359818
1750921989.999994040 1.602837843 0.325480502 -1.069177475 0.029768252 -0.025202684 0.001661311 0.999237667 -0.166484882 -0.353239889 -1.966591728
1750921990.099992990 1.601036686 0.330974292 -1.237878114 0.030866725 0.036820781 -0.000041775 0.998845070 -0.220360649 0.027964760 -1.607495751
1750921990.199992895 1.542096996 0.353692997 -1.369464191 0.021463648 0.088694481 -0.001948317 0.995825690 -0.473431160 -0.537745058 -1.464010441
1750921990.299993038 1.496123524 0.361438470 -1.547577797 0.019892021 0.151790487 -0.002878070 0.988208314 0.104236697 0.169853080 -1.551428928
1750921990.399992943 1.425184736 0.358936298 -1.704211521 0.020809810 0.201784861 -0.005713130 0.979192107 -0.100712767 -0.138105206 -1.716309015
1750921990.499993086 1.339803013 0.369521849 -1.847787689 0.015527639 0.250500145 -0.007019068 0.967966581 -0.050387115 0.114105462 -1.611806549
1750921990.599992990 1.219618579 0.359049542 -1.984167697 0.013619816 0.298729944 -0.010311671 0.954184778 -0.055804512 -0.074655828 -1.798630441
1750921990.699992895 1.101895958 0.345158758 -2.125879622 0.014853988 0.345854184 -0.012295763 0.938090111 -0.235762460 -0.249963142 -1.821631012
1750921990.799993038 0.968085006 0.340316497 -2.240362626 0.016735176 0.389305110 -0.012890845 0.920866598 -0.196574966 -0.078829332 -1.797743212
1750921990.899992943 0.809117069 0.337909045 -2.349385413 0.014536342 0.435168954 -0.016702761 0.900076493 -0.034285023 -0.040895479 -1.884678802
1750921990.999993086 0.669101118 0.334036206 -2.452149836 0.016417071 0.478429961 -0.021130194 0.877717932 0.179173172 -0.022599014 -1.941778101
1750921991.099992990 0.520910898 0.327342925 -2.523838056 0.012088759 0.519495821 -0.025994251 0.853991951 -0.017797398 -0.144510369 -1.588488145
1750921991.199991941 0.334351743 0.336492174 -2.595468399 0.012026514 0.566689730 -0.026192031 0.823427040 0.011298515 0.484412947 -1.557914969
1750921991.299992085 0.157222049 0.340539479 -2.605240475 0.010732481 0.604966146 -0.026777043 0.795728450 -0.179288512 -0.077079526 -1.846123531
1750921991.399991989 -0.013248964 0.340179591 -2.617772311 0.009987915 0.646234580 -0.025638959 0.762642611 -0.103952783 -0.354788549 -2.067953835
1750921991.499991894 -0.220276482 0.334404898 -2.639567539 0.012705160 0.697352350 -0.029200292 0.716020685 -0.089570218 0.060550929 -1.897786090
1750921991.599992037 -0.387863020 0.335024078 -2.603340158 0.008950645 0.736156540 -0.027227744 0.676204173 -0.361474613 -0.309827894 -1.947978063
1750921991.699991941 -0.552811618 0.323976943 -2.557501683 0.010450382 0.773055112 -0.028412067 0.633616081 -0.061610562 -0.348188695 -1.775408873
1750921991.799992085 -0.711419904 0.325418693 -2.478844366 0.009135931 0.810479717 -0.032146066 0.584812614 -0.262390802 -0.290650450 -1.662886973
1750921991.899991989 -0.874377785 0.320957238 -2.403253607 0.011071288 0.844096780 -0.034500811 0.534965183 -0.233957596 -0.174955652 -1.679435783
1750921991.999991894 -1.008838482 0.329672948 -2.306587548 0.008761027 0.872916147 -0.033176139 0.486662089 -0.221039869 -0.089166556 -1.616255254
1750921992.099992037 -1.134676454 0.325203303 -2.184208535 0.008976291 0.901158445 -0.034376887 0.432031380 -0.163266441 -0.184889656 -1.663664886
1750921992.199990988 -1.239047887 0.329435619 -2.061819716 0.005356819 0.923890220 -0.033435133 0.381156474 -0.113135797 -0.115970891 -1.722858982
1750921992.299990892 -1.324051544 0.331420670 -1.936975309 0.005772858 0.944058373 -0.035466324 0.327814890 -0.133737418 0.006290688 -1.230891642
1750921992.399991035 -1.407876843 0.334594912 -1.784368884 0.005926383 0.962548733 -0.035739940 0.268677261 -0.260970904 -0.085995273 -1.451743018
1750921992.499990940 -1.461555223 0.334223291 -1.644749711 0.006195904 0.976318231 -0.031872306 0.213888939 -0.235271648 -0.242688084 -1.765585094
1750921992.599991083 -1.498777935 0.328510884 -1.485840954 -0.001380360 0.986629155 -0.027687413 0.160606387 -0.160407751 -0.056011672 -1.818768630
1750921992.699990988 -1.527873924 0.330410708 -1.315002380 0.000143686 0.995098764 -0.028375441 0.094727314 -0.204436370 -0.146985866 -1.586996987
1750921992.799990892 -1.522709718 0.326076838 -1.165937542 -0.004107978 0.998766890 -0.028930269 0.040135558 -0.259273831 -0.104588005 -1.793329859
1750921992.899991035 -1.502664576 0.328024874 -1.007147616 -0.006100450 0.999512578 -0.027212718 -0.014030611 -0.274833647 0.005755155 -1.404443744
1750921992.999990940 -1.461778487 0.313960382 -0.830660257 -0.007985871 0.996744530 -0.025042556 -0.076219673 -0.476093796 -0.560577453 -1.794472757
1750921993.099991083 -1.409484801 0.320198349 -0.682703476 -0.008262322 0.990981946 -0.024256703 -0.131522354 -0.260305554 0.033323543 -1.565682718
1750921993.199990988 -1.333611686 0.271402192 -0.518154588 -0.010573974 0.981964068 -0.028697452 -0.186577643 1.062405277 -0.098809658 -1.818675293
1750921993.299989939 -1.247025361 0.311238952 -0.336362395 -0.014074041 0.968317474 -0.026732091 -0.247888253 0.814315236 -0.343389125 -2.533195139
1750921993.399990082 -1.162189274 0.328904549 -0.220789180 -0.017536584 0.952150878 -0.029274913 -0.303717225 0.108199641 -0.223311184 -1.448209090
1750921993.499989986 -1.045849846 0.344048775 -0.107720320 -0.014870105 0.934180699 -0.031759704 -0.355072700 -0.202728704 0.182604049 -1.272909620
1750921993.599989891 -0.905337158 0.339686518 0.004185159 -0.018263168 0.910530262 -0.032803847 -0.411734145 -0.242371889 0.018514643 -1.554501586
1750921993.699990034 -0.747433543 0.338253438 0.086409192 -0.016007966 0.887188059 -0.033272816 -0.459928268 -0.278950284 -0.272962050 -1.797302724
1750921993.799989939 -0.618194149 0.334154721 0.151274940 0.018703029 -0.859454761 0.033776121 0.509751787 -0.030388549 -0.035052410 -1.605374106
1750921993.899990082 -0.444586801 0.342764309 0.201658048 0.016606406 -0.826329382 0.032157050 0.562023045 -0.386096037 -0.148664440 -1.665904740
1750921993.999989986 -0.289005886 0.345649966 0.227966624 0.016644084 -0.794257033 0.033000664 0.606456673 -0.224745370 -0.092048233 -1.685484332
1750921994.099989891 -0.129163394 0.346055050 0.241533013 0.015017263 -0.759639845 0.030575007 0.649451273 -0.151908170 -0.017242874 -1.717493151
1750921994.199990034 0.049220725 0.350762052 0.231658286 0.013886395 -0.718422952 0.028224833 0.694894948 -0.329404131 -0.130431480 -1.605184104
1750921994.299988985 0.207933487 0.346520878 0.205440548 0.014082486 -0.678921144 0.027225814 0.733571072 -0.294540284 -0.127256740 -1.632251062
1750921994.399988890 0.345294204 0.363628796 0.179341703 0.014737198 -0.636740615 0.025056470 0.770529933 -0.071088124 0.527899473 -0.992858042
1750921994.499989033 0.518557781 0.342681118 0.116171967 0.017617935 -0.585400864 0.023739072 0.810204846 -0.320602080 -0.167691456 -1.487514556
1750921994.599988937 0.653606986 0.342863349 0.049964907 0.018532307 -0.536838778 0.022336623 0.843185481 0.004678479 0.112919207 -1.477805599
1750921994.699989080 0.763348972 0.344306649 -0.037451752 0.019704856 -0.489884314 0.020335397 0.871327464 -0.223088132 -0.099117271 -1.490782517
1750921994.799988985 0.877447982 0.344289918 -0.146308346 0.021558465 -0.434690878 0.017244635 0.900156484 -0.351229155 -0.167388244 -1.413903385
1750921994.899988890 0.967197797 0.343909117 -0.256749516 0.022396669 -0.386077886 0.014063586 0.922087019 -0.282904821 -0.051797239 -1.370671139
1750921994.999989033 1.039723521 0.347336601 -0.374306273 0.022742956 -0.337821730 0.013481538 0.940838714 -0.248862672 -0.104385507 -1.488080606
1750921995.099988937 1.119365129 0.347513303 -0.520453659 0.023335107 -0.283041867 0.011858638 0.958750305 -0.009439755 -0.011816178 -1.619967286
1750921995.199989080 1.166376609 0.346094730 -0.652349018 0.022331855 -0.236648315 0.010152977 0.971285633 -0.161497964 -0.084592859 -1.651128932
1750921995.299988985 1.217635137 0.338620290 -0.800516283 0.024597157 -0.187761433 0.008386884 0.981870808 -0.230968320 -0.180291847 -1.514097255
1750921995.399987936 1.250058981 0.334563541 -0.968668033 0.028411618 -0.133637433 0.007623820 0.990593607 -0.254001844 -0.157185412 -1.461403210
1750921995.499988079 1.267588265 0.338011753 -1.115533101 0.026925859 -0.082530670 0.005991566 0.996206699 -0.123392471 -0.040368775 -1.620786699
1750921995.599987984 1.269977877 0.344384028 -1.275789496 0.023811634 -0.030484293 0.003580748 0.999245161 -0.338582406 -0.105074225 -1.616054239
1750921995.699987888 1.239970495 0.333570639 -1.463492626 0.025000494 0.030009569 0.001351054 0.999235996 -0.205936666 -0.345556394 -1.827951010
1750921995.799988031 1.228761253 0.372098653 -1.602640313 0.014900216 0.091098476 -0.002566033 0.995727105 -0.264137409 -0.150142628 -1.721859758
1750921995.899987936 1.174913000 0.368457561 -1.759369601 0.012597211 0.148566557 -0.002190165 0.988819747 -0.131200379 -0.129177404 -1.770884745
1750921995.999988079 1.089552644 0.349551827 -1.932788397 0.013416971 0.214806137 -0.005674456 0.976548058 -0.122683127 -0.223048856 -1.845629094
1750921996.099987984 1.004091148 0.345190304 -2.081915853 0.011336104 0.274960486 -0.007597783 0.961358673 -0.219816655 -0.125363480 -1.644838950
1750921996.199987888 0.896767440 0.331297921 -2.197310117 0.011478940 0.332164570 -0.011922571 0.943076235 -0.134206820 -0.172060681 -1.630292060
1750921996.299988031 0.772229942 0.324914112 -2.325873920 0.010314983 0.396899066 -0.016708506 0.917652199 0.015062362 -0.127111214 -1.663751830
1750921996.399986982 0.640374053 0.315003439 -2.428688292 0.009003353 0.453304875 -0.021664299 0.891046737 -0.052787172 -0.123385585 -1.712140212
1750921996.499986887 0.513890042 0.310578670 -2.505667835 0.010338349 0.504810023 -0.025129039 0.862802695 0.034011838 -0.150308330 -1.668478690
1750921996.599987030 0.349295518 0.301818362 -2.577540344 0.006994940 0.557853055 -0.025978060 0.829503575 -0.115520523 -0.077604441 -1.549525402
1750921996.699986935 0.210674350 0.297766751 -2.611491100 0.012447418 0.602134776 -0.029908254 0.797736968 -0.344719888 -0.089481990 -1.680527598
1750921996.799987078 0.059582384 0.291783350 -2.630783847 0.013680850 0.644564960 -0.029826045 0.763845045 -0.112012370 -0.121127127 -1.729239667
1750921996.899986982 -0.133122341 0.295289998 -2.647529020 0.012013938 0.691742616 -0.032837860 0.721297091 -0.011537191 -0.281233629 -1.814722636
1750921996.999986887 -0.281725110 0.309748975 -2.624860518 0.011308919 0.729219975 -0.029196529 0.683562652 -0.096892632 0.019681229 -1.648855416
1750921997.099987030 -0.476336960 0.293441763 -2.622257960 0.011747460 0.771126931 -0.032108465 0.635762770 0.138315592 -0.237526367 -1.873363891
1750921997.199986935 -0.638433742 0.310948896 -2.550079501 0.007549928 0.805740515 -0.031804333 0.591365966 0.007950729 -0.052750686 -1.839424030
1750921997.299987078 -0.804964208 0.306966186 -2.485205109 0.010719903 0.838049789 -0.034200502 0.544415247 -0.061048549 0.009767612 -1.775403501
1750921997.399986982 -0.946814259 0.307761459 -2.388488529 0.014053915 0.865044287 -0.036625874 0.500159389 -0.200022207 -0.050309111 -1.780461847
1750921997.499985933 -1.094702026 0.315356594 -2.264280489 0.013718023 0.893401996 -0.035366909 0.447653739 -0.174579511 -0.102230255 -1.849559401
1750921997.599986076 -1.214669036 0.330675415 -2.149359077 0.008083152 0.917503740 -0.034290819 0.396163716 -0.209415922 -0.085360168 -1.602829086
1750921997.699985981 -1.323151730 0.331905291 -2.013322373 0.006295305 0.938871975 -0.034957825 0.342429168 -0.047358223 -0.034862223 -1.774875148
1750921997.799985886 -1.429678659 0.333224222 -1.848203698 0.008060913 0.959196400 -0.036867372 0.280210787 -0.006065441 -0.269814393 -2.095289906
1750921997.899986029 -1.501963658 0.336106071 -1.693230746 0.007944946 0.973935062 -0.035205342 0.223937397 -0.075026616 -0.068868453 -1.768190006
1750921997.999985933 -1.549657142 0.338547004 -1.543588848 0.006056790 0.985307248 -0.031755581 0.167703685 -0.179439690 -0.078852941 -1.793116320
1750921998.099986076 -1.591362376 0.333533788 -1.358816622 0.002457222 0.993998562 -0.030994265 0.104881724 -0.084832159 -0.106303891 -1.634536892
1750921998.199985981 -1.614426380 0.353688292 -1.174529566 -0.001599289 0.998494964 -0.029607745 0.046137077 -0.062902645 0.008083268 -2.126394792
1750921998.299985886 -1.605360958 0.361231268 -1.018103298 -0.003925697 0.999442557 -0.030735332 -0.012429909 0.067906240 0.039279755 -2.337656628
1750921998.399986029 -1.586981664 0.345082482 -0.812746882 -0.006475758 0.996499754 -0.027221134 -0.078773823 0.417300842 -0.436135990 -3.166135269
1750921998.499984980 -1.533815265 0.368775207 -0.653834312 -0.006965448 0.990561498 -0.024524085 -0.134677286 -0.063807393 0.244776982 -1.721381540
1750921998.599984884 -1.447560313 0.337323996 -0.480492803 -0.009987223 0.981268035 -0.027777434 -0.190372564 -0.423607268 -0.128137338 -1.959977578
1750921998.699985027 -1.349403550 0.347989982 -0.325696799 -0.007307885 0.967308729 -0.025932337 -0.252166477 -0.336858604 -0.094734503 -1.795562263
1750921998.799984932 -1.244558461 0.349155780 -0.188607796 -0.008560444 0.951749568 -0.029120967 -0.305370999 -0.173874924 -0.081812733 -1.886928690
1750921998.899985075 -1.135608648 0.354834430 -0.077623414 -0.009035796 0.932973564 -0.030762249 -0.358514111 -0.234857419 -0.268081281 -1.630604927
1750921998.999984980 -0.999114605 0.353329968 0.043327063 -0.011718136 0.908761982 -0.032138118 -0.415910430 0.050368037 -0.191384698 -1.597616372
1750921999.099984884 -0.859138516 0.318534116 0.144200657 -0.017673806 0.884295482 -0.038035227 -0.465040276 -0.233039605 -0.275243549 -1.971321351
1750921999.199985027 -0.673088565 0.340682121 0.208312192 0.018385642 -0.860408286 0.033333767 0.508181473 -0.251645647 0.028821523 -1.603215899
1750921999.299984932 -0.499859971 0.356155124 0.298706082 0.018048532 -0.824553010 0.030707133 0.564662427 0.074884682 0.020714422 -1.815775659
1750921999.399985075 -0.332568012 0.356673261 0.329406300 0.017269624 -0.793271011 0.028889030 0.607937733 -0.171578812 -0.062793875 -2.033866078
1750921999.499984980 -0.151732891 0.360281587 0.347431336 0.014932311 -0.758856938 0.025879378 0.650571618 -0.209892547 0.010702845 -1.733086409
1750921999.599983931 0.054903893 0.362551164 0.345459246 0.013383128 -0.715573571 0.023180408 0.698024373 0.105148883 0.316991406 -1.917079283
1750921999.699984074 0.227861539 0.380211365 0.317571340 0.011589722 -0.676826024 0.017405670 0.735845945 -0.061778095 -0.398569050 -1.859382382
1750921999.799983978 0.398791295 0.347874906 0.271594117 0.014591513 -0.635318461 0.019782725 0.771858915 -0.472394794 -0.416190704 -1.594350258
1750921999.899983883 0.584255589 0.351103072 0.209411440 0.017121221 -0.584071387 0.020278399 0.811268307 -0.312722342 0.175885082 -1.896644816
1750921999.999984026 0.742946598 0.355116742 0.151788190 0.019409046 -0.536588254 0.016703371 0.843455590 -0.305386836 0.002243551 -1.726605759
1750922000.099983931 0.890771777 0.352555439 0.060917715 0.022388077 -0.488539578 0.012620162 0.872163165 -0.003237031 -0.057304538 -1.852556146
1750922000.199984074 1.044730169 0.355134280 -0.063407779 0.022484243 -0.431045082 0.012669410 0.901961242 -0.163531621 -0.045722776 -1.778009206
1750922000.299983978 1.169930856 0.355294307 -0.189421645 0.023236670 -0.380239639 0.009918830 0.924542855 -0.073949017 -0.115073316 -1.815691033
1750922000.399983883 1.271491439 0.350272851 -0.325755324 0.026543861 -0.327628758 0.011714389 0.944360945 -0.086384056 -0.152469258 -1.882186139
1750922000.499984026 1.367300507 0.350305170 -0.484618054 0.026066969 -0.267913565 0.009471526 0.963043678 -0.136897023 -0.115058902 -1.668605603
1750922000.599982977 1.441435923 0.345081784 -0.645977079 0.026291994 -0.213821318 0.010316590 0.976464409 0.075069292 -0.145102974 -1.906530424
1750922000.699982882 1.493331184 0.356949196 -0.789030706 0.026629159 -0.162057957 0.004411150 0.986412007 -0.002031454 0.015979019 -1.624140685
1750922000.799983025 1.536466333 0.363916388 -0.971628092 0.028125638 -0.100662879 0.002113058 0.994520723 0.067539018 -0.076473309 -1.802912805
1750922000.899982929 1.551607871 0.366313391 -1.138649469 0.030222593 -0.045140601 0.002473859 0.998520306 -0.135114653 -0.112946903 -1.790967435
1750922000.999983072 1.543218479 0.372053290 -1.308768668 0.029988927 0.010341431 0.000840299 0.999496380 -0.203046028 0.096148402 -1.590274885
1750922001.099982977 1.507201493 0.375716764 -1.483840269 0.024952067 0.074588855 0.000848810 0.996901789 0.050268970 0.158003228 -1.709510514
1750922001.199982882 1.474361568 0.382310545 -1.655890606 0.021055819 0.133283433 -0.001283267 0.990853436 -0.014978363 -0.173578824 -1.961787390
1750922001.299983025 1.395579257 0.376507025 -1.806626464 0.019277235 0.186194560 -0.003962308 0.982315771 -0.202838833 -0.129386522 -1.832356835
1750922001.399982929 1.303678972 0.370895752 -1.978215492 0.016922354 0.251113509 -0.006458098 0.967788165 -0.079319872 -0.147282409 -1.744489312
1750922001.499983072 1.199532848 0.360177982 -2.108255509 0.013360468 0.305289282 -0.009478274 0.952118750 -0.079081765 -0.119409259 -1.558856439
1750922001.599982977 1.080382754 0.360909983 -2.236784945 0.012907205 0.359938017 -0.013174010 0.932793907 -0.283502731 -0.130548916 -1.624789324
1750922001.699981928 0.924712538 0.350665886 -2.360617298 0.011496780 0.417017262 -0.014865418 0.908704268 -0.259395578 -0.065147245 -1.662582011
1750922001.799982071 0.786604543 0.337126822 -2.463670765 0.016356620 0.466698524 -0.022902603 0.883968563 0.134189413 -0.125342438 -1.349833455
1750922001.899981976 0.655628857 0.340645040 -2.537723284 0.014867921 0.515279234 -0.022638181 0.856594285 -0.033613929 -0.030685894 -1.696145245
1750922001.999982119 0.488524300 0.327511664 -2.592142923 0.015594052 0.566687775 -0.025330843 0.823395494 -0.253391543 -0.387183958 -1.768236887
1750922002.099982023 0.325879943 0.328555175 -2.632716451 0.015496881 0.611176689 -0.026240327 0.790907293 -0.228153814 -0.058111687 -1.626168780
1750922002.199981928 0.162478045 0.325575223 -2.658494799 0.015453470 0.655157947 -0.027253283 0.754842045 -0.313404776 -0.177962321 -2.002460199
1750922002.299982071 -0.044249761 0.344837432 -2.667502915 0.013607190 0.701621984 -0.025959815 0.711946293 0.087978427 0.402281255 -1.944728162
1750922002.399981976 -0.210940163 0.324738892 -2.625770478 0.015942909 0.736020798 -0.028442705 0.676173219 -0.236561263 -0.215066072 -1.904561157
1750922002.499982119 -0.392698325 0.322630261 -2.590273876 0.010344309 0.772954472 -0.027536099 0.633779254 -0.319777050 -0.445767146 -2.102950409
1750922002.599982023 -0.576357784 0.330895925 -2.521056038 0.009539105 0.810424400 -0.028247388 0.585084081 -0.005991656 -0.141005484 -1.843998387
1750922002.699980974 -0.746115095 0.333396917 -2.445011325 0.008573646 0.843413438 -0.031213503 0.536289084 0.149126955 -0.038259969 -1.846197445
1750922002.799981117 -0.885180530 0.333670749 -2.340917061 0.009207445 0.871253803 -0.031186667 0.489754455 -0.241747130 -0.287409640 -2.166505930
1750922002.899981022 -1.039843154 0.341054785 -2.210518262 0.007154412 0.900654253 -0.029115766 0.433500870 -0.016034812 0.014166774 -1.834403765
1750922002.999980927 -1.159503988 0.346961815 -2.075085326 0.003560071 0.923469462 -0.029739431 0.382501040 -0.218658762 -0.098409721 -1.741093919
1750922003.099981070 -1.260699158 0.346063434 -1.937398860 0.005683500 0.943360434 -0.030901651 0.330278486 -0.140714564 -0.109123885 -1.680383245
1750922003.199980974 -1.367415728 0.349624564 -1.763097541 0.002334369 0.962796095 -0.030570282 0.268484056 -0.092646537 -0.175220908 -2.002853999
1750922003.299981117 -1.427600966 0.347254563 -1.609617737 0.001541882 0.976462402 -0.030974828 0.213446386 -0.041880048 -0.029672690 -1.868157714
1750922003.399981022 -1.495468408 0.349215648 -1.434312576 -0.004085715 0.987113899 -0.026216953 0.157804082 -0.070337423 -0.083451525 -1.743113073
1750922003.499980927 -1.521811083 0.343624275 -1.246003758 -0.002361878 0.994735484 -0.029183760 0.098204106 -0.185730364 -0.184465773 -1.836085840
1750922003.599981070 -1.539897626 0.341843205 -1.076732399 -0.005701261 0.998625656 -0.029893283 0.042669506 -0.080368403 -0.116518300 -1.703360545
1750922003.699980021 -1.523729591 0.343895454 -0.917009951 -0.005864328 0.999546945 -0.026796216 -0.012388602 -0.154220231 0.139649075 -1.373281727
1750922003.799979925 -1.484021598 0.328636167 -0.720085864 -0.007584773 0.996908083 -0.027999788 -0.073025723 -0.080298828 -0.296948628 -1.953155137
1750922003.899980068 -1.416796207 0.328113243 -0.532822948 -0.010629022 0.991126130 -0.026295779 -0.129863587 -0.071250813 -0.082433802 -1.789251999
1750922003.999979973 -1.356665173 0.335178945 -0.382048199 -0.009058909 0.982040527 -0.027642467 -0.186414147 -0.127647752 -0.002975453 -1.670371874
1750922004.099980116 -1.254995078 0.336235457 -0.207323601 -0.013614220 0.967794905 -0.029149203 -0.249675787 -0.233762618 -0.115150686 -1.773755494
1750922004.199980021 -1.159557970 0.347667909 -0.090722436 -0.013749258 0.952106426 -0.032092368 -0.303767002 -0.520389582 0.160914943 -1.916261001
1750922004.299979925 -1.020022737 0.363348563 0.020440039 -0.014902285 0.935213542 -0.034402134 -0.352093801 -0.530111027 0.631588754 -1.679059503
1750922004.399980068 -0.885462451 0.379656382 0.129523305 -0.012915266 0.912327328 -0.030641557 -0.408109223 0.208599420 0.142521580 -1.503275884
1750922004.499979973 -0.737240730 0.374323548 0.233279220 -0.013315841 0.888590207 -0.029637990 -0.457549694 -0.777408699 0.358081764 -2.057519258
1750922004.599980116 -0.627650004 0.378940199 0.307748351 0.013933632 -0.860942009 0.031281772 0.507549172 -0.302661861 0.277404547 -1.747203244
1750922004.699980021 -0.423411966 0.389946862 0.369500410 0.012707188 -0.828845280 0.030037529 0.558526433 -0.193858902 -0.048883174 -1.626951770
1750922004.799978971 -0.255491261 0.374472473 0.406907747 0.012279791 -0.797163272 0.029870068 0.602899414 -0.191550582 -0.423189197 -1.855097255
1750922004.899979115 -0.081455210 0.394503618 0.424829758 0.007730394 -0.762942590 0.023972614 0.645975355 -0.016919997 -0.090713168 -1.839668627
1750922004.999979019 0.119888894 0.349340373 0.436747614 0.013145987 -0.718537710 0.028517282 0.694778746 0.220147085 -0.559592618 -1.910355939
1750922005.099978924 0.293880881 0.365402220 0.409564073 0.012995798 -0.679338635 0.023187363 0.733343353 0.052355709 -0.231355264 -1.815032742
1750922005.199979067 0.463822140 0.358522758 0.353786050 0.014115008 -0.637126350 0.020609772 0.770354476 -0.072831741 0.067948739 -1.842217190
1750922005.299978971 0.644385421 0.360016456 0.296766378 0.012137456 -0.583316359 0.015073586 0.812014467 -0.052127974 -0.092448768 -1.812348659
1750922005.399979115 0.802268938 0.355040757 0.222904284 0.016327019 -0.534567089 0.012595918 0.844874428 -0.164794035 -0.149970495 -1.812232033
1750922005.499979019 0.951603889 0.353002834 0.131284561 0.017776799 -0.484219207 0.013260965 0.874665589 0.041716740 -0.064318973 -1.854014032
1750922005.599978924 1.090929132 0.347785075 0.002731816 0.019347010 -0.431080284 0.012778954 0.902015621 -0.124408562 -0.092417569 -1.851548239
1750922005.699979067 1.216306732 0.351984933 -0.109834498 0.018287358 -0.378402394 0.008760602 0.925419069 -0.236519000 -0.116834200 -1.684904745
1750922005.799978018 1.312882570 0.352937740 -0.240127622 0.018610128 -0.327327120 0.007379803 0.944698978 -0.166078265 -0.084868254 -1.782123731
1750922005.899977922 1.408447507 0.350656482 -0.404540929 0.020077354 -0.268858787 0.005310222 0.962955686 -0.184762599 -0.060762611 -1.702868342
1750922005.999978065 1.468715315 0.346576594 -0.551499114 0.021188677 -0.217456709 0.004100353 0.975831341 -0.151396850 -0.135477378 -1.670024841
1750922006.099977970 1.517967570 0.343453622 -0.712807164 0.021567746 -0.164462956 0.002293166 0.986144771 -0.180585328 -0.029276521 -1.609835140
1750922006.199978113 1.546836155 0.342895323 -0.890260256 0.023480344 -0.104445518 0.001930197 0.994251518 -0.132549494 -0.152015855 -1.614770036
1750922006.299978018 1.556597985 0.345905813 -1.056952235 0.025891073 -0.048753832 0.001704463 0.998473741 -0.158056239 0.014534520 -1.551802120
1750922006.399977922 1.558191248 0.355552017 -1.224472656 0.025419050 0.011299624 -0.000227354 0.999612994 -0.212179013 -0.143888621 -1.812968381
1750922006.499978065 1.509523436 0.362815874 -1.407896906 0.017537027 0.069816134 -0.001199019 0.997404994 -0.481658849 0.002521880 -1.633503633
1750922006.599977970 1.485338099 0.369673160 -1.575373450 0.014363606 0.130123685 -0.002352042 0.991390933 -0.644676371 -0.311847656 -1.977444761
1750922006.699978113 1.420786576 0.367586678 -1.726846177 0.012828418 0.185039937 -0.006366687 0.982626643 -0.002619331 -0.276216047 -1.662642317
1750922006.799978018 1.329993979 0.360561186 -1.889904171 0.008748304 0.251388123 -0.006914209 0.967822129 -0.175801089 -0.139242442 -1.802368316
1750922006.899976969 1.219071675 0.354364576 -2.018770738 0.009108104 0.305936657 -0.010215169 0.951953494 -0.156269369 0.154904908 -1.754460731
1750922006.999977112 1.096421658 0.339034531 -2.146107501 0.006922193 0.360220402 -0.012609482 0.932756317 -0.170061437 -0.148571274 -1.891199773
1750922007.099977016 0.951039636 0.335956389 -2.264178378 0.006263588 0.418502281 -0.017276865 0.908029800 -0.083110373 -0.096486635 -1.776582631
1750922007.199976921 0.803100058 0.323201948 -2.369824635 0.007787309 0.468641483 -0.019826523 0.883131602 -0.091346076 -0.130540381 -1.674536456
1750922007.299977064 0.677637856 0.322176068 -2.439396701 0.006843945 0.516232085 -0.022378390 0.856128964 0.164767255 -0.301154874 -1.566522787
1750922007.399976969 0.519958778 0.320206108 -2.502870243 0.008070817 0.567266415 -0.027567190 0.823033247 -0.214831813 -0.289326557 -1.801299852
1750922007.499977112 0.358840855 0.305221515 -2.549364591 0.011119056 0.609515766 -0.029461080 0.792148309 -0.102540127 -0.080187019 -1.571441182
1750922007.599977016 0.197118292 0.301159659 -2.554036473 0.009162780 0.648142568 -0.028474052 0.760931326 -0.518134259 -0.376714224 -1.986740463
1750922007.699976921 -0.003484170 0.307710733 -2.554240749 0.010002879 0.694385128 -0.028592359 0.718965725 -0.093991083 0.172117555 -1.665521394
1750922007.799977064 -0.191047286 0.298141973 -2.533157903 0.011466474 0.733626883 -0.033584771 0.678625213 -0.149190605 -0.091796741 -1.978040363
1750922007.899976015 -0.373623084 0.309797424 -2.492957780 0.008726946 0.771432767 -0.029525482 0.635565553 -0.122721742 -0.156424708 -1.945956714
1750922007.999975920 -0.565001560 0.289864900 -2.411955996 0.011945898 0.808282768 -0.036725044 0.587526623 -0.323283024 -0.521490374 -1.973590746
1750922008.099976063 -0.720000581 0.295130415 -2.337216231 0.013697545 0.840718138 -0.038177546 0.539951724 -0.040903537 -0.187870604 -1.836445247
1750922008.199975967 -0.871604245 0.293196791 -2.240912080 0.012454739 0.869103860 -0.041400896 0.492736569 -0.108498548 -0.019552527 -1.877336233
1750922008.299976110 -1.035178601 0.302345640 -2.118401988 0.009677498 0.899586511 -0.039176933 0.434874261 -0.122892163 0.001698636 -1.777241391
1750922008.399976015 -1.144972918 0.311339005 -1.997998814 0.008279557 0.922362290 -0.038573700 0.384306291 -0.139672108 -0.086961988 -1.909686464
1750922008.499975920 -1.242132028 0.313876053 -1.860465968 0.008078362 0.942588417 -0.037646035 0.331729696 -0.164638739 -0.225932662 -1.766083453
1750922008.599976063 -1.345614375 0.317492371 -1.693154185 0.007043096 0.962104811 -0.037123391 0.270049220 -0.069151931 -0.113531376 -1.877220083
1750922008.699975967 -1.408858427 0.327466215 -1.543534523 0.002254109 0.976250404 -0.035166667 0.213760082 -0.124335135 -0.157325650 -1.837790898
1750922008.799976110 -1.453861700 0.324010194 -1.375980719 0.002440462 0.986871415 -0.035372392 0.157567915 -0.253190177 -0.121526502 -1.600242024
1750922008.899976015 -1.478434093 0.326587976 -1.191933635 0.001364022 0.994694556 -0.034905854 0.096759816 -0.254619847 -0.041370358 -1.499089022
1750922008.999974966 -1.479438442 0.331386006 -1.034179217 0.000204645 0.998507957 -0.033685885 0.042977662 -0.392975368 0.133579833 -1.256956663
1750922009.099975109 -1.457875125 0.340327968 -0.848549082 -0.002426961 0.999397302 -0.031656222 -0.014036597 -0.270954653 0.004827619 -2.010991591
1750922009.199975014 -1.439435431 0.338600455 -0.657940578 -0.004051545 0.996384591 -0.028870527 -0.079798655 0.136865105 0.095924263 -1.631298292
1750922009.299974918 -1.377169709 0.349997449 -0.509476993 -0.005554790 0.990474297 -0.028111227 -0.134683221 -0.157087330 -0.034044804 -1.503857478
1750922009.399975061 -1.298443901 0.340121111 -0.343108270 -0.009506141 0.981101410 -0.029210092 -0.191040380 -0.385333464 -0.347843012 -1.777979584
1750922009.499974966 -1.185796864 0.343216097 -0.183324632 -0.012937028 0.966800515 -0.031617664 -0.253238467 -0.296317930 -0.109813770 -1.657736885
1750922009.599975109 -1.158626588 0.404234760 -0.115380968 -0.004015810 0.952206329 -0.025591888 -0.304355115 0.945257469 0.502011588 -0.724537100
1750922009.699975014 -0.967105842 0.368672853 -0.000885989 -0.011896711 0.935959766 -0.031765006 -0.350469354 -0.070218084 -0.273247052 -1.565032846
1750922009.799974918 -0.801062970 0.349557063 0.121331193 -0.014370932 0.912253708 -0.034784087 -0.407893020 -0.247282628 -0.591923461 -1.935548402
1750922009.899975061 -0.640481530 0.358527551 0.196204224 -0.014041560 0.889911333 -0.030297311 -0.454909582 -0.407793078 0.185922625 -1.688668315
1750922009.999974012 -0.524905825 0.369897521 0.281319555 0.014622584 -0.860374186 0.028598362 0.508649755 -0.252825624 -0.176126654 -1.729372616
1750922010.099973917 -0.345416314 0.356306022 0.331664094 0.017321460 -0.827045893 0.032816345 0.560908322 -0.195953292 -0.153235248 -1.647296628
1750922010.199974060 -0.192048339 0.370951305 0.359614617 0.013027603 -0.795299558 0.027738877 0.605441532 -0.168080937 -0.017306088 -1.737746320
1750922010.299973965 -0.033238373 0.368929926 0.367138145 0.011823270 -0.761506312 0.024205613 0.647597433 -0.396316660 0.354114466 -1.557462245
1750922010.399974108 0.148844514 0.372843153 0.357413215 0.008602962 -0.718037804 0.023678524 0.695548006 -0.393175090 -0.059561857 -1.448462485
1750922010.499974012 0.311475103 0.357606406 0.319387593 0.015853212 -0.680045276 0.022054424 0.732666842 -0.278305198 -0.188040962 -1.520914203
1750922010.599973917 0.457312286 0.355799675 0.275924883 0.017570923 -0.639442459 0.018923784 0.768405163 -0.335006802 -0.615220855 -1.688766006
1750922010.699974060 0.619363738 0.350629458 0.203125879 0.018409757 -0.593836146 0.017149625 0.804192516 -0.361244777 -0.087209972 -1.567688024
1750922010.799973965 0.774530629 0.339617072 0.138773030 0.023509649 -0.546021124 0.019043213 0.837224931 -0.302885988 -0.228147574 -1.628553094
1750922010.899974108 0.897093221 0.340638312 0.049358905 0.026627740 -0.500626536 0.018760613 0.865050330 -0.333799878 0.012631680 -1.476314036
1750922010.999974012 1.028113475 0.345043456 -0.065163977 0.025146743 -0.446022842 0.015022709 0.894542109 -0.196259960 -0.069742277 -1.614709495
1750922011.099972963 1.137369883 0.346834743 -0.185312536 0.026287394 -0.396269006 0.013456000 0.917659405 -0.153021642 -0.114152607 -1.731425457
1750922011.199973106 1.226139406 0.344514628 -0.311965204 0.027860184 -0.345858285 0.013706288 0.937772891 -0.238505963 -0.063932110 -1.571679820
1750922011.299973011 1.308861383 0.345958798 -0.462929527 0.029269165 -0.285278317 0.011387127 0.957930024 -0.138198450 -0.117897300 -1.630237582
1750922011.399972916 1.366329383 0.341331957 -0.608205149 0.028203435 -0.233085583 0.011716894 0.971976539 -0.176435460 -0.116108792 -1.617544263
1750922011.499973059 1.410440311 0.350756806 -0.734898611 0.027676832 -0.180501652 0.010907176 0.983124702 -0.130996062 -0.018769481 -1.299871755
1750922011.599972963 1.452792215 0.355855874 -0.902684731 0.028562561 -0.116624344 0.006809232 0.992741949 -0.196521822 -0.156531182 -1.610264801
1750922011.699973106 1.466446494 0.359854982 -1.066218336 0.029143190 -0.060544364 0.005762786 0.997723331 -0.040880474 0.082731990 -1.642873838
1750922011.799973011 1.437655912 0.366269408 -1.194250916 0.024437243 -0.007910318 0.004940803 0.999657860 -0.183471414 0.010069243 -1.392918630
1750922011.899972916 1.422067800 0.365023736 -1.374522945 0.025183696 0.057887981 0.002655642 0.998001859 -0.015756968 0.024189210 -1.622042748
1750922011.999973059 1.363126133 0.356746593 -1.535813502 0.023101090 0.112784239 0.003530434 0.993344649 -0.410986695 -0.503667792 -2.175341604
1750922012.099972010 1.323096194 0.368073558 -1.674569029 0.018569973 0.172416052 0.002063060 0.984846996 -0.094908388 0.058935711 -1.411791592
1750922012.199971914 1.212682457 0.360077110 -1.826010005 0.017915851 0.231859870 -0.002162868 0.972581794 -0.221898048 -0.070264917 -1.648702770
1750922012.299972057 1.119075938 0.352715594 -1.950174162 0.015760849 0.286591824 -0.004633510 0.957911923 -0.223017526 -0.085529412 -1.609082190
1750922012.399971962 1.018397756 0.352403701 -2.061874098 0.013402382 0.338715556 -0.008320802 0.940756564 -0.173823609 -0.044794772 -1.490055699
1750922012.499972105 0.887191526 0.346755333 -2.167464561 0.011006778 0.394480976 -0.012849851 0.918748329 -0.012168395 -0.151246150 -1.635994972
1750922012.599972010 0.758704112 0.338369039 -2.255341109 0.011989608 0.444057969 -0.015550809 0.895782866 -0.191547098 -0.128500836 -1.588873052
1750922012.699971914 0.624975090 0.335260735 -2.330121887 0.011497590 0.492790738 -0.018871442 0.869867210 -0.116520335 -0.148867391 -1.626113594
1750922012.799972057 0.472648529 0.330094859 -2.392816682 0.011259801 0.546182801 -0.021486284 0.837314698 -0.108804499 -0.126270437 -1.472375386
1750922012.899971962 0.326976396 0.325019205 -2.427150311 0.011612813 0.589624756 -0.022764541 0.807272919 -0.173437721 -0.243664223 -1.580913517
1750922012.999972105 0.177338483 0.331377673 -2.451331204 0.008295319 0.633399905 -0.022099067 0.773464530 -0.247968925 -0.120370484 -1.630872907
1750922013.099972010 -0.009449786 0.316491788 -2.451215105 0.011147046 0.680247924 -0.024276048 0.732495173 -0.118875794 -0.395658626 -1.567259638
1750922013.199970961 -0.158516681 0.318520607 -2.435546652 0.010122788 0.718419384 -0.026367902 0.695036583 -0.224130076 -0.116901971 -1.658661224
1750922013.299971104 -0.304191017 0.321065252 -2.400671956 0.010167706 0.753152037 -0.024374122 0.657316156 -0.184823703 -0.050657984 -1.266290900
1750922013.399971008 -0.425441983 0.330410666 -2.364119839 0.008695629 0.790570085 -0.023731358 0.611849776 0.014656621 0.045458242 -1.132765741
1750922013.499970913 -0.500495408 0.319626054 -2.314821003 0.009959857 0.820021339 -0.026047974 0.571653137 -0.022203976 0.001639741 -0.784464994
1750922013.599971056 -0.549644646 0.321119108 -2.280930604 0.009465288 0.844574956 -0.027164955 0.534664022 -0.293505584 -0.076116488 -0.450608995
1750922013.699970961 -0.575101297 0.324651686 -2.253703554 0.008526788 0.862348462 -0.028664399 0.505431278 -0.222503018 -0.011660589 -0.271496933
1750922013.799971104 -0.577926577 0.326914462 -2.237110947 0.007074339 0.872479719 -0.029409433 0.487713213 -0.225279144 0.091194342 0.030282425
1750922013.899971008 -0.572714354 0.323854073 -2.221259174 0.007830494 0.882682718 -0.031294636 0.468860906 -0.194726486 0.112412111 0.137724097
1750922013.999970913 -0.543499428 0.324702603 -2.206218044 0.007925087 0.893735421 -0.031672043 0.447404818 -0.311568275 -0.073001354 0.052267884
1750922014.099971056 -0.519324257 0.326517804 -2.204109018 0.007332604 0.902576492 -0.032278527 0.429255175 -0.227364759 0.061411726 0.245027444
1750922014.199970007 -0.496211194 0.326922112 -2.203592102 0.007002976 0.910304720 -0.032202009 0.412624898 -0.267193683 0.174253811 0.237846927
1750922014.299969912 -0.467488108 0.333684619 -2.209544322 0.004694140 0.917852442 -0.031897310 0.395610189 -0.321032374 0.151134209 0.313324463
1750922014.399970055 -0.499593461 0.233014423 -2.166618048 0.020528244 0.921154201 -0.039202265 0.386673909 0.039978336 -2.445568983 -1.236537013
1750922014.499969959 -0.483858116 0.316147365 -2.163461266 0.012533532 0.924631176 -0.037357797 0.378819871 2.012854899 -0.212353331 0.868420514
1750922014.599970102 -0.530993700 0.254767815 -2.182432807 0.035861494 0.922394268 -0.042957150 0.382174635 0.000000000 0.000000000 0.000000000
1750922014.699970007 -0.530993700 0.254767815 -2.182432807 0.035861494 0.922394268 -0.042957150 0.382174635 0.000000000 0.000000000 0.000000000
1750922014.799969912 -0.530993700 0.254767815 -2.182432807 0.035861494 0.922394268 -0.042957150 0.382174635 0.000000000 0.000000000 0.000000000
1750922014.899970055 -0.530993700 0.254767815 -2.182432807 0.035861494 0.922394268 -0.042957150 0.382174635 0.000000000 0.000000000 0.000000000
1750922014.999969959 -0.530993700 0.254767815 -2.182432807 0.035861494 0.922394268 -0.042957150 0.382174635 0.000000000 0.000000000 0.000000000
1750922015.099970102 -0.530993700 0.254767815 -2.182432807 0.035861494 0.922394268 -0.042957150 0.382174635 0.000000000 0.000000000 0.000000000
1750922015.199970007 -0.530993700 0.254767815 -2.182432807 0.035861494 0.922394268 -0.042957150 0.382174635 0.000000000 0.000000000 0.000000000
1750922015.299968958 -0.530993700 0.254767815 -2.182432807 0.035861494 0.922394268 -0.042957150 0.382174635 0.000000000 0.000000000 0.000000000
1750922015.399969101 -0.530993700 0.254767815 -2.182432807 0.035861494 0.922394268 -0.042957150 0.382174635 0.000000000 0.000000000 0.000000000
1750922015.499969006 -0.530993700 0.254767815 -2.182432807 0.035861494 0.922394268 -0.042957150 0.382174635 0.000000000 0.000000000 0.000000000
