1750921479.400000095 -0.967075301 -0.307128050 1.229588324 0.014623304 0.999367539 -0.022529855 -0.023304199 0.198803654 0.087039827 0.037290799
1750921479.500000000 -0.967075301 -0.307128050 1.229588324 0.014623304 0.999367539 -0.022529855 -0.023304199 -0.015950118 -0.001630381 0.008763552
1750921479.599999905 -0.967075301 -0.307128050 1.229588324 0.014623304 0.999367539 -0.022529855 -0.023304199 -0.230703891 -0.090300590 -0.019763696
1750921479.700000048 -0.967075301 -0.307128050 1.229588324 0.014623304 0.999367539 -0.022529855 -0.023304199 -0.321190701 -0.135258379 -0.007014157
1750921479.799999952 -0.867222991 -0.348076676 1.231398022 0.014557178 0.999367780 -0.022552661 -0.023313214 -0.281682306 -0.126342032 0.079133971
1750921479.900000095 -0.863407153 -0.357422272 1.222530952 0.014181974 0.999372403 -0.022719323 -0.023184154 -0.136255709 -0.068649573 0.221185677
1750921480.000000000 -0.865845325 -0.358374871 1.187370311 0.014436606 0.999385449 -0.022399907 -0.022771776 -0.002956597 -0.006488492 0.384859942
1750921480.099998951 -0.868267068 -0.360250895 1.142945604 0.014199004 0.999410714 -0.022034442 -0.022160688 -0.001426140 0.016529258 0.526537928
1750921480.199999094 -0.868227655 -0.361654040 1.074929309 0.014051320 0.999428698 -0.022120126 -0.021343331 0.004402418 0.022360744 0.612338654
1750921480.299998999 -0.872766640 -0.359646203 1.009494386 0.013929237 0.999439615 -0.021622547 -0.021421877 0.017286537 0.035005758 0.653705956
1750921480.399998903 -0.878517264 -0.361619219 0.947879108 0.013710247 0.999490979 -0.020961481 -0.019759235 0.027625825 0.041856632 0.630513491
1750921480.499999046 -0.887371172 -0.351365857 0.879175157 0.013473558 0.999535783 -0.021984863 -0.016227986 0.018533703 0.047229975 0.571364051
1750921480.599998951 -0.887646096 -0.354548474 0.836471396 0.012836453 0.999620911 -0.021528599 -0.011392098 -0.008950885 0.042406406 0.538701522
1750921480.699999094 -0.885059469 -0.349670577 0.782774540 0.013794093 0.999669501 -0.021674580 0.000907626 -0.035028441 0.023422675 0.502755948
1750921480.799998999 -0.878822665 -0.354816452 0.723908982 0.014411841 0.999443847 -0.020522707 0.021979874 -0.036797383 0.016763414 0.460317833
1750921480.899998903 -0.870011043 -0.356941160 0.683896382 0.015303264 0.998676292 -0.019362272 0.045128439 -0.030839932 0.014430664 0.385967547
1750921480.999999046 -0.866089180 -0.354995187 0.651078799 0.016207369 0.997031493 -0.019939556 0.072580551 -0.021188292 0.022843243 0.300497351
1750921481.099997997 -0.858594842 -0.350975737 0.626158248 0.016144776 0.993610121 -0.020371389 0.109832968 -0.011478017 0.024033994 0.247200623
1750921481.199997902 -0.851357398 -0.349468566 0.607339051 0.017256219 0.989217042 -0.020165033 0.144032074 -0.012694639 0.019478532 0.227133657
1750921481.299998045 -0.844141875 -0.350023858 0.586118476 0.018179638 0.983878706 -0.019851468 0.176799637 -0.011990120 0.017887672 0.223955197
1750921481.399997950 -0.831970533 -0.351113204 0.560251118 0.018665514 0.976709050 -0.020003964 0.212816522 -0.013196263 0.019790762 0.238148509
1750921481.499998093 -0.822637274 -0.349315999 0.546046357 0.019712930 0.969868073 -0.020516556 0.241963617 -0.021103385 0.023634722 0.261672136
1750921481.599997997 -0.806947226 -0.348505492 0.522153112 0.020165636 0.961851004 -0.022225234 0.271922842 -0.031793339 0.026073815 0.304169026
1750921481.699997902 -0.784647020 -0.344666399 0.496239573 0.021542499 0.951354649 -0.023898985 0.306413270 -0.037514721 0.024981022 0.356320386
1750921481.799998045 -0.758205619 -0.346220904 0.468338431 0.022680280 0.941765422 -0.023537870 0.334678150 -0.042355088 0.023225538 0.403342412
1750921481.899997950 -0.725353152 -0.348300174 0.437458690 0.023416551 0.931865954 -0.023834167 0.361260905 -0.041460339 0.025794079 0.435445869
1750921481.999998093 -0.690802141 -0.347040489 0.407003929 0.021925361 0.920514787 -0.024786431 0.389303788 -0.039809717 0.030948244 0.452211295
1750921482.099997997 -0.656373397 -0.346696471 0.380699325 0.021161297 0.910078040 -0.024393471 0.413176861 -0.047751342 0.032532012 0.480555556
1750921482.199996948 -0.616148536 -0.345670470 0.352172084 0.021330222 0.898563197 -0.024159032 0.437659164 -0.079301462 0.035326516 0.565834980
1750921482.299997091 -0.564028587 -0.349276232 0.323823382 0.020243840 0.884768243 -0.024218369 0.464961088 -0.120525953 0.038598205 0.705664099
1750921482.399996996 -0.471335571 -0.349816248 0.287901853 0.018723795 0.869458194 -0.025149811 0.493010503 -0.144683768 0.044178311 0.808020408
1750921482.499996901 -0.394440935 -0.351156479 0.257723782 0.017832231 0.850931504 -0.025674241 0.524345706 -0.155141743 0.052781495 0.845908097
1750921482.599997044 -0.315433551 -0.347434606 0.240932507 0.017948503 0.826610598 -0.027037553 0.561837825 -0.150608851 0.054680083 0.779153754
1750921482.699996948 -0.241214204 -0.347379787 0.233020148 0.016960138 0.799279497 -0.022727342 0.600290020 -0.157015416 0.046006898 0.643733281
1750921482.799997091 -0.170789077 -0.347520439 0.233092175 0.016695166 0.766704407 -0.021552577 0.641421165 -0.163492300 0.039463688 0.541450866
1750921482.899996996 -0.132680888 -0.345243747 0.250654689 0.017208443 0.725569384 -0.020838991 0.687618117 -0.190574079 0.027824857 0.476953551
1750921482.999996901 -0.090174462 -0.344439434 0.266641562 0.018474132 0.690609148 -0.019746588 0.722722481 -0.200239643 0.022158795 0.430629191
1750921483.099997044 -0.035535801 -0.347282045 0.302700080 0.018524656 0.665200030 -0.018671108 0.746201814 -0.195935374 0.020026234 0.383961512
1750921483.199995995 -0.027202787 -0.345651725 0.314531228 0.021940063 0.628054111 -0.019770792 0.777609016 -0.172252266 0.025277488 0.330250753
1750921483.299995899 0.004130038 -0.344012377 0.344391290 0.022715249 0.592555563 -0.017294275 0.805023497 -0.132082240 0.024581420 0.270502342
1750921483.399996042 0.027785638 -0.342893230 0.364324331 0.022857457 0.568805860 -0.014926322 0.822018635 -0.113677837 0.013529997 0.293197279
1750921483.499995947 0.048949149 -0.344992711 0.378295234 0.023330734 0.549448964 -0.014136379 0.835081838 -0.102402976 0.002671198 0.339500972
1750921483.599996090 0.083050270 -0.347713673 0.407109105 0.025228724 0.509026110 -0.013761226 0.860271213 -0.087366694 0.002678455 0.389433058
1750921483.699995995 0.114867445 -0.349343454 0.438542437 0.027673562 0.465167759 -0.012928962 0.884695412 -0.075568671 0.005153614 0.433885365
1750921483.799995899 0.147588003 -0.349874238 0.471523568 0.030018143 0.407105189 -0.010735345 0.912824752 -0.053434190 -0.000719696 0.460338799
1750921483.899996042 0.176011106 -0.355469423 0.507632356 0.030078138 0.351633278 -0.009132781 0.935609927 -0.027226654 -0.016814854 0.490884961
1750921483.999995947 0.206279970 -0.361818417 0.543558105 0.030264464 0.293081643 -0.010475118 0.955550880 0.000525231 -0.030949703 0.519955592
1750921484.099996090 0.237016906 -0.368399145 0.596601085 0.030316614 0.231560527 -0.008198578 0.972313431 0.016391550 -0.033434050 0.544848823
1750921484.199995995 0.259661074 -0.374660554 0.644422461 0.030915016 0.174715324 -0.009415700 0.984088493 0.016191988 -0.030546167 0.567088223
1750921484.299994946 0.276184001 -0.382890385 0.692965497 0.031635009 0.118014805 -0.008697972 0.992469686 0.011463057 -0.024127494 0.565541935
1750921484.399995089 0.289872455 -0.387218994 0.760603865 0.031673500 0.055309670 -0.007505853 0.997938521 0.001084801 -0.013055711 0.538217036
1750921484.499994993 0.290803184 -0.394170068 0.809620802 0.031157790 -0.003848113 -0.006472197 0.999486115 -0.024848642 -0.005447650 0.519093215
1750921484.599994898 0.280686765 -0.394227021 0.849629223 0.029552104 -0.063021754 -0.005596676 0.997558825 -0.051342245 -0.004235801 0.516632476
1750921484.699995041 0.263782408 -0.396480090 0.910252060 0.027065450 -0.128207533 -0.005234329 0.991364157 -0.053273988 -0.015311014 0.535278393
1750921484.799994946 0.239934524 -0.403089308 0.962603713 0.021596414 -0.186091887 -0.003686664 0.982288050 -0.052942481 -0.029526476 0.553770663
1750921484.899995089 0.215635678 -0.409445128 1.003206042 0.019891985 -0.244916522 -0.002703750 0.969336317 -0.062561501 -0.028020785 0.583299926
1750921484.999994993 0.176761346 -0.412389000 1.054108982 0.016384136 -0.308001050 -0.000635717 0.951244716 -0.061840271 -0.018439648 0.630737937
1750921485.099994898 0.125589234 -0.417791078 1.105775676 0.012223877 -0.358648519 0.000851867 0.933392249 -0.063191937 -0.014911657 0.628224980
1750921485.199995041 0.072588621 -0.420376842 1.148864997 0.006164092 -0.403618947 0.000021293 0.914906416 -0.073979479 -0.021129675 0.607118134
1750921485.299993992 0.040979994 -0.423423025 1.158046509 0.002974703 -0.450355228 0.001480855 0.892843282 -0.090921298 -0.026124947 0.561153990
1750921485.399993896 -0.026157999 -0.424870405 1.196148055 0.000981598 -0.492408440 0.004380151 0.870352675 -0.127259950 -0.033107967 0.489479053
1750921485.499994040 -0.070605941 -0.429157334 1.201461184 -0.004219251 -0.533059362 0.005195309 0.846051372 -0.220687388 -0.027661959 0.533717117
1750921485.599993944 -0.112168249 -0.431277624 1.194257858 -0.007662169 -0.575735793 0.007858269 0.817562129 -0.400098400 0.017773431 0.834702257
1750921485.699994087 -0.211239323 -0.433306662 1.180847877 -0.012489342 -0.614374949 0.010827974 0.788841044 -0.395060987 0.058504838 1.014347970
1750921485.799993992 -0.389676992 -0.416924030 1.163978901 -0.014385830 -0.656141220 0.010661332 0.754425665 -0.283063377 0.086000482 1.074970297
1750921485.899993896 -0.471014589 -0.410279985 1.156794663 -0.014386632 -0.700191478 0.012579309 0.713699293 -0.153080375 0.092387703 0.917428912
1750921485.999994040 -0.543225049 -0.401143491 1.140869566 -0.016782084 -0.741067441 0.012331611 0.671107548 -0.113194072 0.072800512 0.670791914
1750921486.099993944 -0.609926493 -0.393842713 1.116945475 -0.016585343 -0.779612025 0.013380492 0.625900136 -0.129913838 0.073802256 0.707334068
1750921486.199994087 -0.679502992 -0.388530093 1.080861257 -0.017421206 -0.818485163 0.014310119 0.574085150 -0.134733279 0.073038542 0.686390230
1750921486.299993992 -0.731729965 -0.381656854 1.041942153 -0.017187226 -0.851393000 0.013968203 0.524060539 -0.148171310 0.072937249 0.677022177
1750921486.399992943 -0.779086663 -0.374064191 0.996149262 0.015503225 0.880136422 -0.016312108 -0.474187139 -0.160512301 0.074232509 0.676977812
1750921486.499993086 -0.829791961 -0.370204799 0.936707361 0.015721546 0.908570349 -0.017353729 -0.417075056 -0.161433285 0.069196139 0.654925585
1750921486.599992990 -0.865315327 -0.364203604 0.876982244 0.014952922 0.931807252 -0.017497063 -0.362223009 -0.173335858 0.062435911 0.629241940
1750921486.699992895 -0.882842157 -0.360413938 0.825787778 0.014107837 0.951107356 -0.018825901 -0.307963231 -0.165976402 0.053233463 0.576808124
1750921486.799993038 -0.902644725 -0.359839937 0.754735703 0.014435780 0.968061804 -0.019628449 -0.249524900 -0.136266795 0.050151044 0.490665329
1750921486.899992943 -0.907505532 -0.357531270 0.720026701 0.013544860 0.980329450 -0.019328074 -0.195951859 -0.122104157 0.048411444 0.447025248
1750921486.999993086 -0.906943884 -0.350822945 0.687243596 0.014081153 0.989666464 -0.020292864 -0.141245217 -0.112026571 0.051242978 0.430697207
1750921487.099992990 -0.909497074 -0.349837132 0.628952160 0.015740622 0.996357297 -0.019628331 -0.081480666 -0.123643373 0.052540239 0.489262674
1750921487.199992895 -0.906887280 -0.346148504 0.583047732 0.014853417 0.999397762 -0.019770901 -0.024343406 -0.124872378 0.054400826 0.540150005
1750921487.299993038 -0.885267983 -0.345247808 0.515677972 0.016358114 0.999138000 -0.019519271 0.032782120 -0.133532274 0.055879295 0.557043668
1750921487.399991989 -0.870423203 -0.340208677 0.467797361 0.017045449 0.994912765 -0.021576097 0.096914985 -0.136193101 0.054203210 0.581887045
1750921487.499991894 -0.837714861 -0.339796164 0.407647361 0.016713017 0.987006223 -0.025306112 0.157794141 -0.132668059 0.051637703 0.584595829
1750921487.599992037 -0.804196156 -0.337318649 0.362277473 0.017122373 0.975602537 -0.029137668 0.216927431 -0.132649290 0.042046976 0.615356682
1750921487.699991941 -0.763468602 -0.338819394 0.309025076 0.017681774 0.958687879 -0.031079487 0.282203776 -0.122848798 0.037608205 0.623749253
1750921487.799992085 -0.712908146 -0.341067501 0.265060901 0.018491257 0.938856620 -0.032067472 0.342312719 -0.111396731 0.036038467 0.623563968
1750921487.899991989 -0.660983062 -0.340329358 0.229046476 0.016825122 0.914906202 -0.029606148 0.402227589 -0.096800871 0.030841364 0.631056307
1750921487.999991894 -0.611288154 -0.341904455 0.197581476 0.018794207 0.884619681 -0.029769333 0.464982349 -0.094825009 0.030131488 0.671258255
1750921488.099992037 -0.550613254 -0.341652095 0.169131300 0.020382052 0.853541750 -0.023389124 0.520099991 -0.095709047 0.025969948 0.726124530
1750921488.199991941 -0.462770722 -0.350341465 0.145113065 0.023802776 0.817413676 -0.024263463 0.575047472 -0.087650068 0.035084720 0.782017708
1750921488.299992085 -0.388420492 -0.346441832 0.131294936 0.030657610 0.774529915 -0.023750242 0.631347327 -0.070335418 0.048544395 0.808195038
1750921488.399991989 -0.301651695 -0.348745111 0.126423432 0.027541275 0.731256807 -0.018854984 0.681285146 -0.061297314 0.046005254 0.805641249
1750921488.499990940 -0.221304921 -0.350879380 0.132720677 0.025318269 0.683646256 -0.017434859 0.729165830 -0.047520736 0.044038041 0.829851774
1750921488.599991083 -0.140873683 -0.350920447 0.150028742 0.025566237 0.628809165 -0.011684505 0.777051397 -0.004031790 0.044618897 0.777471634
1750921488.699990988 -0.046382322 -0.351572147 0.173952439 0.024206279 0.575305471 -0.008684399 0.817534252 0.038548869 0.037806798 0.581882343
1750921488.799990892 -0.012745198 -0.347260429 0.191797813 0.022743795 0.548004605 -0.006648278 0.836139625 0.026426483 0.025398544 0.326434675
1750921488.899991035 -0.012745198 -0.347260429 0.191797813 0.022743795 0.548004605 -0.006648278 0.836139625 -0.000658903 0.011094456 0.180379771
1750921488.999990940 -0.012745198 -0.347260429 0.191797813 0.022743795 0.548004605 -0.006648278 0.836139625 -0.017149665 0.001183875 0.268234461
1750921489.099991083 0.020133778 -0.345123974 0.205023798 0.021898503 0.523451370 -0.006190844 0.851751602 -0.022871307 0.009077896 0.480814787
1750921489.199990988 0.093209564 -0.350958259 0.246078841 0.018053302 0.467417729 -0.004822020 0.883839065 0.020271258 0.017227097 0.644829425
1750921489.299990892 0.149306134 -0.351708606 0.280843630 0.021678539 0.416100271 -0.006935039 0.909033834 0.023269723 0.043493379 0.701117545
1750921489.399991035 0.197941470 -0.350710832 0.323728473 0.021913053 0.366176887 -0.005787390 0.930269215 -0.005294043 0.063017488 0.721179686
1750921489.499989986 0.247096479 -0.343785452 0.394357125 0.023124678 0.313371983 -0.004651986 0.949337458 -0.033755632 0.073181794 0.763789023
1750921489.599989891 0.287990689 -0.338401452 0.462443177 0.024032561 0.264103668 -0.002622262 0.964191274 -0.061707071 0.077905983 0.814379383
1750921489.699990034 0.317675996 -0.337992944 0.536961879 0.025211357 0.213208959 -0.000782351 0.976680969 -0.061574255 0.076712484 0.838968422
1750921489.799989939 0.345839470 -0.334486407 0.628926518 0.024794475 0.155126590 0.002808065 0.987579409 -0.046813641 0.073643679 0.856334593
1750921489.899990082 0.362654556 -0.328158324 0.710377619 0.026737611 0.101378279 0.005644162 0.994472568 -0.036604866 0.081419350 0.852682973
1750921489.999989986 0.372136228 -0.329311399 0.791994014 0.026285681 0.048027154 0.007931508 0.998468601 -0.035371758 0.088882560 0.838479959
1750921490.099989891 0.370683731 -0.321515962 0.883710835 0.029456909 -0.014694482 0.010384360 0.999404086 -0.027780291 0.097112369 0.841561589
1750921490.199990034 0.359792408 -0.316158452 0.965084592 0.029089267 -0.069945427 0.012765167 0.997044885 -0.037342290 0.092706527 0.846523419
1750921490.299989939 0.338575537 -0.313797197 1.043570273 0.028372844 -0.126081243 0.014658535 0.991505738 -0.033800375 0.083370327 0.854282402
1750921490.399990082 0.306475301 -0.311718927 1.133758404 0.028413150 -0.191303708 0.016468951 0.980981324 -0.015989567 0.072521490 0.862622578
1750921490.499989986 0.270052084 -0.308605852 1.207890259 0.028815788 -0.249947141 0.017458801 0.967673120 -0.013450852 0.073901187 0.864812557
1750921490.599988937 0.224798363 -0.309896130 1.273027282 0.028373442 -0.306139039 0.019984533 0.951354012 -0.002718823 0.076312893 0.861836295
1750921490.699989080 0.160824957 -0.307544922 1.351271779 0.031427097 -0.370635964 0.022981299 0.927961842 0.026927626 0.082920627 0.830533737
1750921490.799988985 0.103191415 -0.300851647 1.412288807 0.033225720 -0.425807740 0.025193269 0.903852377 0.030126114 0.080528337 0.759538090
1750921490.899988890 0.050501448 -0.301159519 1.447679182 0.030603871 -0.476932180 0.025723826 0.878030400 -0.021824011 0.066787873 0.705692368
1750921490.999989033 -0.013153118 -0.301631508 1.484503199 0.032386257 -0.534641319 0.027775250 0.844001378 -0.491221934 0.095765854 0.676223321
1750921491.099988937 -0.067621747 -0.298043265 1.504239499 0.035477043 -0.585496650 0.029704291 0.809353265 -0.935668713 0.128507776 0.679000904
1750921491.199989080 -0.259443583 -0.266674047 1.326146443 0.034647552 -0.633082339 0.029092105 0.772761250 -1.041992738 0.123836086 0.808988736
1750921491.299988985 -0.313547978 -0.279565743 1.203301142 0.031032939 -0.683419803 0.028676915 0.728801732 -0.801798958 0.087822535 0.932832548
1750921491.399988890 -0.406082388 -0.291212542 1.198689759 0.024423663 -0.724756728 0.028135186 0.687996789 -0.293413927 0.019246471 0.921309003
1750921491.499989033 -0.501923806 -0.296375548 1.178533376 0.021761042 -0.762081188 0.028152052 0.646503041 -0.081927027 -0.009775247 0.989865072
1750921491.599987984 -0.604918849 -0.305516486 1.145893456 0.016684860 -0.802014875 0.027463263 0.596439038 -0.091010215 -0.001672905 0.981641072
1750921491.699987888 -0.691236030 -0.312477883 1.102990952 0.012846439 -0.835889981 0.026736731 0.548094933 -0.122022080 0.007700775 0.951695236
1750921491.799988031 -0.765786540 -0.314344048 1.047402082 -0.012215693 0.866175524 -0.026719630 -0.498875535 -0.153009421 0.015670836 0.926424638
1750921491.899987936 -0.835322484 -0.317375926 0.977882230 -0.010099441 0.898135714 -0.025766222 -0.438846605 -0.134105500 0.014931873 0.872254040
1750921491.999988079 -0.888243441 -0.323970466 0.908552060 -0.007115257 0.922763168 -0.025567792 -0.384452593 -0.101255486 0.010350122 0.782271856
1750921492.099987984 -0.928479721 -0.324275928 0.853240590 -0.005387089 0.943696197 -0.025080063 -0.329817309 -0.087869113 -0.001713253 0.687037931
1750921492.199987888 -0.956913616 -0.326824159 0.796896673 -0.001115180 0.964334984 -0.023263143 -0.263658150 -0.063753342 -0.005611170 0.601180379
1750921492.299988031 -0.975996192 -0.333053558 0.737396343 0.000051025 0.978960424 -0.022661163 -0.202787962 -0.058906296 -0.004021138 0.559120187
1750921492.399987936 -0.990477579 -0.334233355 0.685978258 0.001165907 0.989311813 -0.022046898 -0.144134350 -0.061298174 -0.000903170 0.553541120
1750921492.499988079 -0.995695158 -0.336159606 0.630877198 0.004588120 0.996952257 -0.018638107 -0.075615918 -0.057446023 0.003592948 0.554612749
1750921492.599987984 -0.994331212 -0.338289940 0.574803007 0.006374148 0.999694826 -0.019199105 -0.014178138 -0.059986974 0.001758365 0.581757111
1750921492.699986935 -0.986752506 -0.339212975 0.519998666 0.007415246 0.998857119 -0.017983301 0.043658572 -0.065436082 0.000236581 0.591408970
1750921492.799987078 -0.970530273 -0.340581223 0.459077457 0.007788203 0.993641075 -0.019346497 0.110645704 -0.057861124 0.001411162 0.604434591
1750921492.899986982 -0.946849427 -0.345152064 0.406049243 0.009531088 0.984965049 -0.020805342 0.171231271 -0.051162138 0.005685719 0.625781074
1750921492.999986887 -0.919266685 -0.348124356 0.345337117 0.010938324 0.973107127 -0.024614721 0.228772788 -0.049978108 0.014731544 0.660908922
1750921493.099987030 -0.878768356 -0.347884321 0.285560731 0.010908719 0.956157755 -0.026079910 0.291484451 -0.055095081 0.019767892 0.693658684
1750921493.199986935 -0.828940697 -0.350978170 0.234796440 0.012741940 0.937756273 -0.027367596 0.345979522 -0.074056388 0.029811991 0.710416651
1750921493.299987078 -0.776179160 -0.352915615 0.190823643 0.013831840 0.917014629 -0.027828720 0.397641059 -0.077764905 0.034074703 0.711070391
1750921493.399986982 -0.706138131 -0.352939407 0.147669453 0.015228094 0.891342923 -0.023422383 0.452468001 -0.074411232 0.035463109 0.718471860
1750921493.499986887 -0.656383157 -0.355335242 0.117089345 0.015263628 0.866022857 -0.019729202 0.499381810 -0.082622613 0.034309553 0.742530162
1750921493.599987030 -0.576276818 -0.354875735 0.089550090 0.019181504 0.835943141 -0.019860859 0.548121046 -0.092891784 0.038597185 0.781075874
1750921493.699985981 -0.487412536 -0.352993312 0.070341617 0.023470937 0.797152976 -0.019685520 0.602999775 -0.087845175 0.050230259 0.815883465
1750921493.799985886 -0.409830491 -0.354451671 0.062534211 0.023986588 0.758830472 -0.017170896 0.650619795 -0.090468809 0.053291992 0.811064995
1750921493.899986029 -0.334612855 -0.353074920 0.064262243 0.022663941 0.717346930 -0.013263315 0.696221094 -0.097054827 0.056705762 0.802858365
1750921493.999985933 -0.245705027 -0.349227690 0.079362790 0.022117678 0.663778187 -0.010265697 0.747531900 -0.078266284 0.055816115 0.788789109
1750921494.099986076 -0.170096339 -0.347013291 0.101990914 0.021251426 0.613797775 -0.005383171 0.789158849 -0.034369487 0.042625041 0.643565758
1750921494.199985981 -0.098659073 -0.346319228 0.134092839 0.019365957 0.564549327 -0.000793398 0.825171732 0.004741275 0.024675946 0.414526206
1750921494.299985886 -0.098659073 -0.346319228 0.134092839 0.019365957 0.564549327 -0.000793398 0.825171732 -0.022803592 0.010866020 0.236077436
1750921494.399986029 -0.098659073 -0.346319228 0.134092839 0.019365957 0.564549327 -0.000793398 0.825171732 -0.058576926 0.005574631 0.220977996
1750921494.499985933 -0.073262732 -0.348485773 0.153563508 0.020083305 0.547045126 -0.000887066 0.836861699 -0.108840248 0.005424450 0.375326705
1750921494.599986076 -0.022090251 -0.347502703 0.192909812 0.019947072 0.493914298 0.000936656 0.869281257 -0.106113994 0.009914424 0.510576392
1750921494.699985981 0.017536826 -0.353873292 0.235368729 0.015303814 0.446635826 0.000015728 0.894584949 -0.096519742 0.012165333 0.548593312
1750921494.799984932 0.049417403 -0.351005854 0.271813693 0.018770839 0.395478975 0.000261074 0.918283163 -0.081133982 0.019766098 0.531287546
1750921494.899985075 0.081428360 -0.348637916 0.319617049 0.019178476 0.337193907 0.002172003 0.941237344 -0.038569521 0.023954975 0.523705095
1750921494.999984980 0.105849789 -0.349109848 0.363547515 0.022818165 0.287958274 0.002990537 0.957366398 -0.006918088 0.028564491 0.563200622
1750921495.099984884 0.139356911 -0.350192268 0.404460423 0.023387286 0.238978021 0.002460660 0.970740174 0.025651764 0.032603110 0.620657923
1750921495.199985027 0.175494802 -0.346754003 0.471709387 0.026607071 0.182712471 0.001959667 0.982804343 0.061191524 0.044635487 0.675994406
1750921495.299984932 0.201050404 -0.346131044 0.537339984 0.026272008 0.131096892 0.005975413 0.991003371 0.074722753 0.049488911 0.721027331
1750921495.399985075 0.226419584 -0.344227875 0.603026199 0.026147741 0.070850887 0.007430822 0.997116458 0.086698952 0.070142776 0.665202224
1750921495.499984980 0.243262980 -0.342359474 0.681301882 0.027167499 -0.000149328 0.009356110 0.999587099 0.084606129 0.086066202 0.624449191
1750921495.599984884 0.237750884 -0.331311409 0.723530167 0.027595407 -0.060573721 0.011803045 0.997712386 0.064874311 0.088456733 0.632928750
1750921495.699985027 0.234183183 -0.326440588 0.786617072 0.028866325 -0.125018865 0.014656961 0.991626034 0.062432695 0.081545871 0.676944516
1750921495.799983978 0.219595707 -0.324254240 0.869398369 0.026603668 -0.194911953 0.016581803 0.980319652 0.092851525 0.058530411 0.754108740
1750921495.899983883 0.191732462 -0.325627251 0.940906240 0.025462389 -0.254140712 0.017730516 0.966669434 0.078386691 0.051634596 0.776551658
1750921495.999984026 0.158994367 -0.322570278 1.006598632 0.023875794 -0.316772562 0.021192610 0.947964115 0.060424685 0.053806596 0.794435957
1750921496.099983931 0.101295300 -0.321904352 1.080020528 0.019738295 -0.387254448 0.021485579 0.921511130 0.063561731 0.051682277 0.793699871
1750921496.199984074 0.050257749 -0.323461289 1.128298381 0.019472593 -0.445966098 0.023142784 0.894538690 0.049046002 0.049596313 0.734952492
1750921496.299983978 -0.012892963 -0.321344645 1.177071618 0.021645619 -0.508400378 0.024684202 0.860494749 -0.008731348 0.045685381 0.619750607
1750921496.399983883 -0.061995955 -0.320771192 1.194444756 0.019896602 -0.574992582 0.027110012 0.817467249 -0.256256260 0.077192042 0.916386323
1750921496.499984026 -0.114093762 -0.319747675 1.197458458 0.016507349 -0.626964243 0.028192131 0.778362736 -0.376500735 0.109350059 1.334626252
1750921496.599983931 -0.357793547 -0.311347068 1.153196846 0.015892831 -0.679207441 0.029138325 0.733195491 -0.244851465 0.116211273 1.454430860
1750921496.699984074 -0.547990582 -0.312906258 1.153342146 0.014058040 -0.698220976 0.027456784 0.715217425 -0.154202807 0.093783696 1.317701518
1750921496.799983978 -0.586013538 -0.314795778 1.148836158 0.012751550 -0.720849638 0.025560113 0.692502620 -0.111676857 0.046685733 0.922837683
1750921496.899982929 -0.673967980 -0.313027423 1.140163465 0.014080709 -0.763524959 0.025419863 0.645124175 -0.115458771 0.036544636 0.871375673
1750921496.999983072 -0.788285720 -0.317534681 1.094017097 0.012283166 -0.805868759 0.025263764 0.591427434 -0.111246742 0.036718259 1.032967254
1750921497.099982977 -0.874787767 -0.319126248 1.045522295 0.011712784 -0.838635049 0.027328155 0.543881639 -0.145665272 0.039919630 1.065853978
1750921497.199982882 -0.957865968 -0.320329758 0.986854672 -0.011129541 0.869770553 -0.026478719 -0.492619727 -0.155602958 0.045491529 1.049935660
1750921497.299983025 -1.053671513 -0.324244334 0.891119951 -0.010646322 0.899996758 -0.027049833 -0.434926199 -0.102302991 0.053017368 1.078988956
1750921497.399982929 -1.090980190 -0.322592167 0.824703886 -0.008005839 0.918200111 -0.025637879 -0.395205216 -0.030989409 0.055075946 0.960495858
1750921497.499983072 -1.202225932 -0.324677103 0.728283026 -0.003371788 0.948868758 -0.025521073 -0.314619430 0.068931649 0.044304737 0.794528417
1750921497.599982977 -1.226094906 -0.318285952 0.717638722 -0.002624485 0.967245670 -0.024944212 -0.252599905 0.064172246 0.031655286 0.641494664
1750921497.699982882 -1.246644987 -0.323725154 0.658274939 -0.000208983 0.980788960 -0.024500666 -0.193526975 -0.022088545 0.020807201 0.554021458
1750921497.799983025 -1.260842525 -0.321757302 0.611606216 0.000345467 0.990621052 -0.024304235 -0.134458604 -0.052372713 0.010268477 0.624267541
1750921497.899981976 -1.266545685 -0.326162552 0.531153676 0.003005137 0.997259666 -0.022533188 -0.070401578 -0.056810140 0.005844259 0.648356606
1750921497.999982119 -1.270999353 -0.327644135 0.471774063 0.002658259 0.999648171 -0.023596258 -0.011818828 -0.105143379 0.006865079 0.670445887
1750921498.099982023 -1.253014535 -0.331852657 0.408564204 0.007523079 0.998701283 -0.023698001 0.044469703 -0.168938455 0.010142456 0.674656193
1750921498.199981928 -1.221392638 -0.332762572 0.335323025 0.006703338 0.994123736 -0.028307389 0.104267702 -0.214868055 0.021943247 0.668294697
1750921498.299982071 -1.178164310 -0.335606670 0.281481014 0.007017383 0.986538875 -0.030197570 0.160561240 -0.238595964 0.028531571 0.664095740
1750921498.399981976 -1.130676040 -0.334440749 0.234375933 0.004722408 0.976278964 -0.031627367 0.214141991 -0.237729130 0.026639387 0.674119365
1750921498.499982119 -1.080893002 -0.337711947 0.178845599 0.005420670 0.961560675 -0.031354035 0.272742754 -0.209046067 0.035271283 0.692130500
1750921498.599982023 -1.014693529 -0.340291756 0.130161157 0.005325233 0.945475523 -0.032225530 0.324051218 -0.156400404 0.050642339 0.696704011
1750921498.699981928 -0.945920663 -0.340522491 0.087283952 0.008679426 0.927273924 -0.032142748 0.372900231 -0.115756496 0.061762465 0.696707205
1750921498.799982071 -0.914055190 -0.330569045 0.050490074 0.012831927 0.902360662 -0.026890646 0.429950544 -0.068628778 0.064088622 0.679153016
1750921498.899981022 -0.844845297 -0.330356099 0.011186229 0.013179184 0.876082024 -0.026905226 0.481230407 -0.033942499 0.053072052 0.670430626
1750921498.999980927 -0.792416147 -0.328794201 -0.013877026 0.017037057 0.854636467 -0.025211199 0.518334489 -0.036316489 0.038674169 0.681820318
1750921499.099981070 -0.723815479 -0.330944753 -0.043136703 0.018545723 0.829139162 -0.023938367 0.558221516 -0.055449445 0.032078034 0.728513737
1750921499.199980974 -0.659084562 -0.330380988 -0.063984078 0.021767183 0.798851686 -0.024075338 0.600651772 -0.071432814 0.032090429 0.826142518
1750921499.299981117 -0.564445668 -0.335658130 -0.075033311 0.023216842 0.766169447 -0.023515350 0.641788428 -0.082011162 0.041349985 0.916675262
1750921499.399981022 -0.460814982 -0.337602480 -0.077764058 0.023899113 0.727234616 -0.021550482 0.685634176 -0.069698249 0.050063092 0.960383411
1750921499.499980927 -0.368910536 -0.338503966 -0.071383810 0.024010015 0.692790332 -0.017991144 0.720514673 -0.068006271 0.050978612 0.979517050
1750921499.599981070 -0.271175319 -0.338188550 -0.056711547 0.022709817 0.655291933 -0.014296268 0.754898909 -0.064540896 0.050032099 1.007337749
1750921499.699980974 -0.156848348 -0.339020149 -0.028546690 0.021641977 0.614262034 -0.008945413 0.788754562 -0.050181637 0.044363831 0.959562442
1750921499.799981117 -0.072286914 -0.337724421 0.007245943 0.020063155 0.573464460 -0.006180726 0.818961404 -0.015190736 0.031761014 0.739149073
1750921499.899981022 -0.009520400 -0.337981098 0.041396692 0.017937802 0.538387989 -0.003774148 0.842497694 -0.006858599 0.017227243 0.473455372
1750921499.999979973 -0.009520400 -0.337981098 0.041396692 0.017937802 0.538387989 -0.003774148 0.842497694 -0.043516228 0.010611768 0.318714589
1750921500.099980116 0.007568782 -0.338865628 0.052582994 0.017447305 0.530848987 -0.003506258 0.847279558 -0.068600318 0.008126352 0.398135043
1750921500.199980021 0.054701142 -0.333137200 0.091932827 0.020013888 0.513197666 -0.004993372 0.858022532 -0.095648304 0.011769061 0.619534379
1750921500.299979925 0.127659075 -0.341335598 0.136838051 0.019094882 0.461464861 -0.003883481 0.886944466 -0.063552906 0.007367224 0.773353232
1750921500.399980068 0.186895460 -0.344658054 0.191660630 0.017838689 0.413989935 -0.007056543 0.910079293 -0.036419828 0.004163206 0.818219795
1750921500.499979973 0.244179048 -0.346015049 0.253976974 0.016118789 0.362236437 -0.005806370 0.931928771 -0.023278786 0.006419543 0.795614870
1750921500.599980116 0.294319348 -0.350193276 0.318515362 0.015932011 0.301266584 -0.004644151 0.953395536 -0.007580413 0.020702634 0.793826451
1750921500.699980021 0.331683849 -0.349104945 0.378161049 0.019017054 0.246426482 -0.004472906 0.968964568 -0.008469729 0.038561235 0.813655922
1750921500.799979925 0.365679335 -0.347751327 0.455437335 0.019918141 0.194712965 -0.001211369 0.980657260 -0.011419353 0.046954827 0.840995203
1750921500.899980068 0.396194490 -0.344222011 0.545478158 0.021192428 0.135544500 -0.000237542 0.990544554 0.002407445 0.052455197 0.851728658
1750921500.999979019 0.412163684 -0.343768257 0.626242870 0.019160921 0.082382462 0.001482012 0.996415472 0.013783038 0.053443802 0.813103046
1750921501.099978924 0.422785223 -0.341595841 0.706061618 0.022864090 0.028860797 0.003569981 0.999315537 0.009175242 0.069700636 0.748274098
1750921501.199979067 0.422107383 -0.334797494 0.772849961 0.023577929 -0.031743277 0.006778850 0.999194922 -0.001016604 0.075918654 0.696324139
1750921501.299978971 0.410979954 -0.329982558 0.840653226 0.024931046 -0.084937376 0.008168124 0.996040846 -0.023237830 0.074014650 0.669619002
1750921501.399979115 0.393915792 -0.327129810 0.903261587 0.024290469 -0.142900406 0.008979360 0.989398210 -0.033576274 0.059576956 0.676314902
1750921501.499979019 0.365329623 -0.327265116 0.971560938 0.020887983 -0.207043099 0.011610470 0.978039899 -0.031867838 0.043901960 0.700159343
1750921501.599978924 0.329750206 -0.326085916 1.030094975 0.021466773 -0.261576217 0.013617124 0.964847985 -0.040653982 0.045358057 0.717719814
1750921501.699979067 0.282354941 -0.325552682 1.092257471 0.019697131 -0.318969741 0.015692142 0.947430253 -0.042444407 0.050573711 0.750048260
1750921501.799978971 0.231770709 -0.322344510 1.145211287 0.017519121 -0.382043957 0.017047050 0.923820812 -0.025416463 0.050274546 0.730844480
1750921501.899979115 0.172615206 -0.324782147 1.191809858 0.014629065 -0.434330465 0.018188599 0.900451116 -0.034668204 0.043246943 0.670579487
1750921501.999979019 0.126423667 -0.321159357 1.217148100 0.016865211 -0.488784247 0.021278948 0.871982071 -0.073830101 0.032875713 0.537786163
1750921502.099977970 0.066576391 -0.318771720 1.242372939 0.015425302 -0.546581583 0.021951678 0.836975960 -0.336632200 0.020271848 0.520943575
1750921502.199978113 0.049988944 -0.325022096 1.204725921 0.015174661 -0.591629366 0.025496465 0.805663921 -0.679305172 0.052756725 0.949624184
1750921502.299978018 -0.066681296 -0.323419728 1.126706380 0.011826958 -0.626066994 0.026933922 0.779214224 -0.742393065 0.079494024 1.306026989
1750921502.399977922 -0.366753280 -0.325803620 1.091508946 0.011470211 -0.670371360 0.028682481 0.741382485 -0.523807777 0.100165594 1.512836717
1750921502.499978065 -0.462075690 -0.322648051 1.090006335 0.008038048 -0.711026889 0.026890923 0.702604462 -0.213858696 0.083513182 1.364095176
1750921502.599977970 -0.570036324 -0.323019986 1.069679004 0.005330216 -0.751463231 0.026188607 0.659233463 -0.108860635 0.057937788 1.057389031
1750921502.699978113 -0.684630267 -0.323302324 1.035189581 0.004657135 -0.794572954 0.025679340 0.606607536 -0.083906601 0.049564443 1.039074344
1750921502.799978018 -0.773226242 -0.322081021 0.990184877 0.005915705 -0.832657751 0.027082091 0.553093693 -0.065140000 0.043143212 0.948523994
1750921502.899977922 -0.843992038 -0.324741808 0.953107852 -0.005761904 0.865943564 -0.025823749 -0.499441366 -0.078244467 0.031100550 0.861474407
1750921502.999978065 -0.911742301 -0.325806679 0.893876346 -0.006598729 0.897266773 -0.027809220 -0.440562643 -0.103028480 0.028513897 0.794556551
1750921503.099977016 -0.960568510 -0.326853486 0.832551094 -0.005644442 0.922925581 -0.028422402 -0.383886284 -0.128942826 0.029635176 0.725391645
1750921503.199976921 -0.993432063 -0.328415719 0.768711379 -0.004228506 0.944975228 -0.027391702 -0.325965692 -0.115927074 0.023933269 0.638238191
1750921503.299977064 -1.019673937 -0.329154128 0.708865909 -0.002701863 0.964211299 -0.029002915 -0.263530077 -0.099392128 0.020951074 0.530223162
1750921503.399976969 -1.028144530 -0.331403829 0.666306612 -0.002964553 0.977929582 -0.027144105 -0.207142804 -0.104524631 0.018338506 0.475116236
1750921503.499977112 -1.033227845 -0.331389073 0.628789756 -0.001048188 0.988506013 -0.025292153 -0.149047211 -0.113698168 0.016675886 0.492189558
1750921503.599977016 -1.035914533 -0.329240628 0.578218775 -0.000620454 0.995976129 -0.024955928 -0.086071869 -0.120599340 0.021656489 0.546976221
1750921503.699976921 -1.028403350 -0.331785966 0.510683486 0.000252882 0.999396439 -0.022774990 -0.026229646 -0.122113839 0.017531362 0.578485636
1750921503.799977064 -1.015720354 -0.333823361 0.450850040 0.000486421 0.999164784 -0.022333733 0.034215524 -0.120664961 0.015764785 0.590812267
1750921503.899976969 -0.997377873 -0.335707817 0.391983501 0.000705965 0.994716304 -0.023354100 0.099967805 -0.115176425 0.016859942 0.595786052
1750921503.999977112 -0.969203228 -0.335564708 0.337849663 0.000627518 0.986602166 -0.026280721 0.161012719 -0.118206571 0.017667492 0.613653910
1750921504.099977016 -0.935613560 -0.336600504 0.287211651 0.002234049 0.975078282 -0.028199380 0.220050332 -0.117846312 0.021518765 0.651171551
1750921504.199975967 -0.892393833 -0.337878988 0.229607117 0.002714961 0.958840522 -0.028506202 0.282497574 -0.107539172 0.022585717 0.686065316
1750921504.299976110 -0.840791157 -0.340976868 0.179255275 0.003603179 0.939863595 -0.029340475 0.340268390 -0.070472901 0.039344892 0.685912804
1750921504.399976015 -0.784083872 -0.341873691 0.133820183 0.004133831 0.917772587 -0.028986043 0.396025503 -0.038933420 0.044874919 0.672643081
1750921504.499975920 -0.747613329 -0.334830796 0.098045495 0.008050845 0.899680771 -0.026925378 0.435642879 -0.036643928 0.038380338 0.641880853
1750921504.599976063 -0.679583763 -0.337148065 0.057025368 0.009698195 0.871652033 -0.023271577 0.489476365 -0.033443296 0.022252705 0.656021360
1750921504.699975967 -0.629487361 -0.339465855 0.033405951 0.017939848 0.851298168 -0.023993979 0.523826192 -0.065483923 0.022261078 0.743489334
1750921504.799976110 -0.546263460 -0.345102628 0.005014861 0.018638919 0.813453013 -0.022603923 0.580892287 -0.034940022 0.040404621 0.819999386
1750921504.899976015 -0.453045902 -0.342539947 -0.020025231 0.021113877 0.773218049 -0.020580145 0.633454426 0.004716406 0.060339991 0.907181995
1750921504.999975920 -0.378354476 -0.339264902 -0.031774305 0.021218066 0.729898168 -0.016677893 0.683022917 0.033663122 0.073517516 0.937625885
1750921505.099976063 -0.265875684 -0.337778504 -0.038820252 0.021169561 0.675624351 -0.011483609 0.736852572 0.061127305 0.070324449 0.934224751
1750921505.199975014 -0.173329203 -0.336152066 -0.030461043 0.019866135 0.624077703 -0.007469317 0.781073983 0.024155627 0.038984376 0.798422723
1750921505.299974918 -0.099418248 -0.330823811 -0.005994023 0.020090177 0.568483053 -0.004515725 0.822437238 -0.003689107 0.014382482 0.565384166
1750921505.399975061 -0.065098809 -0.339774729 0.034553988 0.014971350 0.530121878 0.001029413 0.847788649 -0.021774978 0.003021114 0.389671809
1750921505.499974966 -0.065098809 -0.339774729 0.034553988 0.014971350 0.530121878 0.001029413 0.847788649 -0.071022900 -0.000198565 0.215875436
1750921505.599975109 -0.023498750 -0.339988817 0.047635282 0.022399361 0.498542997 -0.009045657 0.866528318 -0.236407404 -0.009332685 0.456965220
1750921505.699975014 -0.071289615 -0.347045236 0.071602857 0.012704060 0.474341696 0.008377226 0.880209285 -0.327916811 -0.042701427 0.768012533
1750921505.799974918 0.058897400 -0.348960251 0.236906167 0.009420227 0.434629828 0.008955011 0.900515397 -0.283772227 -0.052884322 1.020779175
1750921505.899975061 0.130928061 -0.363072992 0.292444233 0.004577350 0.390147827 0.010498113 0.920681004 -0.092690283 -0.033434586 1.155198759
1750921505.999974966 0.213174084 -0.357872918 0.370520156 0.011213488 0.334718639 0.005089507 0.942237649 0.088887179 0.028562020 0.994631515
1750921506.099975109 0.277746671 -0.352842313 0.439976819 0.012230794 0.282440785 0.005790829 0.959189281 0.095557562 0.045410603 0.982311709
1750921506.199975014 0.326778568 -0.353231383 0.517150324 0.013751042 0.231013506 0.007396771 0.972825245 0.094867876 0.051442141 0.951397840
1750921506.299973965 0.379552928 -0.349532050 0.610378707 0.017172832 0.165315363 0.006553265 0.986069460 0.116278752 0.058264723 0.910305842
1750921506.399974108 0.415872523 -0.345551014 0.689744066 0.018152528 0.103141995 0.007953595 0.994469182 0.118902492 0.063115518 0.851013708
1750921506.499974012 0.432671914 -0.342568909 0.769607504 0.019339632 0.042656151 0.009829123 0.998854254 0.113012397 0.068573729 0.782984153
1750921506.599973917 0.443259912 -0.336887639 0.841724003 0.021529921 -0.031113239 0.011019072 0.999223203 0.118583125 0.070507082 0.747331614
1750921506.699974060 0.455538639 -0.332166245 0.910530607 0.020251507 -0.095655291 0.011936184 0.995136910 0.081125968 0.063241189 0.755096297
1750921506.799973965 0.439048744 -0.331730931 0.992250952 0.019449217 -0.152062793 0.012246080 0.988103572 0.029619530 0.054478726 0.795964086
1750921506.899974108 0.399746159 -0.330005241 1.078033862 0.018292164 -0.215115141 0.013562049 0.976323176 -0.005633994 0.049037378 0.847550316
1750921506.999974012 0.357577328 -0.328198564 1.149592745 0.016275128 -0.270106518 0.014350215 0.962585924 -0.032799153 0.047748660 0.878303684
1750921507.099973917 0.305549107 -0.327229646 1.219299713 0.017225617 -0.323018414 0.016775051 0.946087195 -0.034770340 0.053857880 0.889631980
1750921507.199974060 0.240248681 -0.325413142 1.288649842 0.016995281 -0.385020795 0.019506700 0.922545195 -0.015934431 0.057943188 0.867977905
1750921507.299973011 0.176379103 -0.322638836 1.340354590 0.014333129 -0.440063368 0.020031944 0.897628829 -0.022393566 0.054354254 0.781229756
1750921507.399972916 0.103307069 -0.322518420 1.388985225 0.011668082 -0.492945221 0.020940936 0.869730040 -0.080721950 0.044221848 0.656298718
1750921507.499973059 0.065926176 -0.317160697 1.385545897 0.012889719 -0.551248661 0.023924719 0.833898301 -0.434620978 0.028384004 0.628185196
1750921507.599972963 0.037287685 -0.325651477 1.356035799 0.011983362 -0.601470236 0.024528705 0.798428643 -0.678951451 0.024550753 0.813833136
1750921507.699973106 -0.145156473 -0.331641742 1.253288691 0.012583754 -0.646735876 0.026739599 0.762141293 -0.678410443 0.036578074 1.030857871
1750921507.799973011 -0.278693220 -0.331505713 1.238650656 0.010389146 -0.695363915 0.025373374 0.718134585 -0.452537795 0.044494565 1.150733724
1750921507.899972916 -0.375383685 -0.331448479 1.224707285 0.008440339 -0.732975688 0.025734157 0.679715495 -0.140147128 0.053311419 1.037593737
1750921507.999973059 -0.470506652 -0.332731479 1.200589780 0.007853153 -0.767445598 0.025939957 0.640540944 -0.112288692 0.054103747 0.956710050
1750921508.099972963 -0.562719864 -0.330801204 1.165821922 0.007576054 -0.805317985 0.026351051 0.592208721 -0.111590858 0.059725931 0.958275929
1750921508.199973106 -0.646175655 -0.330070206 1.122039878 0.006648246 -0.837734486 0.025244154 0.545453449 -0.127935763 0.058698894 0.968883260
1750921508.299973011 -0.725956906 -0.328899009 1.066159551 -0.006748172 0.866755796 -0.024629904 -0.498078527 -0.097885511 0.054111118 0.959230267
1750921508.399971962 -0.808738350 -0.329305520 0.990382420 -0.006742937 0.897267036 -0.024149352 -0.440775688 -0.047318769 0.042915982 0.892045578
1750921508.499972105 -0.869967725 -0.330626085 0.962636861 -0.006910991 0.922396595 -0.024963075 -0.385374629 -0.048386168 0.029220905 0.801842749
1750921508.599972010 -0.912228625 -0.330981434 0.888476853 -0.003964754 0.944238667 -0.022326212 -0.328480077 -0.079342503 0.010917909 0.718908206
1750921508.699971914 -0.941401499 -0.334355735 0.810895184 -0.000885124 0.964980564 -0.021634852 -0.261426207 -0.090247663 0.007668676 0.644913806
1750921508.799972057 -0.957737508 -0.337688751 0.743708175 0.000058612 0.979430636 -0.020900545 -0.200695774 -0.089776696 0.008429911 0.583009488
1750921508.899971962 -0.967564279 -0.336296173 0.712799323 0.001227364 0.989679075 -0.022013094 -0.141595359 -0.082419027 0.017397691 0.529919345
1750921508.999972105 -0.970249820 -0.335851352 0.652943200 0.004126628 0.997111142 -0.019128778 -0.073392313 -0.078228686 0.022929805 0.521182864
1750921509.099972010 -0.965890467 -0.337689880 0.596983175 0.005199044 0.999743096 -0.017683342 -0.013191311 -0.081679785 0.028128243 0.548788920
1750921509.199971914 -0.956362479 -0.334649416 0.543350744 0.005033947 0.998807331 -0.018441842 0.044927417 -0.083966945 0.035103976 0.550556468
1750921509.299972057 -0.937512955 -0.332571850 0.487545577 0.006516530 0.993579827 -0.022002658 0.110781524 -0.085297214 0.036229762 0.573122811
1750921509.399971008 -0.914578030 -0.331660413 0.438406375 0.007731485 0.985338967 -0.020695984 0.169171571 -0.087457152 0.032177266 0.608432994
1750921509.499970913 -0.881603222 -0.333107196 0.381352410 0.010009087 0.973839180 -0.024789733 0.225660229 -0.087595814 0.032182002 0.657733187
1750921509.599971056 -0.839601953 -0.332134431 0.326058300 0.009885015 0.956435384 -0.026030259 0.290613264 -0.062404199 0.027905833 0.704919030
1750921509.699970961 -0.788001085 -0.335655118 0.267741082 0.010797551 0.937598544 -0.028812720 0.346355613 -0.037382582 0.029508396 0.723034033
1750921509.799971104 -0.738372045 -0.337668349 0.218923757 0.011667195 0.917138148 -0.027927820 0.397418583 -0.034288369 0.023767486 0.774724065
1750921509.899971008 -0.676961258 -0.338779616 0.169437921 0.013753448 0.890245624 -0.028635921 0.454371606 -0.043358678 0.030991008 0.850796170
1750921509.999970913 -0.582360951 -0.344004800 0.120845878 0.015940456 0.862803444 -0.022747733 0.504775851 -0.052936748 0.029540291 0.903428361
1750921510.099971056 -0.504004513 -0.347040142 0.086128796 0.020807160 0.829634606 -0.023051140 0.557442488 -0.041758205 0.040175992 0.916237987
1750921510.199970961 -0.412891425 -0.343248086 0.062821614 0.025579652 0.785398610 -0.020761070 0.618113001 -0.007315573 0.048633805 0.882732294
1750921510.299971104 -0.334579669 -0.346318893 0.049246732 0.024631925 0.740995430 -0.016587508 0.670853110 0.005902036 0.047054966 0.856388917
1750921510.399971008 -0.254857890 -0.345670275 0.045894216 0.023651490 0.695329324 -0.013864257 0.718168171 0.013407993 0.046319967 0.861138541
1750921510.499969959 -0.154392527 -0.344745716 0.052685657 0.021840087 0.641375023 -0.007170656 0.766883089 0.006588837 0.035069749 0.805917766
1750921510.599970102 -0.067237698 -0.345030133 0.072564794 0.020975543 0.590708917 -0.003311568 0.806605254 -0.003598846 0.024038275 0.631723749
1750921510.699970007 -0.020939320 -0.346928638 0.109745331 0.018335627 0.535213892 0.001370142 0.844516440 -0.006809577 0.014003522 0.440130675
1750921510.799969912 -0.017535364 -0.345518773 0.115303873 0.018745816 0.529335242 0.000258440 0.848205594 -0.038689570 0.018094780 0.425966869
1750921510.899970055 0.010095706 -0.343516194 0.128832048 0.018399430 0.519657583 0.001506857 0.854175150 -0.036401850 0.020142049 0.566566138
1750921510.999969959 0.084917428 -0.343636765 0.172080147 0.016451037 0.478189202 0.002833696 0.878098184 -0.000764923 0.016715564 0.762562037
1750921511.099970102 0.171168860 -0.348507825 0.236105215 0.016741562 0.433390724 0.000118905 0.901050601 0.041116650 0.016310854 0.846472568
1750921511.199970007 0.228090310 -0.342191817 0.274195950 0.013915509 0.392597396 -0.002137722 0.919602671 0.038519049 0.017267265 0.812833513
1750921511.299969912 0.280653792 -0.348167985 0.327740650 0.013302507 0.347929391 0.000021710 0.937426361 0.031019180 0.026116597 0.811649925
1750921511.399970055 0.338158191 -0.345276263 0.395869518 0.015496873 0.294601473 0.000621971 0.955494339 0.031308511 0.040630574 0.850961001
1750921511.499969006 0.386855014 -0.343124998 0.467638335 0.016294170 0.245623766 0.002526124 0.969224992 0.025845398 0.042152707 0.890590841
1750921511.599968910 0.423390113 -0.341218291 0.548571790 0.016413623 0.194826139 0.004844014 0.980688485 0.029362088 0.038187638 0.897930910
1750921511.699969053 0.460527093 -0.342447145 0.641224872 0.017594472 0.134985363 0.006445991 0.990670397 0.049159421 0.039245627 0.883426977
1750921511.799968958 0.485284148 -0.339451957 0.722214937 0.018593152 0.080064589 0.009837293 0.996567702 0.050319110 0.049243981 0.833918674
1750921511.899969101 0.496209924 -0.339813252 0.808255881 0.018917250 0.025319182 0.010717193 0.999442954 0.034975380 0.061035880 0.799246279
1750921511.999969006 0.495383934 -0.330885821 0.873432267 0.016834823 -0.033610210 0.011953251 0.999221728 0.016950591 0.059631650 0.802022603
1750921512.099968910 0.488403722 -0.328904941 0.958046756 0.016449560 -0.086213314 0.014076101 0.996041435 0.011805957 0.053598174 0.839880271
1750921512.199969053 0.466142986 -0.328102659 1.041464632 0.015989111 -0.136997207 0.014349865 0.990338424 0.051442843 0.041860375 0.884990699
1750921512.299968958 0.442723152 -0.328906216 1.137413264 0.015015583 -0.196650857 0.016168186 0.980225261 0.120468849 0.037541312 0.890375615
1750921512.399969101 0.425892175 -0.327971251 1.222273478 0.016037419 -0.252037807 0.018057717 0.967415973 0.162449777 0.041659029 0.874612971
1750921512.499969006 0.390933710 -0.327434792 1.296308887 0.013409265 -0.306055683 0.020963662 0.951688308 0.163789098 0.040596845 0.868065991
1750921512.599967957 0.339378039 -0.324934261 1.388185534 0.012482993 -0.372699123 0.023707380 0.927565361 0.167232558 0.040285806 0.869577704
1750921512.699968100 0.297460969 -0.326948327 1.452441455 0.009098153 -0.432713985 0.025086236 0.901136234 0.149445147 0.030519409 0.776199023
1750921512.799968004 0.226239265 -0.323345351 1.511565105 0.010020893 -0.490442203 0.025962943 0.871029249 0.083860003 0.032126910 0.674783924
1750921512.899967909 0.191493461 -0.323913858 1.532438917 0.010500102 -0.560411237 0.027301118 0.827697796 -0.216832545 0.037436220 0.898064704
1750921512.999968052 0.145464711 -0.320381883 1.544283586 0.009137284 -0.620224981 0.027330088 0.783894475 -0.624889733 0.137552925 2.369065362
1750921513.099967957 -0.101535411 -0.336403673 1.491657010 0.008387561 -0.674379409 0.028145708 0.737800705 -0.465277534 0.208553711 3.364532972
1750921513.199968100 -0.956647266 -0.313763106 1.488463263 0.006503399 -0.728781750 0.030488261 0.684036061 -0.020067434 0.215926369 3.377045935
1750921513.299968004 -1.017940961 -0.313593049 1.479970058 0.004308566 -0.771966101 0.032411212 0.634822250 0.188113165 0.163213742 2.412750613
1750921513.399967909 -1.116049228 -0.314676960 1.443522087 0.004593264 -0.811282879 0.034734986 0.583603010 -0.106088065 0.075703134 1.118437685
1750921513.499968052 -1.207777639 -0.315267599 1.381992253 0.002934716 -0.853483609 0.034890635 0.519942073 -0.165254719 0.054931992 0.974835240
1750921513.599967003 -1.278116424 -0.316322990 1.311150774 -0.003235493 0.886929161 -0.035486853 -0.460528912 -0.195969912 0.057769280 0.976935793
1750921513.699966908 -1.343748691 -0.319129149 1.238061724 -0.001785038 0.913700398 -0.033711152 -0.404983894 -0.240721793 0.057639325 0.995525385
1750921513.799967051 -1.395549699 -0.319796041 1.140237655 -0.002227861 0.940108940 -0.036238218 -0.338935110 -0.261392401 0.067328844 1.009667795
1750921513.899966955 -1.429009778 -0.319278350 1.038276745 -0.000665340 0.958980338 -0.036111615 -0.281162266 -0.259945509 0.069196661 0.937645177
1750921513.999967098 -1.454997297 -0.320221266 0.936595883 -0.000795441 0.973563561 -0.032410868 -0.226103727 -0.240725937 0.061830890 0.773260411
1750921514.099967003 -1.448936609 -0.317057948 0.875184002 0.000344973 0.986616928 -0.029286004 -0.160403392 -0.235066864 0.052246495 0.625142914
1750921514.199966908 -1.436366425 -0.307499579 0.843413194 0.002376974 0.994059682 -0.025511470 -0.105777426 -0.249889048 0.036407257 0.555389870
1750921514.299967051 -1.427515074 -0.319881265 0.760850807 0.004792294 0.998356684 -0.024494224 -0.051584876 -0.264387695 0.024164131 0.614871367
1750921514.399966955 -1.398945328 -0.316395565 0.693152744 0.010842566 0.999338015 -0.030947855 0.015754415 -0.197741937 0.027934261 0.660005965
1750921514.499967098 -1.363168757 -0.321032973 0.617759238 0.012277844 0.996553134 -0.027456615 0.077312611 -0.105579651 0.017143791 0.628028514
1750921514.599967003 -1.355821938 -0.321740411 0.574519421 0.011331624 0.990598702 -0.022995211 0.134376434 -0.024539935 0.013234270 0.584148958
1750921514.699965954 -1.340289336 -0.323666986 0.522594940 0.006497919 0.985757748 -0.028620154 0.165590842 0.006592927 0.017115370 0.524011078
1750921514.799966097 -1.319264206 -0.326735123 0.467293899 0.005625984 0.977318453 -0.025168155 0.210198844 0.024039669 0.011450836 0.480825024
1750921514.899966002 -1.302662807 -0.322648664 0.423257368 0.005464961 0.967620603 -0.027593375 0.250836816 0.044293367 0.003418339 0.402515091
1750921514.999965906 -1.287260387 -0.325809262 0.396703622 0.005375965 0.954823788 -0.029471737 0.295658671 0.061264042 -0.013616409 0.298778420
1750921515.099966049 -1.280311991 -0.333254150 0.376216850 0.001955341 0.946854764 -0.028460840 0.320393840 0.053352119 -0.031728160 0.209317483
1750921515.199965954 -1.277333779 -0.333776466 0.363403571 0.003904655 0.944409863 -0.030315870 0.327346471 0.024957314 -0.037507024 0.130385224
1750921515.299966097 -1.269117723 -0.340285015 0.352026822 0.003524538 0.940308821 -0.033188747 0.338681865 -0.008616149 -0.028725402 0.051931840
