1750921479.400000095 0.000000000 0.000000000 0.000000000 0.000000000 0.000000000 0.000000000 1.000000000 0.198803654 0.087039827 0.037290799
1750921479.500000000 0.000000000 0.000000000 0.000000000 0.000000000 0.000000000 0.000000000 1.000000000 -0.015950118 -0.001630381 0.008763552
1750921479.599999905 0.000000000 0.000000000 0.000000000 0.000000000 0.000000000 0.000000000 1.000000000 -0.230703891 -0.090300590 -0.019763696
1750921479.700000048 0.000000000 0.000000000 0.000000000 0.000000000 0.000000000 0.000000000 1.000000000 -0.321190701 -0.135258379 -0.007014157
1750921479.799999952 -0.100857898 -0.038158627 -0.004706646 0.000024459 0.000007181 -0.000065760 0.999999998 -0.281682306 -0.126342032 0.079133971
1750921479.900000095 -0.105358103 -0.046977877 0.004376013 0.000197768 -0.000132796 -0.000434002 0.999999877 -0.136255709 -0.068649573 0.221185677
1750921480.000000000 -0.104567041 -0.046390514 0.039620191 -0.000133704 -0.000534809 -0.000177875 0.999999832 -0.002956597 -0.006488492 0.384859942
1750921480.099998951 -0.104245749 -0.046301294 0.084149144 -0.000502906 -0.001146109 -0.000410445 0.999999133 -0.001426140 0.016529258 0.526537928
1750921480.199999094 -0.107450895 -0.044592090 0.152082880 -0.000426192 -0.001967948 -0.000537887 0.999997828 0.004402418 0.022360744 0.612338654
1750921480.299998999 -0.105862760 -0.039723838 0.217505665 -0.000919709 -0.001885180 -0.000673418 0.999997573 0.017286537 0.035005758 0.653705956
1750921480.399998903 -0.103009954 -0.039039443 0.279350617 -0.001600724 -0.003543235 -0.000870967 0.999992062 0.027625825 0.041856632 0.630513491
1750921480.499999046 -0.097013882 -0.025909712 0.347873703 -0.000625121 -0.007093592 -0.001004754 0.999974140 0.018533703 0.047229975 0.571364051
1750921480.599998951 -0.098796694 -0.027143376 0.390641863 -0.001138884 -0.011936087 -0.001544382 0.999926921 -0.008950885 0.042406406 0.538701522
1750921480.699999094 -0.103697471 -0.019744999 0.443887363 -0.001196270 -0.024209724 -0.000307545 0.999706139 -0.035028441 0.023422675 0.502755948
1750921480.799998999 -0.112783748 -0.022016800 0.502562827 -0.002664872 -0.045232624 0.000761023 0.998972637 -0.036797383 0.016763414 0.460317833
1750921480.899998903 -0.123483741 -0.022061061 0.542169335 -0.004166563 -0.068311608 0.002157597 0.997653000 -0.030839932 0.014430664 0.385967547
1750921480.999999046 -0.128847730 -0.018507202 0.574646392 -0.003975097 -0.095696099 0.003717128 0.995395719 -0.021188292 0.022843243 0.300497351
1750921481.099997997 -0.137353372 -0.013143188 0.598982299 -0.004009749 -0.132852948 0.004553962 0.991117187 -0.011478017 0.024033994 0.247200623
1750921481.199997902 -0.145398403 -0.010573977 0.617353226 -0.004643004 -0.166899989 0.006494635 0.985941507 -0.012694639 0.019478532 0.227133657
1750921481.299998045 -0.153594265 -0.009955097 0.638212990 -0.005336788 -0.199497033 0.008226475 0.979849365 -0.011990120 0.017887672 0.223955197
1750921481.399997950 -0.166967993 -0.009517438 0.663499356 -0.005560866 -0.235315338 0.009631897 0.971855439 -0.013196263 0.019790762 0.238148509
1750921481.499998093 -0.176884990 -0.006810494 0.677153679 -0.005345108 -0.264268473 0.011447313 0.964366405 -0.021103385 0.023634722 0.261672136
1750921481.599997997 -0.193623922 -0.004466816 0.700219606 -0.003905540 -0.294036706 0.012731766 0.955701347 -0.031793339 0.026073815 0.304169026
1750921481.699997902 -0.216964078 0.001179694 0.724855016 -0.002532817 -0.328254166 0.015077319 0.944465702 -0.037514721 0.024981022 0.356320386
1750921481.799998045 -0.244693739 0.001647937 0.751517434 -0.003117501 -0.356246786 0.016982995 0.934232352 -0.042355088 0.023225538 0.403342412
1750921481.899997950 -0.278977426 0.001908984 0.780872621 -0.003004244 -0.382569774 0.018469373 0.923737097 -0.041460339 0.025794079 0.435445869
1750921481.999998093 -0.314836473 0.005532603 0.809575404 -0.002172171 -0.410377912 0.017799112 0.911739240 -0.039809717 0.030948244 0.452211295
1750921482.099997997 -0.350410588 0.008048715 0.834183136 -0.002661041 -0.434004135 0.017716850 0.900732725 -0.047751342 0.032532012 0.480555556
1750921482.199996948 -0.391853460 0.011510752 0.860704792 -0.002997853 -0.458195375 0.018600173 0.888651813 -0.079301462 0.035326516 0.565834980
1750921482.299997091 -0.445305456 0.010674729 0.886691804 -0.003001682 -0.485183895 0.018332697 0.874214785 -0.120525953 0.038598205 0.705664099
1750921482.399996996 -0.539524015 0.014389471 0.918183180 -0.002100648 -0.512906649 0.017691152 0.858259506 -0.144683768 0.044178311 0.808020408
1750921482.499996901 -0.617728601 0.016597437 0.944724939 -0.001596593 -0.543818040 0.017789273 0.839013070 -0.155141743 0.052781495 0.845908097
1750921482.599997044 -0.697274743 0.023307788 0.957583727 -0.000237165 -0.580736984 0.019137586 0.813866237 -0.150608851 0.054680083 0.779153754
1750921482.699996948 -0.771743408 0.025815579 0.961971066 -0.004468149 -0.618487168 0.019315394 0.785544763 -0.157015416 0.046006898 0.643733281
1750921482.799997091 -0.842062873 0.027656279 0.958578698 -0.005503557 -0.658821953 0.020426246 0.752001405 -0.163492300 0.039463688 0.541450866
1750921482.899996996 -0.879237967 0.030200668 0.939151970 -0.005977440 -0.704009070 0.022564910 0.709807245 -0.190574079 0.027824857 0.476953551
1750921482.999996901 -0.920921574 0.031470764 0.921155108 -0.006824340 -0.738232021 0.025106471 0.674044937 -0.200239643 0.022158795 0.430629191
1750921483.099997044 -0.973907783 0.028523529 0.882717418 -0.007671199 -0.761087500 0.026032451 0.648081231 -0.195935374 0.020026234 0.383961512
1750921483.199995995 -0.981635532 0.029845470 0.870445194 -0.006274189 -0.791548315 0.030722121 0.610301606 -0.172252266 0.025277488 0.330250753
1750921483.299995899 -1.011500113 0.031000363 0.839095079 -0.008368318 -0.818064512 0.032575854 0.574142177 -0.132082240 0.024581420 0.270502342
1750921483.399996042 -1.034170691 0.031873269 0.818036852 -0.010451535 -0.834457602 0.033392986 0.549960166 -0.113677837 0.013529997 0.293197279
1750921483.499995947 -1.054724188 0.029734515 0.803188699 -0.011006927 -0.847039232 0.034424928 0.530300209 -0.102402976 0.002671198 0.339500972
1750921483.599996090 -1.087532938 0.026661219 0.772945187 0.010883705 0.871222406 -0.037471604 -0.489335205 -0.087366694 0.002678455 0.389433058
1750921483.699995995 -1.117907875 0.024493430 0.740147213 0.011141457 0.894541822 -0.041087128 -0.444952408 -0.075568671 0.005153614 0.433885365
1750921483.799995899 -1.149080477 0.023377754 0.705713279 0.012491528 0.921215369 -0.044861922 -0.386255892 -0.053434190 -0.000719696 0.460338799
1750921483.899996042 -1.175971848 0.016940916 0.668585867 0.013177897 0.942668618 -0.046209062 -0.330252846 -0.027226654 -0.016814854 0.490884961
1750921483.999995947 -1.204737415 0.009811734 0.631587351 0.010813194 0.961247892 -0.047732038 -0.271306502 0.000525231 -0.030949703 0.519955592
1750921484.099996090 -1.233191339 0.001681865 0.577495739 0.011948572 0.976531675 -0.049008402 -0.209383130 0.016391550 -0.033434050 0.544848823
1750921484.199995995 -1.253794854 -0.006118490 0.528982883 0.009637641 0.986978874 -0.050731344 -0.152335644 0.016191988 -0.030546167 0.567088223
1750921484.299994946 -1.268312856 -0.016089900 0.480126336 0.009216800 0.994006689 -0.052452132 -0.095470027 0.011463057 -0.024127494 0.565541935
1750921484.399995089 -1.279005696 -0.023118487 0.412175460 0.009076297 0.997992473 -0.053502985 -0.032650808 0.001084801 -0.013055711 0.538217036
1750921484.499994993 -1.277894624 -0.032274006 0.363525837 0.008787096 0.998156967 -0.053863462 0.026536455 -0.024848642 -0.005447650 0.519093215
1750921484.599994898 -1.265958058 -0.034444834 0.324081892 0.008263287 0.994875274 -0.053060281 0.085670963 -0.051342245 -0.004235801 0.516632476
1750921484.699995041 -1.246363710 -0.039942222 0.264484893 0.007008243 0.987216147 -0.051380422 0.150715679 -0.053273988 -0.015311014 0.535278393
1750921484.799994946 -1.220348055 -0.049607029 0.213662889 0.006990629 0.976897416 -0.046520755 0.208466756 -0.052942481 -0.029526476 0.553770663
1750921484.899995089 -1.194413978 -0.058494418 0.174575584 0.006418493 0.962607041 -0.045362908 0.266999427 -0.062561501 -0.028020785 0.583299926
1750921484.999994993 -1.153350168 -0.064856359 0.125746508 0.006717626 0.943105537 -0.042323987 0.329720335 -0.061840271 -0.018439648 0.630737937
1750921485.099994898 -1.100046554 -0.074054400 0.076845225 0.006705176 0.924156040 -0.038470112 0.380014085 -0.063191937 -0.014911657 0.628224980
1750921485.199995041 -1.045225807 -0.080099619 0.036464762 0.004450407 0.904782570 -0.032674649 0.424595175 -0.073979479 -0.021129675 0.607118134
1750921485.299993992 -1.013335649 -0.084451788 0.028930764 0.004459123 0.881694752 -0.029639622 0.470867257 -0.090921298 -0.026124947 0.561153990
1750921485.399993896 -0.944593494 -0.089530624 -0.005855072 0.006033797 0.858240860 -0.027688459 0.512464213 -0.127259950 -0.033107967 0.489479053
1750921485.499994040 -0.900098661 -0.095306700 -0.008867287 0.005456014 0.833112843 -0.022518849 0.552617521 -0.220687388 -0.027661959 0.533717117
1750921485.599993944 -0.858994248 -0.098265791 0.000378250 0.006658954 0.803685706 -0.018998262 0.594713385 -0.400098400 0.017773431 0.834702257
1750921485.699994087 -0.760750375 -0.102470522 0.018529942 0.008223756 0.774147660 -0.014022886 0.632796278 -0.395060987 0.058504838 1.014347970
1750921485.799993992 -0.582861421 -0.090368422 0.043065917 0.006568769 0.738825882 -0.011966868 0.673758089 -0.283063377 0.086000482 1.074970297
1750921485.899993896 -0.501775688 -0.085697485 0.053782610 0.006897514 0.697070682 -0.011647971 0.716874614 -0.153080375 0.092387703 0.917428912
1750921485.999994040 -0.430129188 -0.077880942 0.072680108 0.005050387 0.653610885 -0.008897962 0.756761607 -0.113194072 0.072800512 0.670791914
1750921486.099993944 -0.364406260 -0.071376577 0.099380972 0.004573704 0.607514043 -0.008615268 0.794249045 -0.129913838 0.073802256 0.707334068
1750921486.199994087 -0.296431220 -0.066382641 0.138440394 0.003849751 0.554831159 -0.007159339 0.831923259 -0.134733279 0.073038542 0.686390230
1750921486.299993992 -0.245862367 -0.059211872 0.179439979 0.002040570 0.504071024 -0.006755313 0.863633374 -0.148171310 0.072937249 0.677022177
1750921486.399992943 -0.200450278 -0.050871263 0.227036939 0.003045338 0.453487109 -0.007680310 0.891224540 -0.160512301 0.074232509 0.676977812
1750921486.499993086 -0.152434457 -0.045728960 0.288577977 0.002605433 0.395738204 -0.006566924 0.918336192 -0.161433285 0.069196139 0.654925585
1750921486.599992990 -0.119525740 -0.038007201 0.349589487 0.001440946 0.340359918 -0.006435713 0.940272105 -0.173335858 0.062435911 0.629241940
1750921486.699992895 -0.104261548 -0.032376634 0.401336234 0.001560352 0.285646212 -0.006309062 0.958313103 -0.165976402 0.053233463 0.576808124
1750921486.799993038 -0.087734290 -0.029113470 0.473148977 0.001118207 0.226845384 -0.004893947 0.973917846 -0.136266795 0.050151044 0.490665329
1750921486.899992943 -0.084404776 -0.025358457 0.507912268 -0.000221019 0.173004658 -0.004763704 0.984909461 -0.122104157 0.048411444 0.447025248
1750921486.999993086 -0.086267858 -0.017145379 0.540302441 -0.000279690 0.118112999 -0.003109272 0.992995254 -0.112026571 0.051242978 0.430697207
1750921487.099992990 -0.086365427 -0.013568268 0.598548273 -0.002007174 0.058277427 -0.000217694 0.998298385 -0.123643373 0.052540239 0.489262674
1750921487.199992895 -0.090967517 -0.007713005 0.644069369 -0.002748056 0.001083375 0.000141817 0.999995627 -0.124872378 0.054400826 0.540150005
1750921487.299993038 -0.115620433 -0.003124760 0.710236366 -0.003864104 -0.055962387 0.002930527 0.998421099 -0.133532274 0.055879295 0.557043668
1750921487.399991989 -0.132488842 0.004514153 0.757091644 -0.002667237 -0.119970817 0.005172051 0.992760363 -0.136193101 0.054203210 0.581887045
1750921487.499991894 -0.167897266 0.008597351 0.815551881 0.000356045 -0.180689249 0.006413972 0.983519257 -0.132668059 0.051637703 0.584595829
1750921487.599992037 -0.203373599 0.014089766 0.859133202 0.003567837 -0.239566193 0.008411385 0.970837040 -0.132649290 0.042046976 0.615356682
1750921487.699991941 -0.246530287 0.016173124 0.910416372 0.004921921 -0.304422863 0.010733699 0.952463796 -0.122848798 0.037608205 0.623749253
1750921487.799992085 -0.299101106 0.017362679 0.951999499 0.005458220 -0.364027848 0.013209939 0.931278386 -0.111396731 0.036038467 0.623563968
1750921487.899991989 -0.352579016 0.021209223 0.985452679 0.002700727 -0.423348224 0.013187606 0.905867029 -0.096800871 0.030841364 0.631056307
1750921487.999991894 -0.403691257 0.022475056 1.014573935 0.002582590 -0.485315514 0.017015993 0.874169685 -0.094825009 0.030131488 0.671258255
1750921488.099992037 -0.465573095 0.025737288 1.040086983 -0.003936408 -0.539544977 0.020150403 0.841706412 -0.095709047 0.025969948 0.726124530
1750921488.199991941 -0.554648662 0.020633625 1.060290626 -0.003131893 -0.593551487 0.025355609 0.804390401 -0.087650068 0.035084720 0.782017708
1750921488.299992085 -0.629402791 0.027254340 1.070394626 -0.003661661 -0.648654420 0.034089678 0.760310417 -0.070335418 0.048544395 0.808195038
1750921488.399991989 -0.716333671 0.027622048 1.071259273 -0.008236518 -0.697550835 0.032619121 0.715745056 -0.061297314 0.046005254 0.805641249
1750921488.499990940 -0.796334264 0.027467008 1.061274506 -0.009231454 -0.744321028 0.032139395 0.666984293 -0.047520736 0.044038041 0.829851774
1750921488.599991083 -0.875850198 0.028901194 1.040205235 -0.014448724 -0.790808699 0.034133953 0.610940021 -0.004031790 0.044618897 0.777471634
1750921488.699990988 -0.969119669 0.029819396 1.011897145 -0.016801802 -0.830005857 0.034399413 0.556439266 0.038548869 0.037806798 0.581882343
1750921488.799990892 -1.001755861 0.034256959 0.992309102 -0.018459541 -0.847966413 0.033708809 0.528654824 0.026426483 0.025398544 0.326434675
1750921488.899991035 -1.001755861 0.034256959 0.992309102 -0.018459541 -0.847966413 0.033708809 0.528654824 -0.000658903 0.011094456 0.180379771
1750921488.999990940 -1.001755861 0.034256959 0.992309102 -0.018459541 -0.847966413 0.033708809 0.528654824 -0.017149665 0.001183875 0.268234461
1750921489.099991083 -1.033913038 0.036712200 0.977463027 -0.018572105 -0.863008678 0.033564177 0.503730626 -0.022871307 0.009077896 0.480814787
1750921489.199990988 -1.105169602 0.031068724 0.933301061 0.019057249 0.893836643 -0.031231831 -0.446897583 0.020271258 0.017227097 0.644829425
1750921489.299990892 -1.159607570 0.030310956 0.895992723 0.016242305 0.917768788 -0.036222083 -0.395126056 0.023269723 0.043493379 0.701117545
1750921489.399991035 -1.206169797 0.030717353 0.850856317 0.016580458 0.937805248 -0.037638179 -0.344716946 -0.005294043 0.063017488 0.721179686
1750921489.499989986 -1.251797437 0.035789200 0.777746966 0.016832534 0.955586954 -0.040024365 -0.291493207 -0.033755632 0.073181794 0.763789023
1750921489.599989891 -1.289340210 0.039205347 0.707633455 0.017989336 0.969233081 -0.041939492 -0.241877442 -0.061707071 0.077905983 0.814379383
1750921489.699990034 -1.315546310 0.037043282 0.631850957 0.018891544 0.980475353 -0.044100305 -0.190699645 -0.061574255 0.076712484 0.838968422
1750921489.799989939 -1.339337961 0.037134391 0.538593673 0.021320758 0.989970226 -0.044694911 -0.132313044 -0.046813641 0.073643679 0.856334593
1750921489.899990082 -1.352195754 0.040203804 0.456238774 0.023090204 0.995521212 -0.047512005 -0.078402605 -0.036604866 0.081419350 0.852682973
1750921489.999989986 -1.357950161 0.035588655 0.374397129 0.024222013 0.998248146 -0.047877256 -0.024933956 -0.035371758 0.088882560 0.838479959
1750921490.099989891 -1.352052195 0.039139285 0.282595926 0.025347787 0.997614046 -0.051927590 0.037778701 -0.027780291 0.097112369 0.841561589
1750921490.199990034 -1.337278461 0.040462348 0.201670043 0.026439226 0.993942225 -0.052259497 0.092998738 -0.037342290 0.092706527 0.846523419
1750921490.299989939 -1.312418153 0.038634548 0.124246807 0.026968968 0.987086836 -0.052195499 0.149023098 -0.033800375 0.083370327 0.854282402
1750921490.399990082 -1.276162147 0.035682547 0.035672369 0.027155824 0.975021738 -0.052910243 0.213999249 -0.015989567 0.072521490 0.862622578
1750921490.499989986 -1.236295676 0.034376023 -0.036721218 0.026638594 0.960331766 -0.053847288 0.272311868 -0.013450852 0.073901187 0.864812557
1750921490.599988937 -1.188158438 0.028834851 -0.099526453 0.027647785 0.942686503 -0.053800405 0.328151296 -0.002718823 0.076312893 0.861836295
1750921490.699989080 -1.120617701 0.025803249 -0.174688839 0.028918641 0.917693458 -0.057198428 0.392085156 0.026927626 0.082920627 0.830533737
1750921490.799988985 -1.060066845 0.028073609 -0.233152009 0.029575556 0.892240638 -0.059207976 0.446683720 0.030126114 0.080528337 0.759538090
1750921490.899988890 -1.005840839 0.024663689 -0.265965402 0.028515248 0.865294890 -0.056741264 0.497224359 -0.021824011 0.066787873 0.705692368
1750921490.999989033 -0.940605969 0.020715392 -0.299684201 0.028809117 0.829872369 -0.058551945 0.554124134 -0.491221934 0.095765854 0.676223321
1750921491.099988937 -0.885204861 0.021861438 -0.316965185 0.029156533 0.793963183 -0.061558878 0.604138118 -0.935668713 0.128507776 0.679000904
1750921491.199989080 -0.700901645 0.055921362 -0.131576331 0.026918209 0.756313005 -0.060615625 0.650839300 -1.041992738 0.123836086 0.808988736
1750921491.299988985 -0.652910549 0.047139311 -0.005861655 0.024642116 0.711295724 -0.056758672 0.700163990 -0.801798958 0.087822535 0.932832548
1750921491.399988890 -0.561080622 0.033112679 0.003627695 0.022418688 0.669710092 -0.049851354 0.740608289 -0.293413927 0.019246471 0.921309003
1750921491.499989033 -0.466466201 0.026177904 0.028498041 0.020925803 0.627432513 -0.046800983 0.776981480 -0.081927027 -0.009775247 0.989865072
1750921491.599987984 -0.365402673 0.015640020 0.066340034 0.018487352 0.576593988 -0.041200091 0.815781921 -0.091010215 -0.001672905 0.981641072
1750921491.699987888 -0.281397025 0.008217612 0.113538557 0.016201676 0.527588131 -0.036787209 0.848548744 -0.122022080 0.007700775 0.951695236
1750921491.799988031 -0.209568519 0.006794574 0.172614984 0.014767808 0.477708542 -0.035491229 0.877676953 -0.153009421 0.015670836 0.926424638
1750921491.899987936 -0.143421993 0.004985631 0.245407940 0.012167806 0.417034393 -0.032513454 0.908227469 -0.134105500 0.014931873 0.872254040
1750921491.999988079 -0.093964463 0.000078672 0.317384760 0.010549684 0.362170994 -0.028670428 0.931610907 -0.101255486 0.010350122 0.782271856
1750921492.099987984 -0.056338246 0.001168313 0.374494223 0.008751423 0.307128505 -0.026029904 0.951271748 -0.087869113 -0.001713253 0.687037931
1750921492.199987888 -0.030611864 0.000398185 0.432175910 0.005403645 0.240653034 -0.020614289 0.970377230 -0.063753342 -0.005611170 0.601180379
1750921492.299988031 -0.014479046 -0.003640010 0.492728899 0.003555236 0.179515587 -0.018305326 0.983578380 -0.058906296 -0.004021138 0.559120187
1750921492.399987936 -0.002416423 -0.002875698 0.544775329 0.001824453 0.120691941 -0.016035379 0.992558811 -0.061298174 -0.000903170 0.553541120
1750921492.499988079 0.000204694 -0.002427368 0.600092498 -0.002836038 0.052165739 -0.011262787 0.998570900 -0.057446023 0.003592948 0.554612749
1750921492.599987984 -0.003796617 -0.001952888 0.656078907 -0.003277230 -0.009265062 -0.008120737 0.999918733 -0.059986974 0.001758365 0.581757111
1750921492.699986935 -0.013908413 -0.000155780 0.710451019 -0.005343417 -0.067004435 -0.005793328 0.997721550 -0.065436082 0.000236581 0.591408970
1750921492.799987078 -0.032945018 0.001719935 0.770538588 -0.004851832 -0.133839177 -0.003803352 0.990983889 -0.057861124 0.001411162 0.604434591
1750921492.899986982 -0.059163466 0.000247036 0.822539454 -0.004125017 -0.194166304 -0.000535716 0.980959807 -0.051162138 0.005685719 0.625781074
1750921492.999986887 -0.089582349 0.000831580 0.881952873 -0.000925132 -0.251419090 0.002429208 0.967874829 -0.049978108 0.014731544 0.660908922
1750921493.099987030 -0.132757033 0.004944976 0.939679948 0.000004635 -0.313718192 0.004094508 0.949507310 -0.055095081 0.019767892 0.693658684
1750921493.199986935 -0.184934032 0.005580214 0.988121025 0.000866470 -0.367727493 0.007453434 0.929903321 -0.074056388 0.029811991 0.710416651
1750921493.299987078 -0.239693589 0.007142399 1.029595003 0.001013747 -0.418855177 0.010020629 0.907997192 -0.077764905 0.034074703 0.711070391
1750921493.399986982 -0.311610947 0.011064958 1.069350979 -0.003645713 -0.472953291 0.012923962 0.880985167 -0.074411232 0.035463109 0.718471860
1750921493.499986887 -0.362767379 0.011472479 1.097622764 -0.007452964 -0.519192558 0.014300632 0.854505139 -0.082622613 0.034309553 0.742530162
1750921493.599987030 -0.444003138 0.015447457 1.121299719 -0.007447730 -0.567113641 0.019757051 0.823368878 -0.092891784 0.038597185 0.781075874
1750921493.699985981 -0.533557950 0.020709257 1.136186587 -0.007651492 -0.620954483 0.025843335 0.783383116 -0.087845175 0.050230259 0.815883465
1750921493.799985886 -0.611425219 0.021796010 1.140377456 -0.010009504 -0.667602921 0.027933332 0.743925990 -0.090468809 0.053291992 0.811064995
1750921493.899986029 -0.686407950 0.025211266 1.135038878 -0.013616014 -0.712181295 0.028154476 0.701298604 -0.097054827 0.056705762 0.802858365
1750921493.999985933 -0.774371280 0.030867905 1.115599626 -0.016142443 -0.762179745 0.029478078 0.646492460 -0.078266284 0.055816115 0.788789109
1750921494.099986076 -0.848759377 0.034175218 1.089349252 -0.020484366 -0.802563731 0.030167318 0.595450906 -0.034369487 0.042625041 0.643565758
1750921494.199985981 -0.918593362 0.035413773 1.053909461 -0.024444364 -0.837381504 0.029707621 0.545263375 0.004741275 0.024675946 0.414526206
1750921494.299985886 -0.918593362 0.035413773 1.053909461 -0.024444364 -0.837381504 0.029707621 0.545263375 -0.022803592 0.010866020 0.236077436
1750921494.399986029 -0.918593362 0.035413773 1.053909461 -0.024444364 -0.837381504 0.029707621 0.545263375 -0.058576926 0.005574631 0.220977996
1750921494.499985933 -0.943122762 0.033075915 1.033376124 -0.024144051 -0.848641363 0.030946041 0.527510420 -0.108840248 0.005424450 0.375326705
1750921494.599986076 -0.992381228 0.033700877 0.991651625 0.025240496 0.879778646 -0.032274750 -0.473614603 -0.106113994 0.009914424 0.510576392
1750921494.699985981 -1.030191492 0.026515178 0.947692565 0.023516789 0.904082627 -0.028917346 -0.425729199 -0.096519742 0.012165333 0.548593312
1750921494.799984932 -1.060263433 0.028610810 0.909691046 0.023036766 0.926491984 -0.033658460 -0.374097606 -0.081133982 0.019766098 0.531287546
1750921494.899985075 -1.089959103 0.029692112 0.860370996 0.023978498 0.948036232 -0.035390781 -0.315277381 -0.038569521 0.023954975 0.523705095
1750921494.999984980 -1.112340564 0.027900825 0.815400158 0.024007923 0.962913717 -0.040092466 -0.265731795 -0.006918088 0.028564491 0.563200622
1750921495.099984884 -1.143951014 0.025893889 0.773038424 0.022583695 0.975132515 -0.041691138 -0.216491116 0.025651764 0.032603110 0.620657923
1750921495.199985027 -1.176842021 0.027271351 0.704071212 0.021066816 0.985812615 -0.046015154 -0.160038377 0.061191524 0.044635487 0.675994406
1750921495.299984932 -1.199326317 0.025613360 0.637343709 0.024029220 0.992752423 -0.046526232 -0.108168997 0.074722753 0.049488911 0.721027331
1750921495.399985075 -1.221583156 0.025225937 0.570512734 0.024212872 0.997439176 -0.047386849 -0.047784027 0.086698952 0.070142776 0.665202224
1750921495.499984980 -1.234750063 0.023988057 0.491523028 0.024597211 0.998202522 -0.049455016 0.023257323 0.084606129 0.086066202 0.624449191
1750921495.599984884 -1.226972673 0.032934489 0.449153882 0.025663804 0.994875431 -0.050666997 0.083648683 0.064874311 0.088456733 0.632928750
1750921495.699985027 -1.220365943 0.034813873 0.386152056 0.027004590 0.987220718 -0.052675879 0.147956944 0.062432695 0.081545871 0.676944516
1750921495.799983978 -1.201933034 0.032801857 0.304136830 0.027135467 0.974315514 -0.051137133 0.217618795 0.092851525 0.058530411 0.754108740
1750921495.899983883 -1.170869901 0.027376872 0.234156315 0.026722831 0.959302565 -0.050528388 0.276534556 0.078386691 0.051634596 0.776551658
1750921495.999984026 -1.135072213 0.026503958 0.170012867 0.028461141 0.939134610 -0.049356572 0.338792083 0.060424685 0.053806596 0.794435957
1750921496.099983931 -1.074068797 0.022186758 0.099441303 0.026682727 0.911144765 -0.045649559 0.408680031 0.063561731 0.051682277 0.793699871
1750921496.199984074 -1.020938732 0.016987015 0.053744853 0.026615500 0.882802909 -0.045596278 0.466767200 0.049046002 0.049596313 0.734952492
1750921496.299983978 -0.955579866 0.015091582 0.007963337 0.026302114 0.847254019 -0.047877999 0.528371577 -0.008731348 0.045685381 0.619750607
1750921496.399983883 -0.905736071 0.013486407 -0.007079207 0.026556113 0.802705786 -0.046077951 0.593999172 -0.256256260 0.077192042 0.916386323
1750921496.499984026 -0.853547753 0.012902669 -0.007670981 0.025815813 0.762475383 -0.042544602 0.645100605 -0.376500735 0.109350059 1.334626252
1750921496.599983931 -0.611995032 0.016447496 0.047636909 0.024909562 0.716119226 -0.041654779 0.696288479 -0.244851465 0.116211273 1.454430860
1750921496.699984074 -0.422126465 0.009524536 0.056545562 0.022495055 0.697775363 -0.039733333 0.714859970 -0.154202807 0.093783696 1.317701518
1750921496.799983978 -0.384425196 0.006772312 0.062922003 0.019727151 0.674604752 -0.038291014 0.736921343 -0.111676857 0.046685733 0.922837683
1750921496.899982929 -0.296948611 0.006456185 0.075652823 0.017963666 0.626233863 -0.039179226 0.778442961 -0.115458771 0.036544636 0.871375673
1750921496.999983072 -0.185059445 0.000843661 0.127302240 0.016026552 0.571627076 -0.036795884 0.819531389 -0.111246742 0.036718259 1.032967254
1750921497.099982977 -0.100963420 -0.000966235 0.179851892 0.016642849 0.523330422 -0.035585705 0.851223791 -0.145665272 0.039919630 1.065853978
1750921497.199982882 -0.020741444 -0.001827129 0.242374043 0.014329261 0.471400906 -0.034323007 0.881134377 -0.155602958 0.045491529 1.049935660
1750921497.299983025 0.070404401 -0.004059368 0.342606849 0.013364091 0.413042004 -0.032968964 0.910016896 -0.102302991 0.053017368 1.078988956
1750921497.399982929 0.104656797 -0.000424807 0.410572458 0.010900525 0.373002065 -0.029734341 0.927289872 -0.030989409 0.055075946 0.960495858
1750921497.499983072 0.211243355 -0.001233755 0.512138178 0.008806409 0.291858651 -0.023738834 0.956126269 0.068931649 0.044304737 0.794528417
1750921497.599982977 0.234780921 0.004962175 0.523604188 0.006891538 0.229475364 -0.021876887 0.973044175 0.064172246 0.031655286 0.641494664
1750921497.699982882 0.252409218 0.001665443 0.584055194 0.005223011 0.170185087 -0.018340392 0.985227581 -0.022088545 0.020807201 0.554021458
1750921497.799983025 0.264501819 0.005363754 0.631209237 0.003928493 0.110940309 -0.016603847 0.993680596 -0.052372713 0.010268477 0.624267541
1750921497.899981976 0.266368582 0.004481866 0.711957493 0.001010293 0.046854910 -0.012641015 0.998821206 -0.056810140 0.005844259 0.648356606
1750921497.999982119 0.268043936 0.005591332 0.771488418 0.001170288 -0.011769812 -0.011677966 0.999861854 -0.105143379 0.006865079 0.670445887
1750921498.099982023 0.247056321 0.004785158 0.833902533 0.000356805 -0.067892560 -0.005531833 0.997677238 -0.168938455 0.010142456 0.674656193
1750921498.199981928 0.212091510 0.008115656 0.905536410 0.004211068 -0.127631936 -0.004829458 0.991800904 -0.214868055 0.021943247 0.668294697
1750921498.299982071 0.166370084 0.008955019 0.957349401 0.005440423 -0.183733677 -0.003092362 0.982956141 -0.238595964 0.028531571 0.664095740
1750921498.399981976 0.116825941 0.013610688 1.002060546 0.006370425 -0.237114055 -0.003995365 0.971452716 -0.237729130 0.026639387 0.674119365
1750921498.499982119 0.064469269 0.014285444 1.055267624 0.005555658 -0.295315029 -0.001768417 0.955382144 -0.209046067 0.035271283 0.692130500
1750921498.599982023 -0.003943689 0.015800229 1.100837056 0.006040923 -0.346231085 -0.000452294 0.938129702 -0.156400404 0.050642339 0.696704011
1750921498.699981928 -0.074588351 0.019467747 1.140385712 0.005575772 -0.394548249 0.004264577 0.918848412 -0.115756496 0.061762465 0.696707205
1750921498.799982071 -0.107793787 0.031986688 1.175155584 -0.000042751 -0.450811538 0.009941705 0.892563789 -0.068628778 0.064088622 0.679153016
1750921498.899981022 -0.178697291 0.035946214 1.211098068 -0.000194100 -0.501438956 0.011828691 0.865112142 -0.033942499 0.053072052 0.670430626
1750921498.999980927 -0.232150684 0.040128919 1.233562746 -0.002036379 -0.537908110 0.016794200 0.842833716 -0.036316489 0.038674169 0.681820318
1750921499.099981070 -0.302056220 0.041252043 1.259615767 -0.003352394 -0.577123112 0.019543753 0.816416387 -0.055449445 0.032078034 0.728513737
1750921499.199980974 -0.367629385 0.044591976 1.277336583 -0.003228682 -0.618750132 0.024165219 0.785209458 -0.071432814 0.032090429 0.826142518
1750921499.299981117 -0.462792173 0.042494277 1.284126100 -0.003687326 -0.659058287 0.027005636 0.751597814 -0.082011162 0.041349985 0.916675262
1750921499.399981022 -0.566450245 0.043597671 1.282042050 -0.005430825 -0.701924855 0.029198880 0.711631527 -0.069698249 0.050063092 0.960383411
1750921499.499980927 -0.657949875 0.044995513 1.271373822 -0.008724540 -0.735926048 0.030516306 0.676317596 -0.068006271 0.050978612 0.979517050
1750921499.599981070 -0.754853835 0.047393750 1.252101601 -0.012044756 -0.769389929 0.030453846 0.637939358 -0.064540896 0.050032099 1.007337749
1750921499.699980974 -0.867739581 0.048497366 1.218632250 -0.016938026 -0.802213811 0.030624740 0.596010260 -0.050181637 0.044363831 0.959562442
1750921499.799981117 -0.950490171 0.050537819 1.178862866 -0.019186732 -0.831445936 0.030259639 0.554449168 -0.015190736 0.031761014 0.739149073
1750921499.899981022 -1.011601235 0.050489023 1.141830309 -0.021096168 -0.854162602 0.029122750 0.518761087 -0.006858599 0.017227243 0.473455372
1750921499.999979973 -1.011601235 0.050489023 1.141830309 -0.021096168 -0.854162602 0.029122750 0.518761087 -0.043516228 0.010611768 0.318714589
1750921500.099980116 -1.028177654 0.049575952 1.129899486 -0.021252532 -0.858772886 0.028844300 0.511102208 -0.068600318 0.008126352 0.398135043
1750921500.199980021 -1.073258271 0.054825421 1.088151856 0.019585587 0.869061637 -0.031944074 -0.493282730 -0.095648304 0.011769061 0.619534379
1750921500.299979925 -1.144291942 0.046641921 1.040258215 0.019930761 0.896764162 -0.032407896 -0.440870197 -0.063552906 0.007367224 0.773353232
1750921500.399980068 -1.201021797 0.042487331 0.982899989 0.015999136 0.918852695 -0.032441907 -0.392939277 -0.036419828 0.004163206 0.818219795
1750921500.499979973 -1.255398187 0.039897779 0.918068823 0.016361950 0.939502747 -0.031943034 -0.340656010 -0.023278786 0.006419543 0.795614870
1750921500.599980116 -1.302625488 0.034188207 0.851482837 0.016459354 0.959522294 -0.033104513 -0.279195536 -0.007580413 0.020702634 0.793826451
1750921500.699980021 -1.337161542 0.033601255 0.790149201 0.015694517 0.973731465 -0.037336326 -0.224068550 -0.008469729 0.038561235 0.813655922
1750921500.799979925 -1.367516052 0.032378332 0.711369395 0.017980878 0.984143624 -0.039180492 -0.172054946 -0.011419353 0.046954827 0.840995203
1750921500.899980068 -1.393743476 0.032646396 0.619919786 0.017795313 0.992602841 -0.041519277 -0.112690181 0.002407445 0.052455197 0.851728658
1750921500.999979019 -1.405966041 0.029857497 0.538550316 0.018354556 0.997251771 -0.040358657 -0.059356501 0.013783038 0.053443802 0.813103046
1750921501.099978924 -1.412840447 0.028677335 0.458301211 0.019364077 0.998788758 -0.044858828 -0.005808213 0.009175242 0.069700636 0.748274098
1750921501.199979067 -1.408890871 0.032393692 0.391383730 0.021220387 0.997192883 -0.046380949 0.054816577 -0.001016604 0.075918654 0.696324139
1750921501.299978971 -1.394520974 0.033788656 0.324035039 0.021395738 0.992750354 -0.048407647 0.107915043 -0.023237830 0.074014650 0.669619002
1750921501.399979115 -1.374521292 0.033294451 0.262237797 0.020788496 0.984763707 -0.048446524 0.165714257 -0.033576274 0.059576956 0.676314902
1750921501.499979019 -1.342846190 0.029231685 0.195438317 0.021727429 0.971955967 -0.045666951 0.229660719 -0.031867838 0.043901960 0.700159343
1750921501.599978924 -1.304597048 0.026730872 0.138655679 0.022324769 0.957459162 -0.046698854 0.283888666 -0.040653982 0.045358057 0.717719814
1750921501.699979067 -1.254402885 0.023086211 0.078839010 0.022809462 0.938724462 -0.045328838 0.340912613 -0.042444407 0.050573711 0.750048260
1750921501.799978971 -1.201366453 0.022443724 0.028243678 0.022346455 0.913689316 -0.043511067 0.403459113 -0.025416463 0.050274546 0.730844480
1750921501.899979115 -1.140234504 0.016212569 -0.015354487 0.021900182 0.889164325 -0.040834321 0.455235921 -0.034668204 0.043246943 0.670579487
1750921501.999979019 -1.092839669 0.017370263 -0.038618165 0.023397541 0.859348712 -0.043151926 0.509028740 -0.073830101 0.032875713 0.537786163
1750921502.099977970 -1.031852375 0.016914979 -0.061068832 0.022222219 0.823040424 -0.041753755 0.566009945 -0.336632200 0.020271848 0.520943575
1750921502.199978113 -1.017208040 0.011927170 -0.022440167 0.024286118 0.790652196 -0.041373956 0.610383064 -0.679305172 0.052756725 0.949624184
1750921502.299978018 -0.904248562 0.013806179 0.060855613 0.024481993 0.763471089 -0.037902556 0.644263862 -0.742393065 0.079494024 1.306026989
1750921502.399977922 -0.606319289 0.004579261 0.110259562 0.024669737 0.724613267 -0.037300818 0.687703181 -0.523807777 0.100165594 1.512836717
1750921502.499978065 -0.511114638 0.005112968 0.116121892 0.021316302 0.685015851 -0.033633432 0.727439133 -0.213858696 0.083513182 1.364095176
1750921502.599977970 -0.404262133 0.002628670 0.141522831 0.019006074 0.640801222 -0.030557850 0.766862948 -0.108860635 0.057937788 1.057389031
1750921502.699978113 -0.291433972 0.000694315 0.181365471 0.016740623 0.587226553 -0.029341815 0.808717370 -0.083906601 0.049564443 1.039074344
1750921502.799978018 -0.205001755 0.001474686 0.230406522 0.016531223 0.532810152 -0.029918165 0.845544182 -0.065140000 0.043143212 0.948523994
1750921502.899977922 -0.136126229 -0.001481409 0.270866463 0.013735593 0.478437924 -0.029071756 0.877532517 -0.078244467 0.031100550 0.861474407
1750921502.999978065 -0.071230683 -0.001746175 0.333221106 0.014172601 0.418818590 -0.028993301 0.907496289 -0.103028480 0.028513897 0.794556551
1750921503.099977016 -0.025326140 -0.001363951 0.396770361 0.013356272 0.361592652 -0.027123635 0.931845842 -0.128942826 0.029635176 0.725391645
1750921503.199976921 0.004508841 -0.000931669 0.462097614 0.010949461 0.303241816 -0.024750110 0.952529234 -0.115927074 0.023933269 0.638238191
1750921503.299977064 0.027940527 0.000327246 0.523089685 0.011177677 0.240408242 -0.022061514 0.970356752 -0.099392128 0.020951074 0.530223162
1750921503.399976969 0.034375857 -0.000212390 0.566059455 0.008192525 0.183758202 -0.021297566 0.982706579 -0.104524631 0.018338506 0.475116236
1750921503.499977112 0.037729150 0.001374107 0.603736945 0.005209250 0.125523134 -0.018271348 0.991908748 -0.113698168 0.016675886 0.492189558
1750921503.599977016 0.038154602 0.005755487 0.654233289 0.003774061 0.062428089 -0.016542132 0.997905230 -0.120599340 0.021656489 0.546976221
1750921503.699976921 0.027476501 0.006512697 0.721384735 0.000622000 0.002595575 -0.014421953 0.999892436 -0.122113839 0.017531362 0.578485636
1750921503.799977064 0.012003465 0.007570777 0.780583689 -0.000703109 -0.057794253 -0.012833637 0.998245775 -0.120664961 0.015764785 0.590812267
1750921503.899976969 -0.009071457 0.008896848 0.838543644 -0.000549796 -0.123411255 -0.011044012 0.992294004 -0.115176425 0.016859942 0.595786052
1750921503.999977112 -0.039684943 0.012308265 0.891226471 0.001666934 -0.184273031 -0.009560218 0.982827184 -0.118206571 0.017667492 0.613653910
1750921504.099977016 -0.075580420 0.014535258 0.940217309 0.002943247 -0.242996612 -0.006411364 0.970001484 -0.117846312 0.021518765 0.651171551
1750921504.199975967 -0.121418629 0.017109729 0.995715888 0.002691317 -0.305019603 -0.004279229 0.952332655 -0.107539172 0.022585717 0.686065316
1750921504.299976110 -0.175349141 0.017772104 1.043661714 0.003087111 -0.362303827 -0.001793058 0.932053213 -0.070472901 0.039344892 0.685912804
1750921504.399976015 -0.234084113 0.020551438 1.086362374 0.002402890 -0.417493724 0.000308242 0.908676577 -0.038933420 0.044874919 0.672643081
1750921504.499975920 -0.271928972 0.030247200 1.120026747 0.000080515 -0.456546045 0.005331893 0.889683805 -0.036643928 0.038380338 0.641880853
1750921504.599976063 -0.341809358 0.031725358 1.157849877 -0.003765106 -0.509601751 0.008515785 0.860360018 -0.033443296 0.022252705 0.656021360
1750921504.699975967 -0.392984704 0.031902239 1.179156008 -0.003278964 -0.543280404 0.017840598 0.839355327 -0.065483923 0.022261078 0.743489334
1750921504.799976110 -0.477557006 0.029916521 1.203806109 -0.004666281 -0.599392378 0.020345945 0.800183133 -0.034940022 0.040404621 0.819999386
1750921504.899976015 -0.571705694 0.036246843 1.224276533 -0.006608600 -0.650898276 0.024544761 0.758739294 0.004716406 0.060339991 0.907181995
1750921504.999975920 -0.646724403 0.042158903 1.232327409 -0.010259677 -0.699366470 0.026308195 0.714205263 0.033663122 0.073517516 0.937625885
1750921505.099976063 -0.759311463 0.047134677 1.233979373 -0.015013931 -0.751822407 0.028145109 0.658593579 0.061127305 0.070324449 0.934224751
1750921505.199975014 -0.851284742 0.050984423 1.221193902 -0.018480634 -0.794785260 0.028499042 0.605939486 0.024155627 0.038984376 0.798422723
1750921505.299974918 -0.923798951 0.057269200 1.193050596 -0.020789907 -0.834778528 0.030398997 0.549352793 -0.003689107 0.014382482 0.565384166
1750921505.399975061 -0.956475489 0.047444689 1.151363585 -0.025718698 -0.859254166 0.026286313 0.510225299 -0.021774978 0.003021114 0.389671809
1750921505.499974966 -0.956475489 0.047444689 1.151363585 -0.025718698 -0.859254166 0.026286313 0.510225299 -0.071022900 -0.000198565 0.215875436
1750921505.599975109 -0.997418360 0.047805135 1.136354177 0.015385672 0.877226041 -0.034828407 -0.478565290 -0.236407404 -0.009332685 0.456965220
1750921505.699975014 -0.948812908 0.038316621 1.115007454 0.032226403 0.890298017 -0.025395345 -0.453526159 -0.327916811 -0.042701427 0.768012533
1750921505.799974918 -1.071270095 0.032516309 0.943986682 0.032129536 0.909731368 -0.023138337 -0.413305152 -0.283772227 -0.052884322 1.020779175
1750921505.899975061 -1.141068712 0.017914813 0.885788644 0.032851517 0.928934148 -0.019367364 -0.368275756 -0.092690283 -0.033434586 1.155198759
1750921505.999974966 -1.219447532 0.021855848 0.803761040 0.026667400 0.949115007 -0.027421574 -0.312598162 0.088887179 0.028562020 0.994631515
1750921506.099975109 -1.280580598 0.025523666 0.731176955 0.026462062 0.964804449 -0.029568286 -0.259957403 0.095557562 0.045410603 0.982311709
1750921506.199975014 -1.326006241 0.022988964 0.651866714 0.027143170 0.977175582 -0.032109400 -0.208230924 0.094867876 0.051442141 0.951397840
1750921506.299973965 -1.374307652 0.023908308 0.556177226 0.025093444 0.988815620 -0.036807797 -0.142334728 0.116278752 0.058264723 0.910305842
1750921506.399974108 -1.406807269 0.025279004 0.475086426 0.025237794 0.995718580 -0.038852665 -0.079987711 0.118902492 0.063115518 0.851013708
1750921506.499974012 -1.419823607 0.025079400 0.394464987 0.025841188 0.998637132 -0.040978608 -0.019413035 0.113012397 0.068573729 0.782984153
1750921506.599973917 -1.426911968 0.027754176 0.321747915 0.025424809 0.997219963 -0.044226846 0.054313077 0.118583125 0.070507082 0.747331614
1750921506.699974060 -1.435869552 0.029669407 0.252296485 0.024797670 0.991647545 -0.043779622 0.118758438 0.081125968 0.063241189 0.755096297
1750921506.799973965 -1.415638842 0.025903776 0.171507505 0.023714970 0.983317667 -0.043637021 0.174985072 0.029619530 0.054478726 0.795964086
1750921506.899974108 -1.372404354 0.022598131 0.087684892 0.023410314 0.970082162 -0.043106656 0.237769578 -0.005633994 0.049037378 0.847550316
1750921506.999974012 -1.326958673 0.019942811 0.018188219 0.022711144 0.955105986 -0.041567185 0.292453292 -0.032799153 0.047748660 0.878303684
1750921507.099973917 -1.271778934 0.016257779 -0.048957540 0.023723234 0.937327749 -0.042862597 0.344987966 -0.034770340 0.053857880 0.889631980
1750921507.199974060 -1.203337806 0.013061437 -0.115157850 0.024706621 0.912320967 -0.042945030 0.406467417 -0.015934431 0.057943188 0.867977905
1750921507.299973011 -1.137106634 0.011668454 -0.163859926 0.023565032 0.886189934 -0.040515863 0.460945285 -0.022393566 0.054354254 0.781229756
1750921507.399972916 -1.061908456 0.007506628 -0.208941946 0.022811950 0.857123170 -0.037976070 0.513202985 -0.080721950 0.044221848 0.656298718
1750921507.499973059 -1.024579864 0.011960522 -0.203981665 0.023984768 0.819884223 -0.039172705 0.570683880 -0.434620978 0.028384004 0.628185196
1750921507.599972963 -0.997596916 0.004024006 -0.172804195 0.022917082 0.783278212 -0.038188125 0.620073961 -0.678951451 0.024550753 0.813833136
1750921507.699973106 -0.820328473 -0.002401677 -0.061389062 0.023590100 0.745913075 -0.038580998 0.664506356 -0.678410443 0.036578074 1.030857871
1750921507.799973011 -0.687661941 -0.005359502 -0.040479832 0.020434490 0.700870386 -0.036139255 0.712079411 -0.452537795 0.044494565 1.150733724
1750921507.899972916 -0.591756398 -0.007389507 -0.022000850 0.019340427 0.661637713 -0.033867705 0.748808696 -0.140147128 0.053311419 1.037593737
1750921507.999973059 -0.497923756 -0.010248556 0.006616280 0.018182950 0.621694864 -0.032897561 0.782357097 -0.112288692 0.054103747 0.956710050
1750921508.099972963 -0.407388236 -0.009330117 0.045581424 0.017027290 0.572510855 -0.032075959 0.819092501 -0.111590858 0.059725931 0.958275929
1750921508.199973106 -0.326047123 -0.008950395 0.093181318 0.014485416 0.525066803 -0.030595180 0.850387535 -0.127935763 0.058698894 0.968883260
1750921508.299973011 -0.248917212 -0.007474521 0.152660972 0.012527259 0.477052257 -0.030066394 0.878271156 -0.097885511 0.054111118 0.959230267
1750921508.399971962 -0.169753081 -0.006749080 0.232207314 0.010521518 0.419081765 -0.029227512 0.907416952 -0.047318769 0.042915982 0.892045578
1750921508.499972105 -0.109930458 -0.008524737 0.262845479 0.009962331 0.363114435 -0.028495796 0.931255415 -0.048386168 0.029220905 0.801842749
1750921508.599972010 -0.071149722 -0.006680342 0.338861724 0.005934391 0.305851793 -0.024650450 0.951741467 -0.079342503 0.010917909 0.718908206
1750921508.699971914 -0.045685729 -0.007325334 0.417808078 0.003723839 0.238436451 -0.020381480 0.970937066 -0.090247663 0.007668676 0.644913806
1750921508.799972057 -0.032560595 -0.008042553 0.485773399 0.001754366 0.177439681 -0.018298513 0.983959982 -0.089776696 0.008429911 0.583009488
1750921508.899971962 -0.024125870 -0.005515954 0.517019736 0.001743835 0.118147876 -0.015922916 0.992866808 -0.082419027 0.017397691 0.529919345
1750921508.999972105 -0.024179520 -0.002411258 0.576857211 -0.002371019 0.049922265 -0.011664779 0.998682171 -0.078228686 0.022929805 0.521182864
1750921509.099972010 -0.031157625 -0.001566207 0.632575255 -0.004780168 -0.010256699 -0.009308894 0.999892642 -0.081679785 0.028128243 0.548788920
1750921509.199971914 -0.043041930 0.004190038 0.685510060 -0.004847105 -0.068331673 -0.008133120 0.997617733 -0.083966945 0.035103976 0.550556468
1750921509.299972057 -0.064362587 0.009346758 0.740215410 -0.002168321 -0.134040976 -0.005008366 0.990960762 -0.085297214 0.036229762 0.573122811
1750921509.399971008 -0.089491667 0.013149430 0.788127535 -0.004170673 -0.192155566 -0.002388602 0.981352709 -0.087457152 0.032177266 0.608432994
1750921509.499970913 -0.125080280 0.015241995 0.843568114 -0.000699553 -0.248349054 0.001423807 0.968669309 -0.087595814 0.032182002 0.657733187
1750921509.599971056 -0.169527617 0.019924517 0.896718841 -0.000014643 -0.312876363 0.003046606 0.949788976 -0.062404199 0.027905833 0.704919030
1750921509.699970961 -0.223834895 0.020528763 0.952632141 0.002354046 -0.368164610 0.005554732 0.929741052 -0.037382582 0.029508396 0.723034033
1750921509.799971104 -0.275691453 0.022148461 0.999091800 0.001163700 -0.418685938 0.007852844 0.908096396 -0.034288369 0.023767486 0.774724065
1750921509.899971008 -0.339315310 0.025031368 1.045622020 0.001595778 -0.474939583 0.011630680 0.879940096 -0.043358678 0.030991008 0.850796170
1750921509.999970913 -0.436161961 0.024700651 1.089874974 -0.004458461 -0.524537054 0.015215981 0.851239963 -0.052936748 0.029540291 0.903428361
1750921510.099971056 -0.516085892 0.025464633 1.120952331 -0.004291531 -0.576292199 0.021758288 0.816942753 -0.041758205 0.040175992 0.916237987
1750921510.199970961 -0.608016497 0.032884041 1.139738374 -0.006581945 -0.635752444 0.028488167 0.771339051 -0.007315573 0.048633805 0.882732294
1750921510.299971104 -0.686926038 0.032644881 1.149721641 -0.010501619 -0.687384737 0.029281326 0.725627000 0.005902036 0.047054966 0.856388917
1750921510.399971008 -0.766661438 0.035692219 1.149272461 -0.012863351 -0.733587927 0.029971839 0.678811444 0.013407993 0.046319967 0.861138541
1750921510.499969959 -0.866634854 0.039135904 1.137708521 -0.019007296 -0.780957601 0.029892123 0.623578711 0.006588837 0.035069749 0.805917766
1750921510.599970102 -0.952753506 0.040399018 1.113766765 -0.022283165 -0.819436956 0.030574033 0.571919369 -0.003598846 0.024038275 0.631723749
1750921510.699970007 -0.997331948 0.038108224 1.074561520 -0.026204485 -0.856021912 0.029492337 0.515431870 -0.006809577 0.014003522 0.440130675
1750921510.799969912 -1.000432814 0.039357875 1.068791336 -0.025024547 -0.859578751 0.030097256 0.509502010 -0.038689570 0.018094780 0.425966869
1750921510.899970055 -1.027340207 0.041517744 1.053897543 0.026133361 0.865308550 -0.029998008 -0.499658164 -0.036401850 0.020142049 0.566566138
1750921510.999969959 -1.100066358 0.041528684 1.007211254 0.026829512 0.888274560 -0.029165314 -0.457600117 -0.000764923 0.016715564 0.762562037
1750921511.099970102 -1.183394673 0.036168284 0.939462425 0.023449546 0.910201622 -0.030691137 -0.412360497 0.041116650 0.016310854 0.846472568
1750921511.199970007 -1.238289589 0.042337880 0.898482773 0.020480712 0.927887973 -0.028933969 -0.371170144 0.038519049 0.017267265 0.812833513
1750921511.299969912 -1.288495673 0.035403793 0.842832645 0.021878770 0.944641670 -0.029325790 -0.326057406 0.031019180 0.026116597 0.811649925
1750921511.399970055 -1.342696985 0.036797344 0.772002310 0.021592533 0.961397240 -0.032691679 -0.272360722 0.031308511 0.040630574 0.850961001
1750921511.499969006 -1.387959328 0.037036933 0.697988564 0.022611389 0.973932015 -0.034469663 -0.223062768 0.025845398 0.042152707 0.890590841
1750921511.599968910 -1.420664922 0.036270683 0.615414779 0.023953767 0.984167873 -0.035536123 -0.171979646 0.029362088 0.038187638 0.897930910
1750921511.699969053 -1.453528260 0.031854619 0.521256622 0.024380014 0.992698900 -0.037778854 -0.111925272 0.049159421 0.039245627 0.883426977
1750921511.799968958 -1.474438084 0.031840809 0.439134441 0.026641326 0.997240498 -0.039633859 -0.056840000 0.050319110 0.049243981 0.833918674
1750921511.899969101 -1.481407260 0.027854732 0.352774214 0.026336862 0.998817965 -0.040802584 -0.002047127 0.034975380 0.061035880 0.799246279
1750921511.999969006 -1.477319314 0.033766613 0.287377876 0.026192703 0.997252419 -0.039549427 0.056898139 0.016950591 0.059631650 0.802022603
1750921512.099968910 -1.466404195 0.031679983 0.203183072 0.027073586 0.992825900 -0.039812516 0.109447321 0.011805957 0.053598174 0.839880271
1750921512.199969053 -1.440322318 0.028040581 0.120956455 0.026108896 0.985949390 -0.039960119 0.160079092 0.051442843 0.041860375 0.884990699
1750921512.299968958 -1.412556307 0.022192180 0.026351385 0.026411503 0.974447785 -0.039589318 0.219514537 0.120468849 0.037541312 0.890375615
1750921512.399969101 -1.391825720 0.018772336 -0.057576913 0.026888478 0.960305197 -0.041087822 0.274595575 0.162449777 0.041659029 0.874612971
1750921512.499969006 -1.353504228 0.014938595 -0.129829176 0.028284333 0.943345353 -0.038829188 0.328316669 0.163789098 0.040596845 0.868065991
1750921512.599967957 -1.297731918 0.011782844 -0.219188277 0.029150506 0.917665338 -0.038270622 0.394431154 0.167232558 0.040285806 0.869577704
1750921512.699968100 -1.252988655 0.005653227 -0.281239778 0.028711001 0.889910424 -0.035137961 0.453872712 0.149445147 0.030519409 0.776199023
1750921512.799968004 -1.179050720 0.004541411 -0.337034619 0.027867785 0.858443562 -0.036205558 0.510869059 0.083860003 0.032126910 0.674783924
1750921512.899967909 -1.143416204 0.002040456 -0.356198038 0.027006241 0.813478577 -0.036700206 0.579807177 -0.216832545 0.037436220 0.898064704
1750921512.999968052 -1.096806286 0.003728882 -0.366000160 0.025015289 0.768339329 -0.035225366 0.638582872 -0.624889733 0.137552925 2.369065362
1750921513.099967957 -0.853081809 -0.016824060 -0.301105858 0.023918786 0.721017650 -0.034210541 0.691658210 -0.465277534 0.208553711 3.364532972
1750921513.199968100 0.001274390 -0.018165534 -0.258529285 0.024204055 0.666027401 -0.031857212 0.744853531 -0.020067434 0.215926369 3.377045935
1750921513.299968004 0.062090437 -0.019334610 -0.247166087 0.024382036 0.615859668 -0.029141672 0.786939101 0.188113165 0.163213742 2.412750613
1750921513.399967909 0.158343673 -0.021515317 -0.206112213 0.025076179 0.563716181 -0.028793015 0.825085580 -0.106088065 0.075703134 1.118437685
1750921513.499968052 0.247089887 -0.021877130 -0.140352428 0.023311369 0.499147144 -0.026314732 0.865803814 -0.165254719 0.054931992 0.974835240
1750921513.599967003 0.314037193 -0.021674645 -0.066290354 0.022291879 0.438976642 -0.025751938 0.897852670 -0.195969912 0.057769280 0.976935793
1750921513.699966908 0.376128888 -0.022985040 0.009869888 0.019068095 0.382901517 -0.023483845 0.923293748 -0.240721793 0.057639325 0.995525385
1750921513.799967051 0.423339204 -0.020638810 0.109964938 0.020043051 0.316232145 -0.022765607 0.948196833 -0.261392401 0.067328844 1.009667795
1750921513.899966955 0.452082259 -0.016403788 0.213269214 0.018610115 0.258093112 -0.020181373 0.965729942 -0.259945509 0.069196661 0.937645177
1750921513.999967098 0.473332702 -0.013429506 0.316005820 0.013781044 0.202780731 -0.019370429 0.978935567 -0.240725937 0.061830890 0.773260411
1750921514.099967003 0.464556935 -0.007292666 0.376862067 0.009376734 0.136889140 -0.017014223 0.990395858 -0.235066864 0.052246495 0.625142914
1750921514.199966908 0.450836275 0.004058446 0.407548414 0.004590737 0.082225252 -0.013949592 0.996505565 -0.249889048 0.036407257 0.555389870
1750921514.299967051 0.437832164 -0.004281805 0.490068312 0.002628562 0.028036131 -0.010401392 0.999549337 -0.264387695 0.024164131 0.614871367
1750921514.399966955 0.406302515 0.003098572 0.556119955 0.007930282 -0.039241501 -0.002701756 0.999194634 -0.197741937 0.027934261 0.660005965
1750921514.499967098 0.366977622 0.002922415 0.629870691 0.003570361 -0.100612475 0.000078875 0.994919281 -0.105579651 0.017143791 0.628028514
1750921514.599967003 0.357634933 0.004399629 0.672703973 -0.001566479 -0.157457521 0.000401997 0.987524437 -0.024539935 0.013234270 0.584148958
1750921514.699965954 0.339683140 0.005287124 0.723871058 0.003820160 -0.188730531 -0.003523519 0.982015162 0.006592927 0.017115370 0.524011078
1750921514.799966097 0.316057517 0.005343825 0.778198781 -0.000071516 -0.233082814 -0.003346926 0.972451127 0.024039669 0.011450836 0.480825024
1750921514.899966002 0.297582824 0.011905215 0.821177328 0.001980152 -0.273508176 -0.002393947 0.961864661 0.044293367 0.003418339 0.402515091
1750921514.999965906 0.280888675 0.010397033 0.847087869 0.003492267 -0.318032936 -0.001242152 0.948072419 0.061264042 -0.013616409 0.298778420
1750921515.099966049 0.272784628 0.004095186 0.867533542 0.002379555 -0.342629033 -0.004010357 0.939459206 0.053352119 -0.031728160 0.209317483
1750921515.199965954 0.269206724 0.004243274 0.880202376 0.004141397 -0.349503499 -0.001826652 0.936924125 0.024957314 -0.037507024 0.130385224
1750921515.299966097 0.260283619 -0.001504309 0.891455761 0.006947951 -0.360786728 -0.001824223 0.932620681 -0.008616149 -0.028725402 0.051931840
