1750921479.400000095 -1.385648000 -0.327296000 1.360751000 0.003192002 0.999459537 -0.029808016 -0.013488007 0.198803654 0.087039827 0.037290799
1750921479.500000000 -1.385648000 -0.327296000 1.360751000 0.003192002 0.999459537 -0.029808016 -0.013488007 -0.015950118 -0.001630381 0.008763552
1750921479.599999905 -1.385648000 -0.327296000 1.360751000 0.003192002 0.999459537 -0.029808016 -0.013488007 -0.230703891 -0.090300590 -0.019763696
1750921479.700000048 -1.385648000 -0.327296000 1.360751000 0.003192002 0.999459537 -0.029808016 -0.013488007 -0.321190701 -0.135258379 -0.007014157
1750921479.799999952 -1.284913851 -0.365830635 1.365024411 0.003126161 0.999458919 -0.029831552 -0.013497223 -0.281682306 -0.126342032 0.079133971
1750921479.900000095 -1.280711165 -0.375206763 1.356366965 0.002751608 0.999456696 -0.030000244 -0.013368849 -0.136255709 -0.068649573 0.221185677
1750921480.000000000 -1.282455588 -0.376711720 1.321184371 0.003000084 0.999471136 -0.029673687 -0.012958360 -0.002956597 -0.006488492 0.384859942
1750921480.099998951 -1.283985297 -0.379269722 1.276754027 0.002754396 0.999490430 -0.029303478 -0.012353135 -0.001426140 0.016529258 0.526537928
1750921480.199999094 -1.282616370 -0.381628519 1.208777936 0.002601486 0.999498331 -0.029381016 -0.011535766 0.004402418 0.022360744 0.612338654
1750921480.299998999 -1.285953089 -0.380650113 1.143247242 0.002475151 0.999512104 -0.028885666 -0.011620951 0.017286537 0.035005758 0.653705956
1750921480.399998903 -1.290480180 -0.383626084 1.081570228 0.002237454 0.999549890 -0.028207483 -0.009967432 0.027625825 0.041856632 0.630513491
1750921480.499999046 -1.298261251 -0.374553839 1.012570914 0.001984694 0.999551211 -0.029191553 -0.006425855 0.018533703 0.047229975 0.571364051
1750921480.599998951 -1.297647233 -0.378342702 0.969920200 0.001307791 0.999586370 -0.028684839 -0.001599785 -0.008950885 0.042406406 0.538701522
1750921480.699999094 -1.294152789 -0.374160819 0.916216033 0.002178176 0.999529016 -0.028676762 0.010707247 -0.035028441 0.023422675 0.502755948
1750921480.799998999 -1.286675812 -0.379984873 0.857558495 0.002636983 0.999119833 -0.027268608 0.031765218 -0.036797383 0.016763414 0.460317833
1750921480.899998903 -1.277055563 -0.382462427 0.817752970 0.003360906 0.998152503 -0.025820898 0.054895951 -0.030839932 0.014430664 0.385967547
1750921480.999999046 -1.272555625 -0.380885804 0.784989784 0.004093529 0.996255120 -0.026053422 0.082341963 -0.021188292 0.022843243 0.300497351
1750921481.099997997 -1.264684101 -0.377040473 0.760158202 0.003809149 0.992478433 -0.026021146 0.119561494 -0.011478017 0.024033994 0.247200623
1750921481.199997902 -1.257126637 -0.375626708 0.741457926 0.004725919 0.987777459 -0.025368810 0.153719812 -0.012694639 0.019478532 0.227133657
1750921481.299998045 -1.249496851 -0.376308933 0.720386479 0.005475082 0.982143430 -0.024621216 0.186435247 -0.011990120 0.017887672 0.223955197
1750921481.399997950 -1.236812390 -0.377472627 0.694770103 0.005789577 0.974639136 -0.024292264 0.222384624 -0.013196263 0.019790762 0.238148509
1750921481.499998093 -1.227254846 -0.375654200 0.680718000 0.006714161 0.967532443 -0.024401577 0.251476548 -0.021103385 0.023634722 0.261672136
1750921481.599997997 -1.211135556 -0.374807367 0.657113487 0.007063512 0.959226572 -0.025694424 0.281379259 -0.031793339 0.026073815 0.304169026
1750921481.699997902 -1.188441775 -0.370804448 0.631569050 0.008333464 0.948410119 -0.026872352 0.315795306 -0.037514721 0.024981022 0.356320386
1750921481.799998045 -1.161444088 -0.372122627 0.604193418 0.009378927 0.938571210 -0.026098004 0.343969495 -0.042355088 0.023225538 0.403342412
1750921481.899997950 -1.127969162 -0.373854932 0.573967687 0.010044837 0.928428552 -0.026002428 0.370463762 -0.041460339 0.025794079 0.435445869
1750921481.999998093 -1.092883017 -0.372203211 0.544150145 0.008496512 0.916789593 -0.026556142 0.398396063 -0.039809717 0.030948244 0.452211295
1750921482.099997997 -1.057976682 -0.371411312 0.518492600 0.007681505 0.906122532 -0.025813760 0.422157081 -0.047751342 0.032532012 0.480555556
1750921482.199996948 -1.017250537 -0.369831229 0.490711671 0.007809238 0.894381661 -0.025206154 0.446525599 -0.079301462 0.035326516 0.565834980
1750921482.299997091 -0.964529333 -0.372595951 0.463399209 0.006691401 0.880317425 -0.024854528 0.473686299 -0.120525953 0.038598205 0.705664099
1750921482.399996996 -0.871181306 -0.371438478 0.429231256 0.005160760 0.864719884 -0.025359318 0.501587275 -0.144683768 0.044178311 0.808020408
1750921482.499996901 -0.793715110 -0.371375527 0.400520945 0.004269188 0.845885445 -0.025389395 0.532742872 -0.155141743 0.052781495 0.845908097
1750921482.599997044 -0.714511251 -0.366013817 0.385159739 0.004417687 0.821205340 -0.026134542 0.570016894 -0.150608851 0.054680083 0.779153754
1750921482.699996948 -0.640176338 -0.364306602 0.378638542 0.003436806 0.793533897 -0.021184535 0.608147481 -0.157015416 0.046006898 0.643733281
1750921482.799997091 -0.569781519 -0.362772594 0.380031281 0.003251653 0.760580021 -0.019293558 0.648949317 -0.163492300 0.039463688 0.541450866
1750921482.899996996 -0.532079051 -0.359344022 0.398269375 0.003913931 0.719025448 -0.017735290 0.694746389 -0.190574079 0.027824857 0.476953551
1750921482.999996901 -0.489915731 -0.357304920 0.415036003 0.005331269 0.683761200 -0.015966365 0.729511668 -0.200239643 0.022158795 0.430629191
1750921483.099997044 -0.435922666 -0.358340591 0.452148763 0.005504019 0.658142089 -0.014431481 0.752735298 -0.195935374 0.020026234 0.383961512
1750921483.199995995 -0.427857303 -0.356346378 0.464108952 0.009143742 0.620737126 -0.014862086 0.783824553 -0.172252266 0.025277488 0.330250753
1750921483.299995899 -0.397146547 -0.353542867 0.494523529 0.010118903 0.585011395 -0.011800891 0.810876078 -0.132082240 0.024581420 0.270502342
1750921483.399996042 -0.373908044 -0.351581494 0.514877669 0.010397857 0.561123052 -0.009061330 0.827617482 -0.113677837 0.013529997 0.293197279
1750921483.499995947 -0.352971218 -0.352980643 0.529271413 0.010998944 0.541656683 -0.007974293 0.840490019 -0.102402976 0.002671198 0.339500972
1750921483.599996090 -0.319371049 -0.354484715 0.558755232 0.013190699 0.501026604 -0.006994650 0.865303081 -0.087366694 0.002678455 0.389433058
1750921483.699995995 -0.288129350 -0.354915437 0.590799170 0.015970970 0.456978469 -0.005537276 0.889317123 -0.075568671 0.005153614 0.433885365
1750921483.799995899 -0.256040006 -0.354204332 0.624391431 0.018779489 0.398701643 -0.002574364 0.916884782 -0.053434190 -0.000719696 0.460338799
1750921483.899996042 -0.228186789 -0.358613810 0.661103530 0.019316918 0.343034385 -0.000305675 0.939124152 -0.027226654 -0.016814854 0.490884961
1750921483.999995947 -0.198467456 -0.363735521 0.697678147 0.020065207 0.284295149 -0.000991874 0.958526302 0.000525231 -0.030949703 0.519955592
1750921484.099996090 -0.168601120 -0.368836883 0.751377320 0.020702957 0.222641161 0.001922702 0.974678718 0.016391550 -0.033434050 0.544848823
1750921484.199995995 -0.146731812 -0.373884843 0.799700182 0.021900292 0.165691035 0.001256906 0.985933709 0.016191988 -0.030546167 0.567088223
1750921484.299994946 -0.130948453 -0.381035784 0.848658462 0.023223473 0.108932906 0.002485701 0.993774680 0.011463057 -0.024127494 0.565541935
1750921484.399995089 -0.118453933 -0.384085641 0.916596999 0.023952536 0.046193856 0.004190893 0.998636490 0.001084801 -0.013055711 0.538217036
1750921484.499994993 -0.118294712 -0.390322181 0.965718522 0.024115088 -0.012968971 0.005660716 0.999609036 -0.024848642 -0.005447650 0.519093215
1750921484.599994898 -0.129167825 -0.390056522 1.005527111 0.023214339 -0.072128832 0.006921181 0.997101110 -0.051342245 -0.004235801 0.516632476
1750921484.699995041 -0.147167139 -0.391857366 1.065849111 0.021539141 -0.137273749 0.007652776 0.990269367 -0.053273988 -0.015311014 0.535278393
1750921484.799994946 -0.171846788 -0.398294095 1.117835478 0.016805102 -0.195117806 0.009455101 0.980590246 -0.052942481 -0.029526476 0.553770663
1750921484.899995089 -0.196759173 -0.404653578 1.158063696 0.015879295 -0.253824949 0.010689249 0.967060744 -0.062561501 -0.028020785 0.583299926
1750921484.999994993 -0.236516888 -0.407803836 1.208267176 0.013227147 -0.316756378 0.012961044 0.948326131 -0.061840271 -0.018439648 0.630737937
1750921485.099994898 -0.288523559 -0.413692863 1.259039611 0.009779496 -0.367266607 0.014560225 0.929950322 -0.063191937 -0.014911657 0.628224980
1750921485.199995041 -0.342260554 -0.416930803 1.301161956 0.004391935 -0.412133623 0.013775558 0.911008684 -0.073979479 -0.021129675 0.607118134
1750921485.299993992 -0.373958167 -0.420597774 1.309793254 0.001899167 -0.458682158 0.015278181 0.888467022 -0.090921298 -0.026124947 0.561153990
1750921485.399993896 -0.441757735 -0.423103915 1.346647977 0.000536634 -0.500519812 0.018193109 0.865533732 -0.127259950 -0.033107967 0.489479053
1750921485.499994040 -0.486185895 -0.428370709 1.351189579 -0.004017128 -0.540991067 0.018962465 0.840804944 -0.220687388 -0.027661959 0.533717117
1750921485.599993944 -0.527542048 -0.431579249 1.343240816 -0.006776792 -0.583413998 0.021560966 0.811860398 -0.400098400 0.017773431 0.834702257
1750921485.699994087 -0.626264470 -0.436150558 1.328008981 -0.010969463 -0.621812193 0.024421492 0.782708667 -0.395060987 0.058504838 1.014347970
1750921485.799993992 -0.804683781 -0.424251974 1.307565694 -0.012124571 -0.663271055 0.024128868 0.747891904 -0.283063377 0.086000482 1.074970297
1750921485.899993896 -0.886003288 -0.419644478 1.298763987 -0.011331850 -0.706916655 0.025880237 0.706732372 -0.153080375 0.092387703 0.917428912
1750921485.999994040 -0.958091771 -0.412451587 1.281358593 -0.012937155 -0.747414558 0.025398877 0.663746191 -0.113194072 0.072800512 0.670791914
1750921486.099993944 -1.024478149 -0.407075357 1.256086255 -0.011971731 -0.785516796 0.026190832 0.618169945 -0.129913838 0.073802256 0.707334068
1750921486.199994087 -1.093459754 -0.403925966 1.218632236 -0.011986521 -0.823898168 0.026778065 0.565977974 -0.134733279 0.073038542 0.686390230
1750921486.299993992 -1.145082399 -0.398844147 1.178646334 -0.011002891 -0.856328436 0.026082553 0.515655162 -0.148171310 0.072937249 0.677022177
1750921486.399992943 -1.191722868 -0.393024169 1.131869323 0.008645107 0.884559969 -0.028058204 -0.465501515 -0.160512301 0.074232509 0.676977812
1750921486.499993086 -1.241362509 -0.391207682 1.071438635 0.008128985 0.912445445 -0.028626033 -0.408114911 -0.161433285 0.069196139 0.654925585
1750921486.599992990 -1.275872090 -0.386893409 1.010977991 0.006695134 0.935150737 -0.028294579 -0.353054799 -0.173335858 0.062435911 0.629241940
1750921486.699992895 -1.292504032 -0.384242108 0.959414693 0.005246786 0.953916000 -0.029128041 -0.298610606 -0.165976402 0.053233463 0.576808124
1750921486.799993038 -1.310956583 -0.385138760 0.888003434 0.004964174 0.970314078 -0.029358061 -0.240008442 -0.136266795 0.050151044 0.490665329
1750921486.899992943 -1.315207762 -0.383434910 0.853179640 0.003542610 0.982065460 -0.028520813 -0.186336913 -0.122104157 0.048411444 0.447025248
1750921486.999993086 -1.314179045 -0.377177121 0.820318861 0.003586538 0.990883730 -0.028900725 -0.131534479 -0.112026571 0.051242978 0.430697207
1750921487.099992990 -1.315643041 -0.377072634 0.761981668 0.004733201 0.997033320 -0.027562247 -0.071711068 -0.123643373 0.052540239 0.489262674
1750921487.199992895 -1.312246044 -0.373969361 0.716085442 0.003403087 0.999522016 -0.027059770 -0.014557739 -0.124872378 0.054400826 0.540150005
1750921487.299993038 -1.289373563 -0.373503270 0.649126334 0.004499896 0.998742138 -0.026117096 0.042565118 -0.133532274 0.055879295 0.557043668
1750921487.399991989 -1.273741239 -0.368787062 0.601463968 0.004798032 0.993904977 -0.027379129 0.106678301 -0.136193101 0.054203210 0.581887045
1750921487.499991894 -1.239910947 -0.368443851 0.541937320 0.004159110 0.985393753 -0.030335882 0.167515930 -0.132668059 0.051637703 0.584595829
1750921487.599992037 -1.205600925 -0.365809181 0.497171828 0.004316637 0.973410410 -0.033382783 0.226581398 -0.132649290 0.042046976 0.615356682
1750921487.699991941 -1.163841628 -0.367090865 0.444718782 0.004627535 0.955874108 -0.034426811 0.291715735 -0.122848798 0.037608205 0.623749253
1750921487.799992085 -1.112413428 -0.368755252 0.401746318 0.005250873 0.935480210 -0.034554984 0.351646354 -0.111396731 0.036038467 0.623563968
1750921487.899991989 -1.059842928 -0.367290229 0.366703570 0.003416410 0.910964968 -0.031230569 0.411285555 -0.096800871 0.030841364 0.631056307
1750921487.999991894 -1.009533959 -0.368126543 0.336200794 0.005296021 0.880111871 -0.030417098 0.473761381 -0.094825009 0.030131488 0.671258255
1750921488.099992037 -0.948350430 -0.366832742 0.308891062 0.006796570 0.848581904 -0.023149335 0.528513639 -0.095709047 0.025969948 0.726124530
1750921488.199991941 -0.859886113 -0.373769279 0.286650554 0.010259172 0.811973905 -0.023083696 0.583146868 -0.087650068 0.035084720 0.782017708
1750921488.299992085 -0.785398127 -0.368298712 0.274171875 0.017212453 0.768648885 -0.021533971 0.639076608 -0.070335418 0.048544395 0.808195038
1750921488.399991989 -0.698522075 -0.368607678 0.270959899 0.014204639 0.724908187 -0.015769424 0.688518463 -0.061297314 0.046005254 0.805641249
1750921488.499990940 -0.618281982 -0.368743145 0.278790834 0.012188821 0.676835803 -0.013464384 0.735909940 -0.047520736 0.044038041 0.829851774
1750921488.599991083 -0.538216535 -0.366629258 0.297600688 0.012688073 0.621597996 -0.006754657 0.783204519 -0.004031790 0.044618897 0.777471634
1750921488.699990988 -0.444209167 -0.364698549 0.323296454 0.011642771 0.567724682 -0.002906989 0.823131023 0.038548869 0.037806798 0.581882343
1750921488.799990892 -0.411028920 -0.359337998 0.341704064 0.010350844 0.540249127 -0.000469962 0.841441335 0.026426483 0.025398544 0.326434675
1750921488.899991035 -0.411028920 -0.359337998 0.341704064 0.010350844 0.540249127 -0.000469962 0.841441335 -0.000658903 0.011094456 0.180379771
1750921488.999990940 -0.411028920 -0.359337998 0.341704064 0.010350844 0.540249127 -0.000469962 0.841441335 -0.017149665 0.001183875 0.268234461
1750921489.099991083 -0.378467311 -0.356234901 0.355510967 0.009679870 0.515545107 0.000339418 0.856807696 -0.022871307 0.009077896 0.480814787
1750921489.199990988 -0.306070522 -0.359752652 0.398007513 0.006254997 0.459180493 0.002451436 0.888317590 0.020271258 0.017227097 0.644829425
1750921489.299990892 -0.250644711 -0.358680415 0.433823828 0.010325959 0.407659907 0.001037520 0.913074859 0.023269723 0.043493379 0.701117545
1750921489.399991035 -0.202872577 -0.355923770 0.477592828 0.010987698 0.357553853 0.002795029 0.933823699 -0.005294043 0.063017488 0.721179686
1750921489.499989986 -0.155249140 -0.346839019 0.549021520 0.012676066 0.304598616 0.004544518 0.952385609 -0.033755632 0.073181794 0.763789023
1750921489.599989891 -0.115798039 -0.339527151 0.617776021 0.014040624 0.255222095 0.007110253 0.966754357 -0.061707071 0.077905983 0.814379383
1750921489.699990034 -0.087556439 -0.337364727 0.692823721 0.015713968 0.204243589 0.009472452 0.978748129 -0.061574255 0.076712484 0.838968422
1750921489.799989939 -0.061241325 -0.331896123 0.785238985 0.015871625 0.146087123 0.013602414 0.989050867 -0.046813641 0.073643679 0.856334593
1750921489.899990082 -0.046135278 -0.324024678 0.866890202 0.018373516 0.092324443 0.016922151 0.995415618 -0.036604866 0.081419350 0.852682973
1750921489.999989986 -0.038186676 -0.323803485 0.948677967 0.018501879 0.038954044 0.019633512 0.998876763 -0.035371758 0.088882560 0.838479959
1750921490.099989891 -0.041570014 -0.314754901 1.040228663 0.022383931 -0.023712643 0.022575410 0.999213201 -0.027780291 0.097112369 0.841561589
1750921490.199990034 -0.054133416 -0.308513168 1.121297855 0.022663567 -0.078920887 0.025319503 0.996301550 -0.037342290 0.092706527 0.846523419
1750921490.299989939 -0.076892190 -0.305552565 1.199329940 0.022632265 -0.134991439 0.027541679 0.990205306 -0.033800375 0.083370327 0.854282402
1750921490.399990082 -0.110745778 -0.302968798 1.288861511 0.023501375 -0.200091918 0.029694116 0.979045029 -0.015989567 0.072521490 0.862622578
1750921490.499989986 -0.148638606 -0.299679294 1.362245342 0.024682682 -0.258589569 0.030949600 0.965175799 -0.013450852 0.073901187 0.864812557
1750921490.599988937 -0.195082977 -0.301127890 1.426535448 0.024997168 -0.314606586 0.033679664 0.948295059 -0.002718823 0.076312893 0.861836295
1750921490.699989080 -0.260573880 -0.299196796 1.503525958 0.028951411 -0.378815963 0.036889520 0.924283206 0.026927626 0.082920627 0.830533737
1750921490.799988985 -0.319501434 -0.293017056 1.563349508 0.031553153 -0.433715159 0.039227696 0.899642566 0.030126114 0.080528337 0.759538090
1750921490.899988890 -0.372834679 -0.294078930 1.597747813 0.029715346 -0.484615659 0.039793759 0.873316161 -0.021824011 0.066787873 0.705692368
1750921490.999989033 -0.437150978 -0.295545249 1.633376430 0.032403263 -0.541959481 0.041872185 0.838735160 -0.491221934 0.095765854 0.676223321
1750921491.099988937 -0.492055199 -0.292975046 1.652035184 0.036323994 -0.592430020 0.043784295 0.803610710 -0.935668713 0.128507776 0.679000904
1750921491.199989080 -0.681131295 -0.268682398 1.469944881 0.036324267 -0.639677497 0.043072153 0.766575526 -1.041992738 0.123836086 0.808988736
1750921491.299988985 -0.732566295 -0.284583600 1.346308147 0.033623130 -0.689638257 0.042463279 0.722125633 -0.801798958 0.087822535 0.932832548
1750921491.399988890 -0.824696809 -0.298489848 1.340134472 0.027800043 -0.730665832 0.041672524 0.680894999 -0.293413927 0.019246471 0.921309003
1750921491.499989033 -0.919988821 -0.306212115 1.318264104 0.025875292 -0.767624369 0.041440752 0.639035181 -0.081927027 -0.009775247 0.989865072
1750921491.599987984 -1.022099757 -0.318256463 1.283837508 0.021636081 -0.807144357 0.040398005 0.588572738 -0.091010215 -0.001672905 0.981641072
1750921491.699987888 -1.107396039 -0.327870182 1.239431853 0.018550931 -0.840608508 0.039306226 0.539896490 -0.122022080 0.007700775 0.951695236
1750921491.799988031 -1.180808909 -0.332289511 1.182489745 -0.018630145 0.870432354 -0.038918083 -0.490393533 -0.153009421 0.015670836 0.926424638
1750921491.899987936 -1.248916562 -0.337950977 1.111731388 -0.017329970 0.901852728 -0.037463972 -0.430067181 -0.134105500 0.014931873 0.872254040
1750921491.999988079 -1.300336747 -0.346776236 1.041525495 -0.015027925 0.925999492 -0.036770698 -0.375429112 -0.101255486 0.010350122 0.782271856
1750921492.099987984 -1.339493052 -0.348816104 0.985480575 -0.013942523 0.946437294 -0.035770770 -0.320597108 -0.087869113 -0.001713253 0.687037931
1750921492.199987888 -1.366780001 -0.352831941 0.928657056 -0.010405197 0.966511577 -0.033279534 -0.254243145 -0.063753342 -0.005611170 0.601180379
1750921492.299988031 -1.384573257 -0.360349733 0.868906557 -0.009852798 0.980577941 -0.032051918 -0.193242072 -0.058906296 -0.004021138 0.559120187
1750921492.399987936 -1.398040134 -0.362596772 0.817248876 -0.009285484 0.990391278 -0.030808142 -0.134498158 -0.061298174 -0.000903170 0.553541120
1750921492.499988079 -1.402159701 -0.365421660 0.762093554 -0.006476050 0.997448085 -0.026612486 -0.065932946 -0.057446023 0.003592948 0.554612749
1750921492.599987984 -1.399677409 -0.368307844 0.706091574 -0.005156576 0.999626890 -0.026450176 -0.004458459 -0.059986974 0.001758365 0.581757111
1750921492.699986935 -1.391035774 -0.369821632 0.651457929 -0.004530665 0.998263844 -0.024535309 0.053355315 -0.065436082 0.000236581 0.591408970
1750921492.799987078 -1.373627505 -0.371661132 0.590877445 -0.004562113 0.992410287 -0.025065969 0.120302561 -0.057861124 0.001411162 0.604434591
1750921492.899986982 -1.348839258 -0.376413686 0.538373897 -0.003136275 0.983173220 -0.025730232 0.180827370 -0.051162138 0.005685719 0.625781074
1750921492.999986887 -1.320041980 -0.379583704 0.478238448 -0.001964473 0.970762694 -0.028761092 0.238303868 -0.049978108 0.014731544 0.660908922
1750921493.099987030 -1.278428337 -0.379222525 0.419233678 -0.002228255 0.953212362 -0.029364177 0.300863712 -0.055095081 0.019767892 0.693658684
1750921493.199986935 -1.227583102 -0.381845436 0.369461566 -0.000555255 0.934311035 -0.029858894 0.355205614 -0.074056388 0.029811991 0.710416651
1750921493.299987078 -1.173961964 -0.383147094 0.326517188 0.000414627 0.913093771 -0.029550939 0.406677188 -0.077764905 0.034074703 0.711070391
1750921493.399986982 -1.103129809 -0.382113676 0.284686956 0.001680457 0.886955643 -0.024300664 0.461211818 -0.074411232 0.035463109 0.718471860
1750921493.499986887 -1.052758388 -0.383756535 0.255081865 0.001644910 0.861222695 -0.019872317 0.507836446 -0.082622613 0.034309553 0.742530162
1750921493.599987030 -0.972174546 -0.381781077 0.229043640 0.005570490 0.830732048 -0.019175999 0.556314223 -0.092891784 0.038597185 0.781075874
1750921493.699985981 -0.883029006 -0.378057889 0.211477187 0.009923710 0.791480749 -0.018034403 0.610847365 -0.087845175 0.050230259 0.815883465
1750921493.799985886 -0.805299385 -0.377781886 0.205145848 0.010527938 0.752737759 -0.014678618 0.658072615 -0.090468809 0.053291992 0.811064995
1750921493.899986029 -0.730181468 -0.374593861 0.208261836 0.009332747 0.710841482 -0.009948697 0.703219959 -0.097054827 0.056705762 0.802858365
1750921493.999985933 -0.641692583 -0.368422784 0.224967060 0.009024415 0.656810421 -0.005967419 0.753978130 -0.078266284 0.055816115 0.788789109
1750921494.099986076 -0.566601882 -0.364094032 0.248972434 0.008405155 0.606468377 -0.000244597 0.795063143 -0.034369487 0.042625041 0.643565758
1750921494.199985981 -0.495825571 -0.361250850 0.282392913 0.006801071 0.556897099 0.005104314 0.830537966 0.004741275 0.024675946 0.414526206
1750921494.299985886 -0.495825571 -0.361250850 0.282392913 0.006801071 0.556897099 0.005104314 0.830537966 -0.022803592 0.010866020 0.236077436
1750921494.399986029 -0.495825571 -0.361250850 0.282392913 0.006801071 0.556897099 0.005104314 0.830537966 -0.058576926 0.005574631 0.220977996
1750921494.499985933 -0.470761117 -0.362539054 0.302365110 0.007642470 0.539292708 0.005280698 0.842067148 -0.108840248 0.005424450 0.375326705
1750921494.599986076 -0.420385200 -0.359786609 0.342644284 0.007885073 0.485874441 0.007865766 0.873957655 -0.106113994 0.009914424 0.510576392
1750921494.699985981 -0.381435970 -0.364615583 0.385925779 0.003628931 0.438302066 0.007538066 0.898788800 -0.096519742 0.012165333 0.548593312
1750921494.799984932 -0.350332091 -0.360478771 0.422915835 0.007528221 0.386971193 0.008461858 0.922022244 -0.081133982 0.019766098 0.531287546
1750921494.899985075 -0.319302676 -0.356678336 0.471270788 0.008442363 0.328495889 0.011064261 0.944402859 -0.038569521 0.023954975 0.523705095
1750921494.999984980 -0.295718768 -0.355951545 0.515653057 0.012540285 0.279163618 0.012459620 0.960080816 -0.006918088 0.028564491 0.563200622
1750921495.099984884 -0.262981461 -0.355661558 0.557197605 0.013597489 0.230066802 0.012443364 0.973000276 0.025651764 0.032603110 0.620657923
1750921495.199985027 -0.228222831 -0.350419491 0.625054443 0.017400158 0.173729610 0.012517635 0.984560088 0.061191524 0.044635487 0.675994406
1750921495.299984932 -0.203944653 -0.348265911 0.691136092 0.017578488 0.122068539 0.016995516 0.992220450 0.074722753 0.049488911 0.721027331
1750921495.399985075 -0.179883950 -0.344836255 0.757251266 0.018108665 0.061782147 0.018952457 0.997745382 0.086698952 0.070142776 0.665202224
1750921495.499984980 -0.164584298 -0.341466804 0.835793235 0.019931381 -0.009205657 0.021423858 0.999529396 0.084606129 0.086066202 0.624449191
1750921495.599984884 -0.171158414 -0.329959708 0.877746050 0.021063497 -0.069581329 0.024284294 0.997058193 0.064874311 0.088456733 0.632928750
1750921495.699985027 -0.176041517 -0.324287771 0.940677723 0.023112278 -0.133924527 0.027538595 0.990339169 0.062432695 0.081545871 0.676944516
1750921495.799983978 -0.192251708 -0.321284018 1.023130891 0.021738447 -0.203713981 0.029807831 0.978335089 0.092851525 0.058530411 0.754108740
1750921495.899983883 -0.221433066 -0.322312395 1.094116889 0.021383912 -0.262810752 0.031207712 0.964105449 0.078386691 0.051634596 0.776551658
1750921495.999984026 -0.255480262 -0.319110158 1.159133445 0.020638616 -0.325251100 0.034881038 0.944758743 0.060424685 0.053806596 0.794435957
1750921496.099983931 -0.314568173 -0.318782463 1.231444661 0.017520859 -0.395519982 0.035326150 0.917610498 0.063561731 0.051682277 0.793699871
1750921496.199984074 -0.366466082 -0.320872305 1.278775901 0.018126100 -0.453959866 0.037081608 0.890065638 0.049046002 0.049596313 0.734952492
1750921496.299983978 -0.430567358 -0.319570855 1.326322235 0.021265361 -0.516027056 0.038687392 0.855433894 -0.008731348 0.045685381 0.619750607
1750921496.399983883 -0.479992521 -0.319920038 1.342762731 0.020588123 -0.582206732 0.041063959 0.811742078 -0.256256260 0.077192042 0.916386323
1750921496.499984026 -0.532147975 -0.320092562 1.344785210 0.018082771 -0.633833963 0.042023365 0.772114990 -0.376500735 0.109350059 1.334626252
1750921496.599983931 -0.775089821 -0.318109327 1.295850851 0.018399599 -0.685643598 0.042803384 0.726444893 -0.244851465 0.116211273 1.454430860
1750921496.699984074 -0.965165926 -0.324185748 1.292457361 0.016934139 -0.704518312 0.041028231 0.708296454 -0.154202807 0.093783696 1.317701518
1750921496.799983978 -1.003041188 -0.327041538 1.287268102 0.016075516 -0.726958189 0.039012843 0.685384102 -0.111676857 0.046685733 0.922837683
1750921496.899982929 -1.090831588 -0.327486062 1.276925248 0.018248765 -0.769165194 0.038630408 0.637620246 -0.115458771 0.036544636 0.871375673
1750921496.999983072 -1.204111432 -0.335357635 1.228716706 0.017337149 -0.811018086 0.038125557 0.583519948 -0.111246742 0.036718259 1.032967254
1750921497.099982977 -1.289612051 -0.339686660 1.178638900 0.017474402 -0.843322551 0.039856695 0.535642757 -0.145665272 0.039919630 1.065853978
1750921497.199982882 -1.371505589 -0.343689564 1.118449605 -0.017633622 0.873982330 -0.038618723 -0.484099718 -0.155602958 0.045491529 1.049935660
1750921497.299983025 -1.465350355 -0.351226561 1.021004662 -0.017914662 0.903660833 -0.038719550 -0.426118482 -0.102302991 0.053017368 1.078988956
1750921497.399982929 -1.501414706 -0.351396239 0.953884662 -0.015786935 0.921527641 -0.036943625 -0.386228880 -0.030989409 0.055075946 0.960495858
1750921497.499983072 -1.610722506 -0.357480873 0.855438096 -0.012093101 0.951486200 -0.036050074 -0.305332868 0.068931649 0.044304737 0.794528417
1750921497.599982977 -1.634527799 -0.351809171 0.844257051 -0.012011852 0.969287523 -0.034864768 -0.243149872 0.064172246 0.031655286 0.641494664
1750921497.699982882 -1.653809056 -0.358570021 0.784604109 -0.010183200 0.982302500 -0.033797261 -0.183945228 -0.022088545 0.020807201 0.554021458
1750921497.799983025 -1.667156701 -0.357597033 0.737654072 -0.010169120 0.991583084 -0.032967942 -0.124790589 -0.052372713 0.010268477 0.624267541
1750921497.899981976 -1.671220119 -0.363268260 0.657181287 -0.008062919 0.997659636 -0.030462562 -0.060681723 -0.056810140 0.005844259 0.648356606
1750921497.999982119 -1.674505010 -0.365690705 0.597756460 -0.008846713 0.999482610 -0.030853610 -0.002074526 -0.105143379 0.006865079 0.670445887
1750921498.099982023 -1.655224606 -0.370359715 0.534962209 -0.004372811 0.998060788 -0.030237491 0.054233157 -0.168938455 0.010142456 0.674656193
1750921498.199981928 -1.622199641 -0.371548465 0.462346913 -0.005522271 0.992876265 -0.034114671 0.114028140 -0.214868055 0.021943247 0.668294697
1750921498.299982071 -1.577897914 -0.374121857 0.409370749 -0.005503210 0.984750794 -0.035282223 0.170266713 -0.238595964 0.028531571 0.664095740
1750921498.399981976 -1.529560830 -0.372490724 0.363151169 -0.008046151 0.973948742 -0.036027039 0.223743514 -0.237729130 0.026639387 0.674119365
1750921498.499982119 -1.478665177 -0.375359045 0.308616091 -0.007595570 0.958689049 -0.034949495 0.282198774 -0.209046067 0.035271283 0.692130500
1750921498.599982023 -1.411507347 -0.377049782 0.261222338 -0.007859480 0.942114022 -0.035100513 0.333357695 -0.156400404 0.050642339 0.696704011
1750921498.699981928 -1.341943191 -0.376249468 0.219648272 -0.004640669 0.923493663 -0.034278726 0.382050897 -0.115756496 0.061762465 0.696707205
1750921498.799982071 -1.309624765 -0.366060326 0.183316887 -0.000651824 0.898131482 -0.028135913 0.438825463 -0.068628778 0.064088622 0.679153016
1750921498.899981022 -1.239702325 -0.364755829 0.145316920 -0.000360545 0.871376022 -0.027353421 0.489852517 -0.033942499 0.053072052 0.670430626
1750921498.999980927 -1.186856100 -0.362301283 0.121219746 0.003468943 0.849640598 -0.025031446 0.526756346 -0.036316489 0.038674169 0.681820318
1750921499.099981070 -1.117678546 -0.363232520 0.093284034 0.004981515 0.823796930 -0.023090955 0.566392630 -0.055449445 0.032078034 0.728513737
1750921499.199980974 -1.052593102 -0.361424059 0.073646394 0.008258383 0.793149893 -0.022479591 0.608555433 -0.071432814 0.032090429 0.826142518
1750921499.299981117 -0.957662923 -0.364605660 0.064448966 0.009794657 0.760104696 -0.021186274 0.649381288 -0.082011162 0.041349985 0.916675262
1750921499.399981022 -0.853981941 -0.364125000 0.063687670 0.010604892 0.720783163 -0.018418814 0.692834695 -0.069698249 0.050063092 0.960383411
1750921499.499980927 -0.762220012 -0.362752329 0.071800100 0.010839801 0.686040900 -0.014200542 0.727343610 -0.068006271 0.050978612 0.979517050
1750921499.599981070 -0.664816638 -0.359907971 0.088293729 0.009702163 0.648233934 -0.009844116 0.761315787 -0.064540896 0.050032099 1.007337749
1750921499.699980974 -0.551059361 -0.357626034 0.118603493 0.008826712 0.606915539 -0.003810746 0.794708183 -0.050181637 0.044363831 0.959562442
1750921499.799981117 -0.467249380 -0.353817596 0.155950654 0.007488124 0.565839387 -0.000412786 0.824481380 -0.015190736 0.031761014 0.739149073
1750921499.899981022 -0.405156571 -0.352102014 0.191270827 0.005586549 0.530537543 0.002502231 0.847639337 -0.006858599 0.017227243 0.473455372
1750921499.999979973 -0.405156571 -0.352102014 0.191270827 0.005586549 0.530537543 0.002502231 0.847639337 -0.043516228 0.010611768 0.318714589
1750921500.099980116 -0.388267670 -0.352422683 0.202786821 0.005148488 0.522950536 0.002875846 0.852342630 -0.068600318 0.008126352 0.398135043
1750921500.199980021 -0.342041581 -0.345022650 0.242924979 0.007860536 0.505219881 0.001666314 0.862953248 -0.095648304 0.011769061 0.619534379
1750921500.299979925 -0.269780443 -0.350852232 0.289302742 0.007335705 0.453218135 0.003478933 0.891362668 -0.063552906 0.007367224 0.773353232
1750921500.399980068 -0.211538178 -0.351994256 0.345267351 0.006505257 0.405493748 0.000907193 0.914074220 -0.036419828 0.004163206 0.818219795
1750921500.499979973 -0.155436843 -0.351112524 0.408658521 0.005229122 0.353529673 0.002769085 0.935404596 -0.023278786 0.006419543 0.795614870
1750921500.599980116 -0.106451603 -0.353189432 0.474178315 0.005598362 0.292371636 0.004618883 0.956277235 -0.007580413 0.020702634 0.793826451
1750921500.699980021 -0.070266778 -0.350374248 0.534491097 0.009218059 0.237429791 0.005395251 0.971345980 -0.008469729 0.038561235 0.813655922
1750921500.799979925 -0.037791742 -0.347125842 0.612362591 0.010615673 0.185647003 0.009172689 0.982516341 -0.011419353 0.046954827 0.840995203
1750921500.899980068 -0.009089886 -0.341605653 0.702898283 0.012509047 0.126415424 0.010698222 0.991840820 0.002407445 0.052455197 0.851728658
1750921500.999979019 0.005321752 -0.339636057 0.783932751 0.011047780 0.073193648 0.012847749 0.997173792 0.013783038 0.053443802 0.813103046
1750921501.099978924 0.014365838 -0.336088851 0.863896436 0.015342395 0.019710759 0.015387289 0.999569571 0.009175242 0.069700636 0.748274098
1750921501.199979067 0.012255429 -0.328369361 0.930554634 0.016742787 -0.040852316 0.019034264 0.998843563 -0.001016604 0.075918654 0.696324139
1750921501.299978971 -0.000272534 -0.322866569 0.998060601 0.018733687 -0.093983248 0.020779124 0.995180600 -0.023237830 0.074014650 0.669619002
1750921501.399979115 -0.018589386 -0.319539401 1.060290445 0.018817923 -0.151877172 0.021920059 0.987977085 -0.033576274 0.059576956 0.676314902
1750921501.499979019 -0.048461252 -0.319392874 1.128037318 0.016230173 -0.215924964 0.024842975 0.975958922 -0.031867838 0.043901960 0.700159343
1750921501.599978924 -0.085167896 -0.318235948 1.185871587 0.017528601 -0.270304624 0.027088775 0.962234045 -0.040653982 0.045358057 0.717719814
1750921501.699979067 -0.133738971 -0.317954476 1.247121427 0.016542286 -0.327531625 0.029351257 0.944239319 -0.042444407 0.050573711 0.750048260
1750921501.799978971 -0.185384857 -0.315204454 1.299066623 0.015265852 -0.390389994 0.030857318 0.920005670 -0.025416463 0.050274546 0.730844480
1750921501.899979115 -0.245344299 -0.318391206 1.344579834 0.013150303 -0.442474370 0.032069038 0.896111086 -0.034668204 0.043246943 0.670579487
1750921501.999979019 -0.292082819 -0.315510942 1.368993441 0.016203889 -0.496603034 0.035232956 0.867111008 -0.073830101 0.032875713 0.537786163
1750921502.099977970 -0.352439644 -0.314191472 1.393055910 0.015691015 -0.554073740 0.035891521 0.831545477 -0.336632200 0.020271848 0.520943575
1750921502.199978113 -0.368155002 -0.321363418 1.355199612 0.016163049 -0.598796997 0.039385485 0.799768526 -0.679305172 0.052756725 0.949624184
1750921502.299978018 -0.483322223 -0.323632119 1.274994093 0.013398235 -0.633009184 0.040724758 0.772956244 -0.742393065 0.079494024 1.306026989
1750921502.399977922 -0.782529879 -0.333641355 1.234222388 0.013818970 -0.676941623 0.042339391 0.734687996 -0.523807777 0.100165594 1.512836717
1750921502.499978065 -0.877854146 -0.332773390 1.230889500 0.011161818 -0.717278442 0.040348079 0.695527917 -0.213858696 0.083513182 1.364095176
1750921502.599977970 -0.985369128 -0.335996822 1.208551743 0.009248848 -0.757336363 0.039396862 0.651769882 -0.108860635 0.057937788 1.057389031
1750921502.699978113 -1.099246520 -0.339487615 1.171930363 0.009466269 -0.799954427 0.038567645 0.598745222 -0.083906601 0.049564443 1.039074344
1750921502.799978018 -1.186972725 -0.341005491 1.125261627 0.011543977 -0.837503386 0.039622016 0.544871463 -0.065140000 0.043143212 0.948523994
1750921502.899977922 -1.256936829 -0.345868699 1.086908573 -0.012178939 0.870288436 -0.037966378 -0.490925927 -0.078244467 0.031100550 0.861474407
1750921502.999978065 -1.323501953 -0.349376695 1.026440551 -0.013787910 0.901026883 -0.039487674 -0.431742023 -0.103028480 0.028513897 0.794556551
1750921503.099977016 -1.371112199 -0.352446385 0.964233457 -0.013536312 0.926153504 -0.039605481 -0.374817103 -0.128942826 0.029635176 0.725391645
1750921503.199976921 -1.402707053 -0.355687347 0.899818985 -0.012804908 0.947676921 -0.038034772 -0.316698349 -0.115927074 0.023933269 0.638238191
1750921503.299977064 -1.427778756 -0.357891235 0.839509665 -0.011936882 0.966326918 -0.039031096 -0.254059778 -0.099392128 0.020951074 0.530223162
1750921503.399976969 -1.435381326 -0.360940268 0.796836369 -0.012782288 0.979520709 -0.036606812 -0.197574630 -0.104524631 0.018338506 0.475116236
1750921503.499977112 -1.439747493 -0.361574254 0.759234648 -0.011423965 0.989582646 -0.034126152 -0.139395426 -0.113698168 0.016675886 0.492189558
1750921503.599977016 -1.441519412 -0.360202109 0.708596364 -0.011537923 0.996464174 -0.033095205 -0.076359237 -0.120599340 0.021656489 0.546976221
1750921503.699976921 -1.432664469 -0.363518336 0.641257634 -0.011153521 0.999344517 -0.030223665 -0.016512604 -0.122113839 0.017531362 0.578485636
1750921503.799977064 -1.418798832 -0.366095528 0.581708052 -0.011353547 0.998547713 -0.029064376 0.043918370 -0.120664961 0.015764785 0.590812267
1750921503.899976969 -1.399298326 -0.368371740 0.523228857 -0.011541868 0.993473919 -0.029273784 0.109633042 -0.115176425 0.016859942 0.595786052
1750921503.999977112 -1.370108009 -0.368320910 0.469635701 -0.011933162 0.984762307 -0.031421413 0.170626766 -0.118206571 0.017667492 0.613653910
1750921504.099977016 -1.335544091 -0.369270659 0.419655900 -0.010594598 0.972687507 -0.032544645 0.229581389 -0.117846312 0.021518765 0.651171551
1750921504.199975967 -1.291216021 -0.370332185 0.362895377 -0.010365398 0.955865498 -0.031992914 0.291873536 -0.107539172 0.022585717 0.686065316
1750921504.299976110 -1.238604349 -0.372911139 0.313568893 -0.009658171 0.936349932 -0.032000389 0.349473173 -0.070472901 0.039344892 0.685912804
1750921504.399976015 -1.181035842 -0.373099382 0.269221405 -0.009268497 0.913744020 -0.030824236 0.405013366 -0.038933420 0.044874919 0.672643081
1750921504.499975920 -1.144065503 -0.365695903 0.234037408 -0.005440934 0.895341441 -0.028129393 0.444457914 -0.036643928 0.038380338 0.641880853
1750921504.599976063 -1.075230687 -0.366972857 0.194336274 -0.003881980 0.866853586 -0.023624065 0.497987645 -0.033443296 0.022252705 0.656021360
1750921504.699975967 -1.024652516 -0.368431637 0.171695181 0.004360295 0.846270249 -0.023717111 0.532207810 -0.065483923 0.022261078 0.743489334
1750921504.799976110 -0.940793076 -0.372488033 0.144952243 0.005085376 0.807909421 -0.021375800 0.588896920 -0.034940022 0.040404621 0.819999386
1750921504.899976015 -0.847201069 -0.368063459 0.121627447 0.007640543 0.767227186 -0.018420213 0.641065334 0.004716406 0.060339991 0.907181995
1750921504.999975920 -0.772396812 -0.363180017 0.111232698 0.007865376 0.723474167 -0.013622134 0.690172227 0.033663122 0.073517516 0.937625885
1750921505.099976063 -0.659870117 -0.359120374 0.106273283 0.008024303 0.668735916 -0.007404991 0.743419835 0.061127305 0.070324449 0.934224751
1750921505.199975014 -0.567563562 -0.355177638 0.116339438 0.006976094 0.616791970 -0.002512559 0.787091282 0.024155627 0.038984376 0.798422723
1750921505.299974918 -0.494278029 -0.347750684 0.142106192 0.007533425 0.560838059 0.001328918 0.827890182 -0.003689107 0.014382482 0.565384166
1750921505.399975061 -0.460536958 -0.355312025 0.183415395 0.002634978 0.522221885 0.007398703 0.852773486 -0.021774978 0.003021114 0.389671809
1750921505.499974966 -0.460536958 -0.355312025 0.183415395 0.002634978 0.522221885 0.007398703 0.852773486 -0.071022900 -0.000198565 0.215875436
1750921505.599975109 -0.419200277 -0.354353362 0.197275075 0.010396319 0.490486118 -0.002157598 0.871384318 -0.236407404 -0.009332685 0.456965220
1750921505.699975014 -0.467260365 -0.362205527 0.220443499 0.000725928 0.466168934 0.015505905 0.884559531 -0.327916811 -0.042701427 0.768012533
1750921505.799974918 -0.340239065 -0.358699882 0.388165920 -0.002238821 0.426236099 0.016576410 0.904457295 -0.283772227 -0.052884322 1.020779175
1750921505.899975061 -0.268968514 -0.370313963 0.445242044 -0.006714149 0.381523605 0.018629806 0.924146952 -0.092690283 -0.033434586 1.155198759
1750921505.999974966 -0.188370641 -0.362062682 0.524760585 0.000473022 0.325938257 0.013935617 0.945288225 0.088887179 0.028562020 0.994631515
1750921506.099975109 -0.125269827 -0.354522090 0.595333815 0.001980104 0.273524595 0.015220471 0.961742540 0.095557562 0.045410603 0.982311709
1750921506.199975014 -0.077722363 -0.352659827 0.673409411 0.003995161 0.222005125 0.017369311 0.974882593 0.094867876 0.051442141 0.951397840
1750921506.299973965 -0.026836249 -0.346395859 0.767546097 0.008106065 0.156225449 0.017184401 0.987538656 0.116278752 0.058264723 0.910305842
1750921506.399974108 0.007860280 -0.340436409 0.847511450 0.009747000 0.094003011 0.019137498 0.995340236 0.118902492 0.063115518 0.851013708
1750921506.499974012 0.023059515 -0.335932381 0.927623735 0.011599582 0.033511639 0.021508187 0.999139539 0.113012397 0.068573729 0.782984153
1750921506.599973917 0.032134462 -0.328986842 0.999835761 0.014647357 -0.040216522 0.023250373 0.998813049 0.118583125 0.070507082 0.747331614
1750921506.699974060 0.042985011 -0.323007210 1.068784417 0.014152309 -0.104719480 0.024568381 0.994097549 0.081125968 0.063241189 0.755096297
1750921506.799973965 0.024934636 -0.321813963 1.150166731 0.014064003 -0.161059897 0.025190783 0.986522852 0.029619530 0.054478726 0.795964086
1750921506.899974108 -0.016025745 -0.319815788 1.235164573 0.013723931 -0.223996379 0.026807174 0.974124556 -0.005633994 0.049037378 0.847550316
1750921506.999974012 -0.059581816 -0.318004931 1.305887537 0.012447722 -0.278868464 0.027806963 0.959845929 -0.032799153 0.047748660 0.878303684
1750921507.099973917 -0.112937780 -0.317291874 1.374586654 0.014118328 -0.331588504 0.030423737 0.942827732 -0.034770340 0.053857880 0.889631980
1750921507.199974060 -0.179572982 -0.316051979 1.442668210 0.014763140 -0.393342970 0.033317882 0.918669297 -0.015934431 0.057943188 0.867977905
1750921507.299973011 -0.244464128 -0.314068948 1.493122223 0.012924909 -0.448170125 0.033916962 0.893211132 -0.022393566 0.054354254 0.781229756
1750921507.399972916 -0.318432566 -0.315000744 1.540369204 0.011075947 -0.500805975 0.034849024 0.864786820 -0.080721950 0.044221848 0.656298718
1750921507.499973059 -0.355856659 -0.310581788 1.536153108 0.013214294 -0.558726943 0.037837326 0.828382715 -0.434620978 0.028384004 0.628185196
1750921507.599972963 -0.383720019 -0.320165163 1.506238321 0.013149345 -0.608612756 0.038372564 0.792429905 -0.678951451 0.024550753 0.813833136
1750921507.699973106 -0.563981296 -0.331934629 1.400190814 0.014523036 -0.653506311 0.040483630 0.755698127 -0.678410443 0.036578074 1.030857871
1750921507.799973011 -0.697181069 -0.335178025 1.383054476 0.013230829 -0.701747459 0.038924494 0.711238591 -0.452537795 0.044494565 1.150733724
1750921507.899972916 -0.793562819 -0.337614790 1.367303686 0.011997958 -0.739011425 0.039081719 0.672451323 -0.140147128 0.053311419 1.037593737
1750921507.999973059 -0.888152355 -0.341497199 1.341430428 0.012096257 -0.773111849 0.039065462 0.632949950 -0.112288692 0.054103747 0.956710050
1750921508.099972963 -0.979705938 -0.342248281 1.304917640 0.012608330 -0.810522618 0.039173513 0.584259832 -0.111590858 0.059725931 0.958275929
1750921508.199973106 -1.062306100 -0.344116918 1.259574589 0.012408386 -0.842511706 0.037737270 0.537211276 -0.127935763 0.058698894 0.968883260
1750921508.299973011 -1.141013120 -0.345628448 1.202199065 -0.013195688 0.871084558 -0.036771722 -0.489576763 -0.097885511 0.054111118 0.959230267
1750921508.399971962 -1.222302609 -0.349068368 1.124899049 -0.013965157 0.901053618 -0.035832200 -0.431999312 -0.047318769 0.042915982 0.892045578
1750921508.499972105 -1.282944028 -0.352233929 1.096033950 -0.014818477 0.925648418 -0.036172410 -0.376360168 -0.048386168 0.029220905 0.801842749
1750921508.599972010 -1.323763550 -0.354637016 1.021108597 -0.012562375 0.947003547 -0.032991944 -0.319277311 -0.079342503 0.010917909 0.718908206
1750921508.699971914 -1.351364886 -0.359795025 0.943051445 -0.010214141 0.967150336 -0.031627539 -0.252023009 -0.090247663 0.007668676 0.644913806
1750921508.799972057 -1.366334353 -0.364460436 0.875625802 -0.009882359 0.981040995 -0.030270115 -0.191166483 -0.089776696 0.008429911 0.583009488
1750921508.899971962 -1.375600139 -0.363736863 0.844521405 -0.009246845 0.990735467 -0.030746386 -0.131956013 -0.082419027 0.017397691 0.529919345
1750921508.999972105 -1.377153888 -0.364198325 0.784625342 -0.006950615 0.997576978 -0.027082310 -0.063705652 -0.078228686 0.022929805 0.521182864
1750921509.099972010 -1.371686593 -0.366720024 0.728789348 -0.006353461 0.999662781 -0.024934412 -0.003497625 -0.081679785 0.028128243 0.548788920
1750921509.199971914 -1.361212026 -0.364209010 0.675306240 -0.006915781 0.998170659 -0.025000935 0.054611907 -0.083966945 0.035103976 0.550556468
1750921509.299972057 -1.341356150 -0.362469583 0.619839528 -0.005808760 0.992313750 -0.027731731 0.120460078 -0.085297214 0.036229762 0.573122811
1750921509.399971008 -1.317516417 -0.361704951 0.571130339 -0.004926354 0.983546064 -0.025664902 0.178757334 -0.087457152 0.032177266 0.608432994
1750921509.499970913 -1.283435117 -0.363170426 0.514730841 -0.002878325 0.971511821 -0.028986870 0.235194086 -0.087595814 0.032182002 0.657733187
1750921509.599971056 -1.240421880 -0.361978005 0.460224592 -0.003249339 0.953486441 -0.029336484 0.299987365 -0.062404199 0.027905833 0.704919030
1750921509.699970961 -1.187650242 -0.365091738 0.402941073 -0.002486543 0.934116468 -0.031316614 0.355583338 -0.037382582 0.029508396 0.723034033
1750921509.799971104 -1.137066036 -0.366611765 0.355095972 -0.001748648 0.913193089 -0.029673988 0.406441606 -0.034288369 0.023767486 0.774724065
1750921509.899971008 -1.074713925 -0.366959597 0.306790062 0.000254634 0.885785818 -0.029497067 0.463155851 -0.043358678 0.030991008 0.850796170
1750921509.999970913 -0.979107874 -0.370618478 0.260058888 0.002349644 0.857939188 -0.022797280 0.513239820 -0.052936748 0.029540291 0.903428361
1750921510.099971056 -0.900054196 -0.372279127 0.226862822 0.007233968 0.824332729 -0.022195233 0.565624075 -0.041758205 0.040175992 0.916237987
1750921510.199970961 -0.808627613 -0.366651271 0.205213195 0.012073144 0.779602465 -0.018827271 0.625875202 -0.007315573 0.048633805 0.882732294
1750921510.299971104 -0.730020788 -0.368050920 0.193153074 0.011233774 0.734725843 -0.013722638 0.678132309 0.005902036 0.047054966 0.856388917
1750921510.399971008 -0.650286836 -0.365555205 0.191284850 0.010429108 0.688626972 -0.010123498 0.724970097 0.013407993 0.046319967 0.861138541
1750921510.499969959 -0.550018648 -0.362147957 0.199942146 0.008844006 0.634246406 -0.002486624 0.773076385 0.006588837 0.035069749 0.805917766
1750921510.599970102 -0.463275982 -0.360081366 0.221451781 0.008257842 0.583229464 0.002195313 0.812262507 -0.003598846 0.024038275 0.631723749
1750921510.699970007 -0.417662952 -0.360355701 0.259516368 0.005958788 0.527386292 0.007696105 0.849569868 -0.006809577 0.014003522 0.440130675
1750921510.799969912 -0.414399639 -0.358787262 0.265116618 0.006422515 0.521470509 0.006674049 0.853219032 -0.038689570 0.018094780 0.425966869
1750921510.899970055 -0.387086148 -0.355938450 0.279129304 0.006136061 0.511742635 0.008058739 0.859079089 -0.036401850 0.020142049 0.566566138
1750921510.999969959 -0.313120266 -0.353672314 0.323768029 0.004494386 0.470040494 0.009946104 0.882577367 -0.000764923 0.016715564 0.762562037
1750921511.099970102 -0.228014362 -0.355590865 0.389460875 0.005175788 0.425015456 0.007825897 0.905137464 0.041116650 0.016310854 0.846472568
1750921511.199970007 -0.171993466 -0.347388564 0.428515056 0.002720851 0.384003032 0.006053716 0.923307977 0.038519049 0.017267265 0.812833513
1750921511.299969912 -0.120334343 -0.351359846 0.483115725 0.002487923 0.339181073 0.008736977 0.940677243 0.031019180 0.026116597 0.811649925
1750921511.399970055 -0.064222919 -0.346143975 0.552260237 0.005177282 0.285720133 0.009952603 0.958247435 0.031308511 0.040630574 0.850961001
1750921511.499969006 -0.016967030 -0.341826363 0.624889507 0.006437052 0.236642586 0.012376390 0.971496616 0.025845398 0.042152707 0.890590841
1750921511.599968910 0.017963745 -0.337913264 0.706456666 0.007052873 0.185761744 0.015193672 0.982452026 0.029362088 0.038187638 0.897930910
1750921511.699969053 0.053346387 -0.336955308 0.799796958 0.008854155 0.125860440 0.017352309 0.991856669 0.049159421 0.039245627 0.883426977
1750921511.799968958 0.076477859 -0.332233242 0.881184369 0.010427449 0.070927681 0.021214865 0.997201315 0.050319110 0.049243981 0.833918674
1750921511.899969101 0.085766959 -0.331123990 0.967410985 0.011369516 0.016172892 0.022523033 0.999550841 0.034975380 0.061035880 0.799246279
1750921511.999969006 0.083489175 -0.321302432 1.032423994 0.009973604 -0.042761929 0.024157893 0.998743381 0.016950591 0.059631650 0.802022603
1750921512.099968910 0.074852648 -0.318297493 1.116855265 0.010212641 -0.095316998 0.026615268 0.995038692 0.011805957 0.053598174 0.839880271
1750921512.199969053 0.050993092 -0.316850669 1.199821249 0.010390511 -0.146043381 0.027180291 0.988850140 0.051442843 0.041860375 0.884990699
1750921512.299968958 0.025773828 -0.316860285 1.295316081 0.010177114 -0.205591634 0.029296101 0.978146331 0.120468849 0.037541312 0.890375615
1750921512.399969101 0.007310934 -0.315131499 1.379823742 0.011926985 -0.260824223 0.031439606 0.964800509 0.162449777 0.041659029 0.874612971
1750921512.499969006 -0.029055438 -0.314384178 1.453175990 0.010022461 -0.314696220 0.034520627 0.948511553 0.163789098 0.040596845 0.868065991
1750921512.599967957 -0.082397663 -0.311816891 1.544025175 0.010030312 -0.381093743 0.037446578 0.923723284 0.167232558 0.040285806 0.869577704
1750921512.699968100 -0.125473110 -0.313922104 1.607507412 0.007530998 -0.440880635 0.038909992 0.896690338 0.149445147 0.030519409 0.776199023
1750921512.799968004 -0.197873909 -0.311181038 1.665228547 0.009342677 -0.498299145 0.039852222 0.866038381 0.083860003 0.032126910 0.674783924
1750921512.899967909 -0.232988360 -0.312281296 1.685454148 0.010945703 -0.567833753 0.041182909 0.822039530 -0.216832545 0.037436220 0.898064704
1750921512.999968052 -0.279304809 -0.309677825 1.696382337 0.010602706 -0.627241159 0.041108997 0.777667128 -0.624889733 0.137552925 2.369065362
1750921513.099967957 -0.524812245 -0.332303811 1.639378141 0.010814788 -0.680955532 0.041759896 0.731053155 -0.465277534 0.208553711 3.364532972
1750921513.199968100 -1.380003682 -0.330037828 1.619844855 0.009935930 -0.734847797 0.043837929 0.676740888 -0.020067434 0.215926369 3.377045935
1750921513.299968004 -1.441111412 -0.331443945 1.610203858 0.008585321 -0.777573310 0.045467064 0.627087542 0.188113165 0.163213742 2.412750613
1750921513.399967909 -1.538454509 -0.335371797 1.571944808 0.009678746 -0.816380681 0.047469047 0.575478580 -0.106088065 0.075703134 1.118437685
1750921513.499968052 -1.628954133 -0.339007905 1.508723234 0.008972700 -0.857992510 0.047158452 0.511414141 -0.165254719 0.054931992 0.974835240
1750921513.599967003 -1.697885500 -0.342731314 1.436599892 -0.010087723 0.890864218 -0.047294481 -0.451688405 -0.195969912 0.057769280 0.976935793
1750921513.699966908 -1.762028527 -0.348124606 1.362343157 -0.009367654 0.917136742 -0.045040372 -0.395908838 -0.240721793 0.057639325 0.995525385
1750921513.799967051 -1.811925374 -0.351398829 1.263586274 -0.010570745 0.942894251 -0.046979609 -0.329593094 -0.261392401 0.067328844 1.009667795
1750921513.899966955 -1.843438658 -0.353111277 1.161019942 -0.009645624 0.961236528 -0.046290510 -0.271640365 -0.259945509 0.069196661 0.937645177
1750921513.999967098 -1.867453827 -0.356102257 1.058894707 -0.010376584 0.975322426 -0.042045178 -0.216496409 -0.240725937 0.061830890 0.773260411
1750921514.099967003 -1.860299562 -0.353660305 0.997567624 -0.009889762 0.987789032 -0.038226964 -0.150710714 -0.235066864 0.052246495 0.625142914
1750921514.199966908 -1.847354063 -0.344253941 0.965902336 -0.008372154 0.994765623 -0.033841494 -0.096052150 -0.249889048 0.036407257 0.555389870
1750921514.299967051 -1.836642015 -0.357582375 0.883708631 -0.006404960 0.998585815 -0.032191939 -0.041821342 -0.264387695 0.024164131 0.614871367
1750921514.399966955 -1.806876741 -0.354371715 0.816513926 -0.000787540 0.998956134 -0.037798823 0.025637300 -0.197741937 0.027934261 0.660005965
1750921514.499967098 -1.769570400 -0.359218090 0.741878821 0.000207401 0.995631949 -0.033547220 0.087129574 -0.105579651 0.017143791 0.628028514
1750921514.599967003 -1.761386061 -0.360359138 0.698798981 -0.001118408 0.989159916 -0.028378539 0.144069667 -0.024539935 0.013234270 0.584148958
1750921514.699965954 -1.744825491 -0.362646539 0.647207892 -0.006064230 0.983927394 -0.033644922 0.175265878 0.006592927 0.017115370 0.524011078
1750921514.799966097 -1.722683721 -0.365992057 0.592360610 -0.007187823 0.975082192 -0.029614219 0.219740877 0.024039669 0.011450836 0.480825024
1750921514.899966002 -1.705346479 -0.362132320 0.548587969 -0.007501824 0.964982506 -0.031491108 0.260309038 0.044293367 0.003418339 0.402515091
1750921514.999965906 -1.689370671 -0.365299350 0.522375972 -0.007742266 0.951749520 -0.032748945 0.305025270 0.061264042 -0.013616409 0.298778420
1750921515.099966049 -1.681860015 -0.372864566 0.502133147 -0.011254621 0.943514718 -0.031421265 0.329645286 0.053352119 -0.031728160 0.209317483
1750921515.199965954 -1.678626641 -0.373496216 0.489386814 -0.009308866 0.941014242 -0.033157986 0.336609698 0.024957314 -0.037507024 0.130385224
1750921515.299966097 -1.670044564 -0.379967129 0.478261598 -0.009694361 0.936781647 -0.035870795 0.347935988 -0.008616149 -0.028725402 0.051931840
