1750921983.200000048 -0.277949822 0.909346424 0.505123377 0.001424915 -0.822598556 0.090275319 0.561408899 -0.128880476 -0.292112733 -1.723244663
1750921983.299999952 -0.118844798 0.910649535 0.543353143 0.002785783 -0.787977879 0.090390891 0.609025934 -0.200749685 -0.257219707 -1.760109199
1750921983.400000095 0.063560897 0.913513322 0.559345706 0.002499648 -0.744919649 0.091180121 0.660889290 -0.142120736 -0.182399069 -1.603973824
1750921983.500000000 0.226784514 0.923363949 0.554567477 -0.003060919 -0.704115162 0.087620452 0.704652486 -0.104479546 -0.100125490 -1.719836737
1750921983.599999905 0.384770258 0.933510633 0.533646517 -0.005389718 -0.661907978 0.086074621 0.744607238 -0.071685485 0.094962761 -1.670138739
1750921983.700000048 0.560676238 0.965024926 0.502334158 -0.010407758 -0.608591054 0.077353492 0.789636021 -0.169237819 -0.028081731 -1.620226250
1750921983.799998999 0.699735116 0.967237295 0.439656161 -0.009912527 -0.564725824 0.075427049 0.821764714 -0.209893765 -0.053632200 -1.500225209
1750921983.899998903 0.833944614 0.962248538 0.357689460 -0.011539123 -0.522271187 0.074015423 0.849483003 -0.213662863 -0.121863026 -1.691762899
1750921983.999999046 0.983394993 0.958959176 0.252787184 -0.010113342 -0.473465680 0.071574580 0.877841130 -0.188632735 -0.205228023 -1.632158926
1750921984.099998951 1.109611846 0.944636839 0.144152249 -0.008363208 -0.430971752 0.070213068 0.899590757 -0.199854092 -0.218129836 -1.639680180
1750921984.199999094 1.217571398 0.941301891 0.025663831 -0.008864569 -0.388008756 0.067674725 0.919124995 -0.245231295 -0.070592302 -1.657897195
1750921984.299998999 1.329028101 0.927644191 -0.123850660 -0.010824289 -0.339569874 0.066272814 0.938180713 -0.170930303 -0.141062253 -1.710069750
1750921984.399998903 1.411930467 0.915615712 -0.263285503 -0.011188851 -0.294639432 0.065639568 0.953285824 -0.101356530 -0.170694797 -1.770608979
1750921984.499999046 1.486419992 0.901203745 -0.409791566 -0.009008646 -0.245382525 0.062444124 0.967371176 -0.101196796 -0.144540446 -1.701068970
1750921984.599998951 1.547371540 0.886346812 -0.583344837 -0.007591856 -0.185520049 0.061511152 0.980683972 -0.056198286 -0.233400099 -1.717876508
1750921984.699999094 1.631244140 0.859479019 -0.761290101 -0.004579649 -0.125490181 0.059754046 0.990283139 0.470978585 -0.337284697 -2.051629737
1750921984.799998999 1.716167658 0.829439091 -0.927807172 -0.007136438 -0.059828827 0.058689024 0.996456312 1.152841011 -0.486752386 -1.957005575
1750921984.899997950 1.746796345 0.821851015 -1.109991982 -0.011491047 0.008428457 0.055774895 0.998341664 -0.098460860 -0.102519221 -1.725697555
1750921984.999998093 1.719747353 0.803675349 -1.271079959 -0.013070690 0.064744340 0.050472637 0.996538931 -0.201125020 -0.084861701 -1.657950389
1750921985.099997997 1.675290933 0.789138786 -1.417644992 -0.016321114 0.121569191 0.045746888 0.991393855 -0.212438996 0.010730302 -1.471163316
1750921985.199997902 1.608561798 0.773318893 -1.583213761 -0.021755362 0.184456675 0.040496666 0.981764971 -0.138469313 0.018990337 -1.621328247
1750921985.299998045 1.527895420 0.748004653 -1.709814322 -0.021496638 0.238277168 0.033692282 0.970374523 -0.422241283 -0.217167050 -1.513588488
1750921985.399997950 1.438684202 0.720636063 -1.835956983 -0.023888184 0.294287038 0.027665800 0.955017852 -0.115807805 -0.206008275 -1.719571931
1750921985.499998093 1.322865650 0.693040073 -1.958254766 -0.022798123 0.353371014 0.021692001 0.934953811 -0.096310679 -0.120121371 -1.588795215
1750921985.599997997 1.206301287 0.663185833 -2.064333724 -0.020854122 0.404456001 0.013949598 0.914213245 -0.038313999 -0.206318022 -1.707923467
1750921985.699997902 1.083943682 0.642927687 -2.157077959 -0.022104809 0.455215829 0.008198668 0.890068935 0.014346764 -0.294435123 -1.706778240
1750921985.799998045 0.932205806 0.617075650 -2.238727215 -0.021540108 0.510327764 0.002439624 0.859706721 -0.098286302 -0.084753834 -1.603698703
1750921985.899996996 0.779026943 0.587504916 -2.291153305 -0.018516375 0.556055120 -0.002046381 0.830936616 -0.206147274 -0.224894614 -1.654821178
1750921985.999996901 0.614025140 0.557045588 -2.319331861 -0.014846806 0.598193357 -0.009316874 0.801160081 -0.384129788 -0.391821940 -1.873176484
1750921986.099997044 0.410776812 0.518834036 -2.339081771 -0.011350973 0.646961253 -0.017848722 0.762229438 -0.031005259 -0.175501416 -1.778537979
1750921986.199996948 0.247599545 0.518352801 -2.364659362 -0.011143396 0.693665592 -0.019713240 0.719941150 0.104277190 0.120125146 -1.549396816
1750921986.299997091 0.089859146 0.513414522 -2.374193328 -0.011480359 0.737752392 -0.024610877 0.674524955 0.277621290 -0.118965855 -1.679008563
1750921986.399996996 -0.088794292 0.496126508 -2.351231373 -0.010450158 0.783212165 -0.031737899 0.620856026 -0.138771432 -0.168670307 -1.707930385
1750921986.499996901 -0.238969924 0.494346150 -2.293721519 -0.011404747 0.817904394 -0.035127739 0.574167550 -0.142514645 -0.113650001 -1.570227386
1750921986.599997044 -0.376685249 0.489133387 -2.211712037 -0.010143075 0.847574358 -0.036017354 0.529355812 -0.183715322 -0.164533702 -1.663727468
1750921986.699996948 -0.525626695 0.487666099 -2.108161638 -0.010974922 0.878848308 -0.036513994 0.475575368 -0.113417395 -0.041074728 -1.677962134
1750921986.799997091 -0.643212670 0.489720687 -1.998888572 -0.009553248 0.903863700 -0.042631462 0.425583959 -0.195408918 -0.094572543 -1.671884975
1750921986.899996996 -0.750324220 0.490359244 -1.873095453 -0.009362547 0.926207928 -0.044516299 0.374258621 -0.152991697 -0.107461224 -1.772781592
1750921986.999995947 -0.858127258 0.491416877 -1.715554238 -0.007067470 0.947592962 -0.045833107 0.316096433 -0.231061276 -0.212516938 -1.710025742
1750921987.099996090 -0.937605793 0.500134492 -1.562772788 -0.007939519 0.963423637 -0.044409766 0.264158348 -0.187446473 -0.053664169 -1.814735767
1750921987.199995995 -1.006002713 0.506501205 -1.406437292 -0.007646135 0.976489845 -0.047007742 0.210236511 -0.009387443 -0.014369717 -1.787066994
1750921987.299995899 -1.069645330 0.515771612 -1.213130667 -0.009087682 0.987870392 -0.048887545 0.147103739 0.116250023 -0.192430964 -2.003954054
1750921987.399996042 -1.124372122 0.521241645 -1.040016328 -0.013225576 0.994733848 -0.051428712 0.087662670 0.184325799 -0.118788927 -2.103830064
1750921987.499995947 -1.125910947 0.523841841 -0.848626475 -0.012548728 0.998145818 -0.051101900 0.030594953 -0.125623835 -0.223998377 -2.095364553
1750921987.599996090 -1.119061671 0.528633047 -0.646550819 -0.012431535 0.997605747 -0.058703401 -0.034382286 -0.174514212 -0.176181818 -1.788382703
1750921987.699995995 -1.091313758 0.539856884 -0.482536346 -0.012146963 0.993864437 -0.058949039 -0.092795169 -0.135702113 -0.034149681 -1.580253663
1750921987.799995899 -1.047250119 0.560054650 -0.324951889 -0.014029325 0.986373099 -0.064729106 -0.150603556 -0.437881287 0.409613939 -1.051553549
1750921987.899996042 -0.993805840 0.597463555 -0.177251794 -0.012885408 0.974666146 -0.066070720 -0.213294470 0.168405132 -0.176700900 -1.510667841
1750921987.999994993 -0.898714565 0.621816397 -0.043127459 -0.010611887 0.961808579 -0.066392440 -0.265336936 0.118010082 0.182503527 -1.480516426
1750921988.099994898 -0.814531972 0.639458785 0.079691907 -0.009848904 0.945305935 -0.068378860 -0.318785226 0.428118695 -0.448608392 -1.541672984
1750921988.199995041 -0.714497729 0.653764460 0.218111613 -0.007208820 0.922330468 -0.068786606 -0.380161733 0.208203580 -0.061072679 -1.619737618
1750921988.299994946 -0.606575657 0.670162504 0.320960224 -0.006273393 0.898799354 -0.069449388 -0.432778406 -0.300570611 -0.189300311 -2.164712980
1750921988.399995089 -0.449476951 0.672499332 0.416291980 -0.008916893 0.873172037 -0.070085781 -0.482264519 -0.089632967 -0.162333507 -1.813573170
1750921988.499994993 -0.258930849 0.656347254 0.500740108 0.009789684 -0.842918205 0.071742127 0.533147381 -0.184796018 -0.849849433 -1.818126089
1750921988.599994898 -0.105850030 0.663192976 0.576451654 0.014630225 -0.809669634 0.071442749 0.582337509 -0.008152280 -0.437089217 -1.762984160
1750921988.699995041 0.047638517 0.654181295 0.638307097 0.013124405 -0.765788694 0.072054932 0.638908062 0.325588695 0.155008338 -1.645150789
1750921988.799994946 0.229743913 0.675868871 0.692424354 0.014864731 -0.711835048 0.069819303 0.698709646 0.353689946 -0.020895713 -1.790500149
1750921988.899995089 0.407419886 0.673024763 0.684983067 0.014874320 -0.666984721 0.069421414 0.741681067 -0.051001343 -0.319659296 -1.890941474
1750921988.999994993 0.587896339 0.676252810 0.648163290 0.014720521 -0.621412871 0.068699946 0.780326641 -0.101377025 -0.245310336 -2.018994547
1750921989.099993944 0.779148169 0.679678945 0.576193185 0.014225114 -0.573891076 0.071292969 0.815698469 -0.200390568 -0.429683720 -1.718455301
1750921989.199994087 0.955398762 0.696652254 0.506740186 0.009277975 -0.522530024 0.072599920 0.849473687 0.040901676 0.036259861 -2.008841389
1750921989.299993992 1.116864547 0.711296187 0.411717858 0.004957758 -0.473384480 0.068798105 0.878151112 -0.163842020 0.103645655 -1.735505106
1750921989.399993896 1.265224252 0.722322829 0.282020070 -0.001067560 -0.418851230 0.058243654 0.906184409 -0.154740423 -0.221073211 -1.804440751
1750921989.499994040 1.384072156 0.716838049 0.154658009 -0.000916751 -0.369436410 0.053908037 0.927690585 -0.164264207 -0.150631828 -1.788843982
1750921989.599993944 1.486553775 0.711308230 0.019010616 -0.001104443 -0.318730393 0.051810772 0.946427684 -0.170772000 0.005719177 -1.702207254
1750921989.699994087 1.575844479 0.706017361 -0.142690187 -0.001699621 -0.261582592 0.050988484 0.963831849 -0.178888963 -0.161353268 -1.709132543
1750921989.799993992 1.644924712 0.695137373 -0.299511782 -0.003546659 -0.209874997 0.049459570 0.976469998 -0.110543935 -0.075930849 -1.648462123
1750921989.899993896 1.699292702 0.687451331 -0.460499698 -0.003817381 -0.155506813 0.042099539 0.986929930 -0.167468984 -0.170640037 -1.677431619
1750921989.999994040 1.730428699 0.672698901 -0.644963838 0.000656743 -0.090945612 0.040481135 0.995032533 -0.091417687 -0.168839390 -1.768087444
1750921990.099992990 1.743373582 0.661193501 -0.820628837 0.001849343 -0.030967443 0.036444767 0.998854032 -0.202599686 -0.126169485 -1.852723918
1750921990.199992895 1.750020886 0.662745613 -0.993757914 -0.005518480 0.028697721 0.032063360 0.999058521 -0.264483542 -0.187004225 -1.865090061
1750921990.299993038 1.718973543 0.646092639 -1.186735452 -0.005822477 0.090419827 0.028618362 0.995475436 0.027463170 -0.105256291 -1.760530208
1750921990.399992943 1.714826779 0.660943494 -1.346614522 -0.012117780 0.148888955 0.024159312 0.988484479 -0.092418365 -0.087279635 -1.799274773
1750921990.499993086 1.636881424 0.637201075 -1.494177317 -0.015981465 0.195247933 0.017766795 0.980462737 -0.102892414 -0.152226250 -1.846057883
1750921990.599992990 1.538691595 0.614262694 -1.661140190 -0.018716081 0.247387446 0.014097255 0.968633278 -0.148996475 -0.239457546 -1.885959308
1750921990.699992895 1.429004833 0.590298873 -1.806580149 -0.019428738 0.293984660 0.008946543 0.955570773 -0.189836537 -0.122862319 -1.839932602
1750921990.799993038 1.305233704 0.568787066 -1.935245585 -0.018114549 0.338011330 0.005156714 0.940953565 -0.187710596 -0.149271849 -1.830048014
1750921990.899992943 1.156364917 0.547679939 -2.072942502 -0.019264890 0.385491499 -0.001502085 0.922509031 -0.190529828 -0.133297688 -1.802756050
1750921990.999993086 1.023002501 0.530561780 -2.175755707 -0.015953006 0.427290117 -0.006833684 0.903947984 -0.019406757 0.033561103 -1.563598679
1750921991.099992990 0.875813585 0.509799491 -2.275481432 -0.018438488 0.470106032 -0.013542707 0.882313400 -0.214136181 -0.207732497 -1.953180260
1750921991.199991941 0.694405162 0.494676134 -2.358493634 -0.016546020 0.517212856 -0.017740545 0.855512924 -0.164754074 -0.121921822 -1.817533510
1750921991.299992085 0.518940640 0.462955694 -2.414432987 -0.012034780 0.560439426 -0.021213227 0.827836223 -0.128461763 -0.144311800 -1.692053764
1750921991.399991989 0.355027938 0.450259015 -2.462480070 -0.011579596 0.606799060 -0.025012510 0.794377233 -0.080912275 -0.072687598 -1.800849523
1750921991.499991894 0.163329099 0.394484578 -2.493694929 0.000347560 0.658056979 -0.038096951 0.752003666 -0.608156812 -0.296806005 -2.002204672
1750921991.599992037 -0.033859836 0.352456189 -2.476727501 0.007440995 0.699063273 -0.046457451 0.713510250 -0.110706590 -0.289798027 -1.748863223
1750921991.699991941 -0.203253656 0.337722014 -2.471988796 0.011890375 0.742060986 -0.052399170 0.668175456 -0.096561302 -0.339313290 -1.636081261
1750921991.799992085 -0.376778098 0.351256090 -2.429613468 0.014918718 0.785012733 -0.056680980 0.616700662 -0.191151084 -0.030231457 -1.562221101
1750921991.899991989 -0.533602959 0.358799217 -2.370189688 0.019442730 0.819572814 -0.059860010 0.569507825 -0.241917556 -0.218071198 -1.829629038
1750921991.999991894 -0.679415075 0.367784109 -2.289218548 0.023291619 0.850836105 -0.061024901 0.521355334 -0.204932999 -0.102774963 -1.705057599
1750921992.099992037 -0.820100616 0.379052429 -2.174496453 0.025924731 0.880947802 -0.060898387 0.468561911 -0.321430561 -0.190446936 -1.623954764
1750921992.199990988 -0.936228162 0.389249303 -2.059368180 0.026658397 0.905237739 -0.060044736 0.419795898 -0.270359913 -0.146534393 -1.664974003
1750921992.299990892 -1.042375669 0.400216533 -1.933475223 0.029595813 0.927198763 -0.061830929 0.368243776 -0.218484406 -0.218474569 -1.767546280
1750921992.399991035 -1.141788483 0.411170394 -1.777170463 0.029000393 0.948308134 -0.061721937 0.309937191 -0.162221770 -0.197607970 -1.771488659
1750921992.499990940 -1.214961630 0.421040419 -1.627622050 0.029676250 0.964126099 -0.058969195 0.257104684 -0.232157649 -0.192340554 -1.698166175
1750921992.599991083 -1.276285893 0.429626858 -1.465316474 0.025670000 0.977019427 -0.053455222 0.204735512 -0.081325420 -0.139265881 -1.766331652
1750921992.699990988 -1.318873134 0.436904014 -1.279489047 0.031524070 0.987726778 -0.054578114 0.142910020 -0.163272819 -0.125420905 -1.689449772
1750921992.799990892 -1.346613401 0.447737049 -1.115148738 0.028611058 0.994279844 -0.054447109 0.087318453 -0.140041768 -0.092692074 -1.645795681
1750921992.899991035 -1.367154177 0.458326281 -0.933837185 0.025213628 0.997823339 -0.052995170 0.030072728 0.084654631 -0.210424549 -2.054718284
1750921992.999990940 -1.351013709 0.466189464 -0.730478607 0.024807730 0.997982253 -0.048813363 -0.032144269 -0.682526708 0.121457702 -1.510608142
1750921993.099991083 -1.307281214 0.473890468 -0.564883431 0.024457444 0.994740431 -0.048158885 -0.087028900 -0.216738219 -0.092606338 -1.748861279
1750921993.199990988 -1.249589093 0.485496831 -0.416323895 0.026410661 0.988319477 -0.046276909 -0.142777927 -0.103625283 0.131966086 -1.316863474
1750921993.299989939 -1.162321109 0.496554105 -0.278251783 0.025785226 0.977817754 -0.043736944 -0.203210831 -0.142076124 -0.086798356 -1.585785815
1750921993.399990082 -1.079458978 0.528196337 -0.175094709 0.022264040 0.964860341 -0.042248370 -0.258387131 -0.105873428 0.455430649 -1.459431476
1750921993.499989986 -1.005275334 0.556095993 -0.061687844 0.022745932 0.948724099 -0.040823776 -0.312631775 -0.065779989 0.070533940 -1.234803398
1750921993.599989891 -0.901143457 0.574082990 0.058639673 0.022620116 0.926968173 -0.038557648 -0.372466972 0.006301206 0.091897750 -1.349427366
1750921993.699990034 -0.788195501 0.581560579 0.155387451 0.027346900 0.904382614 -0.035829785 -0.424335318 -0.064022583 0.097997882 -1.562932553
1750921993.799989939 -0.676139488 0.585616670 0.240105600 0.029302545 0.877835504 -0.034613368 -0.476810344 0.084130326 0.145813611 -1.510614963
1750921993.899990082 -0.522771684 0.588391136 0.328439364 -0.033009618 -0.843818765 0.031102814 0.534708211 -0.176609595 -0.033484172 -1.916875993
1750921993.999989986 -0.360466510 0.572608349 0.376835839 -0.030205274 -0.812576152 0.030479636 0.581273283 -0.199096503 -0.138724655 -1.735386961
1750921994.099989891 -0.192835271 0.547105063 0.410560930 -0.027771184 -0.778598581 0.027844548 0.626288824 -0.208875493 -0.199735549 -1.721483448
1750921994.199990034 -0.006683607 0.525588581 0.422283623 -0.024754819 -0.737126022 0.025773432 0.674809719 -0.253448772 -0.172362992 -1.710705394
1750921994.299988985 0.148270171 0.504649077 0.417443848 -0.022421801 -0.696842501 0.023788966 0.716478804 -0.028666890 -0.220096889 -1.622688194
1750921994.399988890 0.302093408 0.484495301 0.389333671 -0.015334214 -0.655012320 0.024247663 0.755073357 -0.272470987 -0.303517623 -1.521452186
1750921994.499989033 0.456832881 0.465120762 0.339565724 -0.013691578 -0.603977736 0.019337558 0.796648915 -0.263535045 -0.140820259 -1.593200084
1750921994.599988937 0.590167063 0.447837834 0.275727235 -0.010087883 -0.558232211 0.018239473 0.829422905 -0.070856564 -0.271949115 -1.559735465
1750921994.699989080 0.712738261 0.432988933 0.196228886 -0.005797684 -0.510907732 0.016263582 0.859462141 -0.184788497 -0.120805313 -1.517974409
1750921994.799988985 0.830125631 0.424135279 0.093784598 -0.003211182 -0.457349861 0.012994886 0.889186103 -0.242499423 -0.099451889 -1.436823019
1750921994.899988890 0.946326959 0.415115516 -0.000225131 -0.000761234 -0.402629760 0.008276561 0.915325186 0.092306952 -0.122058260 -1.581803125
1750921994.999989033 1.050451198 0.400357108 -0.114463669 0.002523015 -0.349266724 0.009052260 0.936976225 -0.103588123 -0.165292756 -1.634811110
1750921995.099988937 1.133630021 0.386769365 -0.258451106 0.004603978 -0.295210203 0.008844067 0.955380302 -0.198205970 -0.131310601 -1.494139029
1750921995.199989080 1.202793348 0.380529405 -0.397993919 0.003576567 -0.246734837 0.005256175 0.969062176 -0.106863746 -0.019775254 -1.606624457
1750921995.299988985 1.252527141 0.370102507 -0.543205781 0.005321975 -0.199257967 0.003556185 0.979926167 -0.163639632 -0.238021376 -1.708213468
1750921995.399987936 1.295151892 0.358535276 -0.714042195 0.009954042 -0.144305119 0.001092394 0.989482570 -0.138404359 -0.203098957 -1.718066580
1750921995.499988079 1.321796495 0.346472210 -0.876851946 0.011149460 -0.093058282 -0.001250929 0.995597449 -0.121170206 -0.331827746 -1.879197712
1750921995.599987984 1.343886115 0.327886060 -1.055079428 0.013230265 -0.038913893 -0.003903291 0.999147353 0.041704669 -0.149219883 -1.898966012
1750921995.699987888 1.346953431 0.303258137 -1.260369468 0.017639368 0.025082716 -0.005538166 0.999514401 -0.284674243 -0.322828103 -1.951484243
1750921995.799988031 1.321401190 0.291628483 -1.439018312 0.019464223 0.082280207 -0.007492866 0.996390972 -0.108264915 -0.200243717 -1.920559997
1750921995.899987936 1.272755720 0.295130716 -1.604811807 0.018392049 0.139902939 -0.008652008 0.989956586 -0.128108601 -0.037951088 -1.745230075
1750921995.999988079 1.192043155 0.286609245 -1.782400600 0.018412069 0.205929701 -0.013418772 0.978301533 -0.205592647 -0.249899366 -1.873506485
1750921996.099987984 1.109261591 0.287784308 -1.927281883 0.016881008 0.265068219 -0.014259040 0.963976426 -0.088803453 -0.009835965 -1.659958006
1750921996.199987888 0.996231619 0.265315236 -2.052298908 0.020204138 0.321838283 -0.018748990 0.946393358 -0.139344641 -0.123941857 -1.735040839
1750921996.299988031 0.868274884 0.258634773 -2.189287870 0.020784938 0.387172551 -0.024521699 0.921446736 -0.027472034 -0.155884638 -1.665558062
1750921996.399986982 0.747535236 0.255200965 -2.291379550 0.021237193 0.443746138 -0.028693367 0.895441253 0.032529892 -0.169299051 -1.647894882
1750921996.499986887 0.613879660 0.249246665 -2.394652888 0.022227560 0.497992476 -0.035037581 0.866188084 0.319500588 -0.219774652 -1.824629094
1750921996.599987030 0.445733985 0.252453039 -2.480150462 0.019890694 0.551890401 -0.034892306 0.832948902 0.290170129 -0.020567842 -1.893354653
1750921996.699986935 0.289092639 0.259723047 -2.539550311 0.025954805 0.598055423 -0.037154330 0.800172241 -0.111807980 -0.073406718 -1.651297339
1750921996.799987078 0.119206458 0.249685061 -2.564438392 0.030733157 0.640403471 -0.038351709 0.766464620 -0.143234519 -0.124683033 -1.681304382
1750921996.899986982 -0.096955073 0.198525580 -2.533275814 0.044592621 0.679085694 -0.048955968 0.731065955 -0.774615664 -0.911851505 -2.134891645
1750921996.999986887 -0.301931919 0.168687920 -2.524085206 0.053873967 0.718385115 -0.056750878 0.691230613 0.119663705 -0.462629919 -1.981624703
1750921997.099987030 -0.494141418 0.178156555 -2.525835994 0.055370475 0.760565760 -0.056057152 0.644462125 0.709272421 -0.411052824 -1.994828890
1750921997.199986935 -0.688479538 0.189083623 -2.541064933 0.058893097 0.810038669 -0.058438553 0.580477298 0.456852230 -0.207871094 -1.686376084
1750921997.299987078 -0.855468147 0.204668506 -2.518944285 0.062724366 0.849651027 -0.058972385 0.520270164 0.025953086 -0.093334714 -1.775195260
1750921997.399986982 -0.999194604 0.219898851 -2.420382938 0.067397649 0.877118727 -0.059828045 0.471742410 -0.128438549 -0.151912340 -1.855374276
1750921997.499985933 -1.150066246 0.242290346 -2.285085961 0.071321522 0.905078700 -0.055676632 0.415506799 -0.178952445 -0.061260456 -1.910986934
1750921997.599986076 -1.262616228 0.260074812 -2.154418344 0.072534431 0.927386709 -0.052800949 0.363186877 -0.194178853 -0.085891652 -1.722210271
1750921997.699985981 -1.366154995 0.271066438 -2.011619763 0.073692652 0.947023627 -0.050947286 0.308415333 -0.127893343 -0.068383890 -1.809904869
1750921997.799985886 -1.460364622 0.287713780 -1.837677033 0.071901332 0.965452737 -0.047793017 0.245859793 -0.127797742 -0.120513483 -1.795951077
1750921997.899986029 -1.522240302 0.297976873 -1.675206034 0.071267439 0.978317854 -0.043131728 0.189617464 -0.059698279 -0.044356246 -1.861726999
1750921997.999985933 -1.570358841 0.302425062 -1.499045902 0.069742893 0.987966521 -0.037190773 0.132947092 -0.068625575 0.030373550 -1.739947490
1750921998.099986076 -1.600407204 0.306433023 -1.306258638 0.067436476 0.994721046 -0.031873329 0.070473065 -0.200160867 -0.087607961 -1.695963244
1750921998.199985981 -1.616973342 0.307308940 -1.128775295 0.067422640 0.997212720 -0.029793687 0.011546227 0.058929394 -0.173833759 -1.733780127
1750921998.299985886 -1.612207956 0.309058572 -0.952675347 0.064927778 0.996285524 -0.029122272 -0.048491564 0.055108989 -0.098583593 -1.834398073
1750921998.399986029 -1.583902490 0.306494968 -0.736271009 0.060824933 0.991257985 -0.023510582 -0.114696062 0.077347896 -0.146350192 -2.185280721
1750921998.499984980 -1.529675008 0.311235889 -0.572678371 0.058967747 0.983144401 -0.019626384 -0.171943875 -0.169932590 0.007680793 -1.842357807
1750921998.599984884 -1.449683684 0.304497643 -0.415212422 0.056528244 0.971636956 -0.017994763 -0.228915644 -0.030472766 0.017725893 -1.586569813
1750921998.699985027 -1.347283772 0.299498766 -0.254832085 0.056868211 0.954637856 -0.013758284 -0.291964518 -0.168563321 -0.027414724 -1.980280045
1750921998.799984932 -1.272574223 0.316832041 -0.123014834 0.051702707 0.935368333 -0.010760085 -0.349710069 0.113282817 0.130330549 -1.537451347
1750921998.899985075 -1.163860143 0.319970882 0.000487956 0.047406363 0.912880257 -0.009952014 -0.405343350 -0.342547041 0.104020683 -1.698501412
1750921998.999984980 -1.002606666 0.313199654 0.101960544 0.045469794 0.886460252 -0.008107606 -0.460494285 -0.218701717 0.015784286 -1.853228342
1750921999.099984884 -0.870643315 0.306669573 0.187097568 -0.043653369 -0.859460447 0.006958057 0.509287453 -0.170973415 -0.010395894 -1.673173522
1750921999.199985027 -0.715423307 0.295822514 0.250768522 -0.041801350 -0.830433526 0.004475898 0.555529273 -0.204304989 0.169022367 -1.661075230
1750921999.299984932 -0.539297534 0.302070659 0.312759815 -0.041394414 -0.792907214 -0.002045303 0.607931304 0.022054353 -0.124348244 -1.899313992
1750921999.399985075 -0.364914989 0.276714866 0.335681676 -0.038965027 -0.758000856 -0.003874342 0.651077121 -0.160667885 -0.179994656 -1.936683034
1750921999.499984980 -0.190200936 0.241467914 0.346370755 -0.034001375 -0.719974415 -0.006460087 0.693137083 -0.038064226 -0.839201738 -2.007194861
1750921999.599983931 0.013248684 0.193399264 0.332501694 -0.025256916 -0.673411367 -0.007456904 0.738798764 -0.147461044 -0.295765630 -1.986461764
1750921999.699984074 0.185679563 0.170109881 0.298672601 -0.018855187 -0.629094486 -0.009240187 0.777045191 0.145732750 -0.287063069 -1.764826412
1750921999.799983978 0.346399953 0.139649495 0.237246238 -0.016852522 -0.585488902 -0.010851291 0.810432593 -0.172000987 -0.407591181 -1.809241358
1750921999.899983883 0.521986762 0.120607857 0.148159397 -0.007776684 -0.534403996 -0.011220285 0.845118925 -0.119260450 -0.080495903 -1.779246775
1750921999.999984026 0.667893204 0.106305878 0.055815244 -0.001576690 -0.488362778 -0.014079649 0.872525687 -0.125007529 -0.070949081 -1.778797924
1750922000.099983931 0.808356120 0.092168791 -0.049187636 0.004455644 -0.438329381 -0.016019255 0.898660606 -0.086067863 -0.242779662 -1.857341150
1750922000.199984074 0.950715899 0.082578364 -0.183456694 0.008794982 -0.378316392 -0.018428229 0.925451109 -0.148746063 -0.219779621 -1.797087592
1750922000.299983978 1.070075534 0.078458826 -0.319942428 0.011123366 -0.323470889 -0.024806631 0.945847496 -0.040031631 0.027768362 -1.896775826
1750922000.399983883 1.159681075 0.075905751 -0.472661827 0.015002911 -0.270670262 -0.028141201 0.962143749 -0.118459785 -0.112024354 -1.789545811
1750922000.499984026 1.244909577 0.071695761 -0.652414682 0.016851475 -0.209010983 -0.032751008 0.977219427 -0.001270216 -0.045662591 -1.941210433
1750922000.599982977 1.299043088 0.065143134 -0.819906358 0.018879525 -0.155331431 -0.033249700 0.987122164 -0.049410284 -0.108197742 -1.761658325
1750922000.699982882 1.337084806 0.063316842 -0.989046771 0.023403227 -0.102348198 -0.036345453 0.993808907 -0.057689991 -0.091859907 -1.753992416
1750922000.799983025 1.355267981 0.059771235 -1.175459111 0.029250698 -0.041247205 -0.039378307 0.997944093 0.004164123 -0.132288951 -1.715220523
1750922000.899982929 1.354909635 0.050403994 -1.357256780 0.037987006 0.014977124 -0.039022881 0.998403670 -0.056761647 -0.243235710 -1.833315792
1750922000.999983072 1.319431217 0.055920766 -1.520239480 0.040727615 0.068856733 -0.039283725 0.996020482 -0.184807214 -0.035162050 -1.703931386
1750922001.099982977 1.264149265 0.059085784 -1.708927823 0.041303650 0.133754282 -0.039255760 0.989374947 -0.060627785 -0.072193606 -1.783878273
1750922001.199982882 1.207411668 0.061632428 -1.877475075 0.042749152 0.191811533 -0.041324972 0.979629059 -0.001886834 -0.170202851 -1.812423190
1750922001.299983025 1.166513927 0.072740019 -2.044231693 0.043709511 0.254757403 -0.041611057 0.965120026 0.740084959 0.215985051 -1.704334023
1750922001.399982929 1.069465639 0.090476506 -2.211462203 0.042452776 0.322118541 -0.041234717 0.944847663 -0.134218170 -0.076763168 -1.787814691
1750922001.499983072 0.946047533 0.096955249 -2.336463913 0.040108607 0.376323788 -0.043159549 0.924612870 -0.127662428 -0.151189231 -1.819497509
1750922001.599982977 0.803395859 0.105471889 -2.444898754 0.043709323 0.428357844 -0.043564690 0.901499401 -0.145654764 -0.237693508 -1.917746035
1750922001.699981928 0.634946286 0.108591345 -2.549329850 0.045174222 0.483458250 -0.043797383 0.873103201 -0.313195340 -0.134688360 -1.512931034
1750922001.799982071 0.486141069 0.117379144 -2.624896433 0.051399415 0.530605028 -0.047874329 0.844703767 -0.030288311 -0.090921621 -1.605154068
1750922001.899981976 0.332502965 0.129875184 -2.677074069 0.051315546 0.575880450 -0.048890584 0.814455728 -0.212403474 -0.077860175 -1.694307319
1750922001.999982119 0.143228829 0.127949872 -2.719773788 0.056708153 0.625697329 -0.050533274 0.776359083 -0.098801579 -0.355575784 -1.792834183
1750922002.099982023 -0.030088914 0.137437043 -2.738790448 0.061530476 0.667732583 -0.051203256 0.740084742 -0.118457893 -0.283596134 -1.873919932
1750922002.199981928 -0.194426341 0.148406312 -2.739471214 0.065112399 0.708497947 -0.052114688 0.700767504 -0.072057082 0.067187463 -1.540444047
1750922002.299982071 -0.397117816 0.153382410 -2.741500017 0.074036000 0.753560262 -0.055525112 0.650832209 0.171730410 -0.297435962 -2.086524326
1750922002.399981976 -0.641982980 0.137358556 -2.778954960 0.083372022 0.801359065 -0.062823864 0.589004174 1.353082102 -0.576585848 -2.358168894
1750922002.499982119 -0.814578632 0.181544581 -2.762692741 0.079485921 0.841183722 -0.056628136 0.531869522 0.198116500 0.009111657 -1.976418620
1750922002.599982023 -0.987518376 0.195571963 -2.656946981 0.084569922 0.873460131 -0.058905582 0.475862859 -0.041303040 -0.209148835 -1.914175991
1750922002.699980974 -1.128713999 0.217323596 -2.545429388 0.087911178 0.899944515 -0.057924363 0.423103136 -0.066450920 -0.217955750 -1.923020686
1750922002.799981117 -1.258784357 0.228943278 -2.416616362 0.091283285 0.923385682 -0.055586309 0.368695547 -0.036721998 -0.124782845 -1.848603795
1750922002.899981022 -1.378018788 0.242779881 -2.248227205 0.095462790 0.945067567 -0.051374822 0.308374411 -0.198278286 -0.113820040 -1.836408689
1750922002.999980927 -1.457415772 0.255247258 -2.091515085 0.096787498 0.960927268 -0.049070169 0.254643052 -0.119960167 -0.139675631 -1.859837288
1750922003.099981070 -1.521186223 0.262850902 -1.928786841 0.098844909 0.973676587 -0.047363410 0.199850680 -0.194011464 -0.068150718 -1.767377853
1750922003.199980974 -1.568208739 0.273524128 -1.736967823 0.096689909 0.984854070 -0.041944383 0.137674219 -0.182322564 -0.036626738 -1.854908096
1750922003.299981117 -1.590970438 0.269462815 -1.557480908 0.099608304 0.990863218 -0.039382465 0.081959077 -0.154826350 -0.210716260 -1.890208733
1750922003.399981022 -1.598305069 0.262585157 -1.371912713 0.098660320 0.994232871 -0.031399553 0.027950082 -0.077908986 -0.183828918 -1.993541251
1750922003.499980927 -1.580141612 0.252165225 -1.179176097 0.100046149 0.994011988 -0.029164299 -0.032869121 -0.184424949 -0.061689620 -1.605292902
1750922003.599981070 -1.549234727 0.243234677 -1.004582579 0.096555296 0.991133429 -0.024521041 -0.087922234 -0.104477043 -0.135680043 -1.810770988
1750922003.699980021 -1.502442291 0.233062541 -0.823577758 0.094454363 0.984810054 -0.017764789 -0.144609622 0.071821884 -0.203712039 -2.100742791
1750922003.799979925 -1.431080934 0.219879863 -0.600830047 0.090182958 0.974200503 -0.010938955 -0.206593209 0.549208606 -0.085669265 -2.317595128
1750922003.899980068 -1.363711464 0.213475960 -0.432396158 0.084522485 0.960369858 -0.003406876 -0.265582525 0.470290939 0.097369170 -1.707088216
1750922003.999979973 -1.273719489 0.199662288 -0.293382760 0.081823987 0.943012278 0.000618132 -0.322540379 -0.098777113 0.021130383 -1.759237884
1750922004.099980116 -1.150056353 0.191913168 -0.174062811 0.078368971 0.920751048 0.006122125 -0.382149620 -0.127295921 0.011154411 -1.605129166
1750922004.199980021 -1.033349661 0.193761638 -0.078481281 0.074610899 0.897230593 0.009967741 -0.435098977 -0.101683708 0.087502214 -1.413967944
1750922004.299979925 -0.904125868 0.203725730 -0.016880837 0.070970456 0.872549262 0.014429789 -0.483128101 -0.420989987 0.532719281 -1.313869775
1750922004.399980068 -0.739713984 0.214048071 0.031009039 -0.069027968 -0.842379120 -0.023381859 0.533934310 0.166146357 0.549895908 -1.988746069
1750922004.499979973 -0.604823307 0.184900548 0.089991517 -0.066672917 -0.810734415 -0.029041487 0.580879525 0.174440873 -0.394019785 -1.745111900
1750922004.599980116 -0.452507446 0.156118925 0.138558442 -0.060802444 -0.776000712 -0.030063014 0.627074296 -0.187966357 0.128333874 -1.663705983
1750922004.699980021 -0.271411848 0.133170966 0.159603697 -0.057225618 -0.734184039 -0.035162646 0.675620170 -0.097829767 -0.060319281 -1.808941677
1750922004.799978971 -0.097491963 0.081795425 0.142275799 -0.052823546 -0.696929300 -0.038110158 0.714175636 -0.349658044 -0.414373116 -1.993596565
1750922004.899979115 0.082071075 0.032970855 0.118203975 -0.043693650 -0.655534615 -0.042654516 0.752692384 -0.019690850 -0.579252112 -1.909777424
1750922004.999979019 0.273434815 -0.023490873 0.088560497 -0.033131157 -0.601140873 -0.046901978 0.797077275 0.154268903 -0.102778671 -1.810796894
1750922005.099978924 0.435239351 -0.062090799 0.018296608 -0.022825882 -0.554075732 -0.049164542 0.830699651 -0.163361241 -0.248011123 -1.824563606
1750922005.199979067 0.584061185 -0.092908947 -0.069961832 -0.015478589 -0.502188607 -0.052817773 0.863004808 -0.129926312 -0.248895394 -1.902924214
1750922005.299978971 0.738585930 -0.126950339 -0.190249729 -0.007461182 -0.444153730 -0.055545048 0.894196031 -0.119828983 -0.122851829 -1.802583755
1750922005.399979115 0.878836916 -0.142418429 -0.295731888 0.000176966 -0.385154271 -0.059415094 0.920937567 0.278585946 0.179852412 -1.769329747
1750922005.499979019 1.006183501 -0.158946777 -0.418935453 0.007858457 -0.322906691 -0.057242827 0.944665429 0.388447718 0.152786781 -1.842610894
1750922005.599978924 1.105009584 -0.170832772 -0.586547956 0.014412613 -0.263066329 -0.060692934 0.962758927 -0.202775394 -0.176759277 -1.771872973
1750922005.699979067 1.171323908 -0.177945463 -0.744011311 0.018440301 -0.209755702 -0.064055338 0.975479069 -0.160625974 -0.035655099 -1.764573747
1750922005.799978018 1.218927273 -0.182282551 -0.907779602 0.024450653 -0.156311678 -0.066251625 0.985179957 -0.198420182 -0.113500502 -1.778341584
1750922005.899977922 1.249103121 -0.183726319 -1.095397760 0.031618429 -0.098000099 -0.068638888 0.992312934 -0.155200579 -0.032214501 -1.819110512
1750922005.999978065 1.258398669 -0.181130739 -1.264067155 0.036515003 -0.045875704 -0.071780190 0.995695575 -0.129507327 -0.115310899 -1.759860946
1750922006.099977970 1.250866164 -0.176294357 -1.433939930 0.041318565 0.007412551 -0.072646494 0.996473942 -0.159795174 -0.173618937 -1.808432646
1750922006.199978113 1.219367883 -0.170026186 -1.624787189 0.049897220 0.067169267 -0.072445524 0.993856229 -0.104098272 -0.132214896 -1.712044029
1750922006.299978018 1.173843183 -0.166854479 -1.808561936 0.060388097 0.123534116 -0.071867148 0.987890537 -0.003122631 -0.353860803 -2.124201706
1750922006.399977922 1.105754015 -0.159548888 -1.981122092 0.069358737 0.179950501 -0.070340294 0.978702930 -0.039437507 -0.404336105 -2.095160508
1750922006.499978065 1.030758708 -0.122058612 -2.158428778 0.065273448 0.246655122 -0.073508792 0.964104292 -0.138852001 -0.011974365 -1.746734143
1750922006.599977970 0.926855052 -0.098909722 -2.301368952 0.067956576 0.300062818 -0.071883640 0.948776555 -0.128412239 0.091351336 -1.797751170
1750922006.699978113 0.819947142 -0.067360172 -2.430651820 0.069270790 0.353855899 -0.072993058 0.929870730 -0.248262342 0.037715523 -1.585742068
1750922006.799978018 0.676423598 -0.038494394 -2.557608320 0.069061599 0.415573394 -0.070629372 0.904179596 -0.128339423 -0.222093756 -1.901092381
1750922006.899976969 0.538316315 -0.020002276 -2.643227340 0.072596540 0.466479329 -0.071915689 0.878609647 -0.109343570 -0.076314351 -1.659175721
1750922006.999977112 0.378118600 -0.001433561 -2.722217097 0.073442417 0.516080291 -0.071424607 0.850391598 -0.154365940 -0.153582091 -1.936782715
1750922007.099977016 0.193188691 0.024222041 -2.783529522 0.078436528 0.568723755 -0.072254955 0.815585816 -0.160431733 -0.052859827 -1.735626932
1750922007.199976921 0.025632849 0.042931859 -2.826379984 0.083179345 0.612111008 -0.072223623 0.783061338 -0.017287069 -0.155366902 -1.727460967
1750922007.299977064 -0.145265807 0.059868344 -2.845624984 0.086852825 0.652847237 -0.073291710 0.748916149 0.248615643 -0.738593757 -2.157297016
1750922007.399976969 -0.346928956 0.074155421 -2.867047830 0.094487174 0.698936802 -0.077596004 0.704654795 0.087395558 -0.146842485 -1.809193589
1750922007.499977112 -0.515026342 0.097883331 -2.852271667 0.100712068 0.734579655 -0.074301131 0.666880163 -0.154082701 -0.283089526 -1.628025139
1750922007.599977016 -0.682600606 0.117380308 -2.809417886 0.103246882 0.768289483 -0.069391344 0.627898235 -0.119766878 -0.253512340 -1.835705375
1750922007.699976921 -0.876887976 0.131989537 -2.740817959 0.112064954 0.805681360 -0.068689005 0.577581866 0.121130024 -0.540819922 -1.970751778
1750922007.799977064 -1.052687222 0.132999321 -2.647911809 0.118203229 0.835954942 -0.072761370 0.530954909 -0.203134473 -0.193866243 -1.978925387
1750922007.899976015 -1.207099994 0.176876451 -2.570493014 0.117844454 0.868312594 -0.062602980 0.477730877 0.145090659 -0.006790148 -1.777665663
1750922007.999975920 -1.380522903 0.220648847 -2.495087259 0.118347119 0.904315679 -0.056609393 0.406204983 0.367952877 -0.007779050 -1.713197313
1750922008.099976063 -1.511558032 0.243832117 -2.384182604 0.119702857 0.929806889 -0.053489665 0.343902937 -0.129936556 -0.176155463 -1.884110479
1750922008.199975967 -1.615664018 0.253045862 -2.233032004 0.120896901 0.948091005 -0.050673815 0.289723228 -0.085693097 -0.153636786 -1.958068272
1750922008.299976110 -1.706630362 0.270682720 -2.052761026 0.119699982 0.965427279 -0.041675017 0.227783397 -0.080153801 -0.025902539 -1.825196764
1750922008.399976015 -1.756547922 0.276813524 -1.890961728 0.120261782 0.976773340 -0.035650306 0.173723926 -0.319387039 -0.226060216 -1.766362755
1750922008.499975920 -1.789069816 0.279504116 -1.720396329 0.120130811 0.985243850 -0.027831699 0.118695158 -0.168091448 -0.144892136 -1.762863523
1750922008.599976063 -1.805030830 0.276892066 -1.526895743 0.117541382 0.991262516 -0.020498080 0.056235909 -0.144629374 -0.127490505 -1.821422462
1750922008.699975967 -1.795233574 0.272171353 -1.357496066 0.115187458 0.993265045 -0.012499425 0.000404008 -0.169494252 -0.135545298 -1.886461148
1750922008.799976110 -1.774236251 0.255919136 -1.177327532 0.115481971 0.991693103 -0.005924913 -0.056334703 -0.214826826 -0.138400168 -1.826270787
1750922008.899976015 -1.730863435 0.237089792 -0.984274228 0.111032535 0.986811018 0.002091253 -0.117776984 -0.125457724 -0.212498472 -1.701044786
1750922008.999974966 -1.673721367 0.213082920 -0.798566519 0.108000430 0.979056846 0.008614326 -0.172364127 -0.025792744 -0.206854470 -2.157374034
1750922009.099975109 -1.606831229 0.188671771 -0.612556834 0.102115217 0.967824701 0.016493769 -0.229381311 0.512040896 -0.135712403 -2.133484334
1750922009.199975014 -1.500165963 0.159789161 -0.450288257 0.098716412 0.951529568 0.026183179 -0.290105139 -0.081134218 -0.106963762 -1.834865738
1750922009.299974918 -1.388411325 0.123449239 -0.320396884 0.092710255 0.934312713 0.030968440 -0.342790781 -0.117739756 -0.053199794 -1.785474207
1750922009.399975061 -1.267687134 0.095139695 -0.196507699 0.088786795 0.913278300 0.035714951 -0.395934457 -0.104711947 -0.188151485 -2.099894067
1750922009.499974966 -1.129201430 0.083987490 -0.073473461 0.080212664 0.885837710 0.041966262 -0.455078359 -0.101709244 0.013302682 -1.648112947
1750922009.599975109 -1.006206021 0.073881882 -0.004362917 -0.077489870 -0.858781929 -0.048823180 0.504088501 -0.165751076 -0.072374576 -1.461439970
1750922009.699975014 -0.866675525 0.050631483 0.058325130 -0.072070845 -0.830066369 -0.051878878 0.550548997 -0.263506780 0.437341900 -1.670995589
1750922009.799974918 -0.695265697 0.018275007 0.106287380 -0.067814288 -0.793979385 -0.055178273 0.601625562 -0.160168780 -0.202237010 -1.679958843
1750922009.899975061 -0.534939243 -0.021348035 0.128631711 -0.063568797 -0.758794377 -0.061550212 0.645291928 -0.267102586 -0.195445558 -2.036127055
1750922009.999974012 -0.397299743 -0.036029768 0.143425064 -0.059726021 -0.720204621 -0.064299018 0.688188741 0.004171344 0.265752004 -1.392809343
1750922010.099973917 -0.218418991 -0.080233723 0.117838924 -0.050370496 -0.676069735 -0.067220980 0.732034061 -0.235431270 -0.122874894 -1.638079101
1750922010.199974060 -0.060461469 -0.132576169 0.074465916 -0.042903026 -0.635307363 -0.070171833 0.767867045 -0.167761111 -0.419438651 -1.785802785
1750922010.299973965 0.087190114 -0.171269054 0.016112646 -0.036702838 -0.591468883 -0.075109814 0.801982530 -0.015226031 -0.100652443 -1.673321579
1750922010.399974108 0.239508315 -0.245664694 -0.041792351 -0.021079673 -0.532647214 -0.072778545 0.842938833 0.212569515 -0.856858393 -1.509174437
1750922010.499974012 0.364863250 -0.285476404 -0.122670407 -0.008468617 -0.481516929 -0.073771758 0.873285439 -0.041244248 -0.214347708 -1.587751219
1750922010.599973917 0.482064769 -0.307713710 -0.207754265 0.001618145 -0.426667436 -0.079478896 0.900908090 -0.506124671 0.034025561 -1.475624092
1750922010.699974060 0.582395777 -0.330695544 -0.353730153 0.009123753 -0.374948607 -0.081461770 0.923414468 -0.226093910 -0.078223932 -1.619238385
