1750921983.200000048 0.056963791 0.374234206 0.574130523 0.017745279 -0.719670035 0.027932101 0.693527176 -0.128880476 -0.292112733 -1.723244663
1750921983.299999952 0.219349000 0.363547000 0.556971000 0.022685271 -0.677657109 0.027993335 0.734494789 -0.200749685 -0.257219707 -1.760109199
1750921983.400000095 0.396519502 0.355758027 0.511301030 0.026615826 -0.626608383 0.029282511 0.778329022 -0.142120736 -0.182399069 -1.603973824
1750921983.500000000 0.549414891 0.358150486 0.453171077 0.024138136 -0.578740586 0.027334379 0.814695965 -0.104479546 -0.100125490 -1.719836737
1750921983.599999905 0.692121718 0.362890795 0.381669829 0.025031246 -0.530343035 0.027023156 0.846982557 -0.071685485 0.094962761 -1.670138739
1750921983.700000048 0.850064951 0.389129500 0.296335231 0.022701937 -0.469706653 0.020501003 0.882292464 -0.169237819 -0.028081731 -1.620226250
1750921983.799998999 0.960634344 0.391568376 0.191267354 0.025966096 -0.421067543 0.019686324 0.906443785 -0.209893765 -0.053632200 -1.500225209
1750921983.899998903 1.059730869 0.389245476 0.069078567 0.026957267 -0.374512846 0.019809918 0.926618045 -0.213662863 -0.121863026 -1.691762899
1750921983.999999046 1.165808883 0.390427341 -0.079571296 0.031023175 -0.321651384 0.018710318 0.946164824 -0.188632735 -0.205228023 -1.632158926
1750921984.099998951 1.247882361 0.382201325 -0.224945465 0.035042239 -0.276176114 0.018516924 0.960289497 -0.199854092 -0.218129836 -1.639680180
1750921984.199999094 1.310454953 0.386865474 -0.372488030 0.036551059 -0.230476498 0.017641762 0.972231131 -0.245231295 -0.070592302 -1.657897195
1750921984.299998999 1.365311996 0.384573209 -0.551231317 0.036974213 -0.179478843 0.018424822 0.982894083 -0.170930303 -0.141062253 -1.710069750
1750921984.399998903 1.396723946 0.384159350 -0.710832947 0.038777628 -0.132689331 0.019649103 0.990203893 -0.101356530 -0.170694797 -1.770608979
1750921984.499999046 1.417705538 0.382576225 -0.874471839 0.042746655 -0.081768662 0.018179367 0.995568240 -0.101196796 -0.144540446 -1.701068970
1750921984.599998951 1.417055854 0.384223897 -1.059007529 0.046659092 -0.020632840 0.019630236 0.998504817 -0.056198286 -0.233400099 -1.717876508
1750921984.699999094 1.435550631 0.373327655 -1.256390971 0.051819099 0.040032473 0.020134568 0.997650631 0.470978585 -0.337284697 -2.051629737
1750921984.799998999 1.458511918 0.357957601 -1.443684530 0.051629297 0.105813420 0.022656873 0.992786282 1.152841011 -0.486752386 -1.957005575
1750921984.899997950 1.427096047 0.369253542 -1.625542840 0.049227979 0.173582235 0.023937251 0.983296914 -0.098460860 -0.102519221 -1.725697555
1750921984.999998093 1.347415238 0.370486068 -1.769281452 0.048569401 0.229011375 0.021916097 0.971964242 -0.201125020 -0.084861701 -1.657950389
1750921985.099997997 1.256402403 0.374555817 -1.893253605 0.046210443 0.284406029 0.020880332 0.957361905 -0.212438996 0.010730302 -1.471163316
1750921985.199997902 1.138099001 0.380551093 -2.027731951 0.041588399 0.345111870 0.020154025 0.937423073 -0.138469313 0.018990337 -1.621328247
1750921985.299998045 1.018642682 0.373453627 -2.121835039 0.041914310 0.396490036 0.016538657 0.916932557 -0.422241283 -0.217167050 -1.513588488
1750921985.399997950 0.891122853 0.364680502 -2.212837113 0.039634219 0.449404648 0.014377862 0.892332823 -0.115807805 -0.206008275 -1.719571931
1750921985.499998093 0.739796710 0.356543662 -2.291363629 0.040651151 0.504434086 0.011997585 0.862409296 -0.096310679 -0.120121371 -1.588795215
1750921985.599997997 0.592889141 0.344393121 -2.354623429 0.041909813 0.551541310 0.007348587 0.833061672 -0.038313999 -0.206318022 -1.707923467
1750921985.699997902 0.445686262 0.340561681 -2.402580718 0.040175527 0.597761749 0.005292753 0.800648990 0.014346764 -0.294435123 -1.706778240
1750921985.799998045 0.273995281 0.331365987 -2.430811168 0.040054301 0.647159305 0.003353109 0.761294453 -0.098286302 -0.084753834 -1.603698703
1750921985.899996996 0.110203222 0.315290727 -2.431470306 0.042334538 0.687443999 0.001721426 0.725000394 -0.206147274 -0.224894614 -1.654821178
1750921985.999996901 -0.056856553 0.296203405 -2.405506825 0.044611332 0.724148628 -0.002907783 0.688193387 -0.384129788 -0.391821940 -1.873176484
1750921986.099997044 -0.257801482 0.270336899 -2.359548975 0.046259832 0.765908108 -0.008105622 0.641232482 -0.031005259 -0.175501416 -1.778537979
1750921986.199996948 -0.419811557 0.280626714 -2.329083907 0.045553363 0.804842957 -0.006184141 0.591704708 0.104277190 0.120125146 -1.549396816
1750921986.299997091 -0.571822564 0.284439966 -2.285777676 0.043554749 0.840849587 -0.007184517 0.539465790 0.277621290 -0.118965855 -1.679008563
1750921986.399996996 -0.733907204 0.273386321 -2.206093522 0.042151876 0.876888417 -0.010262856 0.478732281 -0.138771432 -0.168670307 -1.707930385
1750921986.499996901 -0.856596379 0.272491760 -2.102123145 0.039420731 0.903381718 -0.010112298 0.426901884 -0.142514645 -0.113650001 -1.570227386
1750921986.599997044 -0.959823285 0.264854130 -1.979631875 0.039218399 0.925047612 -0.008192727 0.377732329 -0.183715322 -0.164533702 -1.663727468
1750921986.699996948 -1.066258306 0.259076956 -1.832844264 0.036618691 0.946834478 -0.005153837 0.319588767 -0.113417395 -0.041074728 -1.677962134
1750921986.799997091 -1.141013968 0.254636424 -1.690847227 0.035276121 0.963311522 -0.008469282 0.265922504 -0.195408918 -0.094572543 -1.671884975
1750921986.899996996 -1.200621071 0.246440287 -1.536973846 0.033276515 0.976761615 -0.007505054 0.211596537 -0.152991697 -0.107461224 -1.772781592
1750921986.999995947 -1.250455019 0.235153768 -1.353041684 0.033062407 0.988020038 -0.006156376 0.150616669 -0.231061276 -0.212516938 -1.710025742
1750921987.099996090 -1.274550511 0.230627105 -1.182355064 0.030324536 0.994825340 -0.002070194 0.096946786 -0.187446473 -0.053664169 -1.814735767
1750921987.199995995 -1.287246314 0.222833151 -1.012244711 0.027864329 0.998743439 -0.002211130 0.041596069 -0.009387443 -0.014369717 -1.787066994
1750921987.299995899 -1.283127949 0.213568461 -0.808772407 0.023292132 0.999476594 -0.001132618 -0.022421661 0.116250023 -0.192430964 -2.003954054
1750921987.399996042 -1.277539383 0.202350524 -0.627564120 0.015993355 0.996509341 -0.000605114 -0.081932773 0.184325799 -0.118788927 -2.103830064
1750921987.499995947 -1.216141501 0.183666231 -0.447229980 0.013919531 0.990238199 0.001680110 -0.138678526 -0.125623835 -0.223998377 -2.095364553
1750921987.599996090 -1.143169628 0.165558332 -0.259475755 0.009427953 0.979172370 -0.003678879 -0.202778326 -0.174514212 -0.176181818 -1.788382703
1750921987.699995995 -1.062448599 0.157065354 -0.113843845 0.006564825 0.965679359 -0.002210679 -0.259644741 -0.135702113 -0.034149681 -1.580253663
1750921987.799995899 -0.967730909 0.157405196 0.021103770 0.000545442 0.948952617 -0.006034976 -0.315360448 -0.437881287 0.409613939 -1.051553549
1750921987.899996042 -0.865993284 0.175475520 0.145176145 -0.002140061 0.926930587 -0.006052777 -0.375177920 0.168405132 -0.176700900 -1.510667841
1750921987.999994993 -0.730576147 0.180080087 0.241434889 -0.003038452 0.905476043 -0.005670734 -0.424348614 0.118010082 0.182503527 -1.480516426
1750921988.099994898 -0.609682310 0.179813659 0.330131950 -0.005896006 0.880334122 -0.006811659 -0.474268565 0.428118695 -0.448608392 -1.541672984
1750921988.199995041 -0.469038222 0.173726900 0.427875027 0.007261391 -0.847348373 0.006780175 0.530944476 0.208203580 -0.061072679 -1.619737618
1750921988.299994946 -0.332436511 0.173300505 0.489791882 0.009918923 -0.815357671 0.007033698 0.578829863 -0.300570611 -0.189300311 -2.164712980
1750921988.399995089 -0.153168025 0.157369837 0.526975640 0.016003690 -0.781948570 0.006871154 0.623099593 -0.089632967 -0.162333507 -1.813573170
1750921988.499994993 0.052492961 0.122678465 0.541126961 0.020743144 -0.743745674 0.008198872 0.668090467 -0.184796018 -0.849849433 -1.818126089
1750921988.599994898 0.221931953 0.113605779 0.561644126 0.029071467 -0.702913356 0.007144756 0.710645211 -0.008152280 -0.437089217 -1.762984160
1750921988.699995041 0.385907996 0.090318521 0.567610786 0.032039574 -0.650214523 0.008349596 0.759028869 0.325588695 0.155008338 -1.645150789
1750921988.799994946 0.576829829 0.096977351 0.559491840 0.038223698 -0.587025401 0.006612626 0.808638610 0.353689946 -0.020895713 -1.790500149
1750921988.899995089 0.741407210 0.086365130 0.492904456 0.041852340 -0.535656883 0.007072036 0.843368289 -0.051001343 -0.319659296 -1.890941474
1750921988.999994993 0.899509324 0.084919840 0.398355531 0.045069450 -0.484283381 0.007421593 0.873718073 -0.101377025 -0.245310336 -2.018994547
1750921989.099993944 1.056268049 0.087067703 0.267241896 0.048405571 -0.431698940 0.011298250 0.900647143 -0.200390568 -0.429683720 -1.718455301
1750921989.199994087 1.200850907 0.103109258 0.144708025 0.047192231 -0.375391299 0.014906481 0.925544198 0.040901676 0.036259861 -2.008841389
1750921989.299993992 1.322956503 0.120406886 0.002912740 0.045403594 -0.321880602 0.013439987 0.945595452 -0.163842020 0.103645655 -1.735505106
1750921989.399993896 1.421078517 0.138616118 -0.167364092 0.040949561 -0.262776153 0.005912160 0.963969332 -0.154740423 -0.221073211 -1.804440751
1750921989.499994040 1.490818631 0.141607607 -0.327061834 0.043113761 -0.210327409 0.003422128 0.976673883 -0.164264207 -0.150631828 -1.788843982
1750921989.599993944 1.542437971 0.146272114 -0.489070978 0.045222956 -0.157176327 0.003349454 0.986528898 -0.170772000 0.005719177 -1.702207254
1750921989.699994087 1.573134544 0.154718618 -0.671099409 0.047292390 -0.097962541 0.004972468 0.994053341 -0.178888963 -0.161353268 -1.709132543
1750921989.799993992 1.585940947 0.158053840 -0.842296190 0.047587026 -0.044824417 0.005992288 0.997842843 -0.110543935 -0.075930849 -1.648462123
1750921989.899993896 1.583799532 0.165737529 -1.012203335 0.048430539 0.010810064 0.001218269 0.998767311 -0.167468984 -0.170640037 -1.677431619
1750921989.999994040 1.551522351 0.170151811 -1.197008100 0.055127100 0.075626455 0.001894288 0.995609388 -0.091417687 -0.168839390 -1.768087444
1750921990.099992990 1.505269925 0.177690368 -1.367190412 0.057817631 0.135446952 0.000651882 0.989095961 -0.202599686 -0.126169485 -1.852723918
1750921990.199992895 1.455000087 0.198212284 -1.531726327 0.051832813 0.194654848 0.000613072 0.979501135 -0.264483542 -0.187004225 -1.865090061
1750921990.299993038 1.361245952 0.204705826 -1.703916876 0.052831001 0.254966809 0.000539847 0.965505319 0.027463170 -0.105256291 -1.760530208
1750921990.399992943 1.306252206 0.237474052 -1.851229441 0.047481773 0.311757077 0.000423481 0.948974619 -0.092418365 -0.087279635 -1.799274773
1750921990.499993086 1.182627533 0.234142024 -1.965771124 0.043743663 0.356476417 -0.002586618 0.933276146 -0.102892414 -0.152226250 -1.846057883
1750921990.599992990 1.033664551 0.234753207 -2.091682479 0.041572726 0.406066978 -0.002685683 0.912893261 -0.148996475 -0.239457546 -1.885959308
1750921990.699992895 0.880837786 0.232504474 -2.193648920 0.040894608 0.450005339 -0.004823154 0.892075985 -0.189836537 -0.122862319 -1.839932602
1750921990.799993038 0.720445589 0.231502434 -2.274951955 0.042274387 0.491016346 -0.006041372 0.870103055 -0.187710596 -0.149271849 -1.830048014
1750921990.899992943 0.533506749 0.233126542 -2.356309807 0.040667383 0.535010576 -0.009364585 0.843814051 -0.190529828 -0.133297688 -1.802756050
1750921990.999993086 0.372909815 0.234068308 -2.409759395 0.043478316 0.573178678 -0.012417422 0.818181916 -0.019406757 0.033561103 -1.563598679
1750921991.099992990 0.200006639 0.231719445 -2.456017846 0.040231068 0.612094831 -0.015697023 0.789604320 -0.214136181 -0.207732497 -1.953180260
1750921991.199991941 0.000828453 0.234764083 -2.474660214 0.041593071 0.654090782 -0.016850488 0.755083655 -0.164754074 -0.121921822 -1.817533510
1750921991.299992085 -0.185268897 0.218027855 -2.471363091 0.045479440 0.691997418 -0.017899031 0.720243583 -0.128461763 -0.144311800 -1.692053764
1750921991.399991989 -0.356335247 0.218733876 -2.462824508 0.045129991 0.732167023 -0.018234840 0.679383710 -0.080912275 -0.072687598 -1.800849523
1750921991.499991894 -0.551613950 0.176152882 -2.433047217 0.054216684 0.775748725 -0.029086918 0.628035363 -0.608156812 -0.296806005 -2.002204672
1750921991.599992037 -0.735155487 0.142109967 -2.355000184 0.059197045 0.809816311 -0.035130823 0.582631168 -0.110706590 -0.289798027 -1.748863223
1750921991.699991941 -0.894276054 0.135173914 -2.295281230 0.061700095 0.844658629 -0.038020928 0.530376572 -0.096561302 -0.339313290 -1.636081261
1750921991.799992085 -1.042628866 0.152300273 -2.196348410 0.062769437 0.878386834 -0.038836620 0.472216353 -0.191151084 -0.030231457 -1.562221101
1750921991.899991989 -1.170179050 0.160769162 -2.087530443 0.065433988 0.904471883 -0.039389113 0.419639732 -0.241917556 -0.218071198 -1.829629038
1750921991.999991894 -1.280192274 0.167732382 -1.962044064 0.067613843 0.927071843 -0.037982472 0.366774450 -0.204932999 -0.102774963 -1.705057599
1750921992.099992037 -1.374146025 0.172950192 -1.806396955 0.068539549 0.947733684 -0.035004827 0.309641498 -0.321430561 -0.190446936 -1.623954764
1750921992.199990988 -1.444938888 0.175867930 -1.658667609 0.067729644 0.963370514 -0.031423639 0.257570386 -0.270359913 -0.146534393 -1.664974003
1750921992.299990892 -1.502751019 0.177865929 -1.504102491 0.068424761 0.976308822 -0.030835845 0.202948977 -0.218484406 -0.218474569 -1.767546280
1750921992.399991035 -1.544272753 0.176133068 -1.323251681 0.065589716 0.987295504 -0.027607874 0.142068231 -0.162221770 -0.197607970 -1.771488659
1750921992.499990940 -1.563395544 0.172804876 -1.157602363 0.064552195 0.993818630 -0.022444601 0.087485915 -0.232157649 -0.192340554 -1.698166175
1750921992.599991083 -1.567296410 0.166205428 -0.984054898 0.059297981 0.997557506 -0.013942345 0.034181622 -0.081325420 -0.139265881 -1.766331652
1750921992.699990988 -1.545970935 0.154774824 -0.794811593 0.062075284 0.997566040 -0.013422887 -0.028783341 -0.163272819 -0.125420905 -1.689449772
1750921992.799990892 -1.517407112 0.148549299 -0.630373261 0.056616506 0.994763171 -0.010616271 -0.084428074 -0.140041768 -0.092692074 -1.645795681
1750921992.899991035 -1.476532788 0.139840255 -0.452436822 0.050718371 0.988670082 -0.006526804 -0.141125892 0.084654631 -0.210424549 -2.054718284
1750921992.999990940 -1.394140961 0.124187785 -0.266308794 0.047856037 0.978172684 -0.000260763 -0.202207646 -0.682526708 0.121457702 -1.510608142
1750921993.099991083 -1.298147798 0.111246468 -0.124847019 0.044715997 0.965739263 0.002107505 -0.255624167 -0.216738219 -0.092606338 -1.748861279
1750921993.199990988 -1.194265911 0.103403822 -0.003685676 0.043898528 0.949893260 0.005163261 -0.309433440 -0.103625283 0.131966086 -1.316863474
1750921993.299989939 -1.066021408 0.094750803 0.097706359 0.040279656 0.929297653 0.009247949 -0.367012122 -0.142076124 -0.086798356 -1.585785815
1750921993.399990082 -0.951646221 0.110636725 0.169641746 0.033820991 0.907319322 0.012484250 -0.418893701 -0.105873428 0.455430649 -1.459431476
1750921993.499989986 -0.842395734 0.122085984 0.253760509 0.031231651 0.882239625 0.014791885 -0.469530648 -0.065779989 0.070533940 -1.234803398
1750921993.599989891 -0.703510390 0.121471725 0.333486133 -0.027713416 -0.850668743 -0.017929681 0.524664829 0.006301206 0.091897750 -1.349427366
1750921993.699990034 -0.564912523 0.112627504 0.387204833 -0.029425596 -0.819434844 -0.020398388 0.572052950 -0.064022583 0.097997882 -1.562932553
1750921993.799989939 -0.431374050 0.101771735 0.429628827 -0.027994232 -0.784370704 -0.021663945 0.619281515 0.084130326 0.145813611 -1.510614963
1750921993.899990082 -0.257871324 0.087236712 0.461531369 -0.028146044 -0.740870680 -0.024692598 0.670603245 -0.176609595 -0.033484172 -1.916875993
1750921993.999989986 -0.090560885 0.058301570 0.451320642 -0.022076238 -0.702368681 -0.025737839 0.711005231 -0.199096503 -0.138724655 -1.735386961
1750921994.099989891 0.076157397 0.021095543 0.424698140 -0.016696528 -0.661321237 -0.028509309 0.749374851 -0.208875493 -0.199735549 -1.721483448
1750921994.199990034 0.253438920 -0.010598420 0.371598451 -0.010220505 -0.612358652 -0.030558661 0.789923155 -0.253448772 -0.172362992 -1.710705394
1750921994.299988985 0.395981394 -0.038359598 0.313430423 -0.004791135 -0.565698876 -0.032239993 0.823967481 -0.028666890 -0.220096889 -1.622688194
1750921994.399988890 0.529909610 -0.062691403 0.233874523 0.005621661 -0.518317056 -0.032135019 0.854566070 -0.272470987 -0.303517623 -1.521452186
1750921994.499989033 0.657677404 -0.083879372 0.133759655 0.010234016 -0.460922902 -0.036027826 0.886649502 -0.263535045 -0.140820259 -1.593200084
1750921994.599988937 0.760864825 -0.100384040 0.027778485 0.016791382 -0.410471246 -0.036475484 0.910988993 -0.070856564 -0.271949115 -1.559735465
1750921994.699989080 0.848997813 -0.112204575 -0.089084800 0.023789991 -0.358903733 -0.037730475 0.932308188 -0.184788497 -0.120805313 -1.517974409
1750921994.799988985 0.925238486 -0.115264429 -0.225213456 0.029086957 -0.301133454 -0.039642982 0.952313512 -0.242499423 -0.099451889 -1.436823019
1750921994.899988890 1.003109139 -0.119372073 -0.353046247 0.033862049 -0.242743578 -0.042780024 0.968554999 0.092306952 -0.122058260 -1.581803125
1750921994.999989033 1.062516819 -0.126334431 -0.496337434 0.040107156 -0.186750868 -0.040571152 0.980749464 -0.103588123 -0.165292756 -1.634811110
1750921995.099988937 1.092570141 -0.127801784 -0.660442188 0.044860678 -0.130531136 -0.038984498 0.989661230 -0.198205970 -0.131310601 -1.494139029
1750921995.199989080 1.111493166 -0.121791567 -0.815040041 0.045561160 -0.080320226 -0.040327771 0.994910304 -0.106863746 -0.019775254 -1.606624457
1750921995.299988985 1.109925317 -0.118362616 -0.968840039 0.049130115 -0.031753923 -0.040236345 0.997476294 -0.163639632 -0.238021376 -1.708213468
1750921995.399987936 1.093185809 -0.112863562 -1.144411392 0.055593632 0.023890917 -0.040956829 0.997326983 -0.138404359 -0.203098957 -1.718066580
1750921995.499988079 1.063989692 -0.107976447 -1.307157114 0.058397061 0.075419638 -0.041055417 0.994593442 -0.121170206 -0.331827746 -1.879197712
1750921995.599987984 1.024920697 -0.107623988 -1.483429406 0.061985618 0.129354488 -0.041373609 0.988793924 0.041704669 -0.149219883 -1.898966012
1750921995.699987888 0.958589747 -0.109328258 -1.679279462 0.068202357 0.192318600 -0.040473623 0.978122631 -0.284674243 -0.322828103 -1.951484243
1750921995.799988031 0.875112924 -0.099712872 -1.839412968 0.071418037 0.248109071 -0.039684184 0.965280539 -0.108264915 -0.200243717 -1.920559997
1750921995.899987936 0.775357460 -0.075391010 -1.978421689 0.071762449 0.303817689 -0.037493104 0.949283535 -0.128108601 -0.037951088 -1.745230075
1750921995.999988079 0.640561901 -0.060132918 -2.118857657 0.072589533 0.367065241 -0.038432625 0.926561818 -0.205592647 -0.249899366 -1.873506485
1750921996.099987984 0.515324635 -0.038796742 -2.227047995 0.072184429 0.422938435 -0.035510252 0.902580473 -0.088803453 -0.009835965 -1.659958006
1750921996.199987888 0.366157873 -0.041676784 -2.308600877 0.075697066 0.475957981 -0.037006471 0.875422456 -0.139344641 -0.123941857 -1.735040839
1750921996.299988031 0.200329402 -0.026826423 -2.394994831 0.076206362 0.536323404 -0.038621916 0.839677405 -0.027472034 -0.155884638 -1.665558062
1750921996.399986982 0.052983069 -0.012994615 -2.450764929 0.076512022 0.587813975 -0.039051674 0.804422531 0.032529892 -0.169299051 -1.647894882
1750921996.499986887 -0.107116433 -0.000906303 -2.503553863 0.076738935 0.636561846 -0.041719698 0.766263413 0.319500588 -0.219774652 -1.824629094
1750921996.599987030 -0.293106569 0.019965811 -2.527325862 0.074567829 0.684077393 -0.037328458 0.724627039 0.290170129 -0.020567842 -1.893354653
1750921996.699986935 -0.459390938 0.041403461 -2.530090319 0.080023581 0.723904736 -0.037126891 0.684236621 -0.111807980 -0.073406718 -1.651297339
1750921996.799987078 -0.628281484 0.042456002 -2.497588509 0.084218402 0.759808762 -0.035825261 0.643672631 -0.143234519 -0.124683033 -1.681304382
1750921996.899986982 -0.825792530 -0.001312656 -2.400697345 0.095559044 0.791998372 -0.045435350 0.601284189 -0.774615664 -0.911851505 -2.134891645
1750921996.999986887 -1.018200861 -0.022010405 -2.326260136 0.102661798 0.824059282 -0.051332632 0.554753833 0.119663705 -0.462629919 -1.981624703
1750921997.099987030 -1.198918553 -0.003092892 -2.262853076 0.103274135 0.857617102 -0.047191789 0.501597741 0.709272421 -0.411052824 -1.994828890
1750921997.199986935 -1.385929873 0.018878294 -2.211252112 0.104729051 0.895546098 -0.045471091 0.430071379 0.456852230 -0.207871094 -1.686376084
1750921997.299987078 -1.534588940 0.039981579 -2.133325606 0.106661717 0.924303610 -0.042612990 0.363964624 0.025953086 -0.093334714 -1.775195260
1750921997.399986982 -1.636365728 0.051081439 -1.991474009 0.109558923 0.943062780 -0.041221545 0.311336183 -0.128438549 -0.151912340 -1.855374276
1750921997.499985933 -1.732254140 0.065539923 -1.812127227 0.112183695 0.960780975 -0.034495540 0.251246483 -0.178952445 -0.061260456 -1.910986934
1750921997.599986076 -1.793966276 0.074082781 -1.650335869 0.111937838 0.973751595 -0.028987873 0.196054722 -0.194178853 -0.085891652 -1.722210271
1750921997.699985981 -1.843788495 0.074093480 -1.480776813 0.111252402 0.983736104 -0.024530940 0.138868329 -0.127893343 -0.068383890 -1.809904869
1750921997.799985886 -1.874169291 0.075792829 -1.284606529 0.107446452 0.991256425 -0.018100658 0.074419924 -0.127797742 -0.120513483 -1.795951077
1750921997.899986029 -1.878396310 0.070865899 -1.110570285 0.105168681 0.994247720 -0.010876251 0.017109261 -0.059698279 -0.044356246 -1.861726999
1750921997.999985933 -1.865675193 0.057973535 -0.928802487 0.102100515 0.993966920 -0.002392781 -0.039994025 -0.068625575 0.030373550 -1.739947490
1750921998.099986076 -1.830539773 0.041913725 -0.737508259 0.097765979 0.989921261 0.005654675 -0.102302173 -0.200160867 -0.087607961 -1.695963244
1750921998.199985981 -1.787980757 0.023797478 -0.565356951 0.095181667 0.982365960 0.009795669 -0.160628811 0.058929394 -0.173833759 -1.733780127
1750921998.299985886 -1.725722595 0.005667935 -0.401551570 0.089748999 0.971414694 0.012830800 -0.219394575 0.055108989 -0.098583593 -1.834398073
1750921998.399986029 -1.628473565 -0.022378661 -0.208174674 0.083113281 0.955194780 0.020993563 -0.283292048 0.077347896 -0.146350192 -2.185280721
1750921998.499984980 -1.523501688 -0.038543920 -0.072361432 0.078750345 0.937456617 0.026623282 -0.338030582 -0.169932590 0.007680793 -1.842357807
1750921998.599984884 -1.397233072 -0.066669828 0.048074072 0.073336839 0.916559849 0.029952360 -0.391972712 -0.030472766 0.017725893 -1.586569813
1750921998.699985027 -1.248773390 -0.094481250 0.163913750 0.070602839 0.889013260 0.035300145 -0.451026121 -0.168563321 -0.027414724 -1.980280045
1750921998.799984932 -1.133877689 -0.095598226 0.264190751 -0.062438504 -0.860370655 -0.040062051 0.504240817 0.113282817 0.130330549 -1.537451347
1750921998.899985075 -0.990868877 -0.111526785 0.344042511 -0.054761631 -0.828998869 -0.042288559 0.554953798 -0.342547041 0.104020683 -1.698501412
1750921998.999984980 -0.806433737 -0.137384169 0.384789218 -0.049474103 -0.793707982 -0.044921728 0.604617227 -0.218701717 0.015784286 -1.853228342
1750921999.099984884 -0.654895395 -0.159759951 0.420013307 -0.044492717 -0.758946316 -0.046609423 0.647957135 -0.170973415 -0.010395894 -1.673173522
1750921999.199985027 -0.488847301 -0.185155388 0.426941649 -0.039762642 -0.722552140 -0.049425838 0.688399901 -0.204304989 0.169022367 -1.661075230
1750921999.299984932 -0.302255230 -0.194409309 0.426833312 -0.036535593 -0.676506286 -0.055745748 0.733414485 0.022054353 -0.124348244 -1.899313992
1750921999.399985075 -0.132704972 -0.230591885 0.387831628 -0.031089384 -0.634900098 -0.057613656 0.769815551 -0.160667885 -0.179994656 -1.936683034
1750921999.499984980 0.032335602 -0.275244359 0.336359602 -0.023228132 -0.590452483 -0.060456675 0.804469583 -0.038064226 -0.839201738 -2.007194861
1750921999.599983931 0.215327532 -0.331279116 0.251102614 -0.010911661 -0.537207614 -0.062056692 0.841093266 -0.147461044 -0.295765630 -1.986461764
1750921999.699984074 0.364640281 -0.358988247 0.159685343 -0.001485191 -0.487300487 -0.063904009 0.870891674 0.145732750 -0.287063069 -1.764826412
1750921999.799983978 0.493305309 -0.390170028 0.045645506 0.003370607 -0.438771696 -0.064716933 0.896258755 -0.172000987 -0.407591181 -1.809241358
1750921999.899983883 0.627857553 -0.407654822 -0.098298067 0.015710075 -0.382964988 -0.065158371 0.921328062 -0.119260450 -0.080495903 -1.779246775
1750921999.999984026 0.733797754 -0.418632168 -0.234961342 0.024262311 -0.333121077 -0.067581104 0.940145990 -0.125007529 -0.070949081 -1.778797924
1750922000.099983931 0.830485072 -0.427770345 -0.381669722 0.032872472 -0.279604255 -0.068824829 0.957080981 -0.086067863 -0.242779662 -1.857341150
1750922000.199984074 0.919757040 -0.429224455 -0.556068301 0.040104314 -0.216077976 -0.069759146 0.973054785 -0.148746063 -0.219779621 -1.797087592
1750922000.299983978 0.987106176 -0.423885395 -0.724376462 0.044192365 -0.158440987 -0.074311169 0.983575792 -0.040031631 0.027768362 -1.896775826
1750922000.399983883 1.021264809 -0.413738105 -0.897838579 0.050040874 -0.103711755 -0.076096464 0.990428751 -0.118459785 -0.112024354 -1.789545811
1750922000.499984026 1.042319629 -0.402008897 -1.095352707 0.053910105 -0.040338858 -0.078303004 0.994653265 -0.001270216 -0.045662591 -1.941210433
1750922000.599982977 1.037922985 -0.392463664 -1.271183289 0.058116903 0.014098086 -0.076728928 0.995256922 -0.049410284 -0.108197742 -1.761658325
1750922000.699982882 1.018230631 -0.377262734 -1.442764552 0.064155661 0.067358666 -0.078057654 0.992599549 -0.057689991 -0.091859907 -1.753992416
1750922000.799983025 0.974050831 -0.360879231 -1.624072263 0.071648171 0.128130207 -0.079048088 0.986002327 0.004164123 -0.132288951 -1.715220523
1750922000.899982929 0.913446046 -0.349889263 -1.795374764 0.082202336 0.183216958 -0.077316142 0.976573877 -0.056761647 -0.243235710 -1.833315792
1750922000.999983072 0.827171384 -0.324519934 -1.935964924 0.086530698 0.235750475 -0.075207781 0.965027430 -0.184807214 -0.035162050 -1.703931386
1750922001.099982977 0.713648831 -0.297658095 -2.094269926 0.088928139 0.298465820 -0.071747845 0.947555902 -0.060627785 -0.072193606 -1.783878273
1750922001.199982882 0.605295940 -0.273585147 -2.233244603 0.091442492 0.354007942 -0.070742620 0.928069033 -0.001886834 -0.170202851 -1.812423190
1750922001.299983025 0.513147748 -0.241982807 -2.375067649 0.093699433 0.413484934 -0.067493433 0.903158492 0.740084959 0.215985051 -1.704334023
1750922001.399982929 0.368538129 -0.201024105 -2.497988108 0.093739824 0.476377897 -0.062802691 0.871970622 -0.134218170 -0.076763168 -1.787814691
1750922001.499983072 0.211993770 -0.174668916 -2.573477830 0.091886726 0.526486661 -0.060865101 0.843008935 -0.127662428 -0.151189231 -1.819497509
1750922001.599982977 0.042934763 -0.147205142 -2.626815823 0.095919008 0.573699750 -0.058445831 0.811327446 -0.145654764 -0.237693508 -1.917746035
1750922001.699981928 -0.149544511 -0.124293485 -2.668260104 0.097711880 0.623104625 -0.055165528 0.774047659 -0.313195340 -0.134688360 -1.512931034
1750922001.799982071 -0.313617515 -0.099926851 -2.688676835 0.103276998 0.664720537 -0.056872694 0.737730280 -0.030288311 -0.090921621 -1.605154068
1750922001.899981976 -0.474278955 -0.074252903 -2.685202086 0.102992283 0.704239058 -0.054542070 0.700332137 -0.212403474 -0.077860175 -1.694307319
1750922001.999982119 -0.666576864 -0.062221406 -2.662214510 0.107742080 0.746756388 -0.053254740 0.654148664 -0.098801579 -0.355575784 -1.792834183
1750922002.099982023 -0.835160206 -0.042276785 -2.621317708 0.111927534 0.781893032 -0.051371922 0.611127188 -0.118457893 -0.283596134 -1.873919932
1750922002.199981928 -0.989167326 -0.023341131 -2.566083422 0.114654548 0.815322621 -0.049481468 0.565380351 -0.072057082 0.067187463 -1.540444047
1750922002.299982071 -1.180214588 -0.008343349 -2.499835992 0.121819504 0.851145041 -0.050374152 0.508108819 0.171730410 -0.297435962 -2.086524326
1750922002.399981976 -1.424291324 -0.008193894 -2.454613104 0.128222049 0.887845995 -0.054625703 0.438525515 1.353082102 -0.576585848 -2.358168894
1750922002.499982119 -1.577778348 0.042223511 -2.377762974 0.123856027 0.917243087 -0.043941329 0.376023886 0.198116500 0.009111657 -1.976418620
1750922002.599982023 -1.704802354 0.052745390 -2.219518605 0.126697667 0.939535641 -0.043523250 0.315160605 -0.041303040 -0.209148835 -1.914175991
1750922002.699980974 -1.799417267 0.068750769 -2.065774151 0.128344456 0.956567054 -0.040009642 0.258662716 -0.066450920 -0.217955750 -1.923020686
1750922002.799981117 -1.878738604 0.072231270 -1.900419617 0.130064093 0.970257182 -0.035266365 0.201098524 -0.036721998 -0.124782845 -1.848603795
1750922002.899981022 -1.934725459 0.072973889 -1.701351462 0.132532845 0.981100304 -0.028707899 0.138032948 -0.198278286 -0.113820040 -1.836408689
1750922002.999980927 -1.957147553 0.071726941 -1.526669752 0.132014018 0.987514657 -0.024062416 0.082511225 -0.119960167 -0.139675631 -1.859837288
1750922003.099981070 -1.963294060 0.064223527 -1.351996095 0.131957811 0.990696461 -0.020251447 0.026410916 -0.194011464 -0.068150718 -1.767377853
1750922003.199980974 -1.943901763 0.055710886 -1.155346548 0.127952018 0.991042316 -0.011913993 -0.036351964 -0.182322564 -0.036626738 -1.854908096
1750922003.299981117 -1.906927648 0.032771188 -0.979685435 0.128614772 0.987365122 -0.007719041 -0.092243008 -0.154826350 -0.210716260 -1.890208733
1750922003.399981022 -1.853674932 0.005609630 -0.803722222 0.126383191 0.981230292 0.002267846 -0.145633996 -0.077908986 -0.183828918 -1.993541251
1750922003.499980927 -1.774368001 -0.027104084 -0.629865635 0.125015231 0.970633523 0.006251636 -0.205432891 -0.184424949 -0.061689620 -1.605292902
1750922003.599981070 -1.688879527 -0.056934694 -0.477157605 0.119458946 0.958430670 0.013096296 -0.258783110 -0.104477043 -0.135680043 -1.810770988
1750922003.699980021 -1.586442548 -0.089483132 -0.323850677 0.115427048 0.942409812 0.021665326 -0.313162826 0.071821884 -0.203712039 -2.100742791
1750922003.799979925 -1.447467690 -0.130865895 -0.139850067 0.108858425 0.921350735 0.030625727 -0.371920330 0.549208606 -0.085669265 -2.317595128
1750922003.899980068 -1.329463266 -0.159270583 -0.004876885 0.101086934 0.897635886 0.040250362 -0.427096191 0.470290939 0.097369170 -1.707088216
1750922003.999979973 -1.200405028 -0.192847094 0.094272938 0.095626334 0.870872174 0.045679188 -0.479948614 -0.098777113 0.021130383 -1.759237884
1750922004.099980116 -1.045594483 -0.219841607 0.164236226 -0.089371215 -0.838788117 -0.052528822 0.534497898 -0.127295921 0.011154411 -1.605129166
1750922004.199980021 -0.904306021 -0.234325476 0.215103560 -0.082836691 -0.806678784 -0.057511383 0.582322817 -0.101683708 0.087502214 -1.413967944
1750922004.299979925 -0.761683536 -0.237572268 0.230626817 -0.076733520 -0.774218658 -0.062857405 0.625097098 -0.420989987 0.532719281 -1.313869775
1750922004.399980068 -0.590395256 -0.240641694 0.221562464 -0.072730796 -0.735606000 -0.072148740 0.669618252 0.166146357 0.549895908 -1.988746069
1750922004.499979973 -0.446532222 -0.282692882 0.229252096 -0.067916524 -0.696372837 -0.078066031 0.710181605 0.174440873 -0.394019785 -1.745111900
1750922004.599980116 -0.289644859 -0.324064838 0.221380230 -0.058799318 -0.654580150 -0.079828124 0.749463100 -0.187966357 0.128333874 -1.663705983
1750922004.699980021 -0.114190375 -0.357973851 0.178589692 -0.052267981 -0.605139139 -0.084934697 0.789848579 -0.097829767 -0.060319281 -1.808941677
1750922004.799978971 0.039599391 -0.415472839 0.099656793 -0.045224403 -0.562002483 -0.087961735 0.821200765 -0.349658044 -0.414373116 -1.993596565
1750922004.899979115 0.196705325 -0.469961586 0.012737990 -0.033661323 -0.514875358 -0.093142025 0.851525011 -0.019690850 -0.579252112 -1.909777424
1750922004.999979019 0.362463987 -0.531982030 -0.084031188 -0.019906165 -0.454035385 -0.097804143 0.885375606 0.154268903 -0.102778671 -1.810796894
1750922005.099978924 0.488583845 -0.570310166 -0.207450845 -0.006863533 -0.402306993 -0.100484623 0.909947699 -0.163361241 -0.248011123 -1.824563606
1750922005.199979067 0.597238413 -0.598278106 -0.342725483 0.003128780 -0.345886045 -0.103746665 0.932517927 -0.129926312 -0.248895394 -1.902924214
1750922005.299978971 0.700512965 -0.626150755 -0.510246747 0.014084291 -0.283673048 -0.105859777 0.952955897 -0.119828983 -0.122851829 -1.802583755
1750922005.399979115 0.796733792 -0.636546338 -0.657452626 0.024280025 -0.221187776 -0.108835953 0.968834962 0.278585946 0.179852412 -1.769329747
1750922005.499979019 0.874920622 -0.645392406 -0.817070997 0.035488427 -0.156322458 -0.105608323 0.981402437 0.388447718 0.152786781 -1.842610894
1750922005.599978924 0.912112522 -0.643295494 -1.008419340 0.044275480 -0.094448177 -0.107657867 0.988700666 -0.202775394 -0.176759277 -1.771872973
1750922005.699979067 0.922417136 -0.636015202 -1.178958779 0.050099824 -0.039821563 -0.109350166 0.991940922 -0.160625974 -0.035655099 -1.764573747
1750922005.799978018 0.913275433 -0.624369253 -1.348916847 0.057921417 0.014303417 -0.110120758 0.992125970 -0.198420182 -0.113500502 -1.778341584
1750922005.899977922 0.880163796 -0.606346814 -1.535174869 0.066881194 0.072757227 -0.110940000 0.988901213 -0.155200579 -0.032214501 -1.819110512
1750922005.999978065 0.833932539 -0.585414887 -1.696317770 0.073082124 0.124607500 -0.112309756 0.983116724 -0.129507327 -0.115310899 -1.759860946
1750922006.099977970 0.771652552 -0.561308294 -1.852768926 0.079479894 0.177052462 -0.111279332 0.974654956 -0.159795174 -0.173618937 -1.808432646
1750922006.199978113 0.680068104 -0.532279336 -2.020768083 0.089813980 0.235110785 -0.109390192 0.961608108 -0.104098272 -0.132214896 -1.712044029
1750922006.299978018 0.577338633 -0.506432036 -2.177721223 0.101809143 0.289186285 -0.107512224 0.945752247 -0.003122631 -0.353860803 -2.124201706
1750922006.399977922 0.457381083 -0.476637361 -2.316245507 0.112305430 0.342773488 -0.104335514 0.926826805 -0.039437507 -0.404336105 -2.095160508
1750922006.499978065 0.331867648 -0.416017730 -2.454227809 0.109234447 0.406248858 -0.102879965 0.901357539 -0.138852001 -0.011974365 -1.746734143
1750922006.599977970 0.189201831 -0.372062593 -2.551583575 0.113147683 0.456048818 -0.098498599 0.877220100 -0.128412239 0.091351336 -1.797751170
1750922006.699978113 0.048872628 -0.321146177 -2.634372271 0.115085060 0.505811770 -0.096438769 0.849475983 -0.248262342 0.037715523 -1.585742068
1750922006.799978018 -0.125384010 -0.271376813 -2.702985889 0.116025639 0.562105230 -0.090075582 0.813917779 -0.128339423 -0.222093756 -1.901092381
1750922006.899976969 -0.281873394 -0.236775974 -2.735544321 0.119682319 0.607842710 -0.088487806 0.779982878 -0.109343570 -0.076314351 -1.659175721
1750922006.999977112 -0.456980960 -0.201766677 -2.754496261 0.120813394 0.651850384 -0.084677594 0.743858122 -0.154365940 -0.153582091 -1.936782715
1750922007.099977016 -0.648997809 -0.160494350 -2.747967933 0.125569610 0.697673634 -0.082489754 0.700484985 -0.160431733 -0.052859827 -1.735626932
1750922007.199976921 -0.819193596 -0.129017568 -2.730538472 0.130030888 0.734737496 -0.079959726 0.660953268 -0.017287069 -0.155366902 -1.727460967
1750922007.299977064 -0.984958022 -0.101770796 -2.690000418 0.133084288 0.769012396 -0.078412789 0.620290207 0.248615643 -0.738593757 -2.157297016
1750922007.399976969 -1.180613285 -0.075418584 -2.641465242 0.139153996 0.806887464 -0.080105223 0.568464545 0.087395558 -0.146842485 -1.809193589
1750922007.499977112 -1.332045546 -0.045360006 -2.569334582 0.145095958 0.835233687 -0.074832809 0.525101801 -0.154082701 -0.283089526 -1.628025139
1750922007.599977016 -1.474147322 -0.022656977 -2.471409251 0.147552598 0.861515930 -0.067409696 0.481117933 -0.119766878 -0.253512340 -1.835705375
1750922007.699976921 -1.633373624 -0.006380276 -2.340837373 0.155029508 0.889521295 -0.064616325 0.424902869 0.121130024 -0.540819922 -1.970751778
1750922007.799977064 -1.768368373 -0.007209082 -2.194845326 0.159018090 0.911475631 -0.066556349 0.373491195 -0.203134473 -0.193866243 -1.978925387
1750922007.899976015 -1.884752141 0.035200766 -2.066711020 0.158738680 0.933863423 -0.053076806 0.316044286 0.145090659 -0.006790148 -1.777665663
1750922007.999975920 -2.019697732 0.078653275 -1.934124735 0.157795866 0.956946266 -0.043043497 0.239794843 0.367952877 -0.007779050 -1.713197313
1750922008.099976063 -2.104830578 0.095655133 -1.784221945 0.157328975 0.971354361 -0.036824522 0.174247679 -0.129936556 -0.176155463 -1.884110479
1750922008.199975967 -2.152600721 0.092997415 -1.606794768 0.156825501 0.980057062 -0.031515602 0.117901168 -0.085693097 -0.153636786 -1.958068272
1750922008.299976110 -2.177775809 0.094816013 -1.405681695 0.154581350 0.986287901 -0.019511004 0.054406836 -0.080153801 -0.025902539 -1.825196764
1750922008.399976015 -2.171308364 0.085282271 -1.236638381 0.153769694 0.988042008 -0.011296268 -0.000516334 -0.319387039 -0.226060216 -1.766362755
1750922008.499975920 -2.145882302 0.070512580 -1.065486869 0.152432530 0.986735677 -0.001314339 -0.055814881 -0.168091448 -0.144892136 -1.762863523
1750922008.599976063 -2.097800808 0.047118982 -0.878818813 0.148134520 0.981875174 0.008726386 -0.117903170 -0.144629374 -0.127490505 -1.821422462
1750922008.699975967 -2.033534237 0.023070089 -0.723557806 0.144383776 0.974135027 0.018956125 -0.172785820 -0.169494252 -0.135545298 -1.886461148
1750922008.799976110 -1.956155295 -0.014168770 -0.562960516 0.142834086 0.962709836 0.027187715 -0.228142551 -0.214826826 -0.138400168 -1.826270787
1750922008.899976015 -1.853710942 -0.056487692 -0.397976920 0.136508936 0.947322232 0.037623043 -0.287281059 -0.125457724 -0.212498472 -1.701044786
1750922008.999974966 -1.741137790 -0.103794629 -0.244946733 0.131580994 0.930289457 0.045976137 -0.339314253 -0.025792744 -0.206854470 -2.157374034
1750922009.099975109 -1.619323338 -0.152009387 -0.094925488 0.123833932 0.909452434 0.056046959 -0.392963314 0.512040896 -0.135712403 -2.133484334
1750922009.199975014 -1.468207434 -0.203944766 0.019133599 0.118479580 0.882835944 0.067346417 -0.449474966 -0.081134218 -0.106963762 -1.834865738
1750922009.299974918 -1.323513303 -0.259918968 0.100447528 0.110114752 0.857000121 0.073943704 -0.497953676 -0.117739756 -0.053199794 -1.785474207
1750922009.399975061 -1.171675614 -0.307688243 0.173848501 -0.103641897 -0.827263751 -0.079973629 0.546349030 -0.104711947 -0.188151485 -2.099894067
1750922009.499974966 -1.001978633 -0.339193761 0.242042511 -0.092326615 -0.790294581 -0.088139208 0.599284366 -0.101709244 0.013302682 -1.648112947
1750922009.599975109 -0.864422386 -0.362896570 0.264905511 -0.087399523 -0.755180735 -0.095599056 0.642591784 -0.165751076 -0.072374576 -1.461439970
1750922009.699975014 -0.714491157 -0.399732633 0.275047638 -0.079255486 -0.719145911 -0.099602295 0.683101097 -0.263506780 0.437341900 -1.670995589
1750922009.799974918 -0.540124227 -0.445511728 0.259911707 -0.071815011 -0.675031531 -0.103428259 0.726964670 -0.160168780 -0.202237010 -1.679958843
1750922009.899975061 -0.385174890 -0.495109443 0.223792518 -0.065309446 -0.632892759 -0.110074237 0.763586992 -0.267102586 -0.195445558 -2.036127055
1750922009.999974012 -0.251987751 -0.518008464 0.190388188 -0.058516981 -0.587704586 -0.112888558 0.799021436 0.004171344 0.265752004 -1.392809343
1750922010.099973917 -0.095637190 -0.567708940 0.102687967 -0.046096324 -0.537076248 -0.116548566 0.834170645 -0.235431270 -0.122874894 -1.638079101
1750922010.199974060 0.034523939 -0.622489325 0.004561934 -0.036059021 -0.491047964 -0.119824385 0.862098464 -0.167761111 -0.419438651 -1.785802785
1750922010.299973965 0.151211487 -0.661551210 -0.102962103 -0.027587417 -0.442138143 -0.124628333 0.887817873 -0.015226031 -0.100652443 -1.673321579
1750922010.399974108 0.269483565 -0.736327285 -0.214804798 -0.007774709 -0.378021724 -0.123327944 0.917512587 0.212569515 -0.856858393 -1.509174437
1750922010.499974012 0.357719392 -0.772906601 -0.336116315 0.007718507 -0.322985665 -0.124830499 0.938103422 -0.041244248 -0.214347708 -1.587751219
1750922010.599973917 0.438358539 -0.791177459 -0.457085156 0.019921231 -0.264423534 -0.130266517 0.955360651 -0.506124671 0.034025561 -1.475624092
1750922010.699974060 0.483129159 -0.802579525 -0.629622167 0.029844961 -0.209905048 -0.131593435 0.968365797 -0.226093910 -0.078223932 -1.619238385
1750922010.799973965 0.534373231 -0.813458878 -0.786464288 0.042954231 -0.154289381 -0.131997827 0.978226096 0.028962245 -0.218660051 -1.741232523
1750922010.899974108 0.564487914 -0.814723325 -0.946359836 0.056991161 -0.098218640 -0.132153182 0.984703327 -0.049032501 -0.134364580 -1.586608381
1750922010.999974012 0.588914450 -0.798742930 -1.123770055 0.062794038 -0.028949572 -0.134888253 0.988445239 0.125285636 0.158431606 -1.531960909
1750922011.099972963 0.565912265 -0.781510658 -1.280919453 0.072655981 0.022945693 -0.134597880 0.987966606 -0.227035984 -0.090205681 -1.670026012
1750922011.199973106 0.533609290 -0.758946990 -1.441520745 0.081182057 0.078219554 -0.134776932 0.984442153 -0.242128346 -0.105178539 -1.663194438
1750922011.299973011 0.477717837 -0.725627766 -1.607145246 0.091001638 0.140544003 -0.131505741 0.977073347 -0.180936706 -0.086234051 -1.630407646
1750922011.399972916 0.415493010 -0.691948396 -1.759211529 0.094972353 0.196485271 -0.130318681 0.967156053 -0.091134212 -0.087563607 -1.672809137
1750922011.499973059 0.337453067 -0.657229259 -1.895973611 0.103461697 0.249483961 -0.128020784 0.954287226 -0.110494385 -0.119255842 -1.705523016
1750922011.599972963 0.233015444 -0.615048489 -2.033800123 0.112808914 0.308500878 -0.124000847 0.936336023 -0.145339912 -0.130483392 -1.573243852
1750922011.699973106 0.122011016 -0.578026220 -2.136048659 0.121124880 0.359290353 -0.120324706 0.917475433 -0.206407658 -0.117287946 -1.613602453
1750922011.799973011 0.002272764 -0.535139053 -2.225036533 0.125219496 0.410196204 -0.115377755 0.895961565 -0.226644578 -0.027998597 -1.603833538
1750922011.899972916 -0.160374064 -0.498430792 -2.319539676 0.135179602 0.464468999 -0.112158026 0.867995162 -0.019921404 -0.377936472 -1.861211350
1750922011.999973059 -0.294934235 -0.457804813 -2.412797019 0.141119494 0.518300210 -0.104810727 0.836937806 0.398671342 -0.233710246 -1.882350796
1750922012.099972010 -0.408106039 -0.401973127 -2.519877972 0.145494942 0.574908819 -0.094625845 0.799598037 0.251653429 0.067577752 -1.689802393
1750922012.199971914 -0.583203017 -0.347212104 -2.549978087 0.147856062 0.625864995 -0.089093894 0.760587846 -0.201400066 -0.079825708 -1.658539695
1750922012.299972057 -0.735369343 -0.302707750 -2.552795506 0.148831115 0.667686624 -0.081404712 0.724856637 -0.189875660 -0.175352062 -1.693646276
1750922012.399971962 -0.898421566 -0.263938840 -2.541121101 0.150443418 0.708074462 -0.077337132 0.685577350 -0.224438413 -0.170751155 -1.717474302
1750922012.499972105 -1.075129940 -0.222789363 -2.508824818 0.150333605 0.750634831 -0.072732744 0.639262939 -0.022762425 -0.099308739 -1.637706354
1750922012.599972010 -1.222530694 -0.193098109 -2.459618078 0.153149933 0.784641376 -0.068705212 0.596793602 -0.115711684 -0.138404781 -1.593221614
1750922012.699971914 -1.368763409 -0.168669826 -2.396773726 0.156019559 0.817061090 -0.065616387 0.551147495 -0.075537356 -0.227484271 -1.590893771
1750922012.799972057 -1.517064878 -0.145133771 -2.313709748 0.157804313 0.850389839 -0.060827986 0.498231750 0.027951493 -0.134821870 -1.412370699
1750922012.899971962 -1.645042318 -0.124711620 -2.218865245 0.161353399 0.876233048 -0.055270666 0.450694886 -0.249974385 -0.226151106 -1.759175793
1750922012.999972105 -1.767045919 -0.124360746 -2.106525095 0.164011343 0.899643971 -0.050871109 0.401438832 -0.149236306 -0.657601173 -1.830527466
1750922013.099972010 -1.921572905 -0.132485777 -1.993400850 0.169571841 0.925680366 -0.050282578 0.334414284 0.773477030 -0.423077655 -1.239022947
1750922013.199970961 -2.021214617 -0.141096322 -1.865820614 0.172218516 0.943436294 -0.050662540 0.278750873 -0.247009513 -0.298798046 -1.688547944
1750922013.299971104 -2.078198060 -0.136413528 -1.737580845 0.173262328 0.957078204 -0.043178391 0.228291709 -0.173172442 -0.159551416 -1.278627975
1750922013.399971008 -2.127909876 -0.128968764 -1.609719648 0.173384298 0.969574849 -0.035015543 0.169222957 -0.006672222 -0.115513704 -1.208588367
1750922013.499970913 -2.151214821 -0.119176128 -1.524433505 0.172341762 0.977939018 -0.025198250 0.115319736 -0.086065170 -0.118240575 -0.887108126
1750922013.599971056 -2.166944430 -0.106327969 -1.469504243 0.171031314 0.982855799 -0.015739381 0.067045052 0.089102047 0.026284460 -0.542856828
1750922013.699970961 -2.177464445 -0.094440194 -1.429763723 0.168084335 0.985329605 -0.009619366 0.027940908 0.225624908 0.032084644 -0.389468091
1750922013.799971104 -2.176781453 -0.084868740 -1.417400791 0.166001228 0.986104854 -0.004998100 0.003978473 -0.021864797 0.298352885 -0.075007115
1750922013.899971008 -2.171974789 -0.077666312 -1.417103612 0.163763007 0.986293336 -0.001636273 -0.020111063 -0.061371437 0.090918272 0.108717827
1750922013.999970913 -2.163955564 -0.081238499 -1.429840176 0.162123329 0.985565018 0.000199584 -0.048760454 -0.088089623 -0.084257887 0.132698650
1750922014.099971056 -2.150094062 -0.083485041 -1.448654974 0.160965013 0.984502436 0.002214423 -0.069572371 -0.197949564 0.010105630 0.192081352
1750922014.199970007 -2.134874346 -0.089291787 -1.471524613 0.160242522 0.983187588 0.003939428 -0.087458461 -0.207158658 0.048490022 0.255491812
1750922014.299969912 -2.121823597 -0.089942570 -1.498585462 0.158968263 0.981606922 0.006181564 -0.105540181 -0.181978008 0.049415549 0.248820519
1750922014.399970055 -2.132484176 -0.122873846 -1.558351260 0.157762632 0.980888392 0.005456323 -0.113750356 0.540843396 -0.971036334 2.497682423
1750922014.499969959 -2.138149173 0.053862560 -1.526483987 0.166673906 0.978825914 0.007383587 -0.118596467 0.550759911 0.049760804 0.405563690
1750922014.599970102 -2.138149173 0.053862560 -1.526483987 0.166673906 0.978825914 0.007383587 -0.118596467 0.000000000 0.000000000 0.000000000
1750922014.699970007 -2.138149173 0.053862560 -1.526483987 0.166673906 0.978825914 0.007383587 -0.118596467 0.000000000 0.000000000 0.000000000
1750922014.799969912 -2.138149173 0.053862560 -1.526483987 0.166673906 0.978825914 0.007383587 -0.118596467 0.000000000 0.000000000 0.000000000
1750922014.899970055 -2.138149173 0.053862560 -1.526483987 0.166673906 0.978825914 0.007383587 -0.118596467 0.000000000 0.000000000 0.000000000
1750922014.999969959 -2.138149173 0.053862560 -1.526483987 0.166673906 0.978825914 0.007383587 -0.118596467 0.000000000 0.000000000 0.000000000
1750922015.099970102 -2.138149173 0.053862560 -1.526483987 0.166673906 0.978825914 0.007383587 -0.118596467 0.000000000 0.000000000 0.000000000
1750922015.199970007 -2.138149173 0.053862560 -1.526483987 0.166673906 0.978825914 0.007383587 -0.118596467 0.000000000 0.000000000 0.000000000
1750922015.299968958 -2.138149173 0.053862560 -1.526483987 0.166673906 0.978825914 0.007383587 -0.118596467 0.000000000 0.000000000 0.000000000
1750922015.399969101 -2.138149173 0.053862560 -1.526483987 0.166673906 0.978825914 0.007383587 -0.118596467 0.000000000 0.000000000 0.000000000
1750922015.499969006 -2.138149173 0.053862560 -1.526483987 0.166673906 0.978825914 0.007383587 -0.118596467 0.000000000 0.000000000 0.000000000
