1750921983.200000048 -0.279495662 0.892601746 0.417357808 0.015661573 -0.845570042 0.094007916 0.525288998 -0.120796341 -0.273789720 -1.615152714
1750921983.299999952 -0.133959008 0.898255801 0.465428550 0.016762097 -0.812930415 0.095234733 0.574276517 -0.188157495 -0.241085388 -1.649704891
1750921983.400000095 0.034994851 0.906425014 0.494557301 0.016075660 -0.772070177 0.097198247 0.627854852 -0.133206095 -0.170957936 -1.503363237
1750921983.500000000 0.187417850 0.920838462 0.502880669 0.010281235 -0.733185804 0.094445466 0.673359434 -0.097925980 -0.093845036 -1.611958553
1750921983.599999905 0.336187246 0.935599325 0.495724023 0.007581305 -0.692701913 0.093783035 0.715060365 -0.067188954 0.089006143 -1.565377903
1750921983.700000048 0.501794295 0.971086594 0.480506756 0.002337942 -0.641324609 0.086006243 0.762430460 -0.158622237 -0.026320281 -1.518596216
1750921983.799998999 0.636374671 0.978428641 0.432786595 0.002391481 -0.598810143 0.084958674 0.796368456 -0.196728005 -0.050268076 -1.406122340
1750921983.899998903 0.768150131 0.979153812 0.366589255 0.000297037 -0.557562320 0.084252632 0.825848452 -0.200260683 -0.114219067 -1.585645669
1750921983.999999046 0.915868146 0.982281505 0.280173718 0.001190704 -0.509937327 0.082700235 0.856226124 -0.176800590 -0.192354925 -1.529780405
1750921984.099998951 1.042543015 0.974401040 0.188337566 0.002424726 -0.468346409 0.082082415 0.879720546 -0.187318078 -0.204447461 -1.536829882
1750921984.199999094 1.152578062 0.976382384 0.086011868 0.001434595 -0.426225403 0.080161486 0.901057148 -0.229848959 -0.066164341 -1.553904220
1750921984.299998999 1.268606950 0.969255103 -0.045142703 -0.001156021 -0.378647196 0.079345992 0.922132950 -0.160208558 -0.132214006 -1.602804208
1750921984.399998903 1.357148865 0.962612211 -0.169080080 -0.002152957 -0.334388806 0.079272279 0.939092859 -0.094998858 -0.159987824 -1.659546064
1750921984.499999046 1.438460161 0.953575734 -0.300303129 -0.000582728 -0.285704833 0.076757284 0.955238571 -0.094849143 -0.135474027 -1.594368009
1750921984.599998951 1.509234993 0.944090665 -0.457843787 -0.000054743 -0.226423175 0.076532473 0.971017674 -0.052673202 -0.218759884 -1.610121281
1750921984.699999094 1.602135896 0.924138189 -0.617850042 0.002072064 -0.166787832 0.075488229 0.983096665 0.441436063 -0.316128235 -1.922939562
1750921984.799998999 1.695238889 0.901081623 -0.767138708 -0.001513099 -0.101484924 0.074886528 0.992013371 1.080528103 -0.456220439 -1.834250779
1750921984.899997950 1.738136709 0.897579411 -0.935008318 -0.006892255 -0.033429129 0.072308565 0.996798105 -0.092284821 -0.096088618 -1.617451746
1750921984.999998093 1.725906292 0.882045817 -1.087776519 -0.009223166 0.022914024 0.067312626 0.997426133 -0.188509286 -0.079538680 -1.553954077
1750921985.099997997 1.696186765 0.869164132 -1.228288502 -0.013279198 0.079871232 0.062770205 0.994738232 -0.199113584 0.010057235 -1.378883378
1750921985.199997902 1.647183149 0.854657981 -1.388293593 -0.019630014 0.143036669 0.057579939 0.987846002 -0.129783711 0.017799152 -1.519629089
1750921985.299998045 1.582469663 0.830256397 -1.513097740 -0.020087421 0.197325137 0.050978481 0.978805640 -0.395755849 -0.203545067 -1.418647396
1750921985.399997950 1.509810645 0.803656074 -1.638161854 -0.023289778 0.253914029 0.044992463 0.965899027 -0.108543664 -0.193086235 -1.611710357
1750921985.499998093 1.412023601 0.775952713 -1.761702848 -0.023101814 0.313827363 0.039144439 0.948391483 -0.090269512 -0.112586658 -1.489136719
1750921985.599997997 1.312362014 0.745875362 -1.870180507 -0.021856199 0.365804874 0.031497020 0.929901628 -0.035910722 -0.193376553 -1.600792552
1750921985.699997902 1.205951906 0.724410853 -1.966539496 -0.023902752 0.417529776 0.025646728 0.907986669 0.013446851 -0.275966436 -1.599719161
1750921985.799998045 1.071439797 0.696624661 -2.054882892 -0.024253399 0.473890286 0.019788110 0.880027386 -0.092121212 -0.079437580 -1.503105373
1750921985.899996996 0.933448042 0.664885992 -2.116088473 -0.022029062 0.520842948 0.015263840 0.853231715 -0.193216515 -0.210787913 -1.551021148
1750921985.999996901 0.782576929 0.631592346 -2.155575593 -0.018990426 0.564282388 0.007942188 0.825325192 -0.360034929 -0.367244584 -1.755679937
1750921986.099997044 0.595602700 0.589716161 -2.190251236 -0.016250664 0.614728951 -0.000755922 0.788570644 -0.029060428 -0.164492944 -1.666977711
1750921986.199996948 0.445261481 0.584520557 -2.226811428 -0.017059852 0.663149838 -0.003001170 0.748286207 0.097736317 0.112590197 -1.452209617
1750921986.299997091 0.298902284 0.575087881 -2.248018145 -0.018265121 0.709097239 -0.008370665 0.704824392 0.260207265 -0.111503623 -1.573691360
1750921986.399996996 0.130913213 0.552960552 -2.240644263 -0.018094039 0.756796281 -0.016041663 0.653203383 -0.130066879 -0.158090322 -1.600799036
1750921986.499996901 -0.013660169 0.545749620 -2.198608773 -0.019827551 0.793390171 -0.020018311 0.608060994 -0.133575296 -0.106521211 -1.471733572
1750921986.599997044 -0.148380727 0.535358786 -2.132764759 -0.019351625 0.824909509 -0.021409125 0.564527648 -0.172191626 -0.154213189 -1.559368784
1750921986.699996948 -0.295364984 0.527811419 -2.047628842 -0.021073845 0.858363424 -0.022635362 0.512109134 -0.106303195 -0.038498282 -1.572710569
1750921986.799997091 -0.413633896 0.524462799 -1.954672485 -0.020179235 0.885486597 -0.029363096 0.463296983 -0.183151732 -0.088640402 -1.567014605
1750921986.899996996 -0.523353514 0.519876462 -1.845490553 -0.020653165 0.909945674 -0.031954958 0.412978446 -0.143395166 -0.100720630 -1.661582398
1750921986.999995947 -0.636182196 0.515200085 -1.706705253 -0.019080194 0.933760942 -0.034015623 0.355765917 -0.216567766 -0.199186637 -1.602762960
1750921987.099996090 -0.722450379 0.518655497 -1.570075996 -0.020645871 0.951697044 -0.033402959 0.304517201 -0.175688738 -0.050298040 -1.700904962
1750921987.199995995 -0.798571544 0.520204821 -1.429295120 -0.020848002 0.967001692 -0.036812601 0.251232803 -0.008798608 -0.013468365 -1.674971736
1750921987.299995899 -0.873201637 0.524086213 -1.253580469 -0.022849165 0.980968465 -0.039745293 0.188677233 0.108958144 -0.180360572 -1.878254375
1750921987.399996042 -0.937827050 0.524980703 -1.096078100 -0.027413617 0.990228931 -0.043419053 0.129653166 0.172763811 -0.111337793 -1.971865580
1750921987.499995947 -0.954117160 0.524589520 -0.917412510 -0.027211269 0.996005166 -0.044012682 0.072774589 -0.117743976 -0.209947893 -1.963931075
1750921987.599996090 -0.963472433 0.526358390 -0.728089508 -0.027228756 0.998206638 -0.052712217 0.007970259 -0.163567663 -0.165130667 -1.676204916
1750921987.699995995 -0.950589831 0.535360073 -0.572616342 -0.027282250 0.996889867 -0.053967247 -0.050535226 -0.127190086 -0.032007614 -1.481130943
1750921987.799995899 -0.922271005 0.553371969 -0.421775692 -0.029203587 0.991804016 -0.060856723 -0.108482270 -0.410414820 0.383920565 -0.985593981
1750921987.899996042 -0.884990750 0.587942060 -0.279234296 -0.028247779 0.982728930 -0.063300102 -0.171577999 0.157841781 -0.165617190 -1.415909949
1750921987.999994993 -0.807360616 0.611786213 -0.146294885 -0.026111031 0.972076378 -0.064504664 -0.224109077 0.110607802 0.171055842 -1.387649806
1750921988.099994898 -0.738823939 0.629167192 -0.024840494 -0.025362288 0.957826583 -0.067484286 -0.278156183 0.401264595 -0.420469059 -1.444970269
1750921988.199995041 -0.656584886 0.643693419 0.112375036 -0.022749224 0.937459111 -0.068989942 -0.340431016 0.195143838 -0.057241845 -1.518138234
1750921988.299994946 -0.564305252 0.660943127 0.217004993 -0.021757331 0.916147286 -0.070675520 -0.393961596 -0.281717070 -0.177426292 -2.028929565
1750921988.399995089 -0.425081549 0.666673554 0.318264358 -0.024284019 0.892550873 -0.072444094 -0.444426685 -0.084010665 -0.152151003 -1.699815290
1750921988.499994993 -0.253194005 0.656293273 0.411735169 -0.024930691 0.864427762 -0.075214792 -0.496473403 -0.173204535 -0.796541923 -1.704082624
1750921988.599994898 -0.116353350 0.666405747 0.494411359 0.029558933 -0.833161650 0.076188022 0.546958243 -0.007640921 -0.409672434 -1.652399518
1750921988.699995041 0.022451679 0.661879519 0.563989538 0.027680536 -0.791693617 0.078010246 0.605284567 0.305165874 0.145285312 -1.541957343
1750921988.799994946 0.187572441 0.687116926 0.628926231 0.029013842 -0.740221364 0.077247758 0.667280535 0.331504451 -0.019585012 -1.678189544
1750921988.899995089 0.354104514 0.690131805 0.635733344 0.028578696 -0.697189969 0.077898750 0.712068248 -0.047802241 -0.299608402 -1.772330603
1750921988.999994993 0.525320986 0.699348376 0.615391047 0.027950924 -0.653259513 0.078151138 0.752571030 -0.095018067 -0.229923042 -1.892351441
1750921989.099993944 0.709302637 0.709598602 0.563057794 0.026788624 -0.607274986 0.081658478 0.789829952 -0.187820904 -0.402731453 -1.610663768
1750921989.199994087 0.878646425 0.732030731 0.512072001 0.021155652 -0.557455920 0.083696939 0.825705854 0.038336084 0.033985431 -1.882835148
1750921989.299993992 1.036236891 0.752188714 0.436029747 0.016361914 -0.509592725 0.080555325 0.856480229 -0.153564894 0.097144395 -1.626644110
1750921989.399993896 1.184385667 0.769051064 0.326541097 0.010047581 -0.456302180 0.070624520 0.886960847 -0.145034202 -0.207206211 -1.691255710
1750921989.499994040 1.305339814 0.769488999 0.216747202 0.009687222 -0.407793682 0.067014172 0.910560032 -0.153960599 -0.141183322 -1.676637261
1750921989.599993944 1.411656396 0.769491888 0.097944120 0.008854692 -0.357902408 0.065587822 0.931410596 -0.160060185 0.005360437 -1.595434894
1750921989.699994087 1.507661625 0.769683218 -0.046213324 0.007443273 -0.301536789 0.065440993 0.951176976 -0.167668005 -0.151232251 -1.601925788
1750921989.799993992 1.584604628 0.763935074 -0.187448774 0.004869564 -0.250425173 0.064416998 0.965978245 -0.103609975 -0.071168024 -1.545060970
1750921989.899993896 1.648031213 0.760777701 -0.333679485 0.004050877 -0.196497726 0.057614653 0.978801709 -0.156964353 -0.159936499 -1.572213331
1750921989.999994040 1.691810963 0.750614084 -0.503723659 0.007544634 -0.132249916 0.056775828 0.989560278 -0.085683437 -0.158248799 -1.657182694
1750921990.099992990 1.717824427 0.742793667 -0.666923015 0.007908059 -0.072442369 0.053280671 0.995917033 -0.189891453 -0.118255400 -1.736510275
1750921990.199992895 1.737339572 0.746969134 -0.828087589 -0.000286067 -0.012941413 0.049023217 0.998713754 -0.247893593 -0.175274230 -1.748100741
1750921990.299993038 1.723788038 0.733199324 -1.010932237 -0.001524037 0.048884645 0.045943128 0.997746059 0.025740520 -0.098654003 -1.650099492
1750921990.399992943 1.731772653 0.749300110 -1.160401443 -0.008673869 0.107506986 0.041521436 0.993299040 -0.086621346 -0.081804948 -1.686413772
1750921990.499993086 1.671165938 0.726760370 -1.304554011 -0.013115639 0.154129233 0.035165849 0.987337593 -0.096438402 -0.142677732 -1.730262373
1750921990.599992990 1.593131414 0.704620616 -1.468387640 -0.016667337 0.206683504 0.031552988 0.977756891 -0.139650548 -0.224437373 -1.767660948
1750921990.699992895 1.502736563 0.680847483 -1.613023866 -0.018052211 0.253796996 0.026483974 0.966726332 -0.177928883 -0.115155678 -1.724521305
1750921990.799993038 1.397819540 0.658685892 -1.743057116 -0.017435729 0.298431766 0.022813616 0.953998960 -0.175936293 -0.139908649 -1.715256736
1750921990.899992943 1.270156954 0.636247550 -1.883468812 -0.019248482 0.346652912 0.016134513 0.937657151 -0.178578687 -0.124936480 -1.689676683
1750921990.999993086 1.154148667 0.617525200 -1.990048890 -0.016562471 0.389269803 0.010923644 0.920910082 -0.018189452 0.031455955 -1.465520656
1750921991.099992990 1.025112932 0.594911294 -2.094861798 -0.019649950 0.432940924 0.004051976 0.901198989 -0.200704312 -0.194702304 -1.830665410
1750921991.199991941 0.862659606 0.576263494 -2.186653704 -0.018577246 0.481168938 -0.000187903 0.876431003 -0.154419738 -0.114274175 -1.703527215
1750921991.299992085 0.704204415 0.541863600 -2.252895908 -0.014858502 0.525596385 -0.003637410 0.850596516 -0.120403892 -0.135259723 -1.585918290
1750921991.399991989 0.555306910 0.525529686 -2.310644309 -0.015272279 0.573325869 -0.007657234 0.819149298 -0.075836986 -0.068128208 -1.687889744
1750921991.499991894 0.380569022 0.467732002 -2.355340128 -0.003988359 0.626577904 -0.020595918 0.779076396 -0.570009672 -0.278188602 -1.876614725
1750921991.599992037 0.196541836 0.421937789 -2.355297555 0.002473534 0.669312824 -0.029021422 0.742409579 -0.103762427 -0.271620206 -1.639164328
1750921991.699991941 0.038520277 0.402757345 -2.364194762 0.006111980 0.714257780 -0.035242404 0.698968125 -0.090504414 -0.318029583 -1.533456708
1750921991.799992085 -0.127178861 0.409378120 -2.337925003 0.008219756 0.759374672 -0.039968825 0.649372802 -0.179160974 -0.028335164 -1.464229488
1750921991.899991989 -0.278409685 0.410663650 -2.294507308 0.011949216 0.795949232 -0.043517978 0.603678906 -0.226743077 -0.204392501 -1.714864041
1750921991.999991894 -0.421069349 0.413332078 -2.230092912 0.014970399 0.829244347 -0.045122539 0.556860536 -0.192078407 -0.096328318 -1.598106448
1750921992.099992037 -0.561621796 0.417810028 -2.133730787 0.016710590 0.861551040 -0.045574436 0.505344963 -0.301268563 -0.178500994 -1.522090856
1750921992.199990988 -0.679245238 0.422048502 -2.035095879 0.016650783 0.887838009 -0.045350865 0.457613069 -0.253401363 -0.137342902 -1.560537129
1750921992.299990892 -0.788407717 0.427165161 -1.925623194 0.018921606 0.911969741 -0.047737229 0.407031106 -0.204779791 -0.204770571 -1.656675475
1750921992.399991035 -0.893629559 0.432038969 -1.787223942 0.017551793 0.935456309 -0.048497418 0.349659017 -0.152046275 -0.185212846 -1.660370565
1750921992.499990940 -0.973799386 0.436818402 -1.653111174 0.017471407 0.953433680 -0.046508068 0.297482716 -0.217595368 -0.180275833 -1.591647295
1750921992.599991083 -1.043850744 0.440581889 -1.506179035 0.012652679 0.968371044 -0.041966539 0.245634365 -0.076224216 -0.130530313 -1.655537036
1750921992.699990988 -1.098183220 0.443365060 -1.335839191 0.017929056 0.981730226 -0.043824052 0.184292604 -0.153031396 -0.117553775 -1.583477635
1750921992.799990892 -1.137112873 0.450256229 -1.184373239 0.014510210 0.990523559 -0.044714368 0.129047117 -0.131257532 -0.086877887 -1.542561783
1750921992.899991035 -1.170623327 0.456898402 -1.016500582 0.010592459 0.996361208 -0.044354512 0.072005697 0.079344599 -0.197225495 -1.925834377
1750921992.999990940 -1.171503680 0.461817286 -0.825221704 0.009572975 0.999054921 -0.041252485 0.009790632 -0.639714655 0.113839167 -1.415853995
1750921993.099991083 -1.143706698 0.467997578 -0.667073340 0.008864429 0.998074149 -0.041570936 -0.045180431 -0.203143135 -0.086797529 -1.639162506
1750921993.199990988 -1.101690110 0.478520759 -0.523706002 0.010454359 0.993983816 -0.040605076 -0.101183538 -0.097125301 0.123688404 -1.234262121
1750921993.299989939 -1.031236503 0.489609192 -0.387844596 0.009477589 0.985961909 -0.039197020 -0.162027412 -0.133164281 -0.081353857 -1.486316086
1750921993.399990082 -0.962869441 0.520346979 -0.284690588 0.005730365 0.975227662 -0.038886717 -0.217683240 -0.099232429 0.426863384 -1.367887427
1750921993.499989986 -0.903273523 0.547158435 -0.172681549 0.006045479 0.961347979 -0.038481419 -0.272566865 -0.061653885 0.066109640 -1.157349332
1750921993.599989891 -0.815932513 0.565523841 -0.052001973 0.005775057 0.942069137 -0.037395402 -0.333277621 0.005905958 0.086133387 -1.264783416
1750921993.699990034 -0.718200854 0.574664463 0.047214082 0.010403458 0.921711661 -0.035517706 -0.386106040 -0.060006713 0.091850884 -1.464896314
1750921993.799989939 -0.620262534 0.580747048 0.135084844 0.012389234 0.897385212 -0.035302688 -0.439658967 0.078853182 0.136667331 -1.415860388
1750921993.899990082 -0.483995912 0.586871996 0.229523842 0.016118854 0.865834574 -0.032868517 -0.498989312 -0.165531612 -0.031383850 -1.796638358
1750921993.999989986 -0.335702015 0.576475513 0.287135532 -0.013495671 -0.836496278 0.033375271 0.546788747 -0.186608010 -0.130023036 -1.626533376
1750921994.099989891 -0.180988536 0.557354421 0.331342400 -0.011216722 -0.804353915 0.031849754 0.593190153 -0.195773605 -0.187206971 -1.613501972
1750921994.199990034 -0.007417183 0.542867603 0.356484362 -0.008482372 -0.764863170 0.031024228 0.643389368 -0.237550988 -0.161551381 -1.603399981
1750921994.299988985 0.138289433 0.528183477 0.363742649 -0.006462283 -0.726289319 0.030131923 0.686697991 -0.026868736 -0.206291129 -1.520903732
1750921994.399988890 0.284710900 0.514537660 0.349188447 0.000158517 -0.685979552 0.031835306 0.726924028 -0.255380019 -0.284479229 -1.426017837
1750921994.499989033 0.433633707 0.501964835 0.314486708 0.001426045 -0.636652929 0.028066002 0.770638251 -0.247004591 -0.131987192 -1.493265289
1750921994.599988937 0.563592001 0.490884221 0.265006778 0.004523146 -0.592239649 0.027998655 0.805262575 -0.066412027 -0.254890881 -1.461899766
1750921994.699989080 0.684632217 0.481973281 0.200094369 0.008296156 -0.546118128 0.027047315 0.837230319 -0.173197485 -0.113227700 -1.422758206
1750921994.799988985 0.802409359 0.478848284 0.113419777 0.010312241 -0.493776483 0.024772643 0.869174757 -0.227288446 -0.093213687 -1.346697105
1750921994.899988890 0.918433807 0.475408074 0.034528858 0.012206759 -0.440117749 0.020991307 0.897611680 0.086516922 -0.114402055 -1.482583213
1750921994.999989033 1.024931163 0.466507836 -0.064260913 0.014699152 -0.387653712 0.022646830 0.921409603 -0.097090472 -0.154924631 -1.532266228
1750921995.099988937 1.114133065 0.458479236 -0.192447379 0.015995459 -0.334376271 0.023219317 0.942017791 -0.185773336 -0.123074035 -1.400417920
1750921995.199989080 1.189669719 0.456828886 -0.317483246 0.014388047 -0.286508237 0.020167327 0.957757429 -0.100160629 -0.018534835 -1.505847607
1750921995.299988985 1.247641668 0.450730008 -0.449371703 0.015469739 -0.239487287 0.019060866 0.970589105 -0.153375200 -0.223091288 -1.601064363
1750921995.399987936 1.300991524 0.443712148 -0.605758294 0.019330136 -0.184889422 0.017341099 0.982416171 -0.129722831 -0.190359407 -1.610299430
1750921995.499988079 1.338820142 0.435612315 -0.755894390 0.019791302 -0.133910928 0.015514903 0.990674243 -0.113569704 -0.311013576 -1.761323478
1750921995.599987984 1.373797957 0.421483722 -0.920861354 0.021082285 -0.079914584 0.013393301 0.996488744 0.039088709 -0.139859942 -1.779851795
1750921995.699987888 1.393302308 0.401492629 -1.112652424 0.024466870 -0.015912078 0.012399585 0.999497088 -0.266817815 -0.302578443 -1.829075777
1750921995.799988031 1.383611903 0.392392130 -1.281628185 0.025374294 0.041400763 0.010872193 0.998761191 -0.101473908 -0.187683264 -1.800091280
1750921995.899987936 1.350880330 0.396554046 -1.440210046 0.023324200 0.099220292 0.009966410 0.994742171 -0.120072883 -0.035570575 -1.635759072
1750921995.999988079 1.289513548 0.388619932 -1.612440272 0.022334328 0.165695033 0.005472133 0.985908915 -0.192696678 -0.234224221 -1.755989238
1750921996.099987984 1.223376710 0.389228272 -1.754167787 0.019731210 0.225344843 0.004742199 0.974067704 -0.083233183 -0.009218996 -1.555835765
1750921996.199987888 1.128236379 0.366453879 -1.879971157 0.022145530 0.282871684 0.000494750 0.958901946 -0.130604133 -0.116167501 -1.626208965
1750921996.299988031 1.019573077 0.358173473 -2.017927129 0.021675564 0.349220605 -0.005212561 0.936775303 -0.025748828 -0.146106645 -1.561084552
1750921996.399986982 0.914848830 0.352653687 -2.122691025 0.021152788 0.406848109 -0.009405560 0.913202448 0.030489428 -0.158679628 -1.544529310
1750921996.499986887 0.798240163 0.344385310 -2.229591015 0.021274117 0.462309449 -0.015818364 0.886322269 0.299459649 -0.205989105 -1.710177722
1750921996.599987030 0.647765065 0.343357730 -2.322457066 0.017781264 0.517485056 -0.015956194 0.855358664 0.271968967 -0.019277707 -1.774592414
1750921996.699986935 0.505883823 0.346118144 -2.390007173 0.022915258 0.565076641 -0.018198272 0.824519317 -0.104794732 -0.068802221 -1.547718345
1750921996.799987078 0.349536507 0.331750975 -2.426557620 0.026779269 0.608864230 -0.019472693 0.792583140 -0.134250015 -0.116862186 -1.575843171
1750921996.899986982 0.146998712 0.276603317 -2.414838146 0.040154391 0.649280627 -0.029823688 0.758902391 -0.726027255 -0.854654864 -2.000978798
1750921996.999986887 -0.044094120 0.242096111 -2.422518651 0.048798199 0.690399166 -0.037628647 0.720799426 0.112157700 -0.433611074 -1.857325651
1750921997.099987030 -0.223699250 0.244963774 -2.438960357 0.049216378 0.734490081 -0.037373200 0.675799758 0.664782721 -0.385269195 -1.869701595
1750921997.199986935 -0.404298744 0.249326380 -2.468138273 0.051540136 0.786633503 -0.040347876 0.613940872 0.428195795 -0.194832207 -1.580596747
1750921997.299987078 -0.562400018 0.258366973 -2.460254305 0.054290460 0.828762587 -0.041469259 0.555414638 0.024325157 -0.087480217 -1.663844666
1750921997.399986982 -0.704672701 0.266695162 -2.379174956 0.058184425 0.858293372 -0.042763975 0.508053445 -0.120382135 -0.142383513 -1.738994387
1750921997.499985933 -0.856682785 0.280973439 -2.264254832 0.061060106 0.888586429 -0.039215552 0.452932624 -0.167727505 -0.057417843 -1.791118695
1750921997.599986076 -0.972411795 0.292205321 -2.150738694 0.061404198 0.913034293 -0.037026722 0.401530729 -0.181998824 -0.080504027 -1.614183205
1750921997.699985981 -1.080444309 0.297181206 -2.025273732 0.061764120 0.934921395 -0.035921711 0.347587126 -0.119871127 -0.064094454 -1.696377086
1750921997.799985886 -1.182354646 0.307294831 -1.869929496 0.059089489 0.955864219 -0.033780436 0.285816216 -0.119781523 -0.112954175 -1.683298558
1750921997.899986029 -1.252987932 0.312609044 -1.722865741 0.057648087 0.970996929 -0.030017518 0.230088268 -0.055953655 -0.041573964 -1.744948630
1750921997.999985933 -1.311646236 0.312709413 -1.562017882 0.055315832 0.982909984 -0.025043015 0.173784262 -0.064320979 0.028468344 -1.630807842
1750921998.099986076 -1.354704321 0.312722637 -1.384243279 0.052236676 0.992162795 -0.020842957 0.111579068 -0.187605611 -0.082112679 -1.589582544
1750921998.199985981 -1.383893770 0.310447151 -1.219752955 0.051679181 0.997072393 -0.019752250 0.052780249 0.055232999 -0.162929892 -1.625027332
1750921998.299985886 -1.393091229 0.309678918 -1.054888598 0.048751812 0.998580198 -0.020213885 -0.007228210 0.051652232 -0.092399855 -1.719333934
1750921998.399986029 -1.383283628 0.305023718 -0.850604868 0.044040320 0.996184517 -0.015940705 -0.073639343 0.072496185 -0.137170255 -2.048207177
1750921998.499984980 -1.345438704 0.308789610 -0.693547389 0.041759272 0.990386211 -0.013169613 -0.131216908 -0.159273427 0.007199009 -1.726794387
1750921998.599984884 -1.282697270 0.302700414 -0.540348708 0.039049357 0.981192068 -0.012692072 -0.188616500 -0.028561337 0.016614022 -1.487050907
1750921998.699985027 -1.199318116 0.298900653 -0.382668074 0.039059131 0.966792045 -0.009639692 -0.252377895 -0.157990047 -0.025695113 -1.856065338
1750921998.799984932 -1.140309117 0.315564472 -0.253548799 0.033696300 0.949819689 -0.007977518 -0.310875341 0.106177058 0.122155457 -1.441013437
1750921998.899985075 -1.048453765 0.320120117 -0.129724278 0.029361967 0.929575020 -0.008454009 -0.367364516 -0.321060494 0.097495899 -1.591961504
1750921998.999984980 -0.905529829 0.317360722 -0.022515197 0.027412539 0.905415410 -0.007817191 -0.423568625 -0.204983471 0.014794204 -1.736983059
1750921999.099984884 -0.788696295 0.314145990 0.067166222 0.025666531 0.880420779 -0.007765339 -0.473434453 -0.160248966 -0.009743803 -1.568222326
1750921999.199985027 -0.648355448 0.307928610 0.138552644 -0.023882402 -0.853285667 0.006354538 0.520857774 -0.191489789 0.158420299 -1.556882910
1750921999.299984932 -0.488923520 0.318403085 0.210196014 -0.023476318 -0.817910617 0.001013943 0.574865251 0.020670975 -0.116548397 -1.780177948
1750921999.399985075 -0.327078625 0.299788646 0.244838666 -0.021264378 -0.784768907 0.000268150 0.619423537 -0.150589859 -0.168704342 -1.815202986
1750921999.499984980 -0.163659354 0.272097756 0.267964403 -0.016550297 -0.748416928 -0.001125344 0.663021058 -0.035676616 -0.786562114 -1.881291900
1750921999.599983931 0.028896498 0.233655053 0.270231464 -0.008244985 -0.703632737 -0.000653768 0.710515703 -0.138211428 -0.277213486 -1.861859304
1750921999.699984074 0.193231780 0.217738744 0.251742963 -0.002261496 -0.660820314 -0.001206819 0.750539767 0.136591542 -0.269056800 -1.654126213
1750921999.799983978 0.348997286 0.195139268 0.206485063 -0.000701806 -0.618593791 -0.001857460 0.785708457 -0.161212083 -0.382024686 -1.695755195
1750921999.899983883 0.520405040 0.184102672 0.136682383 0.007754222 -0.568837557 -0.000900102 0.822412850 -0.111779739 -0.075446731 -1.667642047
1750921999.999984026 0.664202909 0.176622121 0.061589997 0.013474892 -0.523850427 -0.002708967 0.851699371 -0.117166328 -0.066498741 -1.667221350
1750922000.099983931 0.803890593 0.169309105 -0.025745935 0.018913093 -0.474831983 -0.003599476 0.879865857 -0.080669185 -0.227551107 -1.740837887
1750922000.199984074 0.947459954 0.166738985 -0.140214637 0.022514052 -0.415896796 -0.004947344 0.909119627 -0.139415843 -0.205993762 -1.684363784
1750922000.299983978 1.069551578 0.168604148 -0.258473918 0.024313134 -0.361865822 -0.010489021 0.931854054 -0.037520614 0.026026568 -1.777798991
1750922000.399983883 1.165068810 0.171239288 -0.394185962 0.027541927 -0.309703204 -0.013010132 0.950345255 -0.111029297 -0.104997534 -1.677295067
1750922000.499984026 1.258639833 0.172577705 -0.555506110 0.028635020 -0.248666174 -0.016847473 0.968019283 -0.001190541 -0.042798367 -1.819446400
1750922000.599982977 1.322312634 0.170568992 -0.707815936 0.029836982 -0.195412822 -0.016714849 0.980124583 -0.046310983 -0.101410949 -1.651156847
1750922000.699982882 1.370937173 0.172506542 -0.862858528 0.033628570 -0.142661347 -0.019133173 0.989015056 -0.054071339 -0.086097918 -1.643971788
1750922000.799983025 1.402411825 0.172461818 -1.035594549 0.038583708 -0.081672869 -0.021420208 0.995681683 0.003902925 -0.123991017 -1.607631894
1750922000.899982929 1.416410221 0.166316004 -1.205528868 0.046341858 -0.025378820 -0.020300023 0.998396843 -0.053201226 -0.227978549 -1.718319540
1750922000.999983072 1.395688197 0.172736842 -1.360439574 0.048155828 0.028592608 -0.020108221 0.998227999 -0.173215028 -0.032956481 -1.597050878
1750922001.099982977 1.358538975 0.176707194 -1.540923863 0.047577782 0.093707938 -0.019712323 0.994266866 -0.056824857 -0.067665202 -1.671983030
1750922001.199982882 1.318496678 0.179760330 -1.702717123 0.048049657 0.152147701 -0.021476540 0.986955453 -0.001768481 -0.159526736 -1.698737444
1750922001.299983025 1.292825392 0.191302607 -1.861506824 0.047846350 0.215647099 -0.021526193 0.975060859 0.693662517 0.202437210 -1.597428259
1750922001.399982929 1.214557470 0.207300120 -2.025018703 0.045285014 0.283752998 -0.021072789 0.957595657 -0.125799224 -0.071948135 -1.675672533
1750922001.499983072 1.108779117 0.211313400 -2.151270254 0.041956831 0.338712623 -0.023055216 0.939671134 -0.119654696 -0.141705761 -1.705368020
1750922001.599982977 0.983701125 0.216391913 -2.263517363 0.044521335 0.391712812 -0.023338154 0.918713369 -0.136518448 -0.222783986 -1.797453826
1750922001.699981928 0.834406215 0.215548249 -2.374091551 0.044855620 0.447956940 -0.023605469 0.892617127 -0.293549903 -0.126239921 -1.418031181
1750922001.799982071 0.701038534 0.220210661 -2.456114797 0.050239662 0.496363904 -0.027572470 0.866220879 -0.028388452 -0.085218487 -1.504469449
1750922001.899981976 0.561234019 0.227855288 -2.516624328 0.049213463 0.542848787 -0.028787340 0.837892904 -0.199080290 -0.072976331 -1.588030488
1750922001.999982119 0.387898769 0.220737440 -2.571218978 0.053551345 0.594292551 -0.030503358 0.801884133 -0.092604168 -0.333271998 -1.680377173
1750922002.099982023 0.227261404 0.224465432 -2.602320084 0.057424725 0.637870779 -0.031295033 0.767361643 -0.111027524 -0.265807332 -1.756376751
1750922002.199981928 0.073544383 0.229596997 -2.615581205 0.060069143 0.680286749 -0.032439958 0.729759746 -0.067537242 0.062973074 -1.443818418
1750922002.299982071 -0.115678754 0.227932173 -2.633149524 0.068005021 0.727542703 -0.036011143 0.681733181 0.160958478 -0.278779045 -1.955645359
1750922002.399981976 -0.340857104 0.205790001 -2.687327994 0.076383168 0.778058280 -0.043632930 0.622002486 1.268208906 -0.540419023 -2.210250796
1750922002.499982119 -0.504668603 0.241528730 -2.685011180 0.071163940 0.820093576 -0.038296761 0.566494112 0.185689478 0.008540121 -1.852446124
1750922002.599982023 -0.674728095 0.247709948 -2.599503511 0.075392342 0.854754253 -0.041088344 0.511881735 -0.038712273 -0.196029801 -1.794107716
1750922002.699980974 -0.815849568 0.262037484 -2.506049402 0.077866655 0.883441995 -0.040682134 0.460230365 -0.062282731 -0.204284295 -1.802397620
1750922002.799981117 -0.947591212 0.266972799 -2.395698536 0.080355937 0.909148707 -0.038968721 0.406783716 -0.034418580 -0.116955738 -1.732648590
1750922002.899981022 -1.072343159 0.273749788 -2.247516987 0.083562657 0.933342888 -0.035463559 0.347319265 -0.185841116 -0.106680584 -1.721218432
1750922002.999980927 -1.158960197 0.280662863 -2.107165699 0.084141930 0.951413311 -0.033910041 0.294249819 -0.112435566 -0.130914361 -1.743177453
1750922003.099981070 -1.231295871 0.283422997 -1.960040339 0.085523373 0.966437084 -0.032963516 0.239996919 -0.181841934 -0.063875908 -1.656517613
1750922003.199980974 -1.290341348 0.289161013 -1.784408395 0.082518035 0.980097887 -0.028619481 0.178268983 -0.170886230 -0.034329296 -1.738557449
1750922003.299981117 -1.325308950 0.282037796 -1.618586307 0.084832551 0.988435171 -0.026846309 0.122795062 -0.145114739 -0.197498908 -1.771643824
1750922003.399981022 -1.346252851 0.272672097 -1.445920457 0.083117592 0.993961085 -0.019807026 0.068851357 -0.073022080 -0.172298097 -1.868494724
1750922003.499980927 -1.343831806 0.260683962 -1.264622406 0.083984767 0.996261860 -0.018554374 0.008037489 -0.172856741 -0.057820087 -1.504599575
1750922003.599981070 -1.328162663 0.250753770 -1.099262819 0.079966645 0.995569334 -0.015018238 -0.047132685 -0.097923634 -0.127169400 -1.697188877
1750922003.699980021 -1.298118372 0.240065655 -0.926696946 0.077296857 0.991511849 -0.009365945 -0.104123618 0.067316797 -0.190934033 -1.968971959
1750922003.799979925 -1.248261842 0.226722100 -0.713272842 0.072491632 0.983354001 -0.003854268 -0.166568356 0.514759041 -0.080295589 -2.172222053
1750922003.899980068 -1.198160491 0.220391104 -0.550806048 0.066345546 0.971825971 0.002333827 -0.226157256 0.440791550 0.091261608 -1.600009693
1750922003.999979973 -1.124429651 0.208256228 -0.414149470 0.063377739 0.956765832 0.005150608 -0.283823671 -0.092581237 0.019804962 -1.648888230
1750922004.099980116 -1.017942885 0.203143230 -0.293200637 0.059657911 0.936893335 0.009333870 -0.344361280 -0.119311179 0.010454741 -1.504446109
1750922004.199980021 -0.916429704 0.207146190 -0.194848947 0.055772262 0.915494185 0.011952503 -0.398267484 -0.095305513 0.082013565 -1.325275633
1750922004.299979925 -0.800872510 0.219636293 -0.127166937 0.052033094 0.892729660 0.015267431 -0.447317804 -0.394583041 0.499304023 -1.231456205
1750922004.399980068 -0.651419838 0.233764249 -0.069554819 0.049878503 0.864594002 0.023051967 -0.499457660 0.155724689 0.515403232 -1.864000324
1750922004.499979973 -0.529101431 0.209836643 -0.004342626 -0.047500173 -0.834841897 -0.027585761 0.547742428 0.163498925 -0.369304567 -1.635648310
1750922004.599980116 -0.389724243 0.186949293 0.052498516 -0.041859617 -0.801945746 -0.027331933 0.595301401 -0.176176012 0.120284025 -1.559348647
1750922004.699980021 -0.221545831 0.170827841 0.085938112 -0.038445902 -0.762081381 -0.031156859 0.645587431 -0.091693314 -0.056535704 -1.695474311
1750922004.799978971 -0.056182621 0.128412134 0.082643367 -0.034289426 -0.726362496 -0.033000095 0.685662274 -0.327725453 -0.388381219 -1.868546569
1750922004.899979115 0.114886283 0.088660594 0.073518246 -0.025414770 -0.686414515 -0.036214630 0.725863419 -0.018455725 -0.542918043 -1.789985053
1750922004.999979019 0.297649222 0.042206683 0.060014556 -0.015301332 -0.633701006 -0.038881796 0.772448775 0.144592258 -0.096331794 -1.697213158
1750922005.099978924 0.455372876 0.012145697 0.006490064 -0.005477891 -0.587882159 -0.039811710 0.807947763 -0.153114272 -0.232454420 -1.710116342
1750922005.199979067 0.602112933 -0.010772415 -0.064756233 0.001356650 -0.537232417 -0.042241571 0.842374702 -0.121776576 -0.233283224 -1.783561716
1750922005.299978971 0.756753054 -0.036065766 -0.165513011 0.008709775 -0.480390294 -0.043694381 0.875922432 -0.112312611 -0.115145846 -1.689515195
1750922005.399979115 0.896323066 -0.044625135 -0.253328838 0.015683469 -0.422399085 -0.046373465 0.905087037 0.261111412 0.168571020 -1.658347073
1750922005.499979019 1.025248382 -0.054324920 -0.358710302 0.022374172 -0.361080374 -0.043043081 0.931272062 0.364082013 0.143203104 -1.727031599
1750922005.599978924 1.130825336 -0.059926044 -0.507727364 0.028172360 -0.301913136 -0.045488846 0.951832728 -0.190056139 -0.165671905 -1.660730773
1750922005.699979067 1.205113576 -0.062223002 -0.649732144 0.031516405 -0.249090525 -0.048088964 0.966771989 -0.150550577 -0.033418603 -1.653889397
1750922005.799978018 1.262331090 -0.062415353 -0.799044949 0.036769339 -0.195984317 -0.049492709 0.978666764 -0.185974112 -0.106381089 -1.666793635
1750922005.899977922 1.305026099 -0.060097901 -0.971951363 0.043085391 -0.137888348 -0.051048841 0.988192526 -0.145465494 -0.030193820 -1.705005298
1750922005.999978065 1.326635455 -0.054926790 -1.128732742 0.047242696 -0.085851606 -0.053559593 0.993744937 -0.121383873 -0.108077927 -1.649472210
1750922006.099977970 1.332555504 -0.048167009 -1.287917602 0.051174883 -0.032562179 -0.053837683 0.996705744 -0.149771889 -0.162728545 -1.694997210
1750922006.199978113 1.317674930 -0.040513088 -1.468535371 0.058700066 0.027386221 -0.052905838 0.996496497 -0.097568622 -0.123921607 -1.604654649
1750922006.299978018 1.289254989 -0.036301876 -1.643673044 0.068154098 0.084114512 -0.051598879 0.992782616 -0.002926761 -0.331664591 -1.990959394
1750922006.399977922 1.238770941 -0.029088990 -1.810038838 0.076026668 0.140994861 -0.049461764 0.985846808 -0.036963757 -0.378973788 -1.963739829
1750922006.499978065 1.181226743 0.006248367 -1.981015318 0.070837347 0.208187226 -0.052574443 0.974102704 -0.130142394 -0.011223263 -1.637168796
1750922006.599977970 1.094509092 0.026747779 -2.122308346 0.072432762 0.262207935 -0.050724783 0.960951346 -0.120357475 0.085621248 -1.684985738
1750922006.699978113 1.003660412 0.054823108 -2.250979138 0.072741903 0.316757464 -0.051721702 0.944297723 -0.232689881 0.035349786 -1.486275083
1750922006.799978018 0.878537552 0.079202918 -2.380351071 0.071202851 0.379453291 -0.049371773 0.921144821 -0.120289226 -0.208162741 -1.781844786
1750922006.899976969 0.755617565 0.093436103 -2.470817468 0.073739971 0.431433127 -0.050587497 0.897701943 -0.102484904 -0.071527470 -1.555102549
1750922006.999977112 0.611561479 0.106952183 -2.556805981 0.073520891 0.482160438 -0.050193085 0.871548418 -0.144683209 -0.143948527 -1.815296414
1750922007.099977016 0.442823124 0.126074048 -2.628119730 0.077402154 0.536279371 -0.051038085 0.838932927 -0.150368520 -0.049544151 -1.626758295
1750922007.199976921 0.289104634 0.138966961 -2.680924342 0.081170522 0.581046939 -0.051059045 0.808200950 -0.016202723 -0.145621384 -1.619104546
1750922007.299977064 0.130501480 0.149751418 -2.711962468 0.083949823 0.623222713 -0.052268782 0.775766622 0.233021021 -0.692264852 -2.021978773
1750922007.399976969 -0.056567181 0.157121385 -2.747454012 0.090657199 0.671254706 -0.056682312 0.733474953 0.081913599 -0.137631668 -1.695710422
1750922007.499977112 -0.215400972 0.173860893 -2.746418986 0.095866170 0.708505037 -0.053525833 0.697112096 -0.144417736 -0.265332501 -1.525905913
1750922007.599977016 -0.375775840 0.186246355 -2.719169695 0.097346519 0.743799980 -0.048942790 0.659461787 -0.112254401 -0.237610568 -1.720559234
1750922007.699976921 -0.562916348 0.192842472 -2.670005517 0.105134977 0.783378322 -0.048470334 0.610668215 0.113532043 -0.506896544 -1.847134740
1750922007.799977064 -0.734232096 0.186927660 -2.596866343 0.110590973 0.815681182 -0.052865761 0.565366304 -0.190392695 -0.181705822 -1.854795652
1750922007.899976015 -0.885778681 0.222059361 -2.536022901 0.108886444 0.850127661 -0.043411217 0.513363583 0.135989727 -0.006364230 -1.666160111
1750922007.999975920 -1.054913027 0.256526155 -2.478536375 0.108023520 0.889016256 -0.038367682 0.443293285 0.344872728 -0.007291103 -1.605735592
1750922008.099976063 -1.186548541 0.272522080 -2.384849094 0.108375636 0.917057321 -0.036076761 0.382045886 -0.121786178 -0.165105966 -1.765928088
1750922008.199975967 -1.295697396 0.275693707 -2.251648664 0.108758795 0.937562377 -0.034008521 0.328620960 -0.080317926 -0.143999791 -1.835246817
1750922008.299976110 -1.395100480 0.286743971 -2.090130484 0.106459364 0.957356974 -0.026001351 0.267316214 -0.075126087 -0.024277781 -1.710709785
1750922008.399976015 -1.454384615 0.288572408 -1.942814997 0.106197341 0.970892728 -0.020800514 0.213674456 -0.299353222 -0.211880402 -1.655566188
1750922008.499975920 -1.497994248 0.287596773 -1.786002792 0.105211272 0.981571496 -0.013873027 0.158919874 -0.157547773 -0.135803657 -1.652286448
1750922008.599976063 -1.527741649 0.281840781 -1.606547154 0.101778707 0.990069560 -0.007675489 0.096666681 -0.135557377 -0.119493557 -1.707172229
1750922008.699975967 -1.531514733 0.275267215 -1.447626999 0.098669040 0.994281030 -0.000719273 0.040855076 -0.158862585 -0.127043107 -1.768131309
1750922008.799976110 -1.525289108 0.258087646 -1.277916588 0.098318454 0.995014317 0.004883078 -0.016004544 -0.201351635 -0.129718903 -1.711716439
1750922008.899976015 -1.499086002 0.239008746 -1.094465932 0.093192435 0.992544274 0.011626093 -0.077690844 -0.117588284 -0.199169329 -1.594345342
1750922008.999974966 -1.459294077 0.215618730 -0.916868660 0.089641239 0.986956440 0.017032656 -0.132632283 -0.024174873 -0.193879352 -2.022050960
1750922009.099975109 -1.410412236 0.192151304 -0.738237523 0.083225921 0.977936465 0.023610378 -0.190148012 0.479922707 -0.127199730 -1.999659761
1750922009.199975014 -1.322422049 0.166087475 -0.578745919 0.079279784 0.964041480 0.032000151 -0.251624188 -0.076045007 -0.100254371 -1.719772264
1750922009.299974918 -1.226940341 0.133668434 -0.449187497 0.073003998 0.948883654 0.035513472 -0.305006592 -0.110354432 -0.049862793 -1.673478858
1750922009.399975061 -1.122882674 0.109139303 -0.324443413 0.068872178 0.929966863 0.039039451 -0.359018353 -0.098143803 -0.176349527 -1.968176472
1750922009.499974966 -1.002734831 0.101249668 -0.198915429 0.060099102 0.904808613 0.043729125 -0.419281809 -0.095329447 0.012468260 -1.544733697
1750922009.599975109 -0.892920381 0.094637442 -0.124940954 0.057211200 0.879711369 0.049440950 -0.469457537 -0.155354202 -0.067834821 -1.369769937
1750922009.699975014 -0.766747858 0.076324983 -0.055837659 -0.051833171 -0.852831533 -0.051275753 0.517071075 -0.246978099 0.409909267 -1.566181006
1750922009.799974918 -0.609383260 0.050696733 0.001878309 -0.047699386 -0.818796685 -0.053271464 0.569612946 -0.150122061 -0.189551526 -1.574582033
1750922009.899975061 -0.460152652 0.018286736 0.034721094 -0.043486527 -0.785335171 -0.058469614 0.614767351 -0.250348355 -0.183186073 -1.908409298
1750922009.999974012 -0.332327495 0.008635998 0.059046736 -0.039889133 -0.748472985 -0.060054102 0.659234823 0.003909693 0.249082489 -1.305444223
1750922010.099973917 -0.161928584 -0.026787111 0.048509200 -0.030865257 -0.706015424 -0.061528496 0.704843104 -0.220663649 -0.115167464 -1.535329232
1750922010.199974060 -0.009425466 -0.070230840 0.019638407 -0.023725322 -0.666627741 -0.063270039 0.742321673 -0.157238156 -0.393129014 -1.673786826
1750922010.299973965 0.134169899 -0.100995544 -0.023861446 -0.017833751 -0.624103702 -0.067056625 0.778254415 -0.014270966 -0.094338935 -1.568361096
1750922010.399974108 0.283245482 -0.165060966 -0.067004464 -0.003036307 -0.566785260 -0.062969848 0.821449967 0.199235916 -0.803111240 -1.414510220
1750922010.499974012 0.407800791 -0.197245689 -0.133285915 0.008945759 -0.516739719 -0.062563570 0.853806674 -0.038657168 -0.200902570 -1.488158208
1750922010.599973917 0.524499002 -0.213164157 -0.203919614 0.018518386 -0.462875981 -0.066990903 0.883694016 -0.474377582 0.031891279 -1.383064348
1750922010.699974060 0.630171195 -0.229424966 -0.332743506 0.025375858 -0.411998467 -0.067913680 0.908295690 -0.211911982 -0.073317271 -1.517670316
1750922010.799973965 0.735238881 -0.243606289 -0.445795272 0.035230503 -0.359202906 -0.067462332 0.930151019 0.027145564 -0.204944418 -1.632012270
1750922010.899974108 0.822849462 -0.251190175 -0.570393725 0.046060570 -0.305200158 -0.066751168 0.948828525 -0.045956897 -0.125936450 -1.487087056
1750922010.999974012 0.911213277 -0.244361209 -0.713723425 0.048895806 -0.238240833 -0.070972026 0.967374528 0.117426991 0.148493852 -1.435867392
1750922011.099972963 0.951294735 -0.240017079 -0.857928945 0.056049717 -0.187030563 -0.070849147 0.978191390 -0.212794964 -0.084547455 -1.565272247
1750922011.199973106 0.984432192 -0.231872044 -1.009117608 0.061969922 -0.131967655 -0.071750423 0.986709757 -0.226940645 -0.098581128 -1.558869189
1750922011.299973011 0.998704359 -0.216437423 -1.174573577 0.068262467 -0.069012219 -0.069493523 0.992848528 -0.169587301 -0.080824949 -1.528138975
1750922011.399972916 1.002314357 -0.200511173 -1.330923770 0.069691909 -0.012113114 -0.070344224 0.995011558 -0.085417743 -0.082071107 -1.567880798
1750922011.499973059 0.986472368 -0.184327597 -1.480346842 0.075560605 0.042792150 -0.069176895 0.993817883 -0.103563533 -0.111775420 -1.598542672
1750922011.599972963 0.948069321 -0.163969487 -1.641416265 0.081839762 0.104748320 -0.066643036 0.988882576 -0.136223346 -0.122298713 -1.474560828
1750922011.699973106 0.890660935 -0.146968095 -1.774187882 0.087608372 0.158804432 -0.064353724 0.981307558 -0.193460567 -0.109930962 -1.512387902
1750922011.799973011 0.820284080 -0.124620019 -1.899547596 0.089098972 0.213386765 -0.061838417 0.970929180 -0.212428109 -0.026242362 -1.503231750
1750922011.899972916 0.715961424 -0.112733066 -2.045301524 0.096791476 0.272807993 -0.060223891 0.955290684 -0.018671817 -0.354230094 -1.744465326
1750922011.999973059 0.634782724 -0.094256784 -2.179707097 0.099848093 0.332433579 -0.055550529 0.936179690 0.373664352 -0.219050577 -1.764278783
1750922012.099972010 0.576105466 -0.060275128 -2.319224377 0.100920423 0.396133490 -0.048848360 0.911321658 0.235868259 0.063338882 -1.583808138
1750922012.199971914 0.435013688 -0.029054657 -2.416600168 0.101338123 0.454376284 -0.046946433 0.883780974 -0.188767080 -0.074818574 -1.554506418
1750922012.299972057 0.303575628 -0.003406290 -2.481051999 0.100239253 0.503045632 -0.042688557 0.857365075 -0.177965552 -0.164352959 -1.587410910
1750922012.399971962 0.157660574 0.016655879 -2.536745721 0.100739205 0.550935646 -0.041935921 0.827383167 -0.210360328 -0.160040647 -1.609744303
1750922012.499972105 -0.008020666 0.038758411 -2.580293366 0.099643606 0.602362427 -0.041441997 0.790893937 -0.021334633 -0.093079516 -1.534979866
1750922012.599972010 -0.154524389 0.054208401 -2.597212482 0.101760916 0.644749315 -0.040354134 0.756514759 -0.108453573 -0.129723226 -1.493285468
1750922012.699971914 -0.304951466 0.065693704 -2.601569583 0.104336252 0.686216395 -0.040252241 0.718749444 -0.070799213 -0.213215132 -1.491103641
1750922012.799972057 -0.464904996 0.077337690 -2.589409010 0.105763165 0.730115790 -0.039098204 0.673955797 0.026198212 -0.126365056 -1.323778577
1750922012.899971962 -0.611913050 0.088864276 -2.559201081 0.108872096 0.765698966 -0.036254274 0.632880390 -0.234294535 -0.211965590 -1.648830034
1750922012.999972105 -0.759229208 0.083378127 -2.509897972 0.111541066 0.799178350 -0.034703900 0.589633949 -0.139875335 -0.616352595 -1.715706114
1750922013.099972010 -0.933935951 0.066731174 -2.471461176 0.118473278 0.838918031 -0.037206624 0.529902149 0.724960042 -0.396539759 -1.161304206
1750922013.199970961 -1.067509347 0.056104425 -2.399829058 0.122670032 0.868019111 -0.040381660 0.479441559 -0.231515637 -0.280055691 -1.582632375
1750922013.299971104 -1.165960134 0.062239942 -2.312716311 0.123625663 0.892274258 -0.035801045 0.432760476 -0.162310057 -0.149543421 -1.198424976
1750922013.399971008 -1.258267918 0.071664792 -2.223430461 0.123959008 0.917202393 -0.031105617 0.377367692 -0.006253701 -0.108268011 -1.132778660
1750922013.499970913 -1.311787981 0.083447149 -2.160597447 0.122783142 0.937031328 -0.024622678 0.326021953 -0.080666661 -0.110823837 -0.831463534
1750922013.599971056 -1.347321074 0.097043890 -2.121031327 0.121343114 0.952288886 -0.018135763 0.279450927 0.083513047 0.024635745 -0.508805684
1750922013.699970961 -1.372475524 0.109379208 -2.092328397 0.118730758 0.963021934 -0.014716832 0.241402520 0.211472399 0.030072108 -0.365038382
1750922013.799971104 -1.377339947 0.119082093 -2.082461756 0.116711504 0.968900336 -0.011798523 0.217879230 -0.020493309 0.279638453 -0.070302232
1750922013.899971008 -1.373861628 0.126288072 -2.081075939 0.114837761 0.974172072 -0.010122624 0.194161261 -0.057521863 0.085215348 0.101898411
1750922013.999970913 -1.361861972 0.123031126 -2.088533247 0.114104587 0.979468255 -0.009984602 0.165898727 -0.082564128 -0.078972741 0.124375017
1750922014.099971056 -1.342629898 0.121243616 -2.099075476 0.113486160 0.982825509 -0.009190110 0.145225522 -0.185533014 0.009471746 0.180032890
1750922014.199970007 -1.320427222 0.116044183 -2.112212599 0.113241206 0.985331376 -0.008439438 0.127386358 -0.194164460 0.045448445 0.239465876
1750922014.299969912 -1.298802488 0.115168127 -2.130237701 0.112370222 0.987615042 -0.007297704 0.109252943 -0.170563287 0.046315918 0.233213046
1750922014.399970055 -1.282466322 0.079912154 -2.182011910 0.111728387 0.988547744 -0.008611702 0.101074049 0.506918546 -0.910127275 2.341013223
1750922014.499969959 -1.311797697 0.245550601 -2.174014078 0.120321898 0.988050025 -0.005002308 0.096201691 0.516213039 0.046639516 0.380124371
1750922014.599970102 -1.311797697 0.245550601 -2.174014078 0.120321898 0.988050025 -0.005002308 0.096201691 0.000000000 0.000000000 0.000000000
1750922014.699970007 -1.311797697 0.245550601 -2.174014078 0.120321898 0.988050025 -0.005002308 0.096201691 0.000000000 0.000000000 0.000000000
1750922014.799969912 -1.311797697 0.245550601 -2.174014078 0.120321898 0.988050025 -0.005002308 0.096201691 0.000000000 0.000000000 0.000000000
1750922014.899970055 -1.311797697 0.245550601 -2.174014078 0.120321898 0.988050025 -0.005002308 0.096201691 0.000000000 0.000000000 0.000000000
1750922014.999969959 -1.311797697 0.245550601 -2.174014078 0.120321898 0.988050025 -0.005002308 0.096201691 0.000000000 0.000000000 0.000000000
1750922015.099970102 -1.311797697 0.245550601 -2.174014078 0.120321898 0.988050025 -0.005002308 0.096201691 0.000000000 0.000000000 0.000000000
1750922015.199970007 -1.311797697 0.245550601 -2.174014078 0.120321898 0.988050025 -0.005002308 0.096201691 0.000000000 0.000000000 0.000000000
1750922015.299968958 -1.311797697 0.245550601 -2.174014078 0.120321898 0.988050025 -0.005002308 0.096201691 0.000000000 0.000000000 0.000000000
1750922015.399969101 -1.311797697 0.245550601 -2.174014078 0.120321898 0.988050025 -0.005002308 0.096201691 0.000000000 0.000000000 0.000000000
1750922015.499969006 -1.311797697 0.245550601 -2.174014078 0.120321898 0.988050025 -0.005002308 0.096201691 0.000000000 0.000000000 0.000000000
