1750927643.599994898 0.052234481 -0.005760891 -0.078046438 0.061323183 0.035919293 0.066621295 0.995244128 0.687844738 -0.067715839 -0.887158001
1750927643.699995041 0.118629466 0.024612140 -0.177802509 0.173040429 0.076802370 0.208626550 0.959496414 0.794609794 -0.205652248 -0.826364531
1750927643.799994946 0.171738102 0.078131776 -0.258791755 0.265474671 0.117171960 0.370513921 0.882334044 0.548674844 -0.283717032 -0.484162171
1750927643.899995089 0.190008250 0.102313966 -0.288411831 0.281481353 0.181215251 0.443116804 0.831610954 0.278449229 -0.222148486 -0.193980285
1750927643.999994993 0.206775721 0.120068275 -0.321770529 0.289382101 0.260257833 0.494588182 0.777114142 0.342008945 -0.246432777 -0.258513192
1750927644.099994898 0.209544065 0.159209607 -0.367448867 0.324473641 0.363908789 0.540339085 0.685799477 0.451909514 -0.237718350 -0.176092305
1750927644.199995041 0.217651370 0.202310536 -0.391701533 0.302367198 0.489484021 0.577642267 0.579058617 0.428929557 -0.139205752 0.252503840
1750927644.299993992 0.252808548 0.245944525 -0.391388441 0.223648790 0.573594288 0.611860451 0.496585944 0.111343701 0.028636509 0.726332817
1750927644.399993896 0.330401788 0.291446611 -0.355825047 0.095590196 0.569416951 0.640439587 0.506422733 -0.232888892 -0.018507029 0.885997201
1750927644.499994040 0.403297425 0.323829913 -0.317366207 -0.038764255 0.527980468 0.644021216 0.552241461 -0.196949265 -0.307303406 0.570325615
1750927644.599993944 0.450430467 0.334923200 -0.322428800 -0.081326318 0.534946733 0.623881213 0.563906247 0.007669371 -0.479695919 0.083937961
1750927644.699994087 0.483603063 0.312062646 -0.367355853 -0.035695221 0.583066937 0.586646908 0.560895893 -0.097989066 -0.554882929 -0.253621870
1750927644.799993992 0.506061405 0.249034987 -0.394145954 0.041536156 0.619284015 0.523351655 0.583836536 -0.470160267 -0.468851274 -0.375491592
1750927644.899993896 0.506146398 0.164199808 -0.385761194 0.098077276 0.628299333 0.434828296 0.637608931 -0.704194805 -0.343827507 -0.309519775
1750927644.999994040 0.502113094 0.088682318 -0.350428659 0.143782537 0.630319431 0.336444872 0.684710775 -0.733911374 -0.210157078 -0.126547785
1750927645.099993944 0.497600595 0.032862944 -0.301019876 0.171206842 0.616704673 0.272804018 0.718290701 -0.716967448 -0.055130536 0.018795832
1750927645.199994087 0.495329878 -0.005339497 -0.242561622 0.178434887 0.581664104 0.248335706 0.753762057 -0.738800700 0.093589856 0.126929209
1750927645.299993992 0.489762932 -0.035545297 -0.168625668 0.165025421 0.536443903 0.230931703 0.794773615 -0.740043185 0.145403597 0.155500914
1750927645.399992943 0.468927891 -0.062246974 -0.099511988 0.150222863 0.500473272 0.191325741 0.830875476 -0.718123322 0.125396932 0.108983050
1750927645.499993086 0.445280525 -0.081331201 -0.037135864 0.104098991 0.472419214 0.147679705 0.862655314 -0.569701135 0.049712096 0.064371603
1750927645.599992990 0.420092446 -0.093105231 -0.005562597 0.039409336 0.419400241 0.141377776 0.895858620 -0.232886317 -0.030293404 -0.212467878
1750927645.699992895 0.382717357 -0.102578266 -0.033763419 0.026138427 0.365614922 0.176149962 0.913571947 -0.046575608 0.003942462 -0.580505780
1750927645.799993038 0.335352940 -0.103176494 -0.083805345 0.041202387 0.335668897 0.204294953 0.918636123 -0.088170389 0.147761340 -0.759431600
1750927645.899992943 0.264503890 -0.091931342 -0.132035472 0.058173621 0.317228844 0.209853111 0.923007780 -0.249782941 0.356070576 -0.721120830
1750927645.999993086 0.183891764 -0.061799226 -0.153692090 0.067885817 0.295864123 0.183817721 0.934915495 -0.361215042 0.513852670 -0.592012147
1750927646.099992990 0.105749010 -0.025015840 -0.168538985 0.081414275 0.275688642 0.138986468 0.947655133 -0.369153818 0.499154950 -0.628984306
1750927646.199992895 0.038845314 0.020043612 -0.197233072 0.121967418 0.274755146 0.077282350 0.950610855 -0.288263014 0.329282399 -0.635383091
1750927646.299993038 -0.013480121 0.050991894 -0.223562963 0.162827299 0.268085483 0.007699985 0.949504163 -0.206013420 0.098611728 -0.323501164
1750927646.399991989 -0.024266851 0.051924413 -0.219674828 0.165075119 0.238180574 -0.030854330 0.956591987 -0.109549164 -0.129112635 0.152528900
1750927646.499991894 -0.022614378 0.011661270 -0.190859321 0.146599676 0.226099769 -0.049850673 0.961718431 -0.019601386 -0.355422586 0.363752453
1750927646.599992037 -0.006203971 -0.041776771 -0.172213616 0.132141565 0.227966079 -0.055884637 0.963040488 0.116178394 -0.462688222 0.460929499
1750927646.699991941 0.020958427 -0.098363902 -0.147628283 0.130088290 0.233153008 -0.053018471 0.962239967 0.131570843 -0.418048127 0.490970964
1750927646.799992085 0.046834892 -0.147944389 -0.119133199 0.139944069 0.245175872 -0.054929921 0.957751091 0.119899291 -0.252916049 0.490621511
1750927646.899991989 0.080162536 -0.177585835 -0.088459815 0.137389619 0.310233765 -0.062357255 0.938611036 0.102630656 -0.073246953 0.338799265
1750927646.999991894 0.092438610 -0.181343441 -0.084662995 0.136225441 0.328279434 -0.061122368 0.932705365 0.234405642 0.098116406 0.270757941
1750927647.099992037 0.152134693 -0.178754321 -0.077953290 0.131177709 0.344130318 -0.040978270 0.928809730 1.196687960 0.577406385 0.958790143
1750927647.199991941 0.384630713 -0.118535679 -0.092800285 0.120809538 0.399223568 0.090221902 0.904370282 1.616788329 0.369838292 0.612177571
1750927647.299992085 0.485412599 -0.034925578 -0.189205744 0.125241444 0.448467921 0.237434382 0.852535054 1.640158956 0.187356780 0.057365663
1750927647.399991989 0.540112655 0.083266399 -0.297619971 0.115260473 0.523842754 0.353545519 0.766361115 1.482323981 0.176633482 0.085308064
1750927647.499990940 0.543566014 0.192456208 -0.379197858 0.086755857 0.592204850 0.421724276 0.681113406 1.084845870 0.194904631 0.079928078
1750927647.599991083 0.521178111 0.256997984 -0.427611218 0.071543455 0.608107466 0.476214563 0.631115310 0.516161904 0.112041603 -0.132568643
1750927647.699990988 0.489776623 0.255583650 -0.437152793 0.076603721 0.590311915 0.506051799 0.624159666 -0.092934452 0.121203880 -0.440481693
1750927647.799990892 0.435567633 0.211314871 -0.426088888 0.082845560 0.561592174 0.497906475 0.655621832 -0.341624535 0.199489620 -0.715302243
1750927647.899991035 0.360475416 0.158175731 -0.416982585 0.121821480 0.554072022 0.479357645 0.669611805 -0.658743866 0.296542766 -0.871180546
1750927647.999990940 0.265836592 0.075516788 -0.360924886 0.174780988 0.507262846 0.404584573 0.740572302 -1.077337505 0.424391422 -0.666865924
1750927648.099991083 0.167002803 0.026006967 -0.285718639 0.151886996 0.453104628 0.280663559 0.832378822 -0.940749147 0.394460227 -0.480995687
1750927648.199990988 0.081079099 0.025243255 -0.247678220 0.153641920 0.404610761 0.170852185 0.885151865 -0.674121001 0.347074696 -0.438449661
1750927648.299990892 0.006397837 0.042703382 -0.225677467 0.160451210 0.328519086 0.059615758 0.928857675 -0.583527095 0.167494462 -0.175477758
1750927648.399991035 -0.033758829 0.040498478 -0.195562344 0.188342041 0.234664606 -0.030185280 0.953178182 -0.354023386 -0.078348336 -0.067133764
1750927648.499989986 -0.061608491 0.030915909 -0.210241376 0.221979717 0.149447458 -0.107100998 0.957559313 -0.082606517 -0.290920190 -0.010570013
1750927648.599989891 -0.063831030 -0.011006003 -0.211948880 0.239083773 0.103439608 -0.142380545 0.954917262 0.189617026 -0.422751733 0.293432847
1750927648.699990034 -0.040762565 -0.079600900 -0.204347035 0.252836250 0.095729489 -0.116570117 0.955678347 0.493923691 -0.378302954 0.482541880
1750927648.799989939 0.021937006 -0.137678242 -0.189533424 0.254517204 0.130421029 -0.045402256 0.957157240 0.769347397 -0.218977767 0.492577159
1750927648.899990082 0.123408355 -0.166646441 -0.185958930 0.227636404 0.210012815 0.043600101 0.949829098 1.054622328 -0.099808118 0.501860368
1750927648.999989986 0.264876045 -0.158308824 -0.198746176 0.190586393 0.300193488 0.152234891 0.922163345 1.330309170 -0.066731644 0.571704938
1750927649.099989891 0.396717629 -0.099932892 -0.239192662 0.164279331 0.363975585 0.270594496 0.875963866 1.501611482 -0.033685640 0.435923080
1750927649.199990034 0.502349919 0.009343607 -0.307969376 0.142776614 0.407432516 0.400202421 0.808363536 1.614161727 -0.042042778 0.346182060
1750927649.299989939 0.565402955 0.151287063 -0.380030260 0.114210463 0.441172520 0.520058897 0.722399835 1.561387432 -0.080735725 0.255340034
1750927649.399990082 0.570301168 0.279739638 -0.447780143 0.092300030 0.465477402 0.613679813 0.631037701 1.205490350 -0.124251137 0.095541747
1750927649.499989986 0.550792852 0.352572914 -0.495041837 0.114914407 0.480500736 0.661784157 0.563875387 0.354410005 -0.092308638 -0.131041468
1750927649.599988937 0.539753533 0.323660653 -0.503729817 0.145014595 0.483079587 0.638447083 0.581369247 -0.292510402 -0.060784073 -0.359185756
1750927649.699989080 0.519726752 0.267233778 -0.517742804 0.158972108 0.485230985 0.605120293 0.610825827 -0.516325978 -0.064221688 -0.661808584
1750927649.799988985 0.463899456 0.175945595 -0.535457702 0.220788222 0.477428412 0.558616648 0.641297211 -0.987580904 0.069797102 -0.774470720
1750927649.899988890 0.391576979 0.042794629 -0.499800484 0.243723158 0.443706658 0.476605513 0.718728467 -1.466953769 0.236582364 -0.548949623
1750927649.999989033 0.301671738 -0.071517080 -0.435848511 0.215485766 0.397341895 0.385603273 0.804360254 -1.381321578 0.290970868 -0.404554609
1750927650.099988937 0.196519501 -0.130184582 -0.380838873 0.185205616 0.378072238 0.276924783 0.863755132 -1.010866579 0.330983823 -0.580061036
1750927650.199989080 0.071638987 -0.129874327 -0.363162411 0.201050900 0.397576103 0.137355647 0.884672371 -0.803708190 0.397171525 -0.744896516
1750927650.299988985 -0.025698691 -0.087706577 -0.328669316 0.225026101 0.414252106 -0.030172960 0.881389834 -0.796280584 0.519182761 -0.607121899
1750927650.399988890 -0.085218320 -0.006306436 -0.272819384 0.197007414 0.396445745 -0.184153581 0.877557011 -0.786191565 0.491258961 -0.285547577
1750927650.499989033 -0.110270683 0.049755388 -0.223612822 0.123069663 0.373090232 -0.266569947 0.880112493 -0.390662853 0.213389218 0.008724338
1750927650.599987984 -0.108779612 0.053147372 -0.217130051 0.098585084 0.349940980 -0.258069202 0.895110372 0.141847928 -0.066537871 0.033753736
1750927650.699987888 -0.096322736 0.018297702 -0.231959428 0.121254448 0.330834712 -0.204638903 0.913218852 0.353696898 -0.336865145 0.111128728
1750927650.799988031 -0.075192260 -0.037710923 -0.254375219 0.152781610 0.346571233 -0.154056571 0.912585740 0.493308722 -0.450633533 0.250239635
1750927650.899987936 -0.032432701 -0.095196365 -0.285057812 0.205226316 0.344236838 -0.083960033 0.912323337 0.677582289 -0.401426486 0.266913785
1750927650.999988079 0.037035833 -0.131869317 -0.332380492 0.260773531 0.328940457 0.014674665 0.907513083 0.826265221 -0.334902064 0.218410364
1750927651.099987984 0.118013940 -0.137125218 -0.390810108 0.316464236 0.326962624 0.125330625 0.881611062 0.962114030 -0.285500117 0.128652556
1750927651.199987888 0.197072299 -0.103951498 -0.448273631 0.367574980 0.325583413 0.227852243 0.840813553 1.104766469 -0.196137546 0.106658222
1750927651.299988031 0.288909229 -0.034088859 -0.490095187 0.383402354 0.363220774 0.321105327 0.786107291 1.197763311 -0.084809266 0.238709679
1750927651.399987936 0.370786897 0.062973726 -0.519937987 0.349938247 0.417186364 0.423843772 0.723778432 1.236234304 -0.022732458 0.404316049
1750927651.499988079 0.429939153 0.174010724 -0.537778033 0.306591852 0.441372448 0.529412015 0.656440947 1.137990953 0.007318494 0.551721891
1750927651.599987984 0.478277565 0.284378574 -0.527362461 0.232701059 0.453136298 0.627303338 0.589074049 0.584461640 0.059930548 0.728126342
1750927651.699986935 0.521932336 0.328464943 -0.483843650 0.145711154 0.435510370 0.678763254 0.573043997 0.072021523 0.048942673 0.395155140
1750927651.799987078 0.522302286 0.329364229 -0.478628395 0.096083034 0.423382335 0.684381346 0.585779500 -0.192059412 0.046911899 -0.201845660
1750927651.899986982 0.508489263 0.273493932 -0.486124612 0.131956237 0.435136054 0.651434758 0.607352387 -0.801188720 0.172880518 -0.737218307
1750927651.999986887 0.429584848 0.120440081 -0.476927734 0.190047511 0.440468546 0.535161556 0.695321158 -1.567319344 0.229964288 -0.772397311
1750927652.099987030 0.333917267 -0.023024611 -0.414506829 0.190554033 0.411500776 0.388855322 0.801964968 -1.552608071 0.146186551 -0.440482601
1750927652.199986935 0.233368780 -0.098082440 -0.355666422 0.177510190 0.382625473 0.256924745 0.869527202 -1.086425210 0.131804995 -0.350013130
1750927652.299987078 0.144055835 -0.122197354 -0.319601876 0.170206990 0.350844957 0.152009945 0.908201725 -0.858073397 0.182223718 -0.269428565
1750927652.399986982 0.070722138 -0.121828272 -0.278704055 0.141426008 0.321798112 0.048935099 0.934906421 -0.666164290 0.156245518 -0.095375214
1750927652.499986887 0.032543014 -0.111128472 -0.250144440 0.132075585 0.315665298 -0.029926665 0.939156991 -0.170937961 0.057004898 -0.010911018
1750927652.599987030 0.047150085 -0.111003451 -0.258118492 0.164691076 0.336529176 -0.033056054 0.926570159 0.359349540 -0.025544072 0.082239448
1750927652.699985981 0.099867074 -0.119281611 -0.282811185 0.206818884 0.385454753 0.000771826 0.899249680 0.669049086 -0.023135830 0.375175119
1750927652.799985886 0.197009476 -0.120753967 -0.303938847 0.224417849 0.446165213 0.059367297 0.864319822 0.723080846 0.086129042 0.679916648
1750927652.899986029 0.296820319 -0.103988289 -0.314761562 0.197634731 0.486534131 0.137472001 0.839837188 0.600609318 0.210355292 0.848491763
1750927652.999985933 0.398669356 -0.066537880 -0.300290751 0.135482643 0.496335202 0.224604189 0.827555907 0.552789693 0.274287066 0.944280499
1750927653.099986076 0.492373452 0.000877369 -0.285868043 0.082597919 0.492871413 0.307934390 0.809587404 0.606910727 0.298709333 0.820195239
1750927653.199985981 0.551020147 0.082008241 -0.284680970 0.047087259 0.505572929 0.351308733 0.786613614 0.577439616 0.353332056 0.496630495
1750927653.299985886 0.563912390 0.148932541 -0.296691154 0.015439414 0.536317922 0.356643348 0.764807318 0.520781901 0.397365052 0.177864465
1750927653.399986029 0.554912429 0.211658378 -0.321632873 -0.038160866 0.551418053 0.390235705 0.736340936 0.519766732 0.379175012 -0.034120517
1750927653.499985933 0.518087730 0.254570568 -0.359064005 -0.061443539 0.557524552 0.446325658 0.697269297 0.403889977 0.334643652 -0.290497218
1750927653.599986076 0.466497195 0.258697327 -0.380692771 -0.040602841 0.534397993 0.488154858 0.688821478 -0.036814732 0.260342772 -0.473273742
1750927653.699985981 0.418482792 0.219737303 -0.366752199 -0.028193697 0.502794545 0.486539016 0.713920547 -0.389521781 0.254950351 -0.602464614
1750927653.799984932 0.341621030 0.170025473 -0.361790324 -0.009228302 0.514724244 0.455205552 0.726472089 -0.378502649 0.210300208 -0.814574132
1750927653.899985075 0.263818143 0.113699326 -0.366593987 0.079653544 0.530445357 0.417557607 0.733436215 -0.631466826 0.138283110 -0.835129217
1750927653.999984980 0.178344503 0.047595912 -0.322557679 0.142374184 0.482259307 0.307551089 0.807816737 -0.863922317 0.156688647 -0.620909280
1750927654.099984884 0.084159572 0.023015395 -0.293050298 0.170269811 0.423986868 0.189507629 0.869097339 -0.644200474 0.143762649 -0.527560493
1750927654.199985027 0.015197519 0.026687248 -0.286252569 0.185418611 0.361662801 0.102246566 0.907945812 -0.393658929 0.077235364 -0.287041129
1750927654.299984932 -0.006915291 0.024905923 -0.276241343 0.141937758 0.300784874 0.040970657 0.942180204 -0.169207101 -0.101358383 0.076279660
1750927654.399985075 -0.004725051 -0.004300475 -0.261247014 0.088201478 0.279707426 0.000960400 0.956024755 -0.087487989 -0.358252491 0.215373845
1750927654.499984980 -0.004030413 -0.052665696 -0.245289074 0.060450401 0.264251489 -0.041698140 0.961653870 -0.117429508 -0.542572428 0.267614735
1750927654.599984884 -0.010060650 -0.117046900 -0.212652481 0.061787407 0.258920177 -0.095031722 0.959224494 -0.188912280 -0.581249538 0.381642997
1750927654.699985027 -0.024053309 -0.174077096 -0.164331510 0.090419310 0.259163943 -0.159818697 0.948217477 -0.298647525 -0.419877441 0.493322161
1750927654.799983978 -0.042860891 -0.203728395 -0.106495157 0.131602198 0.268339203 -0.241350499 0.923268580 -0.346605478 -0.139675979 0.495163100
1750927654.899983883 -0.044360792 -0.207293857 -0.049271291 0.178514338 0.278021874 -0.330491005 0.884088324 -0.141699675 0.174663498 0.404198998
1750927654.999984026 -0.002544946 -0.206709801 -0.021808866 0.199655167 0.298127404 -0.347042856 0.866498195 0.202581126 0.406857862 0.345122710
1750927655.099983931 0.062825560 -0.209675687 -0.015076555 0.194732564 0.336876216 -0.304112928 0.869545267 0.512450848 0.565741295 0.362952535
1750927655.199984074 0.167378930 -0.201803522 -0.028660134 0.173521506 0.373423500 -0.209951898 0.886772449 0.841875029 0.641412404 0.389224000
1750927655.299983978 0.284496350 -0.174750446 -0.070094490 0.134738473 0.417800098 -0.086346146 0.894333811 1.117651468 0.655172655 0.416391522
1750927655.399983883 0.402057902 -0.110764988 -0.128586085 0.092543974 0.449905817 0.063117680 0.886022871 1.435625673 0.622508458 0.417813069
1750927655.499984026 0.512267679 -0.003771796 -0.220318986 0.072322180 0.449291235 0.281953264 0.844635570 1.770441348 0.329258867 0.284571528
1750927655.599983931 0.574448625 0.149359511 -0.329052385 0.081357669 0.420780995 0.490937532 0.758488381 1.804245904 0.044902737 0.018324259
1750927655.699984074 0.565757843 0.290331253 -0.411409285 0.092553662 0.425460620 0.611501073 0.660668993 1.256091920 0.007549944 -0.121978876
1750927655.799983978 0.527681673 0.351638726 -0.449686687 0.097602051 0.455792050 0.651357831 0.598715644 0.272150932 0.145380885 -0.228209704
1750927655.899982929 0.497457554 0.315318775 -0.439839283 0.087970608 0.464333475 0.624500945 0.621815219 -0.467832300 0.190446053 -0.454491098
1750927655.999983072 0.454838345 0.234887291 -0.430060949 0.105438490 0.462557976 0.584616230 0.658138821 -0.945866359 0.195477624 -0.580715201
1750927656.099982977 0.411277228 0.116622452 -0.381242643 0.111765567 0.421131504 0.510964933 0.740993624 -1.397355911 0.216361944 -0.384760014
1750927656.199982882 0.333531882 -0.003526840 -0.308825467 0.066385222 0.373233234 0.393609271 0.837473401 -1.386465993 0.131473419 -0.304486264
1750927656.299983025 0.237649263 -0.071646027 -0.259276225 0.034838609 0.348528170 0.261227548 0.899485717 -1.115873982 0.126612214 -0.464494779
1750927656.399982929 0.122876138 -0.099689461 -0.240558562 0.048113508 0.323125073 0.114117873 0.938217666 -0.932541138 0.114418028 -0.585922571
1750927656.499983072 0.016570377 -0.092577200 -0.234608940 0.079999619 0.288641664 -0.032042223 0.953550915 -0.774100255 0.076459678 -0.537589782
1750927656.599982977 -0.056326660 -0.062511975 -0.239314608 0.112140696 0.241478846 -0.148715528 0.952363441 -0.543961261 0.048677142 -0.451933650
1750927656.699982882 -0.104999129 -0.033520005 -0.258773600 0.147581822 0.180786626 -0.234626203 0.943655841 -0.194086777 -0.020424844 -0.330179554
1750927656.799983025 -0.108372309 -0.028780880 -0.285028616 0.197971513 0.158977355 -0.248815607 0.934678701 0.280890554 -0.088927670 -0.241270830
1750927656.899981976 -0.076245976 -0.049467195 -0.327722947 0.254235344 0.158974751 -0.172230557 0.938311277 0.685014558 -0.205663653 -0.125052449
1750927656.999982119 -0.007043899 -0.081573929 -0.374080928 0.308991457 0.154894898 -0.024007281 0.938059433 0.850836548 -0.300594618 0.061151791
1750927657.099982023 0.084009360 -0.094716158 -0.406564136 0.348958474 0.170374059 0.122289885 0.913370597 0.900370050 -0.257533255 0.156740654
1750927657.199981928 0.172542850 -0.074503957 -0.427085707 0.373102826 0.233428000 0.222262865 0.870002798 0.969175549 -0.144940593 0.211574436
1750927657.299982071 0.266682566 -0.024859071 -0.447134824 0.391157017 0.318452012 0.294649715 0.811644041 1.094173320 -0.041988700 0.223308835
1750927657.399981976 0.343823913 0.064862000 -0.479378994 0.396892198 0.410037692 0.366775322 0.734725484 1.219968194 -0.011351767 0.169159134
1750927657.499982119 0.392729753 0.172540807 -0.511657098 0.371020701 0.482592885 0.449100704 0.654030813 1.160737042 0.022316026 0.315299425
1750927657.599982023 0.431864898 0.278999609 -0.524706033 0.306569498 0.527652856 0.540414282 0.579266787 0.661926333 0.114805536 0.627564039
1750927657.699981928 0.486291592 0.329329294 -0.493203928 0.221514314 0.516837151 0.609177374 0.559208096 0.040713949 0.085399113 0.569739743
1750927657.799982071 0.516433931 0.330665105 -0.472013511 0.148127001 0.489985671 0.639511891 0.573582579 -0.200854005 -0.013449297 0.022837151
1750927657.899981022 0.502089761 0.292890880 -0.480659163 0.108216290 0.511223621 0.623374552 0.581673286 -0.449509663 -0.042014289 -0.669602646
1750927657.999980927 0.449249908 0.177788694 -0.493706485 0.168189209 0.518727581 0.556991747 0.626413825 -1.200026703 0.027892026 -1.021861004
1750927658.099981070 0.366676672 0.012642128 -0.447186648 0.186128970 0.482461716 0.437057833 0.735912460 -1.671380737 0.046408943 -0.827111360
1750927658.199980974 0.248650985 -0.109654276 -0.384025062 0.159320392 0.456474335 0.291655131 0.825339614 -1.301607896 -0.022930936 -0.779778029
1750927658.299981117 0.123008785 -0.153296000 -0.361186539 0.180926648 0.465597864 0.143246864 0.854379607 -0.854297722 0.035544543 -0.847545808
1750927658.399981022 0.012367897 -0.142157565 -0.338653520 0.224067734 0.474661072 -0.032738624 0.850540240 -0.842432864 0.135071752 -0.760457391
