1750927643.599994898 0.581187000 -0.775615000 1.146457000 -0.398331211 0.216488658 0.115031350 0.883873688 0.687844738 -0.067715839 -0.887158001
1750927643.699995041 0.616639795 -0.840699366 1.047516546 -0.266666760 0.321465832 0.200084121 0.886292786 0.794609794 -0.205652248 -0.826364531
1750927643.799994946 0.636499672 -0.877346761 0.945014398 -0.129675039 0.427339012 0.302134349 0.842187977 0.548674844 -0.283717032 -0.484162171
1750927643.899995089 0.641372410 -0.888170677 0.904332402 -0.086786724 0.510282185 0.329206765 0.789748734 0.278449229 -0.222148486 -0.193980285
1750927643.999994993 0.645960999 -0.905706111 0.867175711 -0.053636624 0.595304061 0.331869673 0.729793606 0.342008945 -0.246432777 -0.258513192
1750927644.099994898 0.629041667 -0.921524581 0.811590368 0.017252719 0.695850021 0.311064645 0.647096498 0.451909514 -0.237718350 -0.176092305
1750927644.199995041 0.619983218 -0.917353873 0.762476623 0.042359256 0.804517594 0.280102118 0.522015266 0.428929557 -0.139205752 0.252503840
1750927644.299993992 0.640768164 -0.892378004 0.716823122 0.009974864 0.874594342 0.276083230 0.398451113 0.111343701 0.028636509 0.726332817
1750927644.399993896 0.707471904 -0.836905485 0.674052613 -0.101419852 0.874954572 0.322934400 0.346239634 -0.232888892 -0.018507029 0.885997201
1750927644.499994040 0.774005433 -0.786429894 0.644607092 -0.235534690 0.836229694 0.369132731 0.330127756 -0.196949265 -0.307303406 0.570325615
1750927644.599993944 0.814284554 -0.784089093 0.617361402 -0.281572275 0.831222648 0.355745927 0.321295502 0.007669371 -0.479695919 0.083937961
1750927644.699994087 0.843678611 -0.833887770 0.600111843 -0.250046882 0.859301507 0.294046100 0.335580644 -0.097989066 -0.554882929 -0.253621870
1750927644.799993992 0.877717010 -0.891288899 0.627334449 -0.205891370 0.871528612 0.212556820 0.390981100 -0.470160267 -0.468851274 -0.375491592
1750927644.899993896 0.903374723 -0.931962587 0.697723737 -0.195486285 0.851350600 0.127310649 0.469871543 -0.704194805 -0.343827507 -0.309519775
1750927644.999994040 0.927495659 -0.945130783 0.776542047 -0.192339447 0.818634434 0.037775591 0.539829794 -0.733911374 -0.210157078 -0.126547785
1750927645.099993944 0.948186617 -0.935596719 0.847664328 -0.192360777 0.784768580 -0.012683605 0.589045613 -0.716967448 -0.055130536 0.018795832
1750927645.199994087 0.967669161 -0.908671143 0.909124835 -0.203175633 0.748907381 -0.015970963 0.630557154 -0.738800700 0.093589856 0.126929209
1750927645.299993992 0.984643875 -0.864469082 0.973684447 -0.232605596 0.706554103 -0.004856510 0.668320545 -0.740043185 0.145403597 0.155500914
1750927645.399992943 0.985366617 -0.822390033 1.038125198 -0.265087830 0.661167803 -0.017535595 0.701625314 -0.718123322 0.125396932 0.108983050
1750927645.499993086 0.980040505 -0.781630023 1.094021894 -0.324113864 0.617557916 -0.033038865 0.715877683 -0.569701135 0.049712096 0.064371603
1750927645.599992990 0.965503687 -0.762270248 1.128428555 -0.392278187 0.568093845 -0.001614699 0.723453247 -0.232886317 -0.030293404 -0.212467878
1750927645.699992895 0.927804003 -0.791168149 1.133484955 -0.402303529 0.538846626 0.056917765 0.737940752 -0.046575608 0.003942462 -0.580505780
1750927645.799993038 0.874155052 -0.833225810 1.123440881 -0.384805714 0.527759295 0.093385995 0.751447766 -0.088170389 0.147761340 -0.759431600
1750927645.899992943 0.795385122 -0.867288683 1.113086881 -0.369675891 0.516333767 0.104540889 0.765382505 -0.249782941 0.356070576 -0.721120830
1750927645.999993086 0.706986622 -0.868821550 1.105430255 -0.368839506 0.488326858 0.091252486 0.785599951 -0.361215042 0.513852670 -0.592012147
1750927646.099992990 0.620286069 -0.860969565 1.095375497 -0.367984376 0.453134165 0.060546997 0.809685735 -0.369153818 0.499154950 -0.628984306
1750927646.199992895 0.539260361 -0.859860248 1.067745559 -0.343223172 0.427697173 0.001410606 0.836224248 -0.288263014 0.329282399 -0.635383091
1750927646.299993038 0.476387702 -0.864619931 1.047413696 -0.317027937 0.393050148 -0.062325242 0.860883518 -0.206013420 0.098611728 -0.323501164
1750927646.399991989 0.466690552 -0.860948364 1.052396226 -0.321637962 0.350492632 -0.081857617 0.875787227 -0.109549164 -0.129112635 0.152528900
1750927646.499991894 0.484972941 -0.859686985 1.098421740 -0.341933947 0.330450841 -0.089629048 0.875128591 -0.019601386 -0.355422586 0.363752453
1750927646.599992037 0.518996872 -0.874141372 1.144313251 -0.356192812 0.328290369 -0.093462537 0.869837265 0.116178394 -0.462688222 0.460929499
1750927646.699991941 0.565128567 -0.885377927 1.192166615 -0.357612776 0.333836669 -0.093116178 0.867176775 0.131570843 -0.418048127 0.490970964
1750927646.799992085 0.608787762 -0.889454527 1.237078105 -0.348249507 0.343569691 -0.102175082 0.866165342 0.119899291 -0.252916049 0.490621511
1750927646.899991989 0.654214024 -0.880489397 1.265118875 -0.348178103 0.393705220 -0.139837701 0.839174372 0.102630656 -0.073246953 0.338799265
1750927646.999991894 0.667532603 -0.879376678 1.265902945 -0.347785347 0.409003073 -0.147396776 0.830684073 0.234405642 0.098116406 0.270757941
1750927647.099992037 0.724218094 -0.871984625 1.247262702 -0.348679208 0.431084481 -0.136730086 0.820910387 1.196687960 0.577406385 0.958790143
1750927647.199991941 0.923218561 -0.848972063 1.113957213 -0.331328846 0.534995984 -0.048366946 0.775668184 1.616788329 0.369838292 0.612177571
1750927647.299992085 0.976572537 -0.881181903 0.963765570 -0.285574495 0.638313974 0.052133122 0.712940822 1.640158956 0.187356780 0.057365663
1750927647.399991989 0.974546001 -0.904219247 0.795895805 -0.243383989 0.743693974 0.112816729 0.612336421 1.482323981 0.176633482 0.085308064
1750927647.499990940 0.931798999 -0.910429913 0.666576768 -0.224360874 0.819472843 0.137856621 0.509040283 1.084845870 0.194904631 0.079928078
1750927647.599991083 0.883505698 -0.914418561 0.598293825 -0.207703218 0.849664063 0.176095077 0.451575993 0.516161904 0.112041603 -0.132568643
1750927647.699990988 0.852592073 -0.923312117 0.604953244 -0.194131830 0.847299400 0.208938107 0.448041769 -0.092934452 0.121203880 -0.440481693
1750927647.799990892 0.816159138 -0.939351540 0.663571736 -0.202032790 0.823781493 0.216763989 0.483301330 -0.341624535 0.199489620 -0.715302243
1750927647.899991035 0.762224042 -0.962124566 0.735111436 -0.176704513 0.814026423 0.199392784 0.516119186 -0.658743866 0.296542766 -0.871180546
1750927647.999990940 0.706928392 -0.962733876 0.861101488 -0.170632546 0.753863239 0.153817345 0.615560700 -1.077337505 0.424391422 -0.666865924
1750927648.099991083 0.641833020 -0.928917633 0.972879725 -0.246980218 0.661467298 0.081958155 0.703380869 -0.940749147 0.394460227 -0.480995687
1750927648.199990988 0.568214648 -0.898418506 1.022686133 -0.282227861 0.576697446 0.012825912 0.766552664 -0.674121001 0.347074696 -0.438449661
1750927648.299990892 0.497051674 -0.870893388 1.046018063 -0.306813657 0.466301076 -0.046339450 0.828420993 -0.583527095 0.167494462 -0.175477758
1750927648.399991035 0.465448344 -0.847466485 1.077271060 -0.299413423 0.349162658 -0.083431263 0.884011462 -0.354023386 -0.078348336 -0.067133764
1750927648.499989986 0.439241842 -0.865173370 1.086358896 -0.276603001 0.242968592 -0.115806582 0.922521479 -0.082606517 -0.290920190 -0.010570013
1750927648.599989891 0.448708816 -0.890129528 1.118806832 -0.261962070 0.187675102 -0.128104921 0.937946192 0.189617026 -0.422751733 0.293432847
1750927648.699990034 0.491251489 -0.922187793 1.168380925 -0.245822832 0.194117052 -0.104079608 0.943958230 0.493923691 -0.378302954 0.482541880
1750927648.799989939 0.569443801 -0.942118342 1.200199040 -0.237242981 0.257487595 -0.058234660 0.934892844 0.769347397 -0.218977767 0.492577159
1750927648.899990082 0.673802717 -0.954762576 1.190314286 -0.250529568 0.364474498 -0.014002295 0.896770434 1.054622328 -0.099808118 0.501860368
1750927648.999989986 0.802212722 -0.959751801 1.129223247 -0.261229708 0.485831156 0.042277812 0.833030440 1.330309170 -0.066731644 0.571704938
1750927649.099989891 0.902281302 -0.959610683 1.017813506 -0.250377605 0.586796839 0.116038618 0.761259196 1.501611482 -0.033685640 0.435923080
1750927649.199990034 0.958034018 -0.954517784 0.860665591 -0.222098853 0.672437389 0.206460201 0.675184599 1.614161727 -0.042042778 0.346182060
1750927649.299989939 0.963856538 -0.934083832 0.690768702 -0.192161490 0.741778587 0.292403024 0.572135440 1.561387432 -0.080735725 0.255340034
1750927649.399990082 0.919567712 -0.918029595 0.553310110 -0.157094437 0.790555272 0.358403711 0.471052524 1.205490350 -0.124251137 0.095541747
1750927649.499989986 0.871848614 -0.916392893 0.478215922 -0.100475670 0.817607307 0.384381014 0.416742328 0.354410005 -0.092308638 -0.131041468
1750927649.599988937 0.868043839 -0.939881576 0.499827767 -0.086049259 0.814225913 0.359809722 0.447402113 -0.292510402 -0.060784073 -0.359185756
1750927649.699989080 0.862590640 -0.983277983 0.543053251 -0.092656065 0.806320828 0.330156007 0.481932139 -0.516325978 -0.064221688 -0.661808584
1750927649.799988985 0.832636257 -1.049535420 0.623531347 -0.059211065 0.787808753 0.286517416 0.541995561 -0.987580904 0.069797102 -0.774470720
1750927649.899988890 0.808875122 -1.095222974 0.770429998 -0.084438767 0.734178177 0.233653071 0.631869244 -1.466953769 0.236582364 -0.548949623
1750927649.999989033 0.768457870 -1.107033297 0.923619214 -0.158299261 0.662369675 0.187151972 0.707942016 -1.381321578 0.290970868 -0.404554609
1750927650.099988937 0.696279187 -1.095112783 1.033950842 -0.226752383 0.601896312 0.110895721 0.757632052 -1.010866579 0.330983823 -0.580061036
1750927650.199989080 0.581932949 -1.081116325 1.085299975 -0.245171984 0.559004583 -0.020253364 0.791829765 -0.803708190 0.397171525 -0.744896516
1750927650.299988985 0.484757756 -1.029531574 1.103698656 -0.249320644 0.497806745 -0.177676305 0.811454738 -0.796280584 0.519182761 -0.607121899
1750927650.399988890 0.416005749 -0.938007886 1.090120728 -0.293583681 0.408422758 -0.299649780 0.810684576 -0.786191565 0.491258961 -0.285547577
1750927650.499989033 0.385640146 -0.865980737 1.081073369 -0.369567431 0.344332629 -0.349330973 0.789191248 -0.390662853 0.213389218 0.008724338
1750927650.599987984 0.387280190 -0.858702070 1.081367364 -0.394596948 0.328309992 -0.326336162 0.793732012 0.141847928 -0.066537871 0.033753736
1750927650.699987888 0.406134654 -0.890454016 1.096397559 -0.373595610 0.340906244 -0.272905469 0.818371467 0.353696898 -0.336865145 0.111128728
1750927650.799988031 0.437743400 -0.940304027 1.120929058 -0.339569248 0.380450142 -0.240903237 0.825782081 0.493308722 -0.450633533 0.250239635
1750927650.899987936 0.488598216 -0.997684897 1.134914792 -0.283068554 0.415050314 -0.186690196 0.844246529 0.677582289 -0.401426486 0.266913785
1750927650.999988079 0.555619692 -1.056983861 1.114865520 -0.216407967 0.451094147 -0.102498956 0.859753236 0.826265221 -0.334902064 0.218410364
1750927651.099987984 0.622522321 -1.107767998 1.060605885 -0.139203876 0.501120818 -0.015755941 0.853962504 0.962114030 -0.285500117 0.128652556
1750927651.199987888 0.676911913 -1.136196401 0.977621703 -0.060392624 0.545302260 0.063077209 0.833678260 1.104766469 -0.196137546 0.106658222
1750927651.299988031 0.735825012 -1.131004968 0.870075673 -0.010527944 0.614159667 0.119996262 0.779934589 1.197763311 -0.084809266 0.238709679
1750927651.399987936 0.779874246 -1.100698082 0.751093119 -0.000001322 0.696361351 0.184413433 0.693593941 1.236234304 -0.022732458 0.404316049
1750927651.499988079 0.800795975 -1.052761205 0.635288073 0.007131543 0.752364938 0.266087609 0.602572423 1.137990953 0.007318494 0.551721891
1750927651.599987984 0.816950098 -0.981884809 0.538635452 -0.012435654 0.791468989 0.351386263 0.499949886 0.584461640 0.059930548 0.728126342
1750927651.699986935 0.853585297 -0.920842125 0.512656865 -0.071596228 0.790199291 0.416041296 0.444261973 0.072021523 0.048942673 0.395155140
1750927651.799987078 0.854642152 -0.916018752 0.514596605 -0.118824518 0.780012796 0.435032570 0.433828809 -0.192059412 0.046911899 -0.201845660
1750927651.899986982 0.856082851 -0.953669199 0.558742400 -0.103457556 0.781283050 0.397338134 0.470123108 -0.801188720 0.172880518 -0.737218307
1750927651.999986887 0.826876823 -1.032468921 0.709319896 -0.111324347 0.750370229 0.292240025 0.582363441 -1.567319344 0.229964288 -0.772397311
1750927652.099987030 0.789011183 -1.061945709 0.886317313 -0.179592417 0.673763059 0.187000720 0.691968666 -1.552608071 0.146186551 -0.440482601
1750927652.199986935 0.726515112 -1.056024066 1.009869103 -0.239494324 0.596868497 0.093018683 0.760090778 -1.086425210 0.131804995 -0.350013130
1750927652.299987078 0.655956180 -1.040287955 1.077933738 -0.276785490 0.526037703 0.020633168 0.803895764 -0.858073397 0.182223718 -0.269428565
1750927652.399986982 0.594393125 -1.006706831 1.124117041 -0.327210924 0.454851668 -0.049181813 0.826815651 -0.666164290 0.156245518 -0.095375214
1750927652.499986887 0.560708348 -0.977311769 1.143841365 -0.348639935 0.413022504 -0.113261344 0.833687276 -0.170937961 0.057004898 -0.010911018
1750927652.599987030 0.572946451 -0.983746696 1.134579172 -0.316645846 0.430569422 -0.131546062 0.834889822 0.359349540 -0.025544072 0.082239448
1750927652.699985981 0.620341088 -1.008488308 1.110105943 -0.266364620 0.488163335 -0.133240763 0.820361717 0.669049086 -0.023135830 0.375175119
1750927652.799985886 0.708274896 -1.026172552 1.067209497 -0.231195052 0.564251561 -0.115753464 0.784072802 0.723080846 0.086129042 0.679916648
1750927652.899986029 0.795457817 -1.025074876 1.014689434 -0.234862848 0.629497637 -0.064372142 0.737853912 0.600609318 0.210355292 0.848491763
1750927652.999985933 0.883372565 -0.991421269 0.958800298 -0.271051837 0.671179412 0.015283400 0.689793821 0.552789693 0.274287066 0.944280499
1750927653.099986076 0.955126035 -0.941042382 0.882336612 -0.296017823 0.699476378 0.095878492 0.643361142 0.606910727 0.298709333 0.820195239
1750927653.199985981 0.987557509 -0.894146292 0.800044337 -0.310892259 0.724125193 0.131209096 0.601475587 0.577439616 0.353332056 0.496630495
1750927653.299985886 0.978515908 -0.866441673 0.737274759 -0.330152956 0.747447098 0.124619620 0.562842617 0.520781901 0.397365052 0.177864465
1750927653.399986029 0.947672122 -0.851937345 0.678317956 -0.359914005 0.767346244 0.152586339 0.508290330 0.519766732 0.379175012 -0.034120517
1750927653.499985933 0.893947639 -0.859069747 0.637557522 -0.354264312 0.790714452 0.198853317 0.457957215 0.403889977 0.334643652 -0.290497218
1750927653.599986076 0.840231984 -0.874987475 0.640327219 -0.324021708 0.790324283 0.242101689 0.460200209 -0.036814732 0.260342772 -0.473273742
1750927653.699985981 0.808656458 -0.885626538 0.694247553 -0.322399884 0.766863004 0.255486731 0.492651985 -0.389521781 0.254950351 -0.602464614
1750927653.799984932 0.751319708 -0.909917446 0.761523592 -0.317368531 0.766269296 0.220903470 0.513137641 -0.378502649 0.210300208 -0.814574132
1750927653.899985075 0.693166733 -0.946008886 0.829085703 -0.250150028 0.771043255 0.168114121 0.560941088 -0.631466826 0.138283110 -0.835129217
1750927653.999984980 0.639586423 -0.947216356 0.932730738 -0.242330298 0.694766483 0.091315319 0.670997074 -0.863922317 0.156688647 -0.620909280
1750927654.099984884 0.563363090 -0.937199904 0.999329256 -0.259161452 0.601139797 0.016306229 0.755778005 -0.644200474 0.143762649 -0.527560493
1750927654.199985027 0.498679355 -0.929958831 1.023392458 -0.271793350 0.513746128 -0.029986065 0.813199931 -0.393658929 0.077235364 -0.287041129
1750927654.299984932 0.480223140 -0.922816003 1.037560107 -0.329565729 0.434019261 -0.045902460 0.837201693 -0.169207101 -0.101358383 0.076279660
1750927654.399985075 0.493326706 -0.926784271 1.067479836 -0.386987383 0.394833967 -0.061804986 0.830979571 -0.087487989 -0.358252491 0.215373845
1750927654.499984980 0.510627351 -0.940717567 1.113315236 -0.418862603 0.360250784 -0.087188719 0.828958153 -0.117429508 -0.542572428 0.267614735
1750927654.599984884 0.529216719 -0.949879661 1.182719427 -0.424141661 0.330772392 -0.131570786 0.832695986 -0.188912280 -0.581249538 0.381642997
1750927654.699985027 0.541128002 -0.941986737 1.257411978 -0.403884961 0.301851716 -0.193305855 0.841662240 -0.298647525 -0.419877441 0.493322161
1750927654.799983978 0.542510958 -0.910883419 1.317483930 -0.369530782 0.271940432 -0.276781024 0.844326754 -0.346605478 -0.139675979 0.495163100
1750927654.899983883 0.552680263 -0.865534502 1.351093364 -0.324813009 0.237304037 -0.369158720 0.837797793 -0.141699675 0.174663498 0.404198998
1750927654.999984026 0.596940417 -0.842207944 1.351056913 -0.302455435 0.246298274 -0.397474219 0.830585405 0.202581126 0.406857862 0.345122710
1750927655.099983931 0.660543630 -0.837878249 1.334830125 -0.304924570 0.299871823 -0.376963901 0.821581471 0.512450848 0.565741295 0.362952535
1750927655.199984074 0.754198687 -0.844026347 1.286159570 -0.320237898 0.375916264 -0.307208035 0.813485018 0.841875029 0.641412404 0.389224000
1750927655.299983978 0.849099944 -0.862377891 1.203563341 -0.342626617 0.469436780 -0.213590053 0.785248623 1.117651468 0.655172655 0.416391522
1750927655.399983883 0.930807417 -0.874115250 1.083055054 -0.355767096 0.561525488 -0.092610058 0.741311188 1.435625673 0.622508458 0.417813069
1750927655.499984026 0.987273989 -0.889273313 0.913968027 -0.321394615 0.653963041 0.097802570 0.677844008 1.770441348 0.329258867 0.284571528
1750927655.599983931 0.982332424 -0.892916803 0.716228488 -0.240075591 0.713285937 0.284380410 0.593897858 1.804245904 0.044902737 0.018324259
1750927655.699984074 0.919010843 -0.882013110 0.565886520 -0.167529900 0.759178434 0.377378387 0.503157421 1.256091920 0.007549944 -0.121978876
1750927655.799983978 0.858741982 -0.879529659 0.510795165 -0.131118001 0.795078185 0.392188997 0.443673912 0.272150932 0.145380885 -0.228209704
1750927655.899982929 0.842404797 -0.891959601 0.554478119 -0.154893456 0.792802446 0.368235532 0.460298699 -0.467832300 0.190446053 -0.454491098
1750927655.999983072 0.826884164 -0.929284365 0.636619512 -0.162266880 0.779778414 0.334726213 0.503560768 -0.945866359 0.195477624 -0.580715201
1750927656.099982977 0.828404925 -0.955538810 0.769193119 -0.202558757 0.722725458 0.295636278 0.590962818 -1.397355911 0.216361944 -0.384760014
1750927656.199982882 0.802648442 -0.963540893 0.927297543 -0.300174087 0.637637176 0.230372407 0.671001418 -1.386465993 0.131473419 -0.304486264
1750927656.299983025 0.740861705 -0.961384361 1.038951366 -0.374042535 0.561793356 0.136391346 0.725174330 -1.115873982 0.126612214 -0.464494779
1750927656.399982929 0.644250696 -0.962374335 1.109484963 -0.400307940 0.478786772 0.021243539 0.781066894 -0.932541138 0.114418028 -0.585922571
1750927656.499983072 0.543292057 -0.954145600 1.143048902 -0.398685849 0.386347340 -0.093632380 0.826449214 -0.774100255 0.076459678 -0.537589782
1750927656.599982977 0.465304440 -0.941637171 1.141820129 -0.383745619 0.294000627 -0.178402861 0.857015374 -0.543961261 0.048677142 -0.451933650
1750927656.699982882 0.407692917 -0.941784716 1.125416268 -0.356722356 0.203199095 -0.231273695 0.882027078 -0.194086777 -0.020424844 -0.330179554
1750927656.799983025 0.398326051 -0.960875913 1.108955663 -0.309027033 0.180513743 -0.241886847 0.901891254 0.280890554 -0.088927670 -0.241270830
1750927656.899981976 0.426532097 -1.007613214 1.091552375 -0.250216317 0.221037312 -0.183348491 0.924617560 0.685014558 -0.205663653 -0.125052449
1750927656.999982119 0.492187681 -1.063552709 1.068553476 -0.179834447 0.290322530 -0.060653416 0.937919807 0.850836548 -0.300594618 0.061151791
1750927657.099982023 0.575598740 -1.097224109 1.030772461 -0.112981578 0.370850972 0.051536687 0.920352481 0.900370050 -0.257533255 0.156740654
1750927657.199981928 0.649400797 -1.102291946 0.974244413 -0.062207122 0.467329514 0.102286009 0.875940050 0.969175549 -0.144940593 0.211574436
1750927657.299982071 0.720229544 -1.090413475 0.893182347 -0.015794241 0.567464719 0.118557163 0.814664675 1.094173320 -0.041988700 0.223308835
1750927657.399981976 0.761457290 -1.066245042 0.780237652 0.027862415 0.669381722 0.131881853 0.730588101 1.219968194 -0.011351767 0.169159134
1750927657.499982119 0.771020261 -1.032208421 0.662856049 0.048854401 0.756234577 0.167289699 0.630663673 1.160737042 0.022316026 0.315299425
1750927657.599982023 0.775285894 -0.983005192 0.559918410 0.037158529 0.820971871 0.229481672 0.521500329 0.661926333 0.114805536 0.627564039
1750927657.699981928 0.818070226 -0.928334125 0.519073580 -0.016429547 0.833163423 0.305437695 0.460734842 0.040713949 0.085399113 0.569739743
1750927657.799982071 0.849973010 -0.909851941 0.519075012 -0.080164855 0.819819692 0.356438662 0.440931683 -0.200854005 -0.013449297 0.022837151
1750927657.899981022 0.845575966 -0.938300719 0.548718352 -0.122832839 0.828767712 0.339263343 0.427734214 -0.449509663 -0.042014289 -0.669602646
1750927657.999980927 0.826040380 -1.014041442 0.649179786 -0.101827246 0.816408634 0.272724725 0.498727761 -1.200026703 0.027892026 -1.021861004
1750927658.099981070 0.803701485 -1.068762601 0.830183629 -0.151666291 0.747481636 0.191431658 0.617755988 -1.671380737 0.046408943 -0.827111360
1750927658.199980974 0.738935964 -1.085890208 0.998670814 -0.235893761 0.669029195 0.088273689 0.699258053 -1.301607896 -0.022930936 -0.779778029
1750927658.299981117 0.637275507 -1.092294437 1.087193681 -0.253504859 0.614723867 -0.045976030 0.745477068 -0.854297722 0.035544543 -0.847545808
1750927658.399981022 0.534160197 -1.068109252 1.127881731 -0.241345741 0.544510357 -0.210176761 0.775297642 -0.842432864 0.135071752 -0.760457391
