1750927643.599994898 0.608263513 -0.774926036 1.027732964 -0.305971635 0.315876887 0.149657891 0.885553876 0.687844738 -0.067715839 -0.887158001
1750927643.699995041 0.616393203 -0.824525373 0.914790932 -0.162828786 0.409589204 0.227299637 0.868365329 0.794609794 -0.205652248 -0.826364531
1750927643.799994946 0.610715606 -0.844882048 0.806174601 -0.016128685 0.497495272 0.322603472 0.805087151 0.548674844 -0.283717032 -0.484162171
1750927643.899995089 0.605813518 -0.849171311 0.764299820 0.027678626 0.570384510 0.352641002 0.741309469 0.278449229 -0.222148486 -0.193980285
1750927643.999994993 0.600894541 -0.860636934 0.724885236 0.058583426 0.646688024 0.359980223 0.669908069 0.342008945 -0.246432777 -0.258513192
1750927644.099994898 0.571172552 -0.866563877 0.672849740 0.122902019 0.736556762 0.341738597 0.570608414 0.451909514 -0.237718350 -0.176092305
1750927644.199995041 0.552011150 -0.854144081 0.628238086 0.137665496 0.831856285 0.320435058 0.431722950 0.428929557 -0.139205752 0.252503840
1750927644.299993992 0.564212812 -0.822970394 0.583300676 0.097509854 0.888678766 0.329175706 0.303949393 0.111343701 0.028636509 0.726332817
1750927644.399993896 0.624027582 -0.764040271 0.535286724 -0.011631131 0.882771026 0.389583908 0.262305950 -0.232888892 -0.018507029 0.885997201
1750927644.499994040 0.686192340 -0.712185342 0.499396004 -0.141653694 0.842914907 0.447771974 0.262543234 -0.196949265 -0.307303406 0.570325615
1750927644.599993944 0.719657250 -0.707091512 0.464405045 -0.189576083 0.839360718 0.439533301 0.257575174 0.007669371 -0.479695919 0.083937961
1750927644.699994087 0.740771064 -0.754586692 0.433747567 -0.163325407 0.872678338 0.376694482 0.264307768 -0.097989066 -0.554882929 -0.253621870
1750927644.799993992 0.775484404 -0.816957159 0.443721596 -0.124023237 0.896082828 0.290405267 0.311959265 -0.470160267 -0.468851274 -0.375491592
1750927644.899993896 0.812669563 -0.869478100 0.499633435 -0.117665448 0.891307447 0.200947929 0.389031885 -0.704194805 -0.343827507 -0.309519775
1750927644.999994040 0.852259876 -0.896179566 0.568096459 -0.120040417 0.873665183 0.107333947 0.459106601 -0.733911374 -0.210157078 -0.126547785
1750927645.099993944 0.888551370 -0.899113614 0.633301611 -0.122838962 0.849593591 0.053282204 0.510159119 -0.716967448 -0.055130536 0.018795832
1750927645.199994087 0.922879607 -0.883288188 0.692064509 -0.131708643 0.819302266 0.047215953 0.556028133 -0.738800700 0.093589856 0.126929209
1750927645.299993992 0.956740795 -0.850828191 0.756946517 -0.157882465 0.781577512 0.057093908 0.600791149 -0.740043185 0.145403597 0.155500914
1750927645.399992943 0.974598992 -0.819788420 0.825074314 -0.190179014 0.742304225 0.043645549 0.641023749 -0.718123322 0.125396932 0.108983050
1750927645.499993086 0.984616432 -0.788424082 0.886148987 -0.250516383 0.703653628 0.031065957 0.664189747 -0.569701135 0.049712096 0.064371603
1750927645.599992990 0.979393791 -0.774314628 0.925437479 -0.315345280 0.655048135 0.065712250 0.683484597 -0.232886317 -0.030293404 -0.212467878
1750927645.699992895 0.941623485 -0.802109361 0.934535770 -0.318440400 0.623414286 0.122077989 0.703595980 -0.046575608 0.003942462 -0.580505780
1750927645.799993038 0.884062105 -0.839795986 0.930748157 -0.296298294 0.610578751 0.154967733 0.717903831 -0.088170389 0.147761340 -0.759431600
1750927645.899992943 0.802586440 -0.868538802 0.933532569 -0.279309870 0.599509005 0.163018338 0.732120188 -0.249782941 0.356070576 -0.721120830
1750927645.999993086 0.714774994 -0.865255382 0.945927625 -0.279201297 0.575056011 0.146982036 0.754820178 -0.361215042 0.513852670 -0.592012147
1750927646.099992990 0.628802385 -0.852398829 0.957025255 -0.280929607 0.545284933 0.113021353 0.781645106 -0.369153818 0.499154950 -0.628984306
1750927646.199992895 0.544030654 -0.843576607 0.948917770 -0.261690855 0.526979016 0.048926417 0.807104218 -0.288263014 0.329282399 -0.635383091
1750927646.299993038 0.478068392 -0.842451954 0.942857601 -0.241962758 0.499661697 -0.020550285 0.831486559 -0.206013420 0.098611728 -0.323501164
1750927646.399991989 0.469988476 -0.839247388 0.950393279 -0.248786784 0.460854361 -0.043145157 0.850797796 -0.109549164 -0.129112635 0.152528900
1750927646.499991894 0.497865965 -0.846182727 0.990753303 -0.270389663 0.442136478 -0.050120668 0.853752121 -0.019601386 -0.355422586 0.363752453
1750927646.599992037 0.539851339 -0.869225716 1.025087499 -0.285415376 0.440121470 -0.052335954 0.849760027 0.116178394 -0.462688222 0.460929499
1750927646.699991941 0.594288776 -0.889900293 1.059050201 -0.286829358 0.445329958 -0.051321839 0.846626373 0.131570843 -0.418048127 0.490970964
1750927646.799992085 0.646220576 -0.902939790 1.091804523 -0.278366919 0.455291142 -0.060547417 0.843537696 0.119899291 -0.252916049 0.490621511
1750927646.899991989 0.697192853 -0.900462608 1.109857063 -0.283163307 0.504864221 -0.093132391 0.810096919 0.102630656 -0.073246953 0.338799265
1750927646.999991894 0.710409192 -0.900028107 1.107764926 -0.283839351 0.519642939 -0.099214773 0.799726746 0.234405642 0.098116406 0.270757941
1750927647.099992037 0.762089762 -0.892005474 1.078098411 -0.283652621 0.539604321 -0.086537076 0.787959200 1.196687960 0.577406385 0.958790143
1750927647.199991941 0.928569270 -0.855762272 0.908180428 -0.257098732 0.630003467 0.008481188 0.732750942 1.616788329 0.369838292 0.612177571
1750927647.299992085 0.945473949 -0.865378410 0.746738761 -0.202448809 0.716078595 0.112802536 0.658423506 1.640158956 0.187356780 0.057365663
1750927647.399991989 0.905333324 -0.860863170 0.582168329 -0.158691403 0.803181336 0.179363163 0.545477439 1.482323981 0.176633482 0.085308064
1750927647.499990940 0.835195330 -0.844352892 0.466421345 -0.142937229 0.864141109 0.210980769 0.433954153 1.084845870 0.194904631 0.079928078
1750927647.599991083 0.773073583 -0.835299637 0.411017018 -0.125786583 0.884123480 0.251022646 0.373484991 0.516161904 0.112041603 -0.132568643
1750927647.699990988 0.743762287 -0.843902057 0.423097653 -0.109019077 0.878416811 0.281942799 0.370144574 -0.092934452 0.121203880 -0.440481693
1750927647.799990892 0.719817989 -0.867731475 0.485383918 -0.113889733 0.858692239 0.287704445 0.408537538 -0.341624535 0.199489620 -0.715302243
1750927647.899991035 0.681136852 -0.899585848 0.563066622 -0.088466377 0.853327587 0.265947495 0.439633552 -0.658743866 0.296542766 -0.871180546
1750927647.999990940 0.654618250 -0.918337748 0.696770038 -0.081515989 0.808276287 0.212523757 0.543026925 -1.077337505 0.424391422 -0.666865924
1750927648.099991083 0.618070189 -0.900452835 0.824126581 -0.160969286 0.734471971 0.140109772 0.644211972 -0.940749147 0.394460227 -0.480995687
1750927648.199990988 0.559527313 -0.875473293 0.893259017 -0.201129546 0.664048144 0.067113582 0.716995631 -0.674121001 0.347074696 -0.438449661
1750927648.299990892 0.497404345 -0.849243351 0.935907664 -0.230466931 0.567011110 0.000823237 0.790811430 -0.583527095 0.167494462 -0.175477758
1750927648.399991035 0.475193487 -0.829926975 0.976624926 -0.226350538 0.459932706 -0.047534442 0.857302640 -0.354023386 -0.078348336 -0.067133764
1750927648.499989986 0.450326733 -0.847801593 0.988668425 -0.207466554 0.360960880 -0.091590326 0.904586140 -0.082606517 -0.290920190 -0.010570013
1750927648.599989891 0.464703334 -0.878037303 1.014053797 -0.194749597 0.308472249 -0.110189552 0.924540820 0.189617026 -0.422751733 0.293432847
1750927648.699990034 0.514453100 -0.919376290 1.047389228 -0.175421103 0.313170177 -0.087876337 0.929209140 0.493923691 -0.378302954 0.482541880
1750927648.799989939 0.595958754 -0.947319873 1.057371289 -0.160657110 0.371061931 -0.038210373 0.913806492 0.769347397 -0.218977767 0.492577159
1750927648.899990082 0.694429002 -0.962387379 1.022372022 -0.168730333 0.469655164 0.016571405 0.866417619 1.054622328 -0.099808118 0.501860368
1750927648.999989986 0.805770120 -0.962593210 0.933776029 -0.174482706 0.578591051 0.084866805 0.792203135 1.330309170 -0.066731644 0.571704938
1750927649.099989891 0.878993344 -0.948462336 0.803912451 -0.158162297 0.664438571 0.166696117 0.711138860 1.501611482 -0.033685640 0.435923080
1750927649.199990034 0.899532153 -0.920268907 0.640777360 -0.124289744 0.731696651 0.262289078 0.616746715 1.614161727 -0.042042778 0.346182060
1750927649.299989939 0.869864552 -0.872878262 0.478942996 -0.091081746 0.781218344 0.352479447 0.507109706 1.561387432 -0.080735725 0.255340034
1750927649.399990082 0.798136196 -0.833036043 0.359019088 -0.055471698 0.812010344 0.420680265 0.400737080 1.205490350 -0.124251137 0.095541747
1750927649.499989986 0.735518674 -0.817357656 0.297764191 0.000031814 0.829032376 0.443771543 0.340253047 0.354410005 -0.092308638 -0.131041468
1750927649.599988937 0.734737205 -0.843859969 0.315937884 0.013871318 0.830619697 0.416667462 0.369143240 -0.292510402 -0.060784073 -0.359185756
1750927649.699989080 0.735543019 -0.893420763 0.352331651 0.006486448 0.829172636 0.386416997 0.403871972 -0.516325978 -0.064221688 -0.661808584
1750927649.799988985 0.718866322 -0.970561824 0.426730452 0.038887314 0.820007334 0.336260884 0.461523961 -0.987580904 0.069797102 -0.774470720
1750927649.899988890 0.724181836 -1.038411763 0.566727911 0.013470067 0.781838233 0.279913194 0.556952545 -1.466953769 0.236582364 -0.548949623
1750927649.999989033 0.717203278 -1.073205449 0.721584855 -0.061002899 0.725045169 0.234286419 0.644746479 -1.381321578 0.290970868 -0.404554609
1750927650.099988937 0.671798410 -1.076391118 0.845895670 -0.135187978 0.678697953 0.160249096 0.703856183 -1.010866579 0.330983823 -0.580061036
1750927650.199989080 0.572708943 -1.066294335 0.923271562 -0.166673821 0.650868595 0.028088178 0.740135773 -0.803708190 0.397171525 -0.744896516
1750927650.299988985 0.486010722 -1.014496834 0.970631393 -0.188644742 0.604924623 -0.132695375 0.762149132 -0.796280584 0.519182761 -0.607121899
1750927650.399988890 0.423043334 -0.919291051 0.986717137 -0.248790473 0.527180803 -0.255502143 0.771299135 -0.786191565 0.491258961 -0.285547577
1750927650.499989033 0.396950687 -0.845586281 0.995583670 -0.333142527 0.467423943 -0.300589174 0.761693549 -0.390662853 0.213389218 0.008724338
1750927650.599987984 0.399158835 -0.838522936 0.996577858 -0.355465076 0.450994649 -0.276407134 0.770615016 0.141847928 -0.066537871 0.033753736
1750927650.699987888 0.418379830 -0.873020190 1.002062063 -0.326392387 0.461424696 -0.225582035 0.793516229 0.353696898 -0.336865145 0.111128728
1750927650.799988031 0.450713117 -0.927412165 1.011117578 -0.287384283 0.497909575 -0.194818384 0.794696248 0.493308722 -0.450633533 0.250239635
1750927650.899987936 0.498921799 -0.988298496 1.004548325 -0.222914784 0.528339911 -0.145286466 0.806261608 0.677582289 -0.401426486 0.266913785
1750927650.999988079 0.555333576 -1.046222198 0.961272755 -0.145220126 0.557223096 -0.067007761 0.814815007 0.826265221 -0.334902064 0.218410364
1750927651.099987984 0.604846151 -1.090212669 0.886356524 -0.058060908 0.597061283 0.014334962 0.799963289 0.962114030 -0.285500117 0.128652556
1750927651.199987888 0.637629790 -1.107011101 0.789941681 0.028498269 0.630062719 0.087630269 0.771057556 1.104766469 -0.196137546 0.106658222
1750927651.299988031 0.672017141 -1.086869575 0.673856877 0.082040244 0.686315832 0.145375327 0.707888403 1.197763311 -0.084809266 0.238709679
1750927651.399987936 0.691347515 -1.039516224 0.553858180 0.095303667 0.752694746 0.216943582 0.614250204 1.236234304 -0.022732458 0.404316049
1750927651.499988079 0.690186282 -0.974362819 0.444770340 0.106006590 0.791355272 0.304062883 0.519677977 1.137990953 0.007318494 0.551721891
1750927651.599987984 0.690269255 -0.889496323 0.358608750 0.089274696 0.812478663 0.396772919 0.417707674 0.584461640 0.059930548 0.728126342
1750927651.699986935 0.724883572 -0.826579860 0.334388891 0.033527960 0.801648954 0.468939098 0.369230216 0.072021523 0.048942673 0.395155140
1750927651.799987078 0.726696400 -0.822180168 0.336734274 -0.012226907 0.790284323 0.492535078 0.364294370 -0.192059412 0.046911899 -0.201845660
1750927651.899986982 0.734844203 -0.866501562 0.373308996 0.001652705 0.798109167 0.452531444 0.397786775 -0.801188720 0.172880518 -0.737218307
1750927651.999986887 0.733165187 -0.967376499 0.513156765 -0.010003283 0.788524848 0.343647301 0.509936300 -1.567319344 0.229964288 -0.772397311
1750927652.099987030 0.732506700 -1.023542650 0.687729682 -0.083023613 0.735172441 0.237878193 0.629319098 -1.552608071 0.146186551 -0.440482601
1750927652.199986935 0.698942920 -1.035170904 0.821685368 -0.149759413 0.675767244 0.143507425 0.707330452 -1.086425210 0.131804995 -0.350013130
1750927652.299987078 0.646228491 -1.027823839 0.905507753 -0.193418287 0.617293220 0.069175861 0.759442656 -0.858073397 0.182223718 -0.269428565
1750927652.399986982 0.598864282 -0.999704479 0.968883871 -0.251442071 0.556312103 -0.000559226 0.792018571 -0.666164290 0.156245518 -0.095375214
1750927652.499986887 0.572575003 -0.972555178 0.999860833 -0.280513199 0.521308857 -0.065091031 0.803313499 -0.170937961 0.057004898 -0.010911018
1750927652.599987030 0.581990973 -0.977894559 0.987219703 -0.250272755 0.539317876 -0.085436586 0.799500073 0.359349540 -0.025544072 0.082239448
1750927652.699985981 0.620943221 -1.000239062 0.949262047 -0.200132570 0.593387386 -0.087803865 0.774679834 0.669049086 -0.023135830 0.375175119
1750927652.799985886 0.695883451 -1.014276413 0.885448986 -0.163975217 0.662272440 -0.067402080 0.727986471 0.723080846 0.086129042 0.679916648
1750927652.899986029 0.769418708 -1.008207906 0.815333633 -0.163576156 0.717787280 -0.009652694 0.676706057 0.600609318 0.210355292 0.848491763
1750927652.999985933 0.845386821 -0.969523335 0.746649475 -0.193047238 0.748495783 0.077939852 0.629612743 0.552789693 0.274287066 0.944280499
1750927653.099986076 0.902420118 -0.910369721 0.664300578 -0.211563151 0.765731795 0.164110479 0.584776540 0.606910727 0.298709333 0.820195239
1750927653.199985981 0.919655806 -0.852125505 0.584716629 -0.224901635 0.783117099 0.203912652 0.542739803 0.577439616 0.353332056 0.496630495
1750927653.299985886 0.899319383 -0.814293092 0.530453799 -0.247058044 0.802965574 0.202497727 0.503193085 0.520781901 0.397365052 0.177864465
1750927653.399986029 0.857597257 -0.789215814 0.482830133 -0.277092408 0.815241731 0.236671327 0.450097102 0.519766732 0.379175012 -0.034120517
1750927653.499985933 0.795926130 -0.787494934 0.454682045 -0.269583591 0.828957922 0.285152068 0.398549556 0.403889977 0.334643652 -0.290497218
1750927653.599986076 0.743049456 -0.801476822 0.467131186 -0.234633632 0.824551088 0.324496232 0.399705839 -0.036814732 0.260342772 -0.473273742
1750927653.699985981 0.723219702 -0.819417019 0.524598882 -0.229671190 0.803854945 0.334783277 0.434728110 -0.389521781 0.254950351 -0.602464614
1750927653.799984932 0.680188218 -0.851941642 0.598720789 -0.226970957 0.808122813 0.299331964 0.453676184 -0.378502649 0.210300208 -0.814574132
1750927653.899985075 0.635535724 -0.896115195 0.671548333 -0.162433186 0.820375209 0.238518066 0.493669027 -0.631466826 0.138283110 -0.835129217
1750927653.999984980 0.605791924 -0.911912137 0.783263882 -0.156884307 0.762951969 0.152409120 0.608328092 -0.863922317 0.156688647 -0.620909280
1750927654.099984884 0.546815643 -0.909739737 0.866105704 -0.178031201 0.686099517 0.070208435 0.701885404 -0.644200474 0.143762649 -0.527560493
1750927654.199985027 0.489629735 -0.903889120 0.904977269 -0.193768818 0.609984545 0.017259658 0.768163137 -0.393658929 0.077235364 -0.287041129
1750927654.299984932 0.475279918 -0.898394900 0.923852397 -0.253200627 0.536657859 0.001015921 0.804914128 -0.169207101 -0.101358383 0.076279660
1750927654.399985075 0.494227753 -0.907673668 0.949101650 -0.313469474 0.500081862 -0.011194519 0.807173899 -0.087487989 -0.358252491 0.215373845
1750927654.499984980 0.519964174 -0.929520943 0.987241735 -0.349039868 0.468530683 -0.035413737 0.810799628 -0.117429508 -0.542572428 0.267614735
1750927654.599984884 0.552429386 -0.950527273 1.048488731 -0.359800538 0.443391681 -0.081189080 0.816918431 -0.188912280 -0.581249538 0.381642997
1750927654.699985027 0.580827293 -0.955303677 1.118872670 -0.346791626 0.420004959 -0.147113547 0.825644601 -0.298647525 -0.419877441 0.493322161
1750927654.799983978 0.597553284 -0.934406159 1.181013666 -0.322778924 0.396224631 -0.236036253 0.826502690 -0.346605478 -0.139675979 0.495163100
1750927654.899983883 0.618160226 -0.895536096 1.217810477 -0.290358743 0.367132108 -0.335035984 0.817714317 -0.141699675 0.174663498 0.404198998
1750927654.999984026 0.662985456 -0.874310598 1.211232644 -0.271691722 0.376797874 -0.364660408 0.806988077 0.202581126 0.406857862 0.345122710
1750927655.099983931 0.721691904 -0.869976139 1.181869589 -0.270984305 0.427303290 -0.339613840 0.792869374 0.512450848 0.565741295 0.362952535
1750927655.199984074 0.801815986 -0.871935038 1.112918985 -0.276757929 0.496676282 -0.262632812 0.779577915 0.841875029 0.641412404 0.389224000
1750927655.299983978 0.874870889 -0.880490200 1.009212884 -0.287935894 0.579436739 -0.159274833 0.745638997 1.117651468 0.655172655 0.416391522
1750927655.399983883 0.927354816 -0.875861486 0.872977292 -0.288166701 0.656608412 -0.029512178 0.696386657 1.435625673 0.622508458 0.417813069
1750927655.499984026 0.944472094 -0.865733671 0.695176591 -0.235101216 0.725112859 0.164282677 0.626059072 1.770441348 0.329258867 0.284571528
1750927655.599983931 0.896472227 -0.837147799 0.505393873 -0.138549510 0.757466739 0.347029346 0.535367916 1.804245904 0.044902737 0.018324259
1750927655.699984074 0.803036139 -0.799534765 0.376606538 -0.062080938 0.783351132 0.437241148 0.437409579 1.256091920 0.007549944 -0.121978876
1750927655.799983978 0.732609552 -0.785751525 0.337572212 -0.027983027 0.810019808 0.452380657 0.372070694 0.272150932 0.145380885 -0.228209704
1750927655.899982929 0.725253861 -0.804414999 0.381471826 -0.052969308 0.812197434 0.430659209 0.389951569 -0.467832300 0.190446053 -0.454491098
1750927655.999983072 0.725164805 -0.853877721 0.458508620 -0.061009747 0.806983250 0.396020841 0.433847137 -0.945866359 0.195477624 -0.580715201
1750927656.099982977 0.753440550 -0.901266766 0.581886619 -0.100095640 0.764508745 0.354802085 0.528793649 -1.397355911 0.216361944 -0.384760014
1750927656.199982882 0.762084219 -0.933690240 0.738725530 -0.200266686 0.697173244 0.292098285 0.623314779 -1.386465993 0.131473419 -0.304486264
1750927656.299983025 0.726344994 -0.947135280 0.860507164 -0.281894478 0.637654927 0.199780609 0.688490672 -1.115873982 0.126612214 -0.464494779
1750927656.399982929 0.647551454 -0.955631520 0.950112115 -0.318828725 0.571506603 0.080565460 0.751822887 -0.932541138 0.114418028 -0.585922571
1750927656.499983072 0.557197180 -0.948884104 1.006481207 -0.329217323 0.494006984 -0.041933697 0.803625920 -0.774100255 0.076459678 -0.537589782
1750927656.599982977 0.481970690 -0.933214167 1.024796977 -0.324207960 0.412193457 -0.135673417 0.840582225 -0.543961261 0.048677142 -0.451933650
1750927656.699982882 0.422328704 -0.928388810 1.022013920 -0.304054680 0.328436053 -0.198895234 0.871849297 -0.194086777 -0.020424844 -0.330179554
1750927656.799983025 0.408202089 -0.944174055 1.005448042 -0.257119707 0.307636285 -0.217098689 0.890009849 0.280890554 -0.088927670 -0.241270830
1750927656.899981976 0.428356856 -0.988578010 0.975366405 -0.189372047 0.344002490 -0.163202486 0.905077601 0.685014558 -0.205663653 -0.125052449
1750927656.999982119 0.483052108 -1.042657239 0.930059687 -0.102887053 0.402428461 -0.044544556 0.908560053 0.850836548 -0.300594618 0.061151791
1750927657.099982023 0.553496769 -1.073103501 0.869817279 -0.023163132 0.469459303 0.065887925 0.880187601 0.900370050 -0.257533255 0.156740654
1750927657.199981928 0.612674842 -1.071927730 0.797953379 0.032126332 0.554563852 0.119314317 0.822916111 0.969175549 -0.144940593 0.211574436
1750927657.299982071 0.664910661 -1.049955232 0.705663095 0.078024054 0.644231434 0.139867149 0.747873844 1.094173320 -0.041988700 0.223308835
1750927657.399981976 0.682343135 -1.009517449 0.591202451 0.119127986 0.733423198 0.158615620 0.650184604 1.219968194 -0.011351767 0.169159134
1750927657.499982119 0.668737936 -0.957357935 0.481099470 0.138579181 0.804855731 0.201048679 0.540908950 1.160737042 0.022316026 0.315299425
1750927657.599982023 0.654254104 -0.892366748 0.388354255 0.127290986 0.852210291 0.272197404 0.428302694 0.661926333 0.114805536 0.627564039
1750927657.699981928 0.691146775 -0.833575940 0.347484993 0.078321467 0.853093478 0.356133244 0.373184107 0.040713949 0.085399113 0.569739743
1750927657.799982071 0.723588525 -0.816636017 0.343018386 0.018976918 0.835527107 0.413298113 0.361550826 -0.200854005 -0.013449297 0.022837151
1750927657.899981022 0.723600183 -0.849304130 0.368320338 -0.025967835 0.845501283 0.402151972 0.350324198 -0.449509663 -0.042014289 -0.669602646
1750927657.999980927 0.720686489 -0.939446862 0.458190212 -0.007410864 0.845809216 0.330875676 0.418417418 -1.200026703 0.027892026 -1.021861004
1750927658.099981070 0.734107843 -1.021776985 0.629355165 -0.058540785 0.798701905 0.247082787 0.545525746 -1.671380737 0.046408943 -0.827111360
1750927658.199980974 0.706351938 -1.063308056 0.803655592 -0.149387321 0.740680037 0.145835682 0.638598830 -1.301607896 -0.022930936 -0.779778029
1750927658.299981117 0.626140519 -1.079849007 0.910915492 -0.179810434 0.703113576 0.009268926 0.687905221 -0.854297722 0.035544543 -0.847545808
1750927658.399981022 0.536435113 -1.058433670 0.977002791 -0.185855916 0.649438643 -0.161054757 0.719547353 -0.842432864 0.135071752 -0.760457391
