0.065342000 0.000000000 0.000000000 0.000000000 -0.000000000 -0.000000000 -0.000000000 1.000000000
0.165343000 0.000000000 0.000000000 0.000000000 -0.000000000 -0.000000000 -0.000000000 1.000000000
0.265258000 0.000000000 0.000000000 0.000000000 -0.000000000 -0.000000000 -0.000000000 1.000000000
0.365208000 0.000000000 0.000000000 0.000000000 -0.000000000 -0.000000000 -0.000000000 1.000000000
0.465196000 0.000000000 0.000000000 0.000000000 -0.000000000 -0.000000000 -0.000000000 1.000000000
0.565255000 0.000000000 0.000000000 0.000000000 -0.000000000 -0.000000000 -0.000000000 1.000000000
0.665338000 0.000000000 0.000000000 0.000000000 -0.000000000 -0.000000000 -0.000000000 1.000000000
0.765444000 0.000000000 0.000000000 0.000000000 -0.000000000 -0.000000000 -0.000000000 1.000000000
0.865505000 0.000000000 0.000000000 0.000000000 -0.000000000 -0.000000000 -0.000000000 1.000000000
0.965496000 0.000000000 0.000000000 0.000000000 -0.000000000 -0.000000000 -0.000000000 1.000000000
1.065447000 0.000000000 0.000000000 0.000000000 -0.000000000 -0.000000000 -0.000000000 1.000000000
1.165457000 0.000000000 0.000000000 0.000000000 -0.000000000 -0.000000000 -0.000000000 1.000000000
1.265385000 0.000000000 0.000000000 0.000000000 -0.000000000 -0.000000000 -0.000000000 1.000000000
1.365333000 0.000000000 0.000000000 0.000000000 -0.000000000 -0.000000000 -0.000000000 1.000000000
1.465337000 0.000000000 0.000000000 0.000000000 -0.000000000 -0.000000000 -0.000000000 1.000000000
1.565355000 0.000000000 0.000000000 0.000000000 -0.000000000 -0.000000000 -0.000000000 1.000000000
1.665394000 0.000000000 0.000000000 0.000000000 -0.000000000 -0.000000000 -0.000000000 1.000000000
1.765431000 0.000000000 0.000000000 0.000000000 -0.000000000 -0.000000000 -0.000000000 1.000000000
1.865431000 0.000000000 0.000000000 0.000000000 -0.000000000 -0.000000000 -0.000000000 1.000000000
1.965417000 0.000000000 0.000000000 0.000000000 -0.000000000 -0.000000000 -0.000000000 1.000000000
2.065379000 0.000000000 0.000000000 0.000000000 -0.000000000 -0.000000000 -0.000000000 1.000000000
2.165472000 0.000000000 0.000000000 0.000000000 -0.000000000 -0.000000000 -0.000000000 1.000000000
2.265517000 0.000000000 0.000000000 0.000000000 -0.000000000 -0.000000000 -0.000000000 1.000000000
2.365615000 0.000000000 0.000000000 0.000000000 -0.000000000 -0.000000000 -0.000000000 1.000000000
2.465688000 0.000000000 0.000000000 0.000000000 -0.000000000 -0.000000000 -0.000000000 1.000000000
2.565694000 0.000000000 0.000000000 0.000000000 -0.000000000 -0.000000000 -0.000000000 1.000000000
2.665626000 0.000000000 0.000000000 0.000000000 -0.000000000 -0.000000000 -0.000000000 1.000000000
2.765480000 0.000000000 0.000000000 0.000000000 -0.000000000 -0.000000000 -0.000000000 1.000000000
2.865305000 -0.000067539 0.002684535 0.000325623 -0.000394127 0.000269707 -0.000385215 0.999999812
2.965135000 0.000776845 0.009143723 0.004579592 -0.001011733 0.000646277 -0.001254268 0.999998493
3.065036000 -0.019119070 0.013202477 0.019114512 -0.001426335 -0.000918635 -0.002515013 0.999995398
3.165080000 -0.028512946 0.009892056 0.032188168 -0.001385711 -0.001855569 -0.003103588 0.999992502
3.265104000 -0.032649169 0.022169540 0.030482585 -0.002515966 -0.001892962 -0.003510991 0.999988880
3.365186000 -0.036598810 0.031854151 0.020425588 -0.003137157 -0.001485874 -0.004278378 0.999984823
3.465288000 -0.039192068 0.037652946 0.025480013 -0.004181309 -0.001270545 -0.004683781 0.999979482
3.565400000 -0.039192068 0.037652946 0.025480013 -0.004181309 -0.001270545 -0.004683781 0.999979482
3.665486000 -0.039192068 0.037652946 0.025480013 -0.004181309 -0.001270545 -0.004683781 0.999979482
3.765567000 -0.039192068 0.037652946 0.025480013 -0.004181309 -0.001270545 -0.004683781 0.999979482
3.865595000 -0.037000746 0.040230992 0.032534680 -0.004501839 -0.001522945 -0.004379150 0.999979118
3.965591000 -0.035715308 0.040737561 0.036624687 -0.004637254 -0.001572049 -0.004226022 0.999979082
4.065531000 -0.033473400 0.040967974 0.048658095 -0.004397250 -0.001675575 -0.003791092 0.999981742
4.165534000 -0.028797221 0.056048555 0.045720095 -0.005368141 -0.000974680 -0.004460188 0.999975170
4.265424000 -0.027697058 0.065263968 0.049139293 -0.006557062 -0.000343731 -0.004096390 0.999970053
4.365315000 -0.027697058 0.065263968 0.049139293 -0.006557062 -0.000343731 -0.004096390 0.999970053
4.465255000 -0.022106562 0.066797782 0.050449969 -0.007239385 -0.000232931 -0.003892993 0.999966190
4.565249000 -0.022106562 0.066797782 0.050449969 -0.007239385 -0.000232931 -0.003892993 0.999966190
4.665313000 -0.022106562 0.066797782 0.050449969 -0.007239385 -0.000232931 -0.003892993 0.999966190
4.765391000 -0.018087069 0.063709558 0.057978630 -0.007365475 -0.001547323 -0.002539835 0.999968452
4.865516000 0.003957992 0.059829044 0.049520766 -0.006858111 0.000652136 -0.000574104 0.999976105
4.965507000 0.011690271 0.055368340 0.039684025 -0.005216660 0.002561598 -0.002918099 0.999978854
5.065643000 0.007170229 0.054728357 0.044637100 -0.005474431 0.001459887 -0.002931450 0.999979653
5.165951000 0.004454753 0.050736779 0.052150887 -0.004436213 0.001582417 -0.004543629 0.999978585
5.266121000 0.003125789 0.047806615 0.046953049 -0.003897502 0.000640965 -0.003728574 0.999985248
5.366190000 -0.001952599 0.053714871 0.040831897 -0.004352216 -0.002076449 -0.003783234 0.999981217
5.466203000 0.010800986 0.057994205 0.055631917 -0.004296559 -0.002535806 -0.003256799 0.999982251
5.566125000 -0.014683759 0.061354517 0.095937926 -0.007420200 -0.009105165 -0.003495036 0.999924908
5.666080000 -0.017561892 0.058956258 0.144353111 -0.011020250 -0.018649672 0.000140714 0.999765334
5.766098000 -0.016703222 0.035326769 0.182176119 -0.011197096 -0.026876093 0.001680184 0.999574648
5.866079000 -0.012447692 0.025619690 0.203336502 -0.011038614 -0.031960645 -0.000702946 0.999427922
5.966076000 -0.020245154 0.021098122 0.220601658 -0.011132520 -0.039924452 -0.002079360 0.999138520
6.066371000 -0.038547261 -0.001093604 0.252806785 -0.007740241 -0.047910965 -0.003791945 0.998814422
6.167130000 -0.048057143 -0.019504902 0.297814494 -0.005141353 -0.054032673 -0.007143955 0.998500376
6.267914000 -0.053472407 -0.044444852 0.353368379 -0.002665892 -0.055663993 -0.006481516 0.998424961
6.368629000 -0.054820423 -0.041874980 0.351827138 -0.006847604 -0.056049724 -0.010403119 0.998350296
6.469516000 -0.051185641 -0.053768761 0.364402319 -0.009597268 -0.055987994 -0.012396640 0.998308349
6.570368000 -0.047679616 -0.073590794 0.364663791 -0.011520806 -0.054897037 -0.016363592 0.998291450
6.670993000 -0.039472866 -0.092608523 0.388074055 -0.018655703 -0.047334006 -0.030310717 0.998244818
6.771279000 -0.039843360 -0.148720996 0.389619312 -0.019700043 -0.043310209 -0.035091900 0.998250817
6.871285000 -0.037577160 -0.138204308 0.443696152 -0.027804864 -0.045048969 -0.027623452 0.998215620
6.971115000 -0.033146349 -0.130574465 0.468212057 -0.035504793 -0.045783771 -0.022221603 0.998072871
7.070994000 -0.019578151 -0.166356182 0.476475104 -0.037952939 -0.045654966 -0.020101378 0.998033633
7.171136000 -0.006698423 -0.211828195 0.489743573 -0.039179865 -0.044829006 -0.018877983 0.998047554
7.271368000 -0.003923989 -0.232796233 0.512419528 -0.043105041 -0.044849574 -0.019901782 0.997864916
7.371613000 -0.003573623 -0.278254766 0.522454889 -0.044908371 -0.044588134 -0.020405039 0.997786937
7.471789000 -0.004187658 -0.328908191 0.531385258 -0.073039517 -0.044471191 -0.018963218 0.996156583
7.571761000 -0.005060151 -0.377480880 0.542475966 -0.096481703 -0.044127457 -0.019862651 0.994157696
7.671541000 -0.010518612 -0.416994529 0.555084809 -0.100386072 -0.041880818 -0.027812141 0.993677573
7.771162000 0.000432370 -0.443501052 0.553151649 -0.091596263 -0.041083329 -0.027129384 0.994578444
7.870738000 -0.006315591 -0.463719690 0.547718770 -0.080982458 -0.042474530 -0.024584608 0.995506581
7.970470000 -0.003768778 -0.482778940 0.519090165 -0.069357303 -0.042293433 -0.021490861 0.996463232
8.070540000 0.006224832 -0.505469881 0.514500836 -0.054897254 -0.041384906 -0.020425354 0.997424877
8.170917000 -0.001210215 -0.530036323 0.488123422 -0.046645621 -0.041557369 -0.020599166 0.997834077
8.271215000 -0.013783669 -0.552479005 0.459118991 -0.044968127 -0.042600879 -0.021235188 0.997853747
8.371414000 -0.040024913 -0.579487383 0.489141107 -0.040695480 -0.045356711 -0.027360136 0.997766541
8.471664000 -0.050073441 -0.605836110 0.463325208 -0.029682316 -0.042061437 -0.038076587 0.997947879
8.571804000 -0.068867713 -0.639355792 0.438810690 -0.019977485 -0.040282096 -0.048098087 0.997830059
8.671731000 -0.059407101 -0.646546887 0.435829638 -0.021958578 -0.040284601 -0.047146094 0.997833762
8.771611000 -0.053196482 -0.671795805 0.450180896 -0.023173448 -0.045198765 -0.036221475 0.998052137
8.871588000 -0.048131888 -0.712074439 0.446418578 -0.024220833 -0.048779651 -0.029516290 0.998079499
8.971692000 -0.036781098 -0.747091299 0.445440032 -0.026217522 -0.050205099 -0.025517040 0.998068620
9.071848000 -0.033120006 -0.792129458 0.453042909 -0.031752506 -0.051647123 -0.024257418 0.997865688
9.171938000 -0.033522189 -0.837395948 0.457358683 -0.031507341 -0.053204289 -0.024262020 0.997791534
9.271789000 -0.016425562 -0.876277218 0.466569163 -0.032170980 -0.051701892 -0.025692431 0.997813530
9.371429000 -0.006535891 -0.927478131 0.475930222 -0.028477034 -0.050796035 -0.025648491 0.997973435
9.471095000 0.005335395 -0.971454059 0.493480418 -0.028220767 -0.049651829 -0.024971511 0.998055463
9.570960000 0.004732271 -1.028693162 0.517097226 -0.033500415 -0.050451735 -0.025303342 0.997843718
9.670957000 0.011332823 -1.081519371 0.542744142 -0.038456908 -0.050074116 -0.025153705 0.997687797
9.770914000 0.014374539 -1.132015518 0.570367184 -0.039344164 -0.049737100 -0.025385275 0.997664195
9.870697000 0.015240412 -1.191054658 0.597680080 -0.040758147 -0.048077015 -0.029434887 0.997577547
9.970450000 0.014001188 -1.243081194 0.632688472 -0.042236744 -0.045054182 -0.037921229 0.997370622
10.070385000 0.014297682 -1.295040450 0.670479206 -0.046665363 -0.037974541 -0.057994594 0.996502336
10.170543000 0.021279570 -1.326097914 0.708629925 -0.053232556 -0.028286775 -0.084833504 0.994569972
10.270761000 0.035452267 -1.381266887 0.745847423 -0.051726803 -0.021443080 -0.101351092 0.993273622
10.370965000 0.082000196 -1.406346130 0.785030401 -0.052790261 -0.018352529 -0.093297035 0.994068426
10.471059000 0.135408846 -1.426054230 0.827326895 -0.050502112 -0.016970810 -0.076337735 0.995657611
10.570878000 0.199683343 -1.437603292 0.878114889 -0.048562440 -0.018916078 -0.052421119 0.997264207
10.670534000 0.263079117 -1.447170973 0.919399243 -0.048874722 -0.024733161 -0.029377215 0.998066386
10.770210000 0.317713959 -1.453148081 0.955614433 -0.048711404 -0.029218381 -0.020118311 0.998182718
10.869948000 0.378147378 -1.457856514 1.011262209 -0.048578716 -0.033708223 -0.017537327 0.998096341
10.969808000 0.439785266 -1.465080163 1.062809653 -0.048643392 -0.038140504 -0.018093481 0.997923719
11.069763000 0.494120297 -1.481792793 1.105470493 -0.047963581 -0.041938958 -0.021039382 0.997746442
11.169931000 0.539287738 -1.494954722 1.151776127 -0.048414649 -0.046146786 -0.022512650 0.997506730
11.269947000 0.600218896 -1.525012697 1.206527215 -0.047340470 -0.048444839 -0.023368301 0.997429647
11.369887000 0.631385911 -1.546847312 1.227333670 -0.046751551 -0.050284004 -0.023422481 0.997365128
11.469670000 0.677363048 -1.573192927 1.269577362 -0.046830644 -0.049579710 -0.023811351 0.997387469
11.569473000 0.724536149 -1.592765487 1.315115978 -0.046548485 -0.047261786 -0.018329090 0.997628992
11.669295000 0.770682477 -1.613854248 1.355657401 -0.050751647 -0.048747145 -0.000748979 0.997520639
11.769154000 0.797638142 -1.622026942 1.415104938 -0.052390794 -0.044962483 0.002327280 0.997611229
11.869126000 0.829211912 -1.633271244 1.468404777 -0.051276362 -0.037136805 -0.001158352 0.997993112
11.969080000 0.851087437 -1.647510540 1.507839914 -0.048824657 -0.028038566 -0.006600725 0.998391918
12.069056000 0.861637157 -1.653971665 1.543092384 -0.048089662 -0.021750072 -0.007830757 0.998575484
12.169159000 0.875852568 -1.663598232 1.574509749 -0.053903547 -0.016345479 -0.007577968 0.998383597
12.269086000 0.894719405 -1.669215927 1.618064011 -0.064531354 -0.012728553 -0.008200990 0.997800798
12.369185000 0.901100228 -1.671779832 1.638626085 -0.073657947 -0.011944855 -0.007844581 0.997181172
12.469487000 0.908967300 -1.678162772 1.671575729 -0.062932523 -0.012081765 -0.009388567 0.997900488
12.569817000 0.931095677 -1.684531719 1.702273736 -0.053626526 -0.011574643 -0.009998926 0.998443912
12.670282000 0.945007386 -1.705643435 1.734105965 -0.047517773 -0.011767152 -0.012021423 0.998728732
12.770842000 0.957899833 -1.712206714 1.767386321 -0.046598119 -0.012740429 -0.010225742 0.998780121
12.871327000 0.962203553 -1.734416136 1.777518983 -0.047479004 -0.014613127 -0.010607708 0.998709005
12.971634000 0.972058360 -1.743928018 1.804863303 -0.048062486 -0.015703495 -0.011075037 0.998659472
13.071809000 0.999695683 -1.753601055 1.834601678 -0.050495885 -0.014604860 -0.010629144 0.998560907
13.171960000 1.005309227 -1.766904974 1.863555828 -0.050642105 -0.017343046 -0.008088115 0.998533514
13.271925000 1.009557197 -1.782909291 1.897673182 -0.052157663 -0.017581928 -0.015735891 0.998360073
13.371883000 1.028658141 -1.779318196 1.963093558 -0.054471924 -0.016504600 -0.017854577 0.998219225
13.471768000 1.038421641 -1.788963669 2.002995592 -0.054526712 -0.020333275 -0.005356849 0.998290889
13.571604000 1.046693521 -1.813881086 2.030498514 -0.054837135 -0.021741206 -0.001215490 0.998257848
13.671390000 1.051203558 -1.834044770 2.059988566 -0.054127250 -0.022722976 0.003724821 0.998268517
13.771060000 1.051602781 -1.858311730 2.082038491 -0.054481601 -0.022093903 0.004483635 0.998260242
13.870733000 1.064176502 -1.880493290 2.107355566 -0.053057352 -0.019863263 0.005406392 0.998379256
13.970369000 1.088337565 -1.894754246 2.111112259 -0.047063661 -0.015857183 0.007904174 0.998734742
14.070028000 1.099816589 -1.915760556 2.136581145 -0.043063329 -0.012000299 0.008288663 0.998965886
14.169973000 1.094008045 -1.912016441 2.173666270 -0.044060925 -0.009699475 0.012016700 0.998909482
14.270000000 1.102756494 -1.944516499 2.216351263 -0.047713156 -0.004607435 0.013123018 0.998764243
14.370138000 1.098484310 -1.968022183 2.257661443 -0.054797423 0.000521023 0.016009051 0.998369011
14.470316000 1.094807475 -1.987468840 2.301855641 -0.057212796 0.006706100 0.017106246 0.998192917
14.570361000 1.090825093 -2.009081583 2.344900079 -0.059260370 0.013396407 0.020211218 0.997948020
14.670168000 1.086920532 -2.019242484 2.394969860 -0.060065107 0.020330304 0.024551326 0.997685368
14.769977000 1.079201930 -2.033301427 2.438297856 -0.060633552 0.028324341 0.025618077 0.997429205
14.869916000 1.068384739 -2.045747999 2.468878697 -0.065580308 0.035233209 0.027186315 0.996854427
14.970099000 1.066922823 -2.052100796 2.530396926 -0.079845993 0.041339409 0.028887184 0.995530613
15.070584000 1.051892702 -2.069144491 2.560640814 -0.087300199 0.044137509 0.031842910 0.994694217
15.171197000 1.041588597 -2.086712682 2.593369102 -0.092444476 0.047107602 0.032503572 0.994071632
15.271608000 1.030616253 -2.112401234 2.614796586 -0.094352952 0.051621052 0.031796533 0.993690982
15.371633000 1.021237191 -2.133128972 2.623803840 -0.092131609 0.055554605 0.039050552 0.993428662
15.471121000 1.013364623 -2.138523605 2.638062100 -0.088127867 0.056520245 0.058710749 0.992769857
15.570258000 1.000824799 -2.152013613 2.639390977 -0.083212307 0.063403559 0.064223537 0.992436919
15.669549000 0.975176006 -2.156133140 2.628756285 -0.082649619 0.070544225 0.070625621 0.991566727
15.769314000 0.950512364 -2.131946902 2.652574213 -0.086856695 0.078992290 0.075467421 0.990212503
15.869533000 0.923093344 -2.126028750 2.648991732 -0.087283929 0.088641083 0.078435183 0.989126987
15.970106000 0.893544774 -2.114360738 2.652842216 -0.089561859 0.098114004 0.081122440 0.987811452
16.070691000 0.852194855 -2.107835962 2.629947440 -0.090080413 0.103857770 0.082775223 0.987039688
16.171177000 0.796780361 -2.085049073 2.611520433 -0.087404099 0.108826847 0.077060349 0.987207650
16.271372000 0.754360755 -2.067014438 2.607459197 -0.078684500 0.115479302 0.066468376 0.987955078
16.371544000 0.693848159 -2.044578987 2.566354378 -0.070759986 0.118297796 0.060250286 0.988619522
16.471676000 0.647952084 -2.030908939 2.530548361 -0.065910859 0.120921308 0.056776902 0.988842849
16.571591000 0.597455526 -2.019501890 2.502305163 -0.064149088 0.122370716 0.056246472 0.988810718
16.671364000 0.553549296 -2.029657548 2.474041230 -0.060611715 0.124235880 0.055252350 0.988857343
16.771007000 0.508911423 -2.035598946 2.441920072 -0.055635847 0.126087206 0.054704968 0.988945921
16.870416000 0.461486035 -2.041594104 2.405251047 -0.053597526 0.127448443 0.056487694 0.988783768
16.969794000 0.411587946 -2.049275999 2.376354800 -0.053264393 0.128593210 0.058326249 0.988546782
17.069148000 0.360811890 -2.055230261 2.354401387 -0.053742446 0.129894534 0.061115054 0.988182225
17.168755000 0.315939268 -2.065916518 2.328325886 -0.054015448 0.132707462 0.062507130 0.987706393
17.268414000 0.265726084 -2.080325566 2.305433656 -0.054381216 0.135609692 0.062360997 0.987301272
17.368390000 0.215707794 -2.095030878 2.294305753 -0.055395698 0.136908056 0.064711520 0.986914343
17.468515000 0.170272129 -2.110018349 2.276448439 -0.058566341 0.127818161 0.082262247 0.986643514
17.568853000 0.149497286 -2.115126155 2.255047566 -0.058403134 0.124346261 0.081371252 0.987170604
17.669235000 0.086783293 -2.122353959 2.232367181 -0.057743849 0.119342156 0.071645935 0.988579768
17.769574000 0.029968046 -2.133185337 2.209284881 -0.057897277 0.116719796 0.060737670 0.989613728
17.869891000 -0.023246586 -2.134006059 2.194798619 -0.057473416 0.114528100 0.055271373 0.990214722
17.970157000 -0.058013199 -2.137311391 2.167804902 -0.057862495 0.111097405 0.050381477 0.990843583
18.070463000 -0.132065660 -2.124423758 2.168683760 -0.057968921 0.103717354 0.037240484 0.992217446
18.170873000 -0.198981712 -2.128233085 2.139138715 -0.075902684 0.102351171 0.002543391 0.991845024
18.271137000 -0.261916388 -2.139001142 2.120616415 -0.102480168 0.102454569 -0.039493691 0.988656222
18.371118000 -0.276221358 -2.132546655 2.083395504 -0.108745801 0.098472558 -0.056590997 0.987560107
18.470790000 -0.280819572 -2.139739585 2.056073859 -0.105805767 0.087203976 -0.052731280 0.989151160
18.570396000 -0.279576362 -2.136984460 2.024487166 -0.102794616 0.073716557 -0.044565023 0.990965738
18.670004000 -0.264541142 -2.132336072 1.983321624 -0.095254566 0.061961930 -0.031068157 0.993036785
18.769538000 -0.237387242 -2.130267297 1.933341581 -0.079210297 0.050450566 -0.006272237 0.995560711
18.869150000 -0.207571072 -2.126905450 1.886456921 -0.065767534 0.042495832 0.010740401 0.996871797
18.968958000 -0.173513671 -2.122401609 1.830229194 -0.063811453 0.040223222 0.016065613 0.997021608
19.068969000 -0.151969299 -2.119322700 1.777344654 -0.060552597 0.038907050 0.018277382 0.997238969
19.169051000 -0.154840910 -2.126174387 1.737569202 -0.060011760 0.036256442 0.019631757 0.997345804
19.269261000 -0.146639160 -2.132105968 1.718230977 -0.059740929 0.036202843 0.021485488 0.997325799
19.369589000 -0.081394796 -2.151387698 1.657708123 -0.058504153 0.041310992 0.023668199 0.997151183
19.469752000 -0.053063009 -2.151305565 1.614909089 -0.045292625 0.043498489 0.024124547 0.997734667
19.569611000 -0.033084264 -2.138174831 1.573936453 -0.025521926 0.044517740 0.025325626 0.998361365
19.669091000 -0.022623929 -2.128578599 1.554030814 -0.015291653 0.045133435 0.025985559 0.998525858
19.768578000 -0.008751576 -2.118378994 1.536878717 -0.009893131 0.047591643 0.020247793 0.998612632
19.868147000 -0.012336853 -2.115639845 1.539668438 -0.013455908 0.051723964 0.005624052 0.998554926
19.967863000 -0.002946805 -2.117765652 1.542729231 -0.029450129 0.058796911 -0.016214176 0.997703720
20.067791000 0.017393145 -2.118003529 1.554689364 -0.045988735 0.059747646 -0.015464002 0.997033660
20.168192000 0.040928080 -2.116344981 1.571908891 -0.054578374 0.056862373 -0.006446000 0.996868256
20.268860000 0.072479179 -2.117406752 1.586752757 -0.058504031 0.051909256 0.009146074 0.996894707
20.369665000 0.103339162 -2.120501809 1.602092155 -0.061927157 0.049228574 0.016789647 0.996724477
20.470333000 0.131512096 -2.127126763 1.610054502 -0.062154061 0.048112509 0.019621221 0.996713132
20.570632000 0.154802509 -2.135355625 1.617868240 -0.061686320 0.046806768 0.021996624 0.996754771
20.670779000 0.190471033 -2.142604052 1.624859801 -0.062069513 0.046991481 0.022829485 0.996703562
20.770893000 0.234688382 -2.179135144 1.603996669 -0.058369496 0.050274123 0.014086134 0.996928832
20.870837000 0.259929475 -2.195270759 1.606682315 -0.057247627 0.055371559 0.001834197 0.996821617
20.970675000 0.287088929 -2.197941099 1.608112493 -0.058084487 0.056939168 -0.003804154 0.996679312
21.070430000 0.313236385 -2.210810680 1.616286234 -0.059350057 0.052932994 0.008236705 0.996798789
21.170198000 0.327570375 -2.214960290 1.623467590 -0.058159017 0.048221794 0.016208381 0.997010269
21.269832000 0.357751401 -2.234739881 1.637170285 -0.056141316 0.046732971 0.020083778 0.997126283
21.369358000 0.381771153 -2.243970944 1.653355623 -0.057833600 0.045445700 0.020639474 0.997077718
21.468779000 0.406834838 -2.265613999 1.665910538 -0.058503360 0.045391635 0.020174813 0.997050617
21.568150000 0.430965622 -2.276447361 1.682822184 -0.059147134 0.044154575 0.022252793 0.997023973
21.667843000 0.461102512 -2.295943053 1.706739079 -0.059594057 0.043897914 0.022004527 0.997014204
21.768285000 0.475223632 -2.311625497 1.730188185 -0.059081681 0.042340770 0.022228694 0.997107065
21.869213000 0.512892267 -2.327864909 1.739105273 -0.059425025 0.042405591 0.020341575 0.997124191
21.970125000 0.520129908 -2.332515226 1.784348276 -0.062144886 0.039669428 0.021241045 0.997052239
22.070867000 0.520224260 -2.350357526 1.787240746 -0.061322345 0.038364010 0.019603192 0.997187790
22.171290000 0.542926100 -2.370558076 1.804174224 -0.061001661 0.038291518 0.019759513 0.997207159
22.271212000 0.553919324 -2.380089797 1.830221405 -0.061046603 0.037429624 0.019656390 0.997239170
22.370789000 0.563221635 -2.374115219 1.858110970 -0.061445776 0.039031813 0.012740872 0.997265564
22.470085000 0.599224761 -2.390322189 1.891281089 -0.059649979 0.043977482 0.003146301 0.997245186
22.569302000 0.610924788 -2.377665887 1.921171207 -0.059538693 0.044921867 0.000060720 0.997214704
22.668604000 0.663282944 -2.378682472 1.952135713 -0.058309980 0.045790730 0.009822198 0.997199418
22.768067000 0.672283208 -2.355665699 1.988344725 -0.056116660 0.043846330 0.012464624 0.997383102
22.867767000 0.701439649 -2.343339099 2.025163668 -0.054875360 0.043721694 0.014534742 0.997429621
22.967781000 0.739408048 -2.351933399 2.050991678 -0.054259467 0.043494882 0.017568628 0.997424408
23.068008000 0.756880219 -2.357358842 2.059054501 -0.055348484 0.043148639 0.015204380 0.997418451
23.168587000 0.781488857 -2.345786221 2.115883507 -0.055849873 0.044163726 0.015239772 0.997345530
23.269240000 0.794615507 -2.347971969 2.159568226 -0.052839959 0.043780909 0.015777555 0.997518040
23.369691000 0.808661365 -2.344236104 2.155942659 -0.055124740 0.042616913 0.015264025 0.997452792
23.469929000 0.825680613 -2.341996779 2.193055585 -0.057104536 0.041836428 0.016983647 0.997346650
23.569977000 0.854206887 -2.347721189 2.236662895 -0.056003706 0.043487510 0.016507514 0.997346441
23.669884000 0.882192628 -2.345010226 2.283519703 -0.057144271 0.043416963 0.018397774 0.997251734
23.769756000 0.873180360 -2.339514365 2.313641677 -0.058157810 0.036756557 0.016521946 0.997493684
23.869706000 0.885269564 -2.350590782 2.335811157 -0.056923564 0.035871623 0.017241718 0.997584913
23.969792000 0.923151599 -2.356053617 2.352311987 -0.055734725 0.042808981 0.000321737 0.997527407
24.070009000 0.933931353 -2.351790594 2.373660525 -0.055935788 0.043136007 -0.000311560 0.997502068
24.170146000 0.952974309 -2.349456663 2.417362358 -0.056637364 0.040061018 0.008367420 0.997555668
24.270024000 0.994602193 -2.340167850 2.465466014 -0.059064510 0.042586087 0.004439997 0.997335498
24.369690000 1.016441680 -2.337409294 2.490515162 -0.059316787 0.042164591 0.015087513 0.997234192
24.469281000 1.042385050 -2.322897066 2.534724263 -0.061970434 0.044815623 0.021222374 0.996845442
24.568896000 1.036738840 -2.317375189 2.534182968 -0.059380804 0.047779755 0.025400557 0.996767690
24.668790000 1.061195084 -2.322845811 2.551384741 -0.058928961 0.053769185 0.024992273 0.996499693
24.768864000 1.088836210 -2.339277413 2.596904840 -0.059556444 0.059848566 0.023201327 0.996159062
24.869066000 1.122859238 -2.343215649 2.622541712 -0.057441572 0.065806067 0.025945480 0.995839776
24.969190000 1.119285507 -2.337905667 2.630976460 -0.057486735 0.069245792 0.024932862 0.995629775
25.069130000 1.133874662 -2.352850627 2.656001531 -0.052123451 0.075965868 0.016716545 0.995606795
25.169165000 1.149127918 -2.348922382 2.708874444 -0.054649060 0.084202620 0.007730084 0.994918914
25.269221000 1.178139299 -2.361288475 2.761667190 -0.055433750 0.092133742 0.009481149 0.994157221
25.369382000 1.213540474 -2.366807020 2.816431794 -0.057646662 0.095871906 0.023444619 0.993446420
25.469698000 1.257762118 -2.395124277 2.889358650 -0.057502454 0.102710864 0.030056271 0.992592850
25.569802000 1.281356240 -2.407364889 2.915797210 -0.056755051 0.109283963 0.033870560 0.991810801
25.669703000 1.311863545 -2.416393473 2.970113165 -0.058809820 0.116643181 0.036988062 0.990740963
25.769513000 1.331139870 -2.436773602 2.997534928 -0.058182871 0.123154503 0.039507020 0.989892377
25.869272000 1.355122845 -2.442328185 3.042285595 -0.059852209 0.130387667 0.044304845 0.988662657
25.969016000 1.389110345 -2.452829628 3.096944014 -0.060890922 0.139009653 0.048709861 0.987216269
26.068870000 1.410062456 -2.465349339 3.137704583 -0.060101204 0.147368583 0.053213866 0.985818761
26.168953000 1.430605969 -2.475503143 3.184192664 -0.061011100 0.155400001 0.060140802 0.984129854
26.268935000 1.454763133 -2.485278611 3.224376754 -0.065816540 0.157708069 0.086972603 0.981443893
26.368785000 1.471878400 -2.494582118 3.274213431 -0.070736523 0.161096504 0.107666881 0.978494815
26.468584000 1.485611500 -2.500425309 3.328855010 -0.081360023 0.163642316 0.128159179 0.974770211
26.568646000 1.482683088 -2.511386918 3.375890919 -0.092358498 0.168103148 0.134989174 0.972105530
26.669111000 1.454750798 -2.512632401 3.373180153 -0.084699414 0.174146974 0.128331207 0.972640705
26.769650000 1.458754636 -2.517155812 3.393154196 -0.074148309 0.186121987 0.112674001 0.973224128
26.869925000 1.408558847 -2.512010127 3.399435208 -0.068676871 0.191392082 0.104833352 0.973479597
26.969909000 1.400257426 -2.535160828 3.400306440 -0.063440400 0.198339569 0.099593766 0.972994251
27.069508000 1.373512631 -2.532238967 3.424556815 -0.059457530 0.206505131 0.087562258 0.972704109
27.168870000 1.338198133 -2.531072497 3.427345269 -0.057709087 0.211962829 0.081123457 0.972193605
27.268083000 1.326951998 -2.523451355 3.439691803 -0.057408454 0.217399820 0.078343395 0.971238333
27.367329000 1.301296767 -2.527049858 3.450265929 -0.056452785 0.221580461 0.077217806 0.970439381
27.466795000 1.286295585 -2.520288365 3.463787301 -0.056216557 0.226133795 0.076741830 0.969439991
27.566623000 1.258389717 -2.518442020 3.468330228 -0.056377177 0.229297537 0.078137810 0.968575622
27.666744000 1.201954990 -2.532548236 3.479523854 -0.057264396 0.230896610 0.078529671 0.968111892
27.767213000 1.171372481 -2.540619968 3.481695344 -0.062911665 0.233950918 0.079157342 0.966976321
27.867856000 1.152396209 -2.556635308 3.488089656 -0.066864837 0.238062995 0.078462211 0.965763317
27.968290000 1.109915836 -2.571631593 3.482358243 -0.071695581 0.239701792 0.078359445 0.965019478
28.068615000 1.063693046 -2.586800058 3.484873760 -0.073345374 0.240046325 0.079352179 0.964728692
28.168965000 1.042433650 -2.603308664 3.457973074 -0.074568727 0.242241154 0.078835219 0.964128485
28.269175000 1.014932882 -2.636812037 3.428555684 -0.076200750 0.244198506 0.076102329 0.963726606
28.369304000 0.979604592 -2.658194598 3.416292119 -0.077639433 0.244768636 0.075979508 0.963476802
28.469326000 0.949821806 -2.685513618 3.406920017 -0.081140187 0.245639547 0.075222680 0.963025976
28.569343000 0.917850028 -2.711371790 3.385806855 -0.086139699 0.246116039 0.074424822 0.962531970
28.669172000 0.891825643 -2.747833817 3.358587341 -0.087441348 0.246787773 0.073543838 0.962310298
28.768920000 0.867716845 -2.781521743 3.321392496 -0.092696640 0.247252508 0.071604436 0.961845276
28.868707000 0.847015286 -2.811418261 3.273566887 -0.103621054 0.247905046 0.067954696 0.960826688
28.968623000 0.826162707 -2.830099629 3.216943289 -0.108568962 0.247737465 0.065882717 0.960467801
29.068623000 0.809486195 -2.836728805 3.165483244 -0.112204346 0.247710080 0.066081824 0.960043277
29.168691000 0.803934003 -2.832770206 3.129230792 -0.113998215 0.249141081 0.064660854 0.959558285
29.268514000 0.807605510 -2.822671761 3.093302920 -0.111588062 0.250939160 0.063931741 0.959421896
29.368196000 0.814644182 -2.801438020 3.043556332 -0.108349680 0.252414039 0.064889827 0.959341863
29.467846000 0.826402821 -2.770242368 2.990441330 -0.105764476 0.253765110 0.064181072 0.959321601
29.567521000 0.837633091 -2.732637824 2.912826648 -0.099568736 0.253801167 0.064860900 0.959929215
29.667203000 0.847628544 -2.689893132 2.843145836 -0.085693144 0.251475132 0.067652543 0.961686059
29.767099000 0.866157103 -2.653106510 2.770762609 -0.076494445 0.249200727 0.070809276 0.962825864
29.867306000 0.892496382 -2.618234047 2.696651661 -0.061348151 0.247293924 0.076630354 0.963955346
29.967630000 0.904710375 -2.590724730 2.609150948 -0.049162346 0.245881042 0.080634363 0.964688383
30.068092000 0.917589679 -2.553528213 2.527266789 -0.027890037 0.246710051 0.088164728 0.964667444
30.168721000 0.921820701 -2.518442164 2.448428072 -0.019343664 0.250690767 0.093565937 0.963340738
30.269151000 0.919940108 -2.487127111 2.382058466 -0.020208060 0.257657922 0.096182122 0.961224755
30.369377000 0.910275068 -2.455326933 2.323957498 -0.037712147 0.266067450 0.094720034 0.958547871
30.469662000 0.893150225 -2.420624907 2.268234660 -0.048877173 0.274604537 0.092745762 0.955825085
30.569919000 0.888334592 -2.391282163 2.220213329 -0.052961916 0.285003637 0.092231009 0.952607686
30.669974000 0.862878095 -2.354402464 2.165977414 -0.054512966 0.290539877 0.093001231 0.950771101
30.769957000 0.841159784 -2.322032416 2.110657292 -0.051472093 0.294775207 0.093587473 0.949578636
30.869739000 0.830806842 -2.289765831 2.082189327 -0.053203098 0.300039621 0.092876672 0.947902727
30.969155000 0.806525625 -2.254125663 2.034754043 -0.043539397 0.309224708 0.074044805 0.947101773
31.068472000 0.783307373 -2.213374175 1.990618413 -0.039926451 0.316651154 0.057029218 0.945983929
31.167992000 0.768280503 -2.174814411 1.949793623 -0.040853470 0.320455050 0.052661804 0.944916022
31.267552000 0.762367910 -2.142474549 1.923238150 -0.045423036 0.320878323 0.059021743 0.944187631
31.367457000 0.752467141 -2.144214987 1.894430735 -0.046871681 0.319247002 0.069840896 0.943931484
31.467541000 0.777436635 -2.114433382 1.872348010 -0.047809095 0.320211978 0.074479399 0.943202735
31.567618000 0.800555578 -2.097520001 1.843367732 -0.053173127 0.316479831 0.087407632 0.943065767
31.667712000 0.815385547 -2.078553015 1.834653239 -0.055785625 0.315715098 0.094822788 0.942454550
31.767770000 0.824013165 -2.065885426 1.800353172 -0.055579859 0.313958461 0.098930363 0.942631289
31.867767000 0.826510035 -2.073809798 1.783861612 -0.055719053 0.314351564 0.100486989 0.942327356
31.967730000 0.839449269 -2.084109649 1.758542781 -0.053330994 0.314988044 0.102133902 0.942075901
32.067807000 0.856602091 -2.110271241 1.720661293 -0.049941679 0.316673180 0.101793349 0.941733529
32.168221000 0.866314381 -2.103430591 1.698066266 -0.050150712 0.318355911 0.101259286 0.941212504
32.268576000 0.857886678 -2.122356010 1.669642892 -0.049121804 0.319451904 0.103746414 0.940624373
32.368833000 0.852761238 -2.122302106 1.642566778 -0.048699188 0.320742873 0.104622017 0.940109904
32.469000000 0.852024935 -2.133149895 1.625766369 -0.047043639 0.322983408 0.105951963 0.939277805
32.569043000 0.888446414 -2.135585138 1.610414012 -0.046575056 0.326584361 0.106569126 0.937985310
32.668927000 0.875697096 -2.130540553 1.584654878 -0.045244520 0.327677304 0.108493492 0.937448495
32.768715000 0.865152166 -2.138904842 1.575519097 -0.043000643 0.330348283 0.111400663 0.936274986
32.868423000 0.864380856 -2.120912381 1.565329753 -0.041960466 0.333537566 0.110878176 0.935252929
32.968084000 0.863010917 -2.099017960 1.549079627 -0.040884460 0.335656125 0.111852021 0.934426323
33.067729000 0.850169905 -2.076309597 1.539864586 -0.040698608 0.337695758 0.111924431 0.933690591
33.167481000 0.843888831 -2.053889500 1.536310586 -0.039001809 0.341667361 0.107501031 0.932837500
33.267161000 0.816007888 -2.046122929 1.528862569 -0.029308997 0.350297824 0.081511511 0.932624410
33.367107000 0.829962023 -2.035971825 1.500307466 -0.026815951 0.355498629 0.075237450 0.931257728
33.467447000 0.846914091 -2.031632285 1.469871301 -0.032192012 0.352957622 0.087422320 0.930989758
33.568183000 0.857106175 -2.036683845 1.456850473 -0.037181865 0.346878575 0.101780902 0.931629439
33.669031000 0.859321444 -2.039634076 1.456717056 -0.041979692 0.340571007 0.105928015 0.933288996
33.769642000 0.879214401 -2.056931331 1.439846700 -0.042161790 0.332892148 0.106724207 0.935956807
33.869905000 0.877375744 -2.076708469 1.429736026 -0.041965073 0.322934103 0.105154965 0.939624888
33.969887000 0.885060667 -2.092076840 1.425902094 -0.044356976 0.314671063 0.099333294 0.942946169
34.069727000 0.889465340 -2.114396080 1.412258368 -0.041013646 0.307168325 0.089498280 0.946549290
34.169705000 0.894603294 -2.141827822 1.400063293 -0.041371171 0.298836801 0.092305217 0.948928206
34.269558000 0.912275101 -2.161057749 1.381765485 -0.042398998 0.296625328 0.092398422 0.949567413
34.369427000 0.899135717 -2.179019318 1.378015449 -0.041495389 0.297707491 0.091509269 0.949354747
34.469393000 0.887166179 -2.172801543 1.382154139 -0.045028438 0.300318476 0.090361353 0.948480932
34.569429000 0.886297314 -2.200440080 1.367836245 -0.046041764 0.301870545 0.089831424 0.947989792
34.669642000 0.890294689 -2.226644418 1.361586018 -0.046592652 0.298772279 0.087118942 0.949196787
34.770137000 0.898695935 -2.263922703 1.350634364 -0.045108697 0.290806022 0.082680590 0.952134961
34.870609000 0.896090214 -2.289957226 1.341443222 -0.043775953 0.279666627 0.076257852 0.956062228
34.970743000 0.892092814 -2.296976382 1.340217480 -0.043439980 0.268872072 0.069381516 0.959691087
35.070408000 0.878103452 -2.290336893 1.346802689 -0.043914297 0.259837340 0.061208644 0.962709506
35.169890000 0.898049803 -2.311093853 1.335342638 -0.040847826 0.254758120 0.054830954 0.964584533
35.269209000 0.882621288 -2.316233607 1.341470037 -0.037114147 0.255168237 0.041890888 0.965275538
35.368555000 0.872168527 -2.331311918 1.345760571 -0.031920920 0.258476081 0.025181133 0.965161686
35.468107000 0.884724478 -2.330953124 1.354149704 -0.034778278 0.255427373 0.035315780 0.965556899
35.567968000 0.899102482 -2.333293451 1.340649598 -0.035624203 0.249894708 0.048244099 0.966414020
35.668092000 0.909779579 -2.338145300 1.355752466 -0.040758295 0.245529962 0.063485062 0.966448884
35.768417000 0.920839468 -2.337555904 1.359556091 -0.043996838 0.244798466 0.069018475 0.966113057
35.868847000 0.949078089 -2.351796576 1.399153614 -0.044270024 0.249044586 0.071713861 0.964818160
35.969174000 0.956865567 -2.366506390 1.377303055 -0.043751240 0.247022698 0.070515454 0.965449733
36.069346000 0.977191346 -2.360299125 1.403897575 -0.045367704 0.248744318 0.068585451 0.965072055
36.169436000 1.003405455 -2.351877712 1.419764165 -0.048156310 0.249386522 0.067144306 0.964872517
36.269308000 1.011939963 -2.365558673 1.435536023 -0.052049823 0.249537656 0.065894487 0.964717415
36.369135000 1.013072801 -2.363101282 1.446330543 -0.057706791 0.249231494 0.063414033 0.964640995
36.468894000 0.992876159 -2.347778367 1.454818058 -0.059019431 0.246158833 0.060178208 0.965557414
36.568664000 0.939657408 -2.344667110 1.505267636 -0.056206581 0.242755486 0.058019843 0.966718311
36.668504000 0.916037242 -2.348940201 1.558927366 -0.053265275 0.245045286 0.048728234 0.966820137
36.768525000 0.943143688 -2.347040453 1.562804926 -0.053165276 0.246119346 0.051042298 0.966433342
36.868618000 0.932593140 -2.332066633 1.595531789 -0.053692871 0.246418174 0.047227077 0.966521993
36.968734000 0.957682682 -2.331985694 1.634587474 -0.053008704 0.248951901 0.046386312 0.965951002
37.069014000 0.979234129 -2.327467664 1.656810019 -0.053823572 0.251676789 0.041225266 0.965433734
37.169402000 0.988758632 -2.329019893 1.667510169 -0.053429101 0.249992738 0.047082132 0.965625308
37.269504000 1.020539651 -2.311672035 1.686901511 -0.052243459 0.249571644 0.054249106 0.965423042
37.369410000 1.034649569 -2.300644314 1.701197669 -0.049749261 0.248766980 0.061045795 0.965356624
37.469219000 1.051926922 -2.285696758 1.728996520 -0.048389197 0.250305485 0.064456615 0.964806195
37.569116000 1.064729199 -2.273183369 1.740528628 -0.047832476 0.251714146 0.066374779 0.964337302
37.669107000 1.082841728 -2.274906330 1.783126901 -0.046333879 0.254761041 0.069926362 0.963358857
37.769078000 1.092148543 -2.271168469 1.813031738 -0.049190688 0.254387777 0.076704424 0.962799858
37.868994000 1.131470035 -2.266900670 1.818786047 -0.056933539 0.251031742 0.091134626 0.961995903
37.968835000 1.159816105 -2.268280441 1.842530241 -0.080949452 0.245903872 0.113009788 0.959274340
38.068515000 1.167102738 -2.276570505 1.836833764 -0.093778392 0.244551889 0.118032733 0.957845635
38.168410000 1.143704136 -2.278698179 1.848752869 -0.094332635 0.242595374 0.119947061 0.958050907
38.268396000 1.133994726 -2.268248701 1.833012945 -0.085478328 0.244571602 0.116455156 0.958809879
38.368545000 1.112218323 -2.251944718 1.796903741 -0.066910906 0.249562488 0.103519503 0.960481758
38.468802000 1.077634818 -2.216529104 1.771801913 -0.055125417 0.257552556 0.082588120 0.961148829
38.569000000 1.058105258 -2.191764622 1.717392454 -0.049631945 0.262429541 0.073073649 0.960899395
38.669053000 1.033703132 -2.172105583 1.698692480 -0.046271426 0.266181837 0.068668943 0.960359704
38.769072000 1.011184483 -2.141024206 1.666494841 -0.045710460 0.268488024 0.066129793 0.959922697
38.869243000 0.982933036 -2.103042047 1.632680495 -0.048043915 0.269154228 0.064531172 0.959730958
38.969533000 0.949464512 -2.094938921 1.611358786 -0.046057201 0.270123168 0.064136495 0.959582575
39.069870000 0.926401578 -2.075209896 1.579090293 -0.046348330 0.270958184 0.064559809 0.959304710
39.170161000 0.902422302 -2.060043256 1.554685564 -0.044897283 0.272092885 0.065620152 0.958980548
39.270186000 0.889476218 -2.052856443 1.539606991 -0.043792754 0.274454480 0.067643500 0.958217767
39.369907000 0.867340015 -2.032973871 1.515884538 -0.043467974 0.276797664 0.068135975 0.957523408
39.469455000 0.828897927 -2.014751004 1.489644118 -0.043386515 0.277872174 0.069252486 0.957135705
39.569145000 0.796333154 -1.986382368 1.452769594 -0.043891562 0.278737435 0.071269078 0.956712962
39.669007000 0.757632912 -1.980955156 1.426768321 -0.043975037 0.279999621 0.071056777 0.956356285
39.769062000 0.746762141 -1.971076940 1.394327363 -0.043896212 0.282923623 0.071571896 0.955460522
39.869220000 0.716500373 -1.981731677 1.375539407 -0.041998463 0.284645660 0.072253375 0.954982946
39.969248000 0.687342303 -1.952511011 1.347805313 -0.042890616 0.286265221 0.073301618 0.954379113
40.069114000 0.653063233 -1.937373921 1.321665240 -0.043122312 0.287473858 0.073469715 0.953992373
40.168961000 0.613759746 -1.923407668 1.292402121 -0.042774993 0.288433310 0.073183507 0.953740373
40.268704000 0.571278103 -1.924623422 1.285141531 -0.041516388 0.291687657 0.067772604 0.953205945
40.368551000 0.524896103 -1.930072432 1.273860033 -0.033632405 0.299731075 0.047514879 0.952246019
40.468486000 0.497381238 -1.929890439 1.257365403 -0.038315702 0.296116456 0.066431320 0.952068186
40.568502000 0.477570816 -1.919665839 1.230883328 -0.041651655 0.295271692 0.073442656 0.951675335
40.668550000 0.447851112 -1.920726711 1.222045484 -0.042080159 0.294043570 0.077637354 0.951703778
40.768359000 0.414170661 -1.912921094 1.212501813 -0.043228462 0.293826554 0.079803628 0.951540140
40.867924000 0.385450775 -1.915686804 1.203408020 -0.043595907 0.294465984 0.081056812 0.951219730
40.967491000 0.350241358 -1.918270102 1.196904119 -0.041922979 0.295379391 0.080849526 0.951029355
41.067410000 0.327473028 -1.895495055 1.189422491 -0.043263103 0.297266330 0.077980104 0.950620922
41.167816000 0.298901258 -1.898184582 1.175990105 -0.043267074 0.298301479 0.078876725 0.950222422
41.268381000 0.273489016 -1.885224350 1.160304693 -0.045342505 0.300159185 0.076819761 0.949709032
41.368906000 0.232182436 -1.883497719 1.132913191 -0.045747821 0.300031509 0.076106968 0.949787323
41.469271000 0.196069985 -1.891663539 1.124201608 -0.045050725 0.300793552 0.077018886 0.949506062
41.569255000 0.195326702 -1.862011902 1.117951872 -0.048438593 0.303657950 0.077811623 0.948362222
41.668988000 0.164902941 -1.857312902 1.111119978 -0.046923339 0.304712598 0.078132489 0.948073703
41.768679000 0.132097629 -1.865043189 1.118102374 -0.045491379 0.305830469 0.078750339 0.947732369
41.868582000 0.097545797 -1.852975043 1.113705204 -0.045383891 0.306984603 0.078108895 0.947417414
41.968628000 0.062401356 -1.840911130 1.123130536 -0.045763605 0.308775585 0.077233632 0.946888746
42.068741000 0.014043454 -1.835364030 1.131592717 -0.050009986 0.309066197 0.080297709 0.946324133
42.168814000 -0.008412755 -1.814939953 1.128984925 -0.056979041 0.312422609 0.075582576 0.945215730
42.268615000 -0.100283167 -1.800630816 1.147742580 -0.073405344 0.311531714 0.069394398 0.944851345
42.368230000 -0.170029197 -1.786216324 1.167584341 -0.078835640 0.309980779 0.065551464 0.945198320
42.467741000 -0.189814282 -1.753987079 1.206666127 -0.068260161 0.312358553 0.062270238 0.945460260
42.567349000 -0.216070908 -1.753882387 1.290825593 -0.053811510 0.315655828 0.059139424 0.945498941
42.667217000 -0.247823054 -1.733455428 1.373888329 -0.047177679 0.319793554 0.054999998 0.944712310
42.767276000 -0.289572970 -1.714753576 1.365944266 -0.054566117 0.318585096 0.053377491 0.944815812
42.867435000 -0.381314754 -1.677324759 1.404240927 -0.049704759 0.315051559 0.047480572 0.946582034
42.967615000 -0.419234550 -1.649545639 1.479183145 -0.050912413 0.316929506 0.042188334 0.946141511
43.067827000 -0.430559072 -1.645841614 1.508428982 -0.046016513 0.319615013 0.039816469 0.945591546
43.168210000 -0.458787792 -1.618035051 1.487999209 -0.045608864 0.318532147 0.041472627 0.945905452
43.268481000 -0.488433382 -1.597970315 1.488804532 -0.047545291 0.319514199 0.037130491 0.945659267
43.368792000 -0.520486399 -1.579076410 1.479657126 -0.047270516 0.322267517 0.024395490 0.945152901
43.469166000 -0.550360543 -1.565144326 1.462076733 -0.033309576 0.329573959 0.002033110 0.943539795
43.569629000 -0.575218173 -1.562917237 1.433675162 -0.038355100 0.320221205 0.027187949 0.946175502
43.669984000 -0.603740561 -1.550111344 1.428370240 -0.041224262 0.314459289 0.040646481 0.947503973
43.770133000 -0.629214547 -1.535549234 1.425370487 -0.042839801 0.311343684 0.044749992 0.948275962
43.870173000 -0.624111802 -1.541375324 1.417196458 -0.051412388 0.314544701 0.035279127 0.947192578
43.970168000 -0.641204655 -1.544705554 1.410179835 -0.086488707 0.315803186 0.026261941 0.944509588
44.070006000 -0.649234530 -1.542850452 1.393044607 -0.095554259 0.317787351 0.022670081 0.943062379
44.169821000 -0.655659226 -1.526529839 1.380857019 -0.096730601 0.319062745 0.022874375 0.942506721
44.269546000 -0.646522967 -1.490966639 1.342894815 -0.082658340 0.320923739 0.025836622 0.943137329
44.369396000 -0.642207583 -1.467209200 1.303601747 -0.059978414 0.322019922 0.032035175 0.944287831
44.469167000 -0.634796422 -1.449954765 1.272595749 -0.045302591 0.322393852 0.030470004 0.945029872
44.568919000 -0.619710982 -1.434928249 1.222799811 -0.040939423 0.317444317 0.036353605 0.946695033
44.668788000 -0.607860016 -1.426769973 1.182256997 -0.037262107 0.311261255 0.038551893 0.948810686
44.768813000 -0.596636473 -1.419042441 1.142460993 -0.036652134 0.304676190 0.037043071 0.951029364
44.868986000 -0.589155460 -1.412737923 1.111658870 -0.035754452 0.297092256 0.035607399 0.953514511
44.969189000 -0.578600314 -1.412250868 1.072478276 -0.033913114 0.288715346 0.032788759 0.956252188
45.069266000 -0.570064996 -1.416699045 1.034082020 -0.032780609 0.278434354 0.030634140 0.959406739
45.169179000 -0.567559588 -1.412251429 1.008444600 -0.033097157 0.268150025 0.025046600 0.962482628
45.268828000 -0.562174908 -1.408612914 0.985524332 -0.033332140 0.257535860 0.022615626 0.965428808
45.368506000 -0.559613792 -1.415506496 0.958337419 -0.032640141 0.248952593 0.018778638 0.967783339
45.468131000 -0.554876649 -1.422230504 0.925371925 -0.031407497 0.243194757 0.013975185 0.969368131
45.567776000 -0.548092947 -1.415193416 0.902891762 -0.030268352 0.240381676 0.006469867 0.970184837
45.667448000 -0.550044674 -1.414257373 0.881092443 -0.029135245 0.238229554 -0.002442622 0.970768691
45.766920000 -0.551341160 -1.391539196 0.887402776 -0.025750900 0.237313173 -0.014547643 0.970982860
45.866278000 -0.549532378 -1.371029333 0.872457103 -0.022716273 0.233365414 -0.020757574 0.971902093
45.965682000 -0.516804152 -1.332481584 0.854264735 -0.022158979 0.230376870 -0.028645181 0.972427340
46.065404000 -0.528992853 -1.305579864 0.871682506 -0.020721262 0.223648878 -0.033139173 0.973885827
46.165512000 -0.512333863 -1.263963527 0.883431125 -0.020682645 0.218153070 -0.039394418 0.974899762
46.265836000 -0.481346442 -1.228324130 0.896327108 -0.020606732 0.212183427 -0.042846430 0.976072610
46.366343000 -0.449418973 -1.188959413 0.923173383 -0.026281893 0.199588985 -0.025498233 0.979195251
46.467036000 -0.408233534 -1.154113951 0.943172770 -0.029267603 0.189276778 -0.012030196 0.981413767
46.567884000 -0.370199926 -1.119154655 0.967378824 -0.030883760 0.183361581 -0.006862138 0.982536328
46.668621000 -0.329545053 -1.094720734 0.979065734 -0.030258629 0.179437872 -0.003854062 0.983296299
46.769288000 -0.300139822 -1.059789266 1.013978461 -0.030531806 0.176534090 -0.003883246 0.983813216
46.869895000 -0.267187628 -1.043541428 1.028181634 -0.029839930 0.171885888 -0.001199790 0.984664095
46.970326000 -0.238140593 -1.022426865 1.043983679 -0.028946813 0.167866720 -0.002158346 0.985382255
47.070459000 -0.202021430 -0.992696948 1.061852603 -0.028510442 0.164488218 -0.003710257 0.985959946
47.170429000 -0.170357200 -0.971459978 1.087244786 -0.028267593 0.160849938 -0.004052876 0.986565667
47.270158000 -0.138491652 -0.956654349 1.104796487 -0.028031804 0.158150242 -0.004972313 0.987004557
47.369747000 -0.110905284 -0.948573629 1.130264646 -0.054327830 0.156412279 -0.010546859 0.986140177
47.469505000 -0.081062677 -0.934119992 1.149472179 -0.072683552 0.155546777 -0.014216816 0.985048315
47.569471000 -0.048119213 -0.923288776 1.149972261 -0.072501376 0.155346012 -0.016143436 0.985063732
47.669603000 -0.011763141 -0.906291598 1.137841738 -0.070100774 0.154855438 -0.015037951 0.985332195
47.769783000 0.022808088 -0.890523515 1.131801303 -0.062162649 0.155580800 -0.015744277 0.985739589
47.870032000 0.060102058 -0.871312525 1.114941676 -0.044157914 0.155486210 -0.011913270 0.986778694
47.970032000 0.099573369 -0.853160313 1.093121642 -0.031731964 0.155748920 -0.009421863 0.987241908
48.069910000 0.136957880 -0.840529459 1.075015349 -0.026355858 0.156438601 -0.008068056 0.987303013
48.169874000 0.174262495 -0.825845602 1.052285268 -0.023862822 0.156820843 -0.006747598 0.987315683
48.269804000 0.210935711 -0.809981588 1.028150913 -0.020970862 0.157846888 -0.007446456 0.987212810
48.369722000 0.234371489 -0.798042275 1.023062129 -0.019997881 0.157964269 -0.006440262 0.987221301
48.469566000 0.258798656 -0.780753725 1.022132806 -0.021124140 0.158182341 -0.004641219 0.987173023
48.569487000 0.299420235 -0.766869274 0.978034829 -0.021129084 0.158074830 0.000148160 0.987201037
48.669436000 0.314448878 -0.768894617 0.925674958 -0.018741828 0.153002384 0.000725081 0.988047817
48.769342000 0.345671233 -0.742635135 0.862749723 -0.019353238 0.147767501 0.003845367 0.988825278
48.869187000 0.375691116 -0.709345956 0.805882946 -0.021864642 0.142007333 0.007342028 0.989596862
48.969029000 0.403006412 -0.699015767 0.801864832 -0.032293703 0.135980105 0.017095572 0.990037509
49.068816000 0.424328417 -0.682154106 0.792762170 -0.044418436 0.130243506 0.020701924 0.990270196
49.168604000 0.440223924 -0.672389240 0.777518932 -0.045519765 0.125551674 0.017926633 0.990880096
49.268411000 0.438991928 -0.641037865 0.752243126 -0.038126131 0.120720891 0.009225755 0.991911160
49.368362000 0.452159466 -0.617296794 0.710593637 -0.028456662 0.116691580 -0.003325634 0.992754871
49.468347000 0.461609066 -0.605636535 0.689519964 -0.024475615 0.112136672 -0.007395496 0.993363789
49.568317000 0.469245757 -0.583482529 0.660258638 -0.024151125 0.105761916 -0.011259600 0.994034387
49.668297000 0.478857480 -0.583016115 0.642677225 -0.023444656 0.101284482 -0.011656217 0.994512913
49.768135000 0.502641444 -0.573747623 0.602034147 -0.020820121 0.098196067 -0.015828606 0.994823356
49.867884000 0.523713786 -0.564680983 0.552642500 -0.019452561 0.093319183 -0.017990264 0.995283617
49.967717000 0.559780104 -0.548894341 0.468695285 -0.016739692 0.088075752 -0.018124641 0.995808185
50.067763000 0.575259963 -0.536628619 0.441135338 -0.017107832 0.083796880 -0.018498145 0.996164255
50.167982000 0.599783885 -0.516252272 0.384602428 -0.015611958 0.078979974 -0.017684227 0.996597059
50.268112000 0.612867376 -0.507206682 0.360611478 -0.017694708 0.075652929 -0.018188238 0.996811276
50.368185000 0.635612350 -0.496919922 0.323148757 -0.020077222 0.073473895 -0.017030898 0.996949568
50.468238000 0.658570013 -0.493465134 0.284924455 -0.026169969 0.071733998 -0.014904225 0.996969022
50.568256000 0.677707881 -0.478532990 0.285815495 -0.029783940 0.071473480 -0.017337065 0.996846972
50.668190000 0.697100480 -0.463953109 0.257281214 -0.030946645 0.069941932 -0.014952215 0.996958807
50.768079000 0.750645457 -0.474064161 0.185034438 -0.027561472 0.069147953 -0.006578857 0.997203913
50.867877000 0.777208854 -0.490133899 0.117239739 -0.021247859 0.064402846 -0.001108580 0.997697135
50.967612000 0.833720270 -0.498995644 0.019324039 -0.018503676 0.056333501 0.020070738 0.998038735
51.067357000 0.878351366 -0.517762975 -0.063510809 -0.019513267 0.048217850 0.039055716 0.997882219
51.167310000 0.893854730 -0.503046722 -0.086745275 -0.013731647 0.042242544 0.042974764 0.998088262
51.267401000 0.897583006 -0.463600894 -0.102270246 -0.010762693 0.037582675 0.036042984 0.998585304
51.367681000 0.903624056 -0.440881794 -0.121783935 0.003566578 0.034542348 0.024738841 0.999090634
51.467974000 0.910705809 -0.410508569 -0.142909531 0.009087975 0.030185224 0.019806479 0.999306742
51.568194000 0.923333948 -0.397616070 -0.175239626 0.014091439 0.025776838 0.017669455 0.999412215
51.668372000 0.931819825 -0.401205286 -0.197438936 0.017645948 0.021089994 0.028321864 0.999220549
51.768346000 0.936339548 -0.359744649 -0.216099483 0.016578717 0.014134333 0.039903470 0.998966005
51.868299000 0.938130317 -0.343606307 -0.235965723 0.022632298 0.010436598 0.032014043 0.999176640
51.968178000 0.941580883 -0.309092965 -0.261124949 0.025548141 0.008471851 0.021241287 0.999411991
52.068025000 0.947503729 -0.283176758 -0.299767294 0.032892352 0.003045611 0.015795243 0.999329439
52.168102000 0.947854864 -0.279638943 -0.345345504 0.035127873 -0.003283173 0.020497656 0.999167203
52.268194000 0.943352257 -0.263694414 -0.352901530 0.020700337 -0.011581919 0.029956041 0.999269729
52.368471000 0.951861097 -0.254408712 -0.396620956 0.027705452 -0.008683046 0.012673924 0.999498066
52.468778000 0.961782542 -0.242017721 -0.426306441 0.031827207 -0.006091175 0.011924951 0.999403683
52.568812000 0.940681449 -0.224898611 -0.403377161 0.030140598 -0.001925571 0.003400671 0.999538029
52.668737000 0.953767009 -0.189063186 -0.422591161 0.021739924 0.006625544 -0.006351530 0.999721529
52.768639000 0.971405176 -0.187563054 -0.407118852 0.021836479 0.010065728 -0.010397467 0.999656812
52.868694000 0.988327684 -0.190324451 -0.374961323 0.019145951 0.030559624 -0.067117959 0.997093136
52.968728000 0.998263540 -0.192365976 -0.410097537 0.020796740 0.027610279 -0.044601822 0.998406653
53.068629000 1.012384713 -0.189316543 -0.461421470 0.022340370 0.021362186 -0.018700757 0.999347210
53.168697000 1.014754628 -0.185942213 -0.521984602 0.023996604 0.016873479 -0.011060207 0.999508439
53.268685000 1.016465887 -0.185529679 -0.528753932 0.024530981 0.012524562 -0.005892002 0.999603247
53.368638000 1.016021349 -0.185635739 -0.566040060 0.023785374 0.008443361 -0.001427897 0.999680412
53.468580000 1.007990676 -0.185593315 -0.574488818 0.024048877 0.005191292 0.001885749 0.999695527
53.568413000 0.994843202 -0.190335377 -0.544537091 0.023146319 0.001601247 0.007450356 0.999703044
53.668323000 0.977018491 -0.214846979 -0.528409558 0.029874821 -0.000576693 0.002860455 0.999549389
53.768239000 0.969595582 -0.253708694 -0.549063253 0.039844861 -0.004340780 -0.000766277 0.999196156
53.868016000 0.953309652 -0.329566993 -0.617549907 0.057080064 -0.010559571 0.003598957 0.998307272
53.967777000 0.947357778 -0.400856630 -0.637316101 0.074632680 -0.015350307 0.018562980 0.996920131
54.067678000 0.950687813 -0.533484359 -0.665190735 0.105809951 -0.012362814 0.022263287 0.994060240
54.167824000 0.967440669 -0.612350123 -0.687745559 0.120823134 -0.007233623 0.023303893 0.992374110
54.268077000 0.948520453 -0.617976318 -0.586807925 0.114338797 -0.007326750 0.003876313 0.993407234
54.368587000 0.933610114 -0.595760240 -0.477316435 0.109591362 -0.003297411 -0.003889033 0.993963649
54.469023000 0.935583695 -0.596072869 -0.432260314 0.111248324 0.004957635 0.005291795 0.993766184
54.569235000 0.944833385 -0.619109882 -0.561837830 0.121349480 0.021081691 0.017457538 0.992232382
54.668973000 0.942161117 -0.622210493 -0.560785543 0.121277453 0.017922360 0.016757841 0.992315345
54.769583000 0.951560084 -0.623601541 -0.611970810 0.123542944 0.019997075 0.014137866 0.992036985
54.869942000 0.942851364 -0.624929847 -0.603827793 0.126515289 0.019753423 0.016671843 0.991627820
54.969943000 0.966211896 -0.626040194 -0.643347579 0.128744036 0.021447917 0.018818356 0.991267285
55.069491000 0.977426793 -0.632434289 -0.657810867 0.131084196 0.024661924 0.018742056 0.990887208
55.168727000 0.971962375 -0.632238857 -0.634411281 0.131277706 0.023211187 0.020731538 0.990857007
55.267736000 0.971962375 -0.632238857 -0.634411281 0.131277706 0.023211187 0.020731538 0.990857007
55.366791000 0.971962375 -0.632238857 -0.634411281 0.131277706 0.023211187 0.020731538 0.990857007
55.466039000 0.971962375 -0.632238857 -0.634411281 0.131277706 0.023211187 0.020731538 0.990857007
55.565571000 0.971962375 -0.632238857 -0.634411281 0.131277706 0.023211187 0.020731538 0.990857007
55.665409000 0.971962375 -0.632238857 -0.634411281 0.131277706 0.023211187 0.020731538 0.990857007
55.765523000 0.978436199 -0.632351183 -0.638827365 0.131244691 0.024410647 0.020762534 0.990831907
55.865850000 0.978436199 -0.632351183 -0.638827365 0.131244691 0.024410647 0.020762534 0.990831907
55.966209000 0.962742847 -0.638658011 -0.657156378 0.130065491 0.023048416 0.022003954 0.990993221
56.066512000 0.950753000 -0.632173488 -0.671274487 0.129568362 0.022543748 0.023351366 0.991039118
56.166955000 0.950753000 -0.632173488 -0.671274487 0.129568362 0.022543748 0.023351366 0.991039118
56.267250000 0.950753000 -0.632173488 -0.671274487 0.129568362 0.022543748 0.023351366 0.991039118
56.367372000 0.950753000 -0.632173488 -0.671274487 0.129568362 0.022543748 0.023351366 0.991039118
56.467305000 0.977833078 -0.641006544 -0.675732136 0.130628176 0.024240173 0.023138671 0.990864923
56.567132000 0.977833078 -0.641006544 -0.675732136 0.130628176 0.024240173 0.023138671 0.990864923
56.666955000 0.977833078 -0.641006544 -0.675732136 0.130628176 0.024240173 0.023138671 0.990864923
56.766748000 0.977833078 -0.641006544 -0.675732136 0.130628176 0.024240173 0.023138671 0.990864923
56.866520000 0.977833078 -0.641006544 -0.675732136 0.130628176 0.024240173 0.023138671 0.990864923
56.966354000 0.977833078 -0.641006544 -0.675732136 0.130628176 0.024240173 0.023138671 0.990864923
