0.065342000 0.009072023 -0.010527532 0.006217980 -0.000034536 0.000029278 -0.000165079 0.999999985
0.165343000 0.009072023 -0.010527532 0.006217980 -0.000034536 0.000029278 -0.000165079 0.999999985
0.265258000 0.009072023 -0.010527532 0.006217980 -0.000034536 0.000029278 -0.000165079 0.999999985
0.365208000 0.009072023 -0.010527532 0.006217980 -0.000034536 0.000029278 -0.000165079 0.999999985
0.465196000 0.009072023 -0.010527532 0.006217980 -0.000034536 0.000029278 -0.000165079 0.999999985
0.565255000 0.009072023 -0.010527532 0.006217980 -0.000034536 0.000029278 -0.000165079 0.999999985
0.665338000 0.009072023 -0.010527532 0.006217980 -0.000034536 0.000029278 -0.000165079 0.999999985
0.765444000 0.009072023 -0.010527532 0.006217980 -0.000034536 0.000029278 -0.000165079 0.999999985
0.865505000 0.009072023 -0.010527532 0.006217980 -0.000034536 0.000029278 -0.000165079 0.999999985
0.965496000 0.009072023 -0.010527532 0.006217980 -0.000034536 0.000029278 -0.000165079 0.999999985
1.065447000 0.009072023 -0.010527532 0.006217980 -0.000034536 0.000029278 -0.000165079 0.999999985
1.165457000 0.009072023 -0.010527532 0.006217980 -0.000034536 0.000029278 -0.000165079 0.999999985
1.265385000 0.009072023 -0.010527532 0.006217980 -0.000034536 0.000029278 -0.000165079 0.999999985
1.365333000 0.009072023 -0.010527532 0.006217980 -0.000034536 0.000029278 -0.000165079 0.999999985
1.465337000 0.009072023 -0.010527532 0.006217980 -0.000034536 0.000029278 -0.000165079 0.999999985
1.565355000 0.009072023 -0.010527532 0.006217980 -0.000034536 0.000029278 -0.000165079 0.999999985
1.665394000 0.009072023 -0.010527532 0.006217980 -0.000034536 0.000029278 -0.000165079 0.999999985
1.765431000 0.009072023 -0.010527532 0.006217980 -0.000034536 0.000029278 -0.000165079 0.999999985
1.865431000 0.009072023 -0.010527532 0.006217980 -0.000034536 0.000029278 -0.000165079 0.999999985
1.965417000 0.009072023 -0.010527532 0.006217980 -0.000034536 0.000029278 -0.000165079 0.999999985
2.065379000 0.009072023 -0.010527532 0.006217980 -0.000034536 0.000029278 -0.000165079 0.999999985
2.165472000 0.009072023 -0.010527532 0.006217980 -0.000034536 0.000029278 -0.000165079 0.999999985
2.265517000 0.009072023 -0.010527532 0.006217980 -0.000034536 0.000029278 -0.000165079 0.999999985
2.365615000 0.009072023 -0.010527532 0.006217980 -0.000034536 0.000029278 -0.000165079 0.999999985
2.465688000 0.009072023 -0.010527532 0.006217980 -0.000034536 0.000029278 -0.000165079 0.999999985
2.565694000 0.009072023 -0.010527532 0.006217980 -0.000034536 0.000029278 -0.000165079 0.999999985
2.665626000 0.009072023 -0.010527532 0.006217980 -0.000034536 0.000029278 -0.000165079 0.999999985
2.765480000 0.009072023 -0.010527532 0.006217980 -0.000034536 0.000029278 -0.000165079 0.999999985
2.865305000 0.009003579 -0.007843042 0.006543784 -0.000428696 0.000298933 -0.000550296 0.999999712
2.965135000 0.009845581 -0.001383869 0.010798249 -0.001046339 0.000675431 -0.001419354 0.999998217
3.065036000 -0.010052524 0.002667312 0.025332284 -0.001460646 -0.000889506 -0.002680165 0.999994946
3.165080000 -0.019446072 -0.000647114 0.038405161 -0.001419850 -0.001826413 -0.003268770 0.999991982
3.265104000 -0.023586248 0.011629122 0.036700184 -0.002550086 -0.001863978 -0.003676207 0.999988254
3.365186000 -0.027538498 0.021313123 0.026643624 -0.003171322 -0.001456967 -0.004443598 0.999984037
3.465288000 -0.030133966 0.027110712 0.031698298 -0.004215497 -0.001241796 -0.004849023 0.999978587
3.565400000 -0.030133966 0.027110712 0.031698298 -0.004215497 -0.001241796 -0.004849023 0.999978587
3.665486000 -0.030133966 0.027110712 0.031698298 -0.004215497 -0.001241796 -0.004849023 0.999978587
3.765567000 -0.030133966 0.027110712 0.031698298 -0.004215497 -0.001241796 -0.004849023 0.999978587
3.865595000 -0.027943908 0.029688994 0.038753271 -0.004535995 -0.001494260 -0.004544410 0.999978270
3.965591000 -0.026658877 0.030195705 0.042843389 -0.004671406 -0.001543391 -0.004391288 0.999978256
4.065531000 -0.024417750 0.030426027 0.054876944 -0.004431398 -0.001646892 -0.003956355 0.999980999
4.165534000 -0.019746378 0.045508354 0.051940259 -0.005402385 -0.000946135 -0.004625454 0.999974262
4.265424000 -0.018649458 0.054723893 0.055360158 -0.006591420 -0.000315395 -0.004261668 0.999969145
4.365315000 -0.018649458 0.054723893 0.055360158 -0.006591420 -0.000315395 -0.004261668 0.999969145
4.465255000 -0.013059545 0.056259462 0.056671267 -0.007273767 -0.000204715 -0.004058286 0.999965290
4.565249000 -0.013059545 0.056259462 0.056671267 -0.007273767 -0.000204715 -0.004058286 0.999965290
4.665313000 -0.013059545 0.056259462 0.056671267 -0.007273767 -0.000204715 -0.004058286 0.999965290
4.765391000 -0.009039474 0.053172046 0.064199950 -0.007399680 -0.001519174 -0.002705178 0.999967809
4.865516000 0.013007362 0.049299394 0.055743110 -0.006892737 0.000680301 -0.000739357 0.999975740
4.965507000 0.020741690 0.044841923 0.045906513 -0.005251533 0.002590115 -0.003083239 0.999978103
5.065643000 0.016221569 0.044200106 0.050859279 -0.005509121 0.001488362 -0.003096635 0.999978922
5.165951000 0.013506971 0.040207112 0.058372632 -0.004470876 0.001611119 -0.004708780 0.999977621
5.266121000 0.012179279 0.037276869 0.053174514 -0.003932034 0.000669728 -0.003893742 0.999984465
5.366190000 0.007099299 0.043183871 0.047053472 -0.004386298 -0.002047759 -0.003948509 0.999980488
5.466203000 0.019850604 0.047466393 0.061854535 -0.004330580 -0.002507125 -0.003422088 0.999981625
5.566125000 -0.005637609 0.050815506 0.102159283 -0.007453128 -0.009076993 -0.003660634 0.999924327
5.666080000 -0.008517784 0.048412952 0.150574134 -0.011051703 -0.018622225 -0.000025293 0.999765508
5.766098000 -0.007653527 0.024781135 0.188395560 -0.011227230 -0.026848734 0.001513919 0.999575311
5.866079000 -0.003396031 0.015074000 0.209555521 -0.011067833 -0.031933181 -0.000869358 0.999428346
5.966076000 -0.011193011 0.010548665 0.226819908 -0.011160375 -0.039896965 -0.002246002 0.999138946
6.066371000 -0.029489675 -0.011651327 0.259022431 -0.007766716 -0.047882868 -0.003958710 0.998814917
6.167130000 -0.038996113 -0.030068873 0.304028311 -0.005166708 -0.054004040 -0.007310803 0.998500586
6.267914000 -0.044406395 -0.055014447 0.359580156 -0.002690995 -0.055634977 -0.006648335 0.998425414
6.368629000 -0.045755169 -0.052444914 0.358039014 -0.006872526 -0.056021265 -0.010570062 0.998349969
6.469516000 -0.042117197 -0.064338363 0.370613586 -0.009622140 -0.055959921 -0.012563654 0.998307596
6.570368000 -0.038604643 -0.084159255 0.370873895 -0.011545741 -0.054869145 -0.016530622 0.998289944
6.670993000 -0.030392985 -0.103175891 0.394283326 -0.018681477 -0.047306812 -0.030477687 0.998240541
6.771279000 -0.030745043 -0.159288590 0.395824686 -0.019726341 -0.043283022 -0.035258762 0.998245597
6.871285000 -0.028485481 -0.148774890 0.449902385 -0.027831093 -0.045023379 -0.027790606 0.998211404
6.971115000 -0.024058625 -0.141145278 0.474419076 -0.035531053 -0.045759642 -0.022388984 0.998069303
7.070994000 -0.010479098 -0.176923084 0.482680446 -0.037979281 -0.045631316 -0.020268820 0.998030326
7.171136000 0.002414866 -0.222391759 0.495946529 -0.039206380 -0.044805600 -0.019045435 0.998044382
7.271368000 0.005194895 -0.243360446 0.518621199 -0.043131516 -0.044826786 -0.020069319 0.997861440
7.371613000 0.005559682 -0.288819554 0.528653441 -0.044934872 -0.044565629 -0.020572607 0.997783308
7.471789000 0.004961848 -0.339473796 0.537580275 -0.073066023 -0.044453427 -0.019131337 0.996152218
7.571761000 0.004104742 -0.388047536 0.548667578 -0.096508170 -0.044113591 -0.020031114 0.994152362
7.671541000 -0.001341411 -0.427563856 0.561273372 -0.100412660 -0.041867336 -0.027980561 0.993670726
7.771162000 0.009618435 -0.454066629 0.559339023 -0.091623034 -0.041068393 -0.027297668 0.994571990
7.870738000 0.002877468 -0.474287118 0.553904352 -0.081009106 -0.042457902 -0.024752783 0.995500955
7.970470000 0.005432250 -0.493343548 0.525274580 -0.069384105 -0.042274965 -0.021658847 0.996458513
8.070540000 0.015433619 -0.516030872 0.520684270 -0.054924270 -0.041364060 -0.020593044 0.997420807
8.170917000 0.008008228 -0.540597945 0.494304724 -0.046672618 -0.041535143 -0.020766688 0.997830268
8.271215000 -0.004556118 -0.563042773 0.465298006 -0.044994934 -0.042578353 -0.021402700 0.997849921
8.371414000 -0.030790201 -0.590061887 0.495316720 -0.040721650 -0.045333271 -0.027527604 0.997761932
8.471664000 -0.040828518 -0.616412147 0.469498413 -0.029708722 -0.042035803 -0.038243648 0.997941785
8.571804000 -0.059610286 -0.649936338 0.444980479 -0.020003888 -0.040254518 -0.048264783 0.997822594
8.671731000 -0.050147126 -0.657124104 0.441999485 -0.021985008 -0.040257383 -0.047312849 0.997826386
8.771611000 -0.043929012 -0.682371961 0.456349363 -0.023199395 -0.045172118 -0.036388471 0.998046666
8.871588000 -0.038850899 -0.722648661 0.452584560 -0.024246386 -0.048753407 -0.029683445 0.998075203
8.971692000 -0.027488491 -0.757661704 0.451604260 -0.026242956 -0.050179324 -0.025684301 0.998064958
9.071848000 -0.023812975 -0.802699177 0.459204241 -0.031777732 -0.051622311 -0.024424858 0.997862084
9.171938000 -0.024200465 -0.847966095 0.463516865 -0.031532307 -0.053179438 -0.024429494 0.997787984
9.271789000 -0.007091541 -0.886842355 0.472725661 -0.032196153 -0.051677101 -0.025859876 0.997809677
9.371429000 0.002814485 -0.938040646 0.482083763 -0.028502363 -0.050770631 -0.025815823 0.997969690
9.471095000 0.014699262 -0.982013865 0.499631618 -0.028246308 -0.049626403 -0.025138810 0.998051805
9.570960000 0.014113654 -1.039254795 0.523244437 -0.033525807 -0.050427176 -0.025470788 0.997839846
9.670957000 0.020730145 -1.092080594 0.548888091 -0.038482361 -0.050050385 -0.025321257 0.997683768
9.770914000 0.023786916 -1.142577642 0.576507824 -0.039369665 -0.049713508 -0.025552838 0.997660087
9.870697000 0.024670682 -1.201618379 0.603816693 -0.040783800 -0.048053519 -0.029602419 0.997572673
9.970450000 0.023446585 -1.253647740 0.638821419 -0.042262641 -0.045030643 -0.038088666 0.997364208
10.070385000 0.023758022 -1.305609506 0.676608582 -0.046691811 -0.037951065 -0.058161773 0.996492248
10.170543000 0.030747930 -1.336667298 0.714757565 -0.053259750 -0.028263513 -0.085000221 0.994554943
10.270761000 0.044936662 -1.391834160 0.751972083 -0.051754599 -0.021419037 -0.101517314 0.993255718
10.370965000 0.091490574 -1.416900740 0.791156055 -0.052818830 -0.018328917 -0.093463313 0.994051725
10.471059000 0.144903252 -1.436594128 0.833454316 -0.050531461 -0.016947359 -0.076504161 0.995643747
10.570878000 0.209178585 -1.448125477 0.884245276 -0.048592223 -0.018893086 -0.052587821 0.997254415
10.670534000 0.272575097 -1.457675079 0.925532682 -0.048904247 -0.024710993 -0.029544260 0.998060558
10.770210000 0.327209789 -1.463636651 0.961750659 -0.048740464 -0.029196502 -0.020285525 0.998178556
10.869948000 0.387641502 -1.468328975 1.017401649 -0.048607108 -0.033686414 -0.017704678 0.998092741
10.969808000 0.449278753 -1.475535835 1.068952204 -0.048671030 -0.038118691 -0.018260958 0.997920154
11.069763000 0.503616802 -1.492233472 1.111615072 -0.047990499 -0.041916937 -0.021206941 0.997742526
11.169931000 0.548785875 -1.505383687 1.157922442 -0.048440821 -0.046124795 -0.022680328 0.997502678
11.269947000 0.609723748 -1.535425325 1.212675022 -0.047366235 -0.048422643 -0.023536014 0.997425558
11.369887000 0.640896752 -1.557251086 1.233481795 -0.046777009 -0.050261711 -0.023590230 0.997361105
11.469670000 0.686880111 -1.583584439 1.275726360 -0.046856207 -0.049557416 -0.023979082 0.997383358
11.569473000 0.734057006 -1.603144569 1.321266387 -0.046574600 -0.047239628 -0.018496772 0.997625728
11.669295000 0.780207920 -1.624220894 1.361809056 -0.050778028 -0.048726291 -0.000916818 0.997520175
11.769154000 0.807162802 -1.632388795 1.421257607 -0.052417892 -0.044942003 0.002159509 0.997611105
11.869126000 0.838737162 -1.643626354 1.474558518 -0.051304663 -0.037116010 -0.001325884 0.997992222
11.969080000 0.860615078 -1.657861151 1.513993953 -0.048854315 -0.028017167 -0.006767936 0.998389949
12.069056000 0.871164867 -1.664321228 1.549246594 -0.048120328 -0.021728504 -0.007997760 0.998573153
12.169159000 0.885381616 -1.673945271 1.580664127 -0.053935106 -0.016324885 -0.007744923 0.998380949
12.269086000 0.904247757 -1.679559746 1.624219106 -0.064563472 -0.012709709 -0.008368035 0.997797573
12.369185000 0.910628222 -1.682122964 1.644781376 -0.073690183 -0.011927548 -0.008011764 0.997177668
12.469487000 0.918495472 -1.688505583 1.677731040 -0.062964716 -0.012062613 -0.009555559 0.997897103
12.569817000 0.940624154 -1.694869344 1.708429903 -0.053658804 -0.011553918 -0.010165718 0.998440733
12.670282000 0.954540969 -1.715978665 1.740261489 -0.047549970 -0.011745340 -0.012188090 0.998725437
12.770842000 0.967433633 -1.722539986 1.773542146 -0.046630210 -0.012718526 -0.010392424 0.998777182
12.871327000 0.971744093 -1.744748686 1.783673527 -0.047510772 -0.014591358 -0.010774469 0.998706028
12.971634000 0.981600439 -1.754259203 1.811017767 -0.048094058 -0.015681808 -0.011241844 0.998656429
13.071809000 1.009239213 -1.763925169 1.840757092 -0.050527648 -0.014583593 -0.010795968 0.998557821
13.171960000 1.014855454 -1.777229234 1.869710652 -0.050673490 -0.017321891 -0.008255033 0.998530923
13.271925000 1.019106710 -1.793234505 1.903827149 -0.052188778 -0.017560764 -0.015902833 0.998356174
13.371883000 1.038202637 -1.789641623 1.969248892 -0.054503150 -0.016483749 -0.018021527 0.998214865
13.471768000 1.047966985 -1.799286628 2.009150831 -0.054557675 -0.020312863 -0.005523944 0.998288703
13.571604000 1.056245481 -1.824203213 2.036652517 -0.054867985 -0.021720989 -0.001382638 0.998256375
13.671390000 1.060760449 -1.844367444 2.066141440 -0.054158083 -0.022702812 0.003557658 0.998267914
13.771060000 1.061166393 -1.868635794 2.088189713 -0.054512560 -0.022073824 0.004316485 0.998259733
13.870733000 1.073745955 -1.890814950 2.113505992 -0.053088711 -0.019842978 0.005239341 0.998378883
13.970369000 1.097911505 -1.905068188 2.117263115 -0.047095766 -0.015835984 0.007737378 0.998734871
14.070028000 1.109395972 -1.926072467 2.142731223 -0.043096090 -0.011978446 0.008122079 0.998966103
14.169973000 1.103584021 -1.922332831 2.179816266 -0.044094173 -0.009677917 0.011850176 0.998910214
14.270000000 1.112340701 -1.954832948 2.222499527 -0.047747272 -0.004586523 0.012956587 0.998764882
14.370138000 1.108073860 -1.978342895 2.263807833 -0.054832457 0.000540654 0.015842655 0.998369731
14.470316000 1.104400858 -1.997793818 2.308000472 -0.057248877 0.006725290 0.016940022 0.998193555
14.570361000 1.100423092 -2.019410848 2.351043184 -0.059297638 0.013415144 0.020045205 0.997948903
14.670168000 1.096518954 -2.029576496 2.401112035 -0.060103637 0.020348751 0.024385572 0.997686737
14.769977000 1.088802458 -2.043640980 2.444438608 -0.060673424 0.028342649 0.025452625 0.997430496
14.869916000 1.077987587 -2.056093235 2.475017955 -0.065621347 0.035250630 0.027021052 0.996855604
14.970099000 1.076524167 -2.062450764 2.536535660 -0.079888043 0.041354377 0.028721932 0.995531399
15.070584000 1.061497903 -2.079501510 2.566777490 -0.087342769 0.044151120 0.031677675 0.994695151
15.171197000 1.051197683 -2.097075363 2.599503961 -0.092487534 0.047120323 0.032338392 0.994072412
15.271608000 1.040232566 -2.122769016 2.620929028 -0.094396721 0.051633471 0.031631515 0.993691447
15.371633000 1.030859821 -2.143500472 2.629934302 -0.092176231 0.055567132 0.038885778 0.993430286
15.471121000 1.022988200 -2.148898689 2.644191728 -0.088173201 0.056532735 0.058546234 0.992774836
15.570258000 1.010452753 -2.162392928 2.645518939 -0.083258928 0.063416660 0.064059459 0.992442776
15.669549000 0.984805944 -2.166520188 2.634882460 -0.082697576 0.070557172 0.070461950 0.991573452
15.769314000 0.960132923 -2.142343740 2.658700614 -0.086906141 0.079004336 0.075304142 0.990219634
15.869533000 0.932712161 -2.136434393 2.655116936 -0.087335017 0.088652924 0.078272404 0.989134311
15.970106000 0.903159515 -2.124776403 2.658966495 -0.089614544 0.098125337 0.080960138 0.987818864
16.070691000 0.861808784 -2.118263698 2.636069748 -0.090134068 0.103868938 0.082613232 0.987047186
16.171177000 0.806387849 -2.095493833 2.617641069 -0.087458413 0.108838659 0.076898580 0.987214151
16.271372000 0.763962528 -2.077472923 2.613578594 -0.078739628 0.115492941 0.066306969 0.987959937
16.371544000 0.703444935 -2.055054613 2.572471781 -0.070815420 0.118312977 0.060089099 0.988623546
16.471676000 0.657546446 -2.041397245 2.536664020 -0.065966633 0.120937416 0.056615910 0.988846390
16.571591000 0.607047778 -2.030004917 2.508418653 -0.064205084 0.122387132 0.056085587 0.988814191
16.671364000 0.563146558 -2.040173118 2.480151447 -0.060667992 0.124252916 0.055091626 0.988860718
16.771007000 0.518512530 -2.046127034 2.448027264 -0.055692416 0.126105085 0.054544439 0.988949325
16.870416000 0.471091270 -2.052135316 2.411355048 -0.053654367 0.127466592 0.056327298 0.988787496
16.969794000 0.421197412 -2.059831689 2.382455348 -0.053321468 0.128611344 0.058165941 0.988550791
17.069148000 0.370424610 -2.065801198 2.360498550 -0.053799805 0.129912482 0.060954838 0.988186640
17.168755000 0.325557045 -2.076500468 2.334419683 -0.054073296 0.132725303 0.062347081 0.987710947
17.268414000 0.275349962 -2.090924512 2.311523517 -0.054439525 0.135627465 0.062201105 0.987305703
17.368390000 0.225337181 -2.105645568 2.300391669 -0.055454277 0.136925569 0.064551707 0.986919089
17.468515000 0.179907512 -2.120646805 2.282530659 -0.058623923 0.127834537 0.082102071 0.986651315
17.568853000 0.159135610 -2.125759992 2.261128217 -0.058460135 0.124362710 0.081210874 0.987178364
17.669235000 0.096425335 -2.133006934 2.238443660 -0.057799788 0.119359091 0.071485171 0.988586092
17.769574000 0.039615018 -2.143855475 2.215357284 -0.057952500 0.116737113 0.060576641 0.989618323
17.869891000 -0.013598492 -2.144692765 2.200867849 -0.057528138 0.114545693 0.055110181 0.990218494
17.970157000 -0.048362431 -2.148007710 2.173871868 -0.057916529 0.111115121 0.050220052 0.990846634
18.070463000 -0.122419195 -2.135144588 2.174747279 -0.058021399 0.103735547 0.037078574 0.992218541
18.170873000 -0.189332255 -2.138973966 2.145198052 -0.075953908 0.102367591 0.002380971 0.991839811
18.271137000 -0.252262288 -2.149761521 2.126671322 -0.102530068 0.102467960 -0.039656359 0.988643149
18.371118000 -0.266567209 -2.143309186 2.089450019 -0.108794505 0.098485473 -0.056753805 0.987544112
18.470790000 -0.271161449 -2.150501747 2.062127608 -0.105852779 0.087217290 -0.052894653 0.989136234
18.570396000 -0.269917299 -2.147744029 2.030541179 -0.102839703 0.073730139 -0.044729074 0.990952659
18.670004000 -0.254881205 -2.143087834 1.989376838 -0.095298179 0.061976352 -0.031232735 0.993026538
18.769538000 -0.227725063 -2.141006641 1.939398529 -0.079252823 0.050466854 -0.006437160 0.995555448
18.869150000 -0.197907260 -2.137631711 1.892515847 -0.065809291 0.042513790 0.010575380 0.996870040
18.968958000 -0.163848056 -2.133112742 1.836290426 -0.063852996 0.040241323 0.015900546 0.997020864
19.068969000 -0.142301606 -2.130023067 1.783407361 -0.060593995 0.038925619 0.018112329 0.997238741
19.169051000 -0.145168626 -2.136872954 1.743631268 -0.060052763 0.036275057 0.019466611 0.997345896
19.269261000 -0.136963786 -2.142800491 1.724293113 -0.059781977 0.036221438 0.021320351 0.997326208
19.369589000 -0.071709516 -2.162056498 1.663772749 -0.058546102 0.041329711 0.023503304 0.997151846
19.469752000 -0.043375252 -2.161962054 1.620975380 -0.045334969 0.043519390 0.023960018 0.997735797
19.569611000 -0.023398445 -2.148821894 1.580004822 -0.025564495 0.044541882 0.025161607 0.998363346
19.669091000 -0.012940113 -2.139220834 1.560100458 -0.015334349 0.045159247 0.025821834 0.998528284
19.768578000 0.000929876 -2.129015465 1.542949878 -0.009936068 0.047618547 0.020084297 0.998614225
19.868147000 -0.002656469 -2.126277693 1.545739578 -0.013499097 0.051750783 0.005460604 0.998553861
19.967863000 0.006734101 -2.128400611 1.548800774 -0.029493817 0.058821819 -0.016377707 0.997698291
20.067791000 0.027073428 -2.128632599 1.560762082 -0.046032578 0.059769779 -0.015627874 0.997027755
20.168192000 0.050606806 -2.126967470 1.577983102 -0.054621999 0.056882771 -0.006610196 0.996863628
20.268860000 0.082157385 -2.128019850 1.592828742 -0.058547296 0.051928469 0.008981587 0.996892662
20.369665000 0.113017490 -2.131105778 1.608169734 -0.061970197 0.049246953 0.016624996 0.996723654
20.470333000 0.141192144 -2.137721980 1.616133273 -0.062196999 0.048130752 0.019456526 0.996712801
20.570632000 0.164484815 -2.145943692 1.623947807 -0.061729114 0.046825007 0.021831891 0.996754886
20.670779000 0.200155321 -2.153180825 1.630940956 -0.062112360 0.047009627 0.022664755 0.996703797
20.770893000 0.244385950 -2.189695875 1.610077891 -0.058412637 0.050293188 0.013921589 0.996927655
20.870837000 0.269632211 -2.205823341 1.612763901 -0.057291247 0.055391229 0.001669879 0.996818307
20.970675000 0.296792462 -2.208484813 1.614195486 -0.058128196 0.056958891 -0.003968419 0.996674997
21.070430000 0.322943687 -2.221346325 1.622369869 -0.059393461 0.052952096 0.008072245 0.996796535
21.170198000 0.337278626 -2.225491699 1.629551778 -0.058201884 0.048240823 0.016043758 0.997009509
21.269832000 0.367465378 -2.245262271 1.643254875 -0.056184055 0.046752203 0.019919143 0.997126276
21.369358000 0.391487229 -2.254486521 1.659440982 -0.057876141 0.045464632 0.020474753 0.997077782
21.468779000 0.416557323 -2.276122167 1.671995870 -0.058545877 0.045410472 0.020010075 0.997050584
21.568150000 0.440690693 -2.286948730 1.688908181 -0.059189507 0.044173233 0.022087998 0.997024297
21.667843000 0.470832617 -2.306436123 1.712825494 -0.059636380 0.043916506 0.021839712 0.997014478
21.768285000 0.484957541 -2.322115524 1.736274344 -0.059123757 0.042359442 0.022063825 0.997107440
21.869213000 0.522631014 -2.338343114 1.745192517 -0.059467057 0.042424272 0.020176695 0.997124241
21.970125000 0.529867541 -2.342994167 1.790435622 -0.062186490 0.039687627 0.021076003 0.997052423
22.070867000 0.529967615 -2.360836635 1.793326866 -0.061363690 0.038382405 0.019438106 0.997187770
22.171290000 0.552675131 -2.381030858 1.810260278 -0.061042999 0.038309961 0.019594431 0.997207179
22.271212000 0.563669977 -2.390560749 1.836307445 -0.061087797 0.037448064 0.019491272 0.997239196
22.370789000 0.572968682 -2.384585026 1.864197967 -0.061487033 0.039050427 0.012575793 0.997264387
22.470085000 0.608975215 -2.400782400 1.897369075 -0.059691771 0.043996723 0.002981449 0.997242344
22.569302000 0.620669313 -2.388124301 1.927260752 -0.059580549 0.044941232 -0.000104091 0.997211328
22.668604000 0.673025989 -2.389125739 1.958228254 -0.058352265 0.045809960 0.009657455 0.997197671
22.768067000 0.682016533 -2.366108497 1.994439383 -0.056158708 0.043865837 0.012299848 0.997381924
22.867767000 0.711166747 -2.353774815 2.031260885 -0.054917450 0.043741335 0.014369990 0.997428831
22.967781000 0.749136469 -2.362358363 2.057090525 -0.054301608 0.043514520 0.017403887 0.997424146
23.068008000 0.766609959 -2.367778594 2.065153996 -0.055390498 0.043168179 0.015039597 0.997417772
23.168587000 0.791211447 -2.356201775 2.121985243 -0.055892053 0.044183180 0.015075021 0.997344809
23.269240000 0.804336261 -2.358386207 2.165670579 -0.052882098 0.043800846 0.015612850 0.997517523
23.369691000 0.818381097 -2.354645454 2.162046093 -0.055166669 0.042636489 0.015099224 0.997452145
23.469929000 0.835397432 -2.352403074 2.199160170 -0.057146383 0.041855614 0.016818779 0.997346242
23.569977000 0.863923041 -2.358121078 2.242768755 -0.056045812 0.043506895 0.016342735 0.997345944
23.669884000 0.891905142 -2.355404113 2.289627389 -0.057186417 0.043436091 0.018232975 0.997251512
23.769756000 0.882889297 -2.349913308 2.319749215 -0.058198810 0.036775590 0.016356847 0.997493312
23.869706000 0.894980859 -2.360987265 2.341918638 -0.056964442 0.035890837 0.017076610 0.997584728
23.969792000 0.932863730 -2.366438733 2.358421309 -0.055776251 0.042828974 0.000156913 0.997524267
24.070009000 0.943640826 -2.362173626 2.379770773 -0.055977349 0.043155988 -0.000476375 0.997498807
24.170146000 0.962680452 -2.359836427 2.423473882 -0.056678673 0.040080585 0.008202470 0.997553905
24.270024000 1.004302450 -2.350537194 2.471580618 -0.059106113 0.042605383 0.004275099 0.997332930
24.369690000 1.026139559 -2.347773158 2.496631235 -0.059358629 0.042183474 0.014922610 0.997233385
24.469281000 1.052075548 -2.333255419 2.540842858 -0.062012880 0.044833845 0.021057549 0.996845479
24.568896000 1.046427547 -2.327735369 2.540301613 -0.059423859 0.047798258 0.025235923 0.996768418
24.668790000 1.070884588 -2.333199105 2.557504441 -0.058972983 0.053787769 0.024827903 0.996500195
24.768864000 1.098528473 -2.349624725 2.603025024 -0.059601406 0.059867098 0.023037205 0.996159069
24.869066000 1.132551298 -2.353553499 2.628663616 -0.057487586 0.065824844 0.025781678 0.995840134
24.969190000 1.128975321 -2.348245279 2.637098522 -0.057533280 0.069264590 0.024769212 0.995629863
25.069130000 1.143567944 -2.363187151 2.662123415 -0.052170864 0.075985834 0.016553288 0.995605516
25.169165000 1.158816807 -2.359257522 2.714997492 -0.054697546 0.084222460 0.007567152 0.994915823
25.269221000 1.187829178 -2.371617684 2.767791083 -0.055483570 0.092153369 0.009318593 0.994154160
25.369382000 1.223228967 -2.377128324 2.822557379 -0.057697484 0.095890665 0.023282245 0.993445478
25.469698000 1.267455688 -2.405436017 2.895484869 -0.057554569 0.102729393 0.029894278 0.992592804
25.569802000 1.291052302 -2.417670665 2.921923966 -0.056808335 0.109302461 0.033708945 0.991811218
25.669703000 1.321559407 -2.426692928 2.976241083 -0.058864374 0.116661201 0.036826818 0.990741609
25.769513000 1.340840854 -2.447068586 3.003662568 -0.058238544 0.123172514 0.039346159 0.989893269
25.869272000 1.364823042 -2.452618342 3.048414256 -0.059909174 0.130405201 0.044144388 0.988664072
25.969016000 1.398810807 -2.463112339 3.103073940 -0.060949389 0.139026821 0.048549910 0.987218122
26.068870000 1.419764664 -2.475627948 3.143834871 -0.060161135 0.147385684 0.053054457 0.985821141
26.168953000 1.440308806 -2.485778180 3.190323454 -0.061072501 0.155416663 0.059981923 0.984133111
26.268935000 1.464466844 -2.495548448 3.230508283 -0.065879015 0.157722933 0.086814106 0.981451345
26.368785000 1.481582264 -2.504849747 3.280345320 -0.070800061 0.161109755 0.107508843 0.978505415
26.468584000 1.495314093 -2.510692178 3.334987300 -0.081424453 0.163652996 0.128001533 0.974783752
26.568646000 1.492386547 -2.521658003 3.382022280 -0.092423772 0.168111698 0.134831799 0.972119689
26.669111000 1.464454829 -2.522912520 3.379309792 -0.084765509 0.174157034 0.128174177 0.972653852
26.769650000 1.468458990 -2.527435989 3.399283757 -0.074215943 0.186134347 0.112517598 0.973234704
26.869925000 1.418261138 -2.522307311 3.405562184 -0.068745154 0.191405623 0.104677249 0.973488914
26.969909000 1.409967309 -2.545460811 3.406431331 -0.063509660 0.198354141 0.099438136 0.973002680
27.069508000 1.383220132 -2.542549456 3.430680342 -0.059527776 0.206520768 0.087407075 0.972710450
27.168870000 1.347905087 -2.541394838 3.433466808 -0.057780028 0.211978961 0.080968598 0.972198783
27.268083000 1.336655714 -2.533778262 3.445813210 -0.057480178 0.217416070 0.078188890 0.971242904
27.367329000 1.311001053 -2.537385965 3.456385584 -0.056525138 0.221596884 0.077063605 0.970443677
27.466795000 1.295996848 -2.530630360 3.469906545 -0.056289614 0.226150245 0.076587959 0.969444083
27.566623000 1.268090106 -2.528793542 3.474447965 -0.056450767 0.229313886 0.077984186 0.968579847
27.666744000 1.211659384 -2.542919163 3.485637311 -0.057338245 0.230912786 0.078376153 0.968116103
27.767213000 1.181079415 -2.551001141 3.487806453 -0.062985998 0.233966107 0.079003951 0.966980352
27.867856000 1.162108057 -2.567023187 3.494198547 -0.066939786 0.238077519 0.078309047 0.965766977
27.968290000 1.119632973 -2.582033100 3.488463611 -0.071770772 0.239715501 0.078206319 0.965022905
28.068615000 1.073415047 -2.597216999 3.490975373 -0.073420641 0.240059719 0.079199064 0.964732216
28.168965000 1.052162677 -2.613730765 3.464072302 -0.074644320 0.242254346 0.078682243 0.964131818
28.269175000 1.024674694 -2.647241183 3.434650988 -0.076276572 0.244211511 0.075949439 0.963729373
28.369304000 0.989354184 -2.668634560 3.422383877 -0.077715337 0.244781400 0.075826637 0.963479483
28.469326000 0.959580968 -2.695962764 3.413008144 -0.081216197 0.245651747 0.075069811 0.963028386
28.569343000 0.927618965 -2.721830031 3.391891324 -0.086215747 0.246127426 0.074271905 0.962534061
28.669172000 0.901608214 -2.758298768 3.364667767 -0.087517474 0.246798969 0.073390943 0.962312179
28.768920000 0.877512717 -2.791992082 3.327469184 -0.092772770 0.247262890 0.071451480 0.961846642
28.868707000 0.856823830 -2.821892129 3.279640298 -0.103697149 0.247913721 0.067801611 0.960827055
28.968623000 0.835980735 -2.840576469 3.223014189 -0.108644956 0.247745384 0.065729540 0.960467660
29.068623000 0.819309425 -2.847207596 3.171552709 -0.112280327 0.247717380 0.065928610 0.960043044
29.168691000 0.813758049 -2.843248326 3.135300206 -0.114074374 0.249148120 0.064507717 0.959557714
29.268514000 0.817428325 -2.833146187 3.099373246 -0.111664492 0.250946618 0.063778759 0.959421235
29.368196000 0.824462898 -2.811906687 3.049628537 -0.108426378 0.252421996 0.064737004 0.959341429
29.467846000 0.836214347 -2.780703485 2.996516379 -0.105841376 0.253773517 0.064028375 0.959321100
29.567521000 0.847436744 -2.743089874 2.918904952 -0.099645683 0.253810591 0.064708285 0.959929039
29.667203000 0.857422164 -2.700337071 2.849227677 -0.085769850 0.251486802 0.067499964 0.961686891
29.767099000 0.875942814 -2.663539333 2.776848076 -0.076570907 0.249213840 0.070656699 0.962827601
29.867306000 0.902274917 -2.628653056 2.702741080 -0.061424508 0.247309369 0.076477968 0.963958623
29.967630000 0.914484949 -2.601133664 2.615242982 -0.049238612 0.245898382 0.080482164 0.964692783
30.068092000 0.927356766 -2.563927240 2.533362147 -0.027966660 0.246730642 0.088013184 0.964673798
30.168721000 0.931580819 -2.528834350 2.454526101 -0.019421057 0.250712543 0.093415000 0.963348162
30.269151000 0.929693773 -2.497515334 2.388158548 -0.020286606 0.257679403 0.096031749 0.961232377
30.369377000 0.920021635 -2.465714335 2.330059210 -0.037791946 0.266086014 0.094569881 0.958554401
30.469662000 0.902888598 -2.431014116 2.274337766 -0.048958230 0.274621246 0.092596027 0.955830654
30.569919000 0.898066089 -2.401669646 2.226318180 -0.053044563 0.285019595 0.092082044 0.952612724
30.669974000 0.872600593 -2.364794607 2.172083321 -0.054596486 0.290555499 0.092852715 0.950776051
30.769957000 0.850874834 -2.332427910 2.116764163 -0.051556288 0.294791275 0.093439389 0.949583663
30.869739000 0.840512906 -2.300162778 2.088297820 -0.053288083 0.300055379 0.092728996 0.947907423
30.969155000 0.816222701 -2.264527352 2.040863576 -0.043625320 0.309242688 0.073897862 0.947103425
31.068472000 0.792993580 -2.223780483 1.996729400 -0.040013063 0.316670285 0.056882822 0.945982679
31.167992000 0.777956370 -2.185222862 1.955906393 -0.040940545 0.320474148 0.052515689 0.944913909
31.267552000 0.772034654 -2.152883119 1.929352808 -0.045510342 0.320896426 0.058875629 0.944186397
31.367457000 0.762136147 -2.154624836 1.900544693 -0.046959026 0.319264484 0.069694725 0.943932034
31.467541000 0.787097100 -2.124833463 1.878465487 -0.047896710 0.320229124 0.074333354 0.943203990
31.567618000 0.810212154 -2.107910448 1.849487731 -0.053260499 0.316495641 0.087261324 0.943069080
31.667712000 0.825036370 -2.088937965 1.840775417 -0.055873067 0.315730203 0.094676477 0.942459020
31.767770000 0.833661813 -2.076265159 1.806476730 -0.055667137 0.313973463 0.098783969 0.942636495
31.867767000 0.836162265 -2.084187567 1.789984769 -0.055806431 0.314366480 0.100340654 0.942332803
31.967730000 0.849106381 -2.094481396 1.764665985 -0.053418517 0.315003290 0.101987701 0.942081683
32.067807000 0.866270058 -2.120634707 1.726783695 -0.050029458 0.316688988 0.101647362 0.941739323
32.168221000 0.875981411 -2.113789290 1.704189709 -0.050238736 0.318371687 0.101113436 0.941218153
32.268576000 0.867561621 -2.132715527 1.675764534 -0.049210061 0.319467747 0.103600730 0.940630436
32.368833000 0.862437749 -2.132661444 1.648688124 -0.048787666 0.320758740 0.104476474 0.940116089
32.469000000 0.861706011 -2.143508315 1.631886923 -0.047132497 0.322999478 0.105806684 0.939284201
32.569043000 0.898129191 -2.145930473 1.616536531 -0.046664482 0.326600449 0.106424198 0.937991718
32.668927000 0.885379716 -2.140888318 1.590776999 -0.045334164 0.327693530 0.108348729 0.937455235
32.768715000 0.874838083 -2.149255457 1.581640022 -0.043090773 0.330364744 0.111256252 0.936282205
32.868423000 0.874061429 -2.131262547 1.571451876 -0.042051072 0.333554187 0.110734074 0.935260005
32.968084000 0.872685213 -2.109367457 1.555203182 -0.040975415 0.335672866 0.111708160 0.934433534
33.067729000 0.859837244 -2.086662699 1.545988957 -0.040789877 0.337712506 0.111780768 0.933697761
33.167481000 0.853548976 -2.064244431 1.542436138 -0.039093574 0.341684517 0.107357695 0.932843882
33.267161000 0.825665906 -2.056486551 1.534987024 -0.029401419 0.350317471 0.081368793 0.932626584
33.367107000 0.839618361 -2.046328868 1.506433440 -0.026909001 0.355518864 0.075095210 0.931258800
33.467447000 0.856570777 -2.041981629 1.475998567 -0.032284990 0.352976541 0.087279879 0.930992730
33.568183000 0.866765291 -2.047028924 1.462977987 -0.037274282 0.346896193 0.101637999 0.931634787
33.669031000 0.868981541 -2.049978414 1.462844496 -0.042071246 0.340587739 0.105784480 0.933295048
33.769642000 0.888881196 -2.067267935 1.445974111 -0.042252192 0.332908900 0.106579961 0.935963209
33.869905000 0.887049660 -2.087044981 1.435861963 -0.042053912 0.322951050 0.105009775 0.939631329
33.969887000 0.894739882 -2.102410549 1.432027420 -0.044444395 0.314687913 0.099187201 0.942951808
34.069727000 0.899152722 -2.124727391 1.418382411 -0.041099663 0.307186172 0.089351431 0.946553641
34.169705000 0.904300446 -2.152156592 1.406185742 -0.041455977 0.298854562 0.092157677 0.948933251
34.269558000 0.921979673 -2.171379420 1.387887641 -0.042483463 0.296642935 0.092250670 0.949572503
34.369427000 0.908846439 -2.189345067 1.384135595 -0.041580000 0.297725272 0.091361616 0.949359690
34.469393000 0.896874607 -2.183131530 1.388274014 -0.045113416 0.300335687 0.090213831 0.948485487
34.569429000 0.896015705 -2.210769363 1.373954160 -0.046126966 0.301887593 0.089684007 0.947994179
34.669642000 0.900022097 -2.236971948 1.367702357 -0.046677304 0.298789365 0.086971203 0.949200798
34.770137000 0.908436292 -2.274246700 1.356748621 -0.045192006 0.290823592 0.082532134 0.952138523
34.870609000 0.905839705 -2.300281447 1.347555528 -0.043857371 0.279684754 0.076108402 0.956065103
34.970743000 0.901844694 -2.307301838 1.346329068 -0.043519540 0.268890599 0.069231104 0.959693154
35.070408000 0.887852755 -2.300667423 1.352913916 -0.043992230 0.259856159 0.061057408 0.962710472
35.169890000 0.907806629 -2.321417005 1.341453599 -0.040924799 0.254777721 0.054679323 0.964584701
35.269209000 0.892379453 -2.326562276 1.347579740 -0.037190833 0.255188921 0.041739267 0.965273687
35.368555000 0.881931420 -2.341644333 1.351868620 -0.031997659 0.258498196 0.025029797 0.965157159
35.468107000 0.894486761 -2.341281973 1.360258513 -0.034854824 0.255448678 0.035164189 0.965554035
35.567968000 0.908866327 -2.343616621 1.346759088 -0.035700243 0.249915452 0.048092151 0.966413423
35.668092000 0.919544141 -2.348465987 1.361862246 -0.040834062 0.245549333 0.063332807 0.966450754
35.768417000 0.930603612 -2.347873203 1.365666560 -0.044072635 0.244817102 0.068866155 0.966115750
35.868847000 0.958844615 -2.362107286 1.405264753 -0.044346556 0.249063045 0.071561894 0.964821164
35.969174000 0.966638228 -2.376813019 1.383413634 -0.043827425 0.247041303 0.070363328 0.965452616
36.069346000 0.986960400 -2.370600881 1.410009773 -0.045444104 0.248762712 0.068433399 0.965074513
36.169436000 1.013170798 -2.362171910 1.425878480 -0.048232766 0.249404499 0.066992228 0.964874623
36.269308000 1.021708899 -2.375851142 1.441649893 -0.052126262 0.249555029 0.065742326 0.964719175
36.369135000 1.022840294 -2.373394122 1.452444649 -0.057783105 0.249248017 0.063261708 0.964642159
36.468894000 1.002638097 -2.358078463 1.460932039 -0.059095174 0.246175278 0.060025587 0.965558088
36.568664000 0.949415368 -2.354988262 1.511378715 -0.056281739 0.242772504 0.057866995 0.966718826
36.668504000 0.925793473 -2.359272858 1.565036766 -0.053340543 0.245063113 0.048575535 0.966819153
36.768525000 0.952899063 -2.357364428 1.568916045 -0.053240776 0.246137098 0.050889703 0.966432712
36.868618000 0.942341656 -2.342396353 1.601643324 -0.053768311 0.246435974 0.047074462 0.966520706
36.968734000 0.967428883 -2.342309829 1.640700484 -0.053084518 0.248969826 0.046233899 0.965949526
37.069014000 0.988977536 -2.337786219 1.662924603 -0.053899667 0.251694742 0.041073009 0.965431298
37.169402000 0.998501925 -2.339336042 1.673625204 -0.053505096 0.250010560 0.046929796 0.965623901
37.269504000 1.030276079 -2.321979032 1.693019605 -0.052319587 0.249589408 0.054096824 0.965422872
37.369410000 1.044381519 -2.310947641 1.707317351 -0.049825453 0.248784919 0.060893569 0.965357686
37.469219000 1.061652308 -2.295996302 1.735118246 -0.048465724 0.250323515 0.064304573 0.964807822
37.569116000 1.074449778 -2.283479484 1.746651968 -0.047909276 0.251732188 0.066222879 0.964339223
37.669107000 1.092560381 -2.285199407 1.789251183 -0.046411252 0.254779179 0.069774773 0.963361327
37.769078000 1.101864210 -2.281460540 1.819156823 -0.049268178 0.254405193 0.076552830 0.962803359
37.868994000 1.141183954 -2.277180156 1.824913729 -0.057010870 0.251047358 0.090982822 0.962001617
37.968835000 1.169529088 -2.278552209 1.848659488 -0.081026483 0.245914688 0.112857553 0.959282986
38.068515000 1.176818791 -2.286839473 1.842962865 -0.093855297 0.244560372 0.117880311 0.957854707
38.168410000 1.153420195 -2.288975696 1.854880453 -0.094409280 0.242603706 0.119794522 0.958060333
38.268396000 1.143708257 -2.278528336 1.839140682 -0.085555223 0.244581538 0.116302819 0.958818976
38.368545000 1.121928587 -2.262229049 1.803031329 -0.066988305 0.249575985 0.103367606 0.960489215
38.468802000 1.087334860 -2.226823121 1.777929921 -0.055203545 0.257568740 0.082436734 0.961153004
38.569000000 1.067800311 -2.202061330 1.723521029 -0.049710591 0.262446954 0.072922634 0.960902047
38.669053000 1.043392790 -2.182409057 1.704820984 -0.046350544 0.266199941 0.068518245 0.960361634
38.769072000 1.020865765 -2.151332892 1.672624172 -0.045789869 0.268506295 0.065979263 0.959924161
38.869243000 0.992603760 -2.113357726 1.638810795 -0.048123381 0.269172163 0.064380629 0.959732057
38.969533000 0.959133810 -2.105264178 1.617487686 -0.046136810 0.270141441 0.063986068 0.959583649
39.069870000 0.936066253 -2.085540539 1.585219205 -0.046428080 0.270976386 0.064409448 0.959305819
39.170161000 0.912083400 -2.070380131 1.560814119 -0.044977240 0.272111280 0.065469926 0.958981850
39.270186000 0.899135826 -2.063196551 1.545735284 -0.043873134 0.274472965 0.067493514 0.958219372
39.369907000 0.876994449 -2.043319650 1.522012908 -0.043548731 0.276816166 0.067986194 0.957525037
39.469455000 0.838547883 -2.025107663 1.495771495 -0.043467468 0.277890639 0.069102808 0.957137489
39.569145000 0.805975904 -1.996747233 1.458897023 -0.043972703 0.278755735 0.071119485 0.956715036
39.669007000 0.767275395 -1.991331002 1.432893858 -0.044056368 0.280017904 0.070907284 0.956358284
39.769062000 0.756403262 -1.981454134 1.400452946 -0.043978009 0.282941875 0.071422654 0.955462524
39.869220000 0.726146114 -1.992117564 1.381662482 -0.042080548 0.284664187 0.072104327 0.954985075
39.969248000 0.696980022 -1.962904610 1.353928698 -0.042972978 0.286283547 0.073152700 0.954381337
40.069114000 0.662697486 -1.947777033 1.327787663 -0.043204865 0.287492129 0.073320895 0.953994582
40.168961000 0.623391104 -1.933821735 1.298523207 -0.042857688 0.288451641 0.073034772 0.953742518
40.268704000 0.580910289 -1.935051013 1.291260045 -0.041599443 0.291706367 0.067624107 0.953207145
40.368551000 0.534530752 -1.940514557 1.279975454 -0.033716162 0.299751757 0.047367049 0.952243912
40.468486000 0.507016794 -1.940340509 1.263479225 -0.038399410 0.296135707 0.066283257 0.952069146
40.568502000 0.487204547 -1.930120620 1.236996696 -0.041735415 0.295290139 0.073294531 0.951677362
40.668550000 0.457485713 -1.931190694 1.228157039 -0.042163840 0.294061802 0.077489170 0.951706518
40.768359000 0.423803245 -1.923395538 1.218611934 -0.043312165 0.293844517 0.079655429 0.951543204
40.867924000 0.395084806 -1.926170102 1.209516268 -0.043679741 0.294483833 0.080908678 0.951222970
40.967491000 0.359876625 -1.928764575 1.203010127 -0.042006951 0.295397518 0.080701504 0.951032591
41.067410000 0.337101215 -1.905996529 1.195528738 -0.043347289 0.297284323 0.077832175 0.950623583
41.167816000 0.308531121 -1.908694561 1.182094493 -0.043351443 0.298319429 0.078728897 0.950225201
41.268381000 0.283115520 -1.895741637 1.166408488 -0.045427103 0.300176848 0.076672022 0.949711345
41.368906000 0.241809976 -1.894026751 1.139014686 -0.045832379 0.300049132 0.075959199 0.949789509
41.469271000 0.205700733 -1.902203891 1.130300424 -0.045135426 0.300811250 0.076871211 0.949508400
41.569255000 0.204948026 -1.872552070 1.124052692 -0.048523751 0.303675028 0.077664136 0.948364489
41.668988000 0.174523115 -1.867862643 1.117219341 -0.047008670 0.304729907 0.077985131 0.948076046
41.768679000 0.141719948 -1.875604242 1.124199282 -0.045576901 0.305847983 0.078603117 0.947734830
41.868582000 0.107164391 -1.863547201 1.119800922 -0.045469574 0.307002148 0.077961768 0.947419739
41.968628000 0.072015418 -1.851495543 1.129225028 -0.045849540 0.308793081 0.077086643 0.946890861
42.068741000 0.023655191 -1.845964993 1.137684760 -0.050096039 0.309082870 0.080150699 0.946326599
42.168814000 0.001192393 -1.825548151 1.135077064 -0.057065471 0.312438262 0.075435661 0.945217078
42.268615000 -0.090683836 -1.811270643 1.153830326 -0.073491433 0.311544859 0.069247032 0.944851131
42.368230000 -0.160435783 -1.796880549 1.173668998 -0.078921373 0.309993170 0.065403828 0.945197329
42.467741000 -0.180233796 -1.764660538 1.212751851 -0.068346199 0.312372811 0.062122951 0.945459023
42.567349000 -0.206495382 -1.764570329 1.296909786 -0.053898003 0.315672580 0.058992667 0.945497590
42.667217000 -0.238259133 -1.744159592 1.379972073 -0.047264706 0.319811521 0.054853708 0.944710384
42.767276000 -0.280014756 -1.725470976 1.372026856 -0.054652901 0.318601903 0.053230926 0.944813398
42.867435000 -0.371771135 -1.688075096 1.410320729 -0.049790848 0.315069423 0.047333736 0.946578918
42.967615000 -0.409704488 -1.660313674 1.485262644 -0.050998642 0.316947341 0.042041600 0.946137424
43.067827000 -0.421031944 -1.656615409 1.514508073 -0.046103097 0.319633722 0.039670062 0.945587159
43.168210000 -0.449268647 -1.628816756 1.494078568 -0.045695328 0.318550875 0.041326143 0.945901383
43.268481000 -0.478920907 -1.608761864 1.494883540 -0.047631782 0.319532750 0.036984025 0.945654386
43.368792000 -0.510979625 -1.589877911 1.485735562 -0.047357071 0.322286539 0.024249211 0.945145846
43.469166000 -0.540857338 -1.575954476 1.468154381 -0.033396627 0.329596010 0.001887758 0.943529317
43.569629000 -0.565714039 -1.573733632 1.439751508 -0.038441434 0.320241632 0.027041691 0.946169277
43.669984000 -0.594240343 -1.560936791 1.434445800 -0.041310085 0.314478816 0.040499721 0.947500039
43.770133000 -0.619718959 -1.546382885 1.431445561 -0.042925257 0.311362826 0.044602949 0.948272740
43.870173000 -0.614613813 -1.552206725 1.423271429 -0.051498057 0.314562723 0.035132123 0.947187404
43.970168000 -0.631705154 -1.555542113 1.416253575 -0.086574227 0.315815650 0.026114396 0.944501676
44.070006000 -0.639734638 -1.553688479 1.399118004 -0.095639951 0.317798400 0.022522578 0.943053503
44.169821000 -0.646164009 -1.537369146 1.386931167 -0.096816490 0.319073577 0.022726974 0.942497801
44.269546000 -0.637037269 -1.501800309 1.348971955 -0.082744645 0.320936810 0.025689593 0.943129330
44.369396000 -0.632727429 -1.478038732 1.309680780 -0.060065122 0.322036557 0.031888658 0.944281606
44.469167000 -0.625320150 -1.460779709 1.278676408 -0.045389340 0.322412985 0.030323807 0.945023884
44.568919000 -0.610236757 -1.445744774 1.228882392 -0.041025585 0.317464016 0.036207090 0.946690312
44.668788000 -0.598386111 -1.437579785 1.188340835 -0.037347386 0.311281547 0.038404922 0.948806636
44.768813000 -0.587162790 -1.429845798 1.148546022 -0.036736358 0.304696700 0.036895525 0.951025279
44.868986000 -0.579682056 -1.423536683 1.117744773 -0.035837468 0.297113037 0.035459207 0.953510442
44.969189000 -0.569124778 -1.423043437 1.078564831 -0.033994759 0.288736608 0.032639880 0.956247962
45.069266000 -0.560585743 -1.427486143 1.040168768 -0.032860603 0.278455970 0.030484418 0.959402498
45.169179000 -0.558080303 -1.423035929 1.014531802 -0.033175396 0.268171872 0.024896006 0.962477755
45.268828000 -0.552695483 -1.419394053 0.991612101 -0.033408657 0.257557838 0.022464172 0.965423836
45.368506000 -0.550130499 -1.426284911 0.964424862 -0.032715211 0.248974887 0.018626519 0.967778008
45.468131000 -0.545389207 -1.433005077 0.931459181 -0.031481530 0.243217467 0.013822642 0.969362219
45.567776000 -0.538606512 -1.425964197 0.908979901 -0.030341729 0.240404857 0.006317125 0.970177807
45.667448000 -0.540557272 -1.425027292 0.887180533 -0.029208026 0.238253247 -0.002595501 0.970760292
45.766920000 -0.541861628 -1.402309981 0.893492359 -0.025823183 0.237337850 -0.014700490 0.970972607
45.866278000 -0.540058743 -1.381798489 0.878548208 -0.022787754 0.233390833 -0.020910620 0.971891035
45.965682000 -0.507342180 -1.343238680 0.860360419 -0.022229754 0.230402669 -0.028798400 0.972415087
46.065404000 -0.519540782 -1.316342189 0.877779334 -0.020790845 0.223675112 -0.033292823 0.973873078
46.165512000 -0.502896221 -1.274721166 0.889531803 -0.020751173 0.218179556 -0.039548424 0.974886143
46.265836000 -0.471921324 -1.239072431 0.902432062 -0.020674214 0.212210079 -0.043000834 0.976058598
46.366343000 -0.440008425 -1.199699030 0.929282926 -0.026347912 0.199614193 -0.025653754 0.979184276
46.467036000 -0.398835663 -1.164841354 0.949287131 -0.029332390 0.189301093 -0.012186527 0.981405215
46.567884000 -0.360815017 -1.129871175 0.973497827 -0.030947761 0.183385484 -0.007018906 0.982528745
46.668621000 -0.320168897 -1.105424640 0.985188805 -0.030322096 0.179461796 -0.004011072 0.983289350
46.769288000 -0.290777245 -1.070485878 1.020105667 -0.030594811 0.176557985 -0.004040450 0.983806338
46.869895000 -0.257831249 -1.054228143 1.034311892 -0.029902276 0.171909830 -0.001357275 0.984657820
46.970326000 -0.228792112 -1.033105083 1.050117096 -0.029008492 0.167890864 -0.002316062 0.985375969
47.070459000 -0.192683813 -1.003364477 1.067990189 -0.028571538 0.164512504 -0.003868172 0.985953518
47.170429000 -0.161028082 -0.982118808 1.093385693 -0.028328099 0.160874294 -0.004211010 0.986559298
47.270158000 -0.129168452 -0.967303872 1.110940283 -0.028091852 0.158174681 -0.005130605 0.986998123
47.369747000 -0.101586245 -0.959215804 1.136410615 -0.054387398 0.156432545 -0.010705839 0.986131966
47.469505000 -0.071749536 -0.944753642 1.155620894 -0.072742832 0.155564107 -0.014376183 0.985038890
47.569471000 -0.038809679 -0.933911584 1.156123654 -0.072560567 0.155363440 -0.016302807 0.985054001
47.669603000 -0.002458511 -0.916901566 1.143996434 -0.070159926 0.154873231 -0.015197313 0.985322743
47.769783000 0.032107864 -0.901121653 1.137959113 -0.062221914 0.155599940 -0.015903449 0.985730274
47.870032000 0.069396476 -0.881897186 1.121102997 -0.044217311 0.155508221 -0.012072089 0.986770636
47.970032000 0.108863069 -0.863730436 1.099286528 -0.031791494 0.155772909 -0.009580386 0.987234682
48.069910000 0.146244468 -0.851085990 1.081183297 -0.026415544 0.156463433 -0.008226408 0.987296176
48.169874000 0.183545564 -0.836388247 1.058456415 -0.023922610 0.156846041 -0.006905866 0.987309140
48.269804000 0.220214953 -0.820510459 1.034325304 -0.021030795 0.157872585 -0.007604587 0.987206221
48.369722000 0.243647086 -0.808563057 1.029238717 -0.020057863 0.157990092 -0.006598361 0.987214908
48.469566000 0.268068598 -0.791266379 1.028312018 -0.021184209 0.158207914 -0.004799336 0.987166881
48.569487000 0.308688172 -0.777365471 0.984217379 -0.021189277 0.158100238 -0.000009966 0.987195689
48.669436000 0.323720548 -0.779382235 0.931858249 -0.018801230 0.153028191 0.000566710 0.988042795
48.769342000 0.354937916 -0.753108100 0.868936656 -0.019411894 0.147793122 0.003686669 0.988820904
48.869187000 0.384950135 -0.719805083 0.812073937 -0.021922476 0.142032441 0.007182930 0.989593147
48.969029000 0.412262255 -0.709465598 0.808058136 -0.032350842 0.136003168 0.016935888 0.990035220
49.068816000 0.433579224 -0.692596270 0.798957887 -0.044474742 0.130264450 0.020541648 0.990268252
49.168604000 0.449472399 -0.682825103 0.783716255 -0.045575236 0.125572550 0.017766063 0.990877792
49.268411000 0.448231532 -0.651472391 0.758442542 -0.038180586 0.120743318 0.009065064 0.991907818
49.368362000 0.461393669 -0.627724097 0.716795464 -0.028510113 0.116716061 -0.003486320 0.992749908
49.468347000 0.470840652 -0.616059263 0.695723150 -0.024528216 0.112161969 -0.007556323 0.993358425
49.568317000 0.478471742 -0.593900715 0.666463801 -0.024202584 0.105787420 -0.011420749 0.994028583
49.668297000 0.488084339 -0.593429913 0.648882983 -0.023495381 0.101310130 -0.011817578 0.994507199
49.768135000 0.511867621 -0.584150762 0.608241939 -0.020870225 0.098222302 -0.015990048 0.994817135
49.867884000 0.532939860 -0.575073753 0.558852152 -0.019501812 0.093345732 -0.018151911 0.995277229
49.967717000 0.569005879 -0.559269405 0.474908140 -0.016788092 0.088102769 -0.018286476 0.995802022
50.067763000 0.584483301 -0.546996669 0.447349947 -0.017155527 0.083823859 -0.018660197 0.996158143
50.167982000 0.609003804 -0.526608321 0.390819881 -0.015658896 0.079007185 -0.017846473 0.996591274
50.268112000 0.622085712 -0.517556755 0.366830322 -0.017741090 0.075679820 -0.018350696 0.996805433
50.368185000 0.644829482 -0.507259898 0.329369643 -0.020123283 0.073500356 -0.017193524 0.996943897
50.468238000 0.667788241 -0.503794890 0.291146925 -0.026215805 0.071759381 -0.015067092 0.996963543
50.568256000 0.686921125 -0.488856490 0.292040117 -0.029829658 0.071498347 -0.017500027 0.996840974
50.668190000 0.706310580 -0.474268236 0.263507979 -0.030992184 0.069966528 -0.015115282 0.996953207
50.768079000 0.759863122 -0.484356618 0.191263641 -0.027607133 0.069172826 -0.006741893 0.997199836
50.867877000 0.786435792 -0.500412902 0.123469388 -0.021292914 0.064428586 -0.001271677 0.997694318
50.967612000 0.842955863 -0.509249225 0.025556386 -0.018548031 0.056358973 0.019907386 0.998039745
51.067357000 0.887598002 -0.527996097 -0.057277144 -0.019556833 0.048242495 0.038892080 0.997886566
51.167310000 0.903097867 -0.513273121 -0.080509685 -0.013774348 0.042268014 0.042811057 0.998093631
51.267401000 0.906814028 -0.473824992 -0.096031714 -0.010804439 0.037608890 0.035879121 0.998589768
51.367681000 0.912848720 -0.451102551 -0.115543480 0.003525647 0.034571333 0.024575209 0.999093815
51.467974000 0.919921681 -0.420725530 -0.136666563 0.009047900 0.030215297 0.019642823 0.999309427
51.568194000 0.932547455 -0.407826629 -0.168995028 0.014052151 0.025807814 0.017505776 0.999414850
51.668372000 0.941035817 -0.411411510 -0.191194089 0.017607128 0.021121184 0.028158158 0.999225201
51.768346000 0.945542943 -0.369948094 -0.209851508 0.016540715 0.014164939 0.039739535 0.998972737
51.868299000 0.947329547 -0.353807789 -0.229716528 0.022595130 0.010468482 0.031850123 0.999182386
51.968178000 0.950770191 -0.319291572 -0.254873169 0.025511605 0.008504596 0.021077345 0.999416117
52.068025000 0.956686742 -0.293370741 -0.293513377 0.032856873 0.003079754 0.015631343 0.999333079
52.168102000 0.957039377 -0.289829662 -0.339091322 0.035093307 -0.003248828 0.020333629 0.999171881
52.268194000 0.952531949 -0.273886099 -0.346646510 0.020666861 -0.011550280 0.029791288 0.999275713
52.368471000 0.961040282 -0.264594568 -0.390364796 0.027671995 -0.008649647 0.012509439 0.999501355
52.468778000 0.970959373 -0.252198251 -0.420048844 0.031793348 -0.006057072 0.011760692 0.999406915
52.568812000 0.949851287 -0.235087693 -0.397119618 0.030106296 -0.001891448 0.003236484 0.999539673
52.668737000 0.962926140 -0.199246622 -0.416330377 0.021704490 0.006658622 -0.006515698 0.999721023
52.768639000 0.980562905 -0.197741736 -0.400856931 0.021800597 0.010098960 -0.010561502 0.999655540
52.868694000 0.997484441 -0.200499767 -0.368698602 0.019108435 0.030594295 -0.067280941 0.997081808
52.968728000 1.007423027 -0.202535584 -0.403834375 0.020759007 0.027644483 -0.044765075 0.998399186
53.068629000 1.021546198 -0.199477944 -0.455157270 0.022302877 0.021395778 -0.018864336 0.999344255
53.168697000 1.023918544 -0.196098648 -0.515720030 0.023959623 0.016907086 -0.011223919 0.999506934
53.268685000 1.025630063 -0.195685081 -0.522489231 0.024494563 0.012558081 -0.006055865 0.999602740
53.368638000 1.025187743 -0.195788712 -0.559775392 0.023749497 0.008476605 -0.001591935 0.999680736
53.468580000 1.017157551 -0.195748356 -0.568224618 0.024013439 0.005224466 0.001721604 0.999696502
53.568413000 1.004009890 -0.200496827 -0.538273988 0.023111310 0.001634080 0.007286059 0.999705012
53.668323000 0.986192328 -0.225015427 -0.522149192 0.029840312 -0.000542595 0.002696305 0.999550895
53.768239000 0.978783460 -0.263878164 -0.542806006 0.039811091 -0.004304921 -0.000930207 0.999197518
53.868016000 0.962526585 -0.339737104 -0.611298852 0.057047223 -0.010521044 0.003435464 0.998310132
53.967777000 0.956599406 -0.411027337 -0.631070318 0.074600240 -0.015309440 0.018400064 0.996926207
54.067678000 0.959974861 -0.543652033 -0.658953917 0.105777008 -0.012317012 0.022101859 0.994067917
54.167824000 0.976755075 -0.622510703 -0.681513206 0.120789371 -0.007185428 0.023143360 0.992382327
54.268077000 0.957830808 -0.628150117 -0.580577069 0.114305583 -0.007278924 0.003715417 0.993412023
54.368587000 0.942906725 -0.605946527 -0.471084919 0.109557691 -0.003250084 -0.004050021 0.993966874
54.469023000 0.944877771 -0.606261617 -0.426028704 0.111213028 0.005004912 0.005131173 0.993770740
54.569235000 0.954142653 -0.629286624 -0.555607268 0.121311219 0.021130171 0.017298022 0.992238823
54.668973000 0.951471347 -0.632388189 -0.554555352 0.121239731 0.017970854 0.016598200 0.992321760
54.769583000 0.960873769 -0.633772598 -0.605740164 0.123504966 0.020046026 0.013978409 0.992042985
54.869942000 0.952165012 -0.635104342 -0.597597749 0.126477291 0.019802765 0.016512532 0.991634349
54.969943000 0.975528223 -0.636204246 -0.637116244 0.128705708 0.021497542 0.018659228 0.991274195
55.069491000 0.986746077 -0.642593639 -0.651579316 0.131045353 0.024711927 0.018583171 0.990894092
55.168727000 0.981280225 -0.642401628 -0.628180037 0.131239045 0.023261152 0.020572613 0.990864269
55.267736000 0.981280225 -0.642401628 -0.628180037 0.131239045 0.023261152 0.020572613 0.990864269
55.366791000 0.981280225 -0.642401628 -0.628180037 0.131239045 0.023261152 0.020572613 0.990864269
55.466039000 0.981280225 -0.642401628 -0.628180037 0.131239045 0.023261152 0.020572613 0.990864269
55.565571000 0.981280225 -0.642401628 -0.628180037 0.131239045 0.023261152 0.020572613 0.990864269
55.665409000 0.981280225 -0.642401628 -0.628180037 0.131239045 0.023261152 0.020572613 0.990864269
55.765523000 0.987754344 -0.642511511 -0.632595750 0.131205832 0.024460605 0.020603654 0.990839138
55.865850000 0.987754344 -0.642511511 -0.632595750 0.131205832 0.024460605 0.020603654 0.990839138
55.966209000 0.972064148 -0.648822254 -0.650926117 0.130026815 0.023098141 0.021844966 0.991000656
56.066512000 0.960072987 -0.642340714 -0.665044480 0.129529728 0.022593346 0.023192338 0.991046773
56.166955000 0.960072987 -0.642340714 -0.665044480 0.129529728 0.022593346 0.023192338 0.991046773
56.267250000 0.960072987 -0.642340714 -0.665044480 0.129529728 0.022593346 0.023192338 0.991046773
56.367372000 0.960072987 -0.642340714 -0.665044480 0.129529728 0.022593346 0.023192338 0.991046773
56.467305000 0.987156241 -0.651164521 -0.669501153 0.130589275 0.024289948 0.022979761 0.990872530
56.567132000 0.987156241 -0.651164521 -0.669501153 0.130589275 0.024289948 0.022979761 0.990872530
56.666955000 0.987156241 -0.651164521 -0.669501153 0.130589275 0.024289948 0.022979761 0.990872530
56.766748000 0.987156241 -0.651164521 -0.669501153 0.130589275 0.024289948 0.022979761 0.990872530
56.866520000 0.987156241 -0.651164521 -0.669501153 0.130589275 0.024289948 0.022979761 0.990872530
56.966354000 0.987156241 -0.651164521 -0.669501153 0.130589275 0.024289948 0.022979761 0.990872530
