0.065342000 -0.417165876 -0.019701004 0.073248307 -0.018402089 0.012311896 -0.025563995 0.999427968
0.165343000 -0.417165876 -0.019701004 0.073248307 -0.018402089 0.012311896 -0.025563995 0.999427968
0.265258000 -0.417165876 -0.019701004 0.073248307 -0.018402089 0.012311896 -0.025563995 0.999427968
0.365208000 -0.417165876 -0.019701004 0.073248307 -0.018402089 0.012311896 -0.025563995 0.999427968
0.465196000 -0.417165876 -0.019701004 0.073248307 -0.018402089 0.012311896 -0.025563995 0.999427968
0.565255000 -0.417165876 -0.019701004 0.073248307 -0.018402089 0.012311896 -0.025563995 0.999427968
0.665338000 -0.417165876 -0.019701004 0.073248307 -0.018402089 0.012311896 -0.025563995 0.999427968
0.765444000 -0.417165876 -0.019701004 0.073248307 -0.018402089 0.012311896 -0.025563995 0.999427968
0.865505000 -0.417165876 -0.019701004 0.073248307 -0.018402089 0.012311896 -0.025563995 0.999427968
0.965496000 -0.417165876 -0.019701004 0.073248307 -0.018402089 0.012311896 -0.025563995 0.999427968
1.065447000 -0.417165876 -0.019701004 0.073248307 -0.018402089 0.012311896 -0.025563995 0.999427968
1.165457000 -0.417165876 -0.019701004 0.073248307 -0.018402089 0.012311896 -0.025563995 0.999427968
1.265385000 -0.417165876 -0.019701004 0.073248307 -0.018402089 0.012311896 -0.025563995 0.999427968
1.365333000 -0.417165876 -0.019701004 0.073248307 -0.018402089 0.012311896 -0.025563995 0.999427968
1.465337000 -0.417165876 -0.019701004 0.073248307 -0.018402089 0.012311896 -0.025563995 0.999427968
1.565355000 -0.417165876 -0.019701004 0.073248307 -0.018402089 0.012311896 -0.025563995 0.999427968
1.665394000 -0.417165876 -0.019701004 0.073248307 -0.018402089 0.012311896 -0.025563995 0.999427968
1.765431000 -0.417165876 -0.019701004 0.073248307 -0.018402089 0.012311896 -0.025563995 0.999427968
1.865431000 -0.417165876 -0.019701004 0.073248307 -0.018402089 0.012311896 -0.025563995 0.999427968
1.965417000 -0.417165876 -0.019701004 0.073248307 -0.018402089 0.012311896 -0.025563995 0.999427968
2.065379000 -0.417165876 -0.019701004 0.073248307 -0.018402089 0.012311896 -0.025563995 0.999427968
2.165472000 -0.417165876 -0.019701004 0.073248307 -0.018402089 0.012311896 -0.025563995 0.999427968
2.265517000 -0.417165876 -0.019701004 0.073248307 -0.018402089 0.012311896 -0.025563995 0.999427968
2.365615000 -0.417165876 -0.019701004 0.073248307 -0.018402089 0.012311896 -0.025563995 0.999427968
2.465688000 -0.417165876 -0.019701004 0.073248307 -0.018402089 0.012311896 -0.025563995 0.999427968
2.565694000 -0.417165876 -0.019701004 0.073248307 -0.018402089 0.012311896 -0.025563995 0.999427968
2.665626000 -0.417165876 -0.019701004 0.073248307 -0.018402089 0.012311896 -0.025563995 0.999427968
2.765480000 -0.417165876 -0.019701004 0.073248307 -0.018402089 0.012311896 -0.025563995 0.999427968
2.865305000 -0.417379406 -0.017037399 0.073668941 -0.018798139 0.012578460 -0.025948874 0.999407359
2.965135000 -0.416970051 -0.010707415 0.078173837 -0.019414295 0.012955002 -0.026818070 0.999367822
3.065036000 -0.437387191 -0.008208145 0.092332893 -0.019773075 0.011403549 -0.028111917 0.999344137
3.165080000 -0.446904721 -0.012476876 0.105034029 -0.019701223 0.010478985 -0.028716823 0.999338480
3.265104000 -0.451626842 -0.000369425 0.103668311 -0.020824793 0.010420172 -0.029138504 0.999304106
3.365186000 -0.455831345 0.009472195 0.093870393 -0.021446513 0.010825218 -0.029905505 0.999263990
3.465288000 -0.458838999 0.014939047 0.099063250 -0.022490482 0.011021126 -0.030319433 0.999226423
3.565400000 -0.458838999 0.014939047 0.099063250 -0.022490482 0.011021126 -0.030319433 0.999226423
3.665486000 -0.458838999 0.014939047 0.099063250 -0.022490482 0.011021126 -0.030319433 0.999226423
3.765567000 -0.458838999 0.014939047 0.099063250 -0.022490482 0.011021126 -0.030319433 0.999226423
3.865595000 -0.456951084 0.017359025 0.106260196 -0.022808121 0.010755066 -0.030023558 0.999231056
3.965591000 -0.455790636 0.017776673 0.110397351 -0.022944087 0.010699710 -0.029873087 0.999233048
4.065531000 -0.453849033 0.017669970 0.122484573 -0.022706978 0.010594408 -0.029437424 0.999252516
4.165534000 -0.449888277 0.033067373 0.120214151 -0.023686872 0.011282314 -0.030105025 0.999202346
4.265424000 -0.449345886 0.042192297 0.123991277 -0.024895628 0.011875751 -0.029744331 0.999176886
4.365315000 -0.449345886 0.042192297 0.123991277 -0.024895628 0.011875751 -0.029744331 0.999176886
4.465255000 -0.443874485 0.043957165 0.125498961 -0.025582826 0.011965254 -0.029547314 0.999164305
4.565249000 -0.443874485 0.043957165 0.125498961 -0.025582826 0.011965254 -0.029547314 0.999164305
4.665313000 -0.443874485 0.043957165 0.125498961 -0.025582826 0.011965254 -0.029547314 0.999164305
4.765391000 -0.439880455 0.040796972 0.133011291 -0.025691944 0.010623517 -0.028220728 0.999215020
4.865516000 -0.417470655 0.038357075 0.124984688 -0.025265440 0.012798609 -0.026209595 0.999255178
4.965507000 -0.409288045 0.034664846 0.115193885 -0.023644933 0.014792109 -0.028496972 0.999204700
5.065643000 -0.413885050 0.033611906 0.120003476 -0.023874243 0.013684694 -0.028533784 0.999213978
5.165951000 -0.416568223 0.029209611 0.127296205 -0.022819883 0.013863349 -0.030129976 0.999189294
5.266121000 -0.417620965 0.026412420 0.121963571 -0.022267570 0.012921291 -0.029326250 0.999238293
5.366190000 -0.422850877 0.032280762 0.115932269 -0.022651809 0.010194763 -0.029436380 0.999257956
5.466203000 -0.410688734 0.036643810 0.131198354 -0.022590941 0.009727417 -0.028918040 0.999279127
5.566125000 -0.437259671 0.037198811 0.170935183 -0.025540868 0.003085641 -0.029314023 0.999239126
5.666080000 -0.441155466 0.032848208 0.219142656 -0.028936689 -0.006614308 -0.025896236 0.999223851
5.766098000 -0.439975261 0.007894037 0.256096228 -0.028918579 -0.014871221 -0.024506332 0.999170657
5.866079000 -0.435727007 -0.002369921 0.276993650 -0.028598165 -0.019906765 -0.026975963 0.999028610
5.966076000 -0.443687465 -0.007923359 0.293879178 -0.028466159 -0.027846651 -0.028491898 0.998800507
6.066371000 -0.461578335 -0.032202848 0.324782789 -0.024844604 -0.035714351 -0.030300422 0.998593569
6.167130000 -0.471189048 -0.052743102 0.368837752 -0.022043658 -0.041708301 -0.033723141 0.998317206
6.267914000 -0.476624787 -0.079986239 0.423297136 -0.019534678 -0.043288524 -0.033058695 0.998324408
6.368629000 -0.478066635 -0.077432076 0.421815874 -0.023654481 -0.043709689 -0.037034729 0.998077330
6.469516000 -0.474122199 -0.089588640 0.434041593 -0.026378834 -0.043682119 -0.039058755 0.997933086
6.570368000 -0.469606145 -0.109203558 0.433675751 -0.028280010 -0.042568167 -0.043026612 0.997765956
6.670993000 -0.460986304 -0.128643753 0.456585190 -0.035431593 -0.034935777 -0.056913236 0.997138394
6.771279000 -0.458500073 -0.184721457 0.456090795 -0.036519445 -0.030852921 -0.061630648 0.996953404
6.871285000 -0.458059613 -0.176134020 0.510552735 -0.044666483 -0.032935747 -0.054297355 0.996981414
6.971115000 -0.454609533 -0.169212120 0.535433660 -0.052407103 -0.033968132 -0.049003270 0.996844191
7.070994000 -0.439414145 -0.204544807 0.542741642 -0.054882523 -0.033941485 -0.046911026 0.996812540
7.171136000 -0.424525037 -0.249770696 0.554682207 -0.056145181 -0.033169704 -0.045688593 0.996824981
7.271368000 -0.421210843 -0.271404981 0.576648747 -0.060051620 -0.033274012 -0.046755842 0.996544296
7.371613000 -0.418755094 -0.317131014 0.585039730 -0.061852971 -0.033050521 -0.047274209 0.996417093
7.471789000 -0.416968233 -0.368049134 0.592114348 -0.089958764 -0.033699395 -0.046135730 0.994305419
7.571761000 -0.415597812 -0.416984560 0.601415810 -0.113348470 -0.033963192 -0.047265841 0.991849064
7.671541000 -0.419308918 -0.457167978 0.612444262 -0.117201330 -0.031677273 -0.055205238 0.991066486
7.771162000 -0.406963353 -0.482994960 0.609834494 -0.108461920 -0.030657010 -0.054423006 0.992136229
7.870738000 -0.412529550 -0.503311975 0.603503549 -0.097867033 -0.031811486 -0.051798338 0.993341334
7.970470000 -0.408326692 -0.521133350 0.574279024 -0.086308851 -0.031378461 -0.048584356 0.994588224
8.070540000 -0.397070789 -0.543101434 0.569129177 -0.071911114 -0.030108565 -0.047349293 0.995831467
8.170917000 -0.402603095 -0.567008833 0.541699489 -0.063665183 -0.030061748 -0.047435046 0.996389960
8.271215000 -0.413312839 -0.588958641 0.511590851 -0.061954503 -0.031049831 -0.048069757 0.996437076
8.371414000 -0.438830086 -0.618365635 0.539936602 -0.057536836 -0.033583223 -0.054187081 0.996305897
8.471664000 -0.446893075 -0.644205152 0.512936666 -0.046485609 -0.029808856 -0.064705804 0.996375270
8.571804000 -0.463348852 -0.677693016 0.486754120 -0.036706265 -0.027599472 -0.074566331 0.996158010
8.671731000 -0.453462201 -0.684279174 0.483757731 -0.038697950 -0.027670093 -0.073639415 0.996149623
8.771611000 -0.446299631 -0.709700368 0.497340762 -0.039925020 -0.032810851 -0.062832016 0.996685296
8.871588000 -0.439077703 -0.749501819 0.492255317 -0.040963322 -0.036539516 -0.056210157 0.996908867
8.971692000 -0.425916844 -0.783837717 0.490301763 -0.042971466 -0.038088920 -0.052263731 0.996981038
9.071848000 -0.420119797 -0.828885531 0.496362435 -0.048478194 -0.039697294 -0.051094324 0.996726321
9.171938000 -0.418289910 -0.874244032 0.499027153 -0.048191941 -0.041248130 -0.051122664 0.996675776
9.271789000 -0.399434411 -0.912526868 0.507259732 -0.048876401 -0.039736965 -0.052533343 0.996630483
9.371429000 -0.387142727 -0.963475536 0.515013200 -0.045211209 -0.038736034 -0.052431367 0.996848242
9.471095000 -0.373438908 -1.007419572 0.531259617 -0.044994184 -0.037597379 -0.051732660 0.996938159
9.570960000 -0.371649260 -1.065459207 0.552768458 -0.050242381 -0.038528297 -0.052138610 0.996630743
9.670957000 -0.362943079 -1.118805822 0.576649017 -0.055204665 -0.038282275 -0.052039148 0.996382878
9.770914000 -0.357956896 -1.170081169 0.602497074 -0.056096744 -0.037964163 -0.052274704 0.996332893
9.870697000 -0.354695303 -1.229981151 0.627670835 -0.057500903 -0.036267720 -0.056306644 0.996096311
9.970450000 -0.354079075 -1.283276967 0.660732292 -0.058947639 -0.033130796 -0.064745420 0.995608134
10.070385000 -0.351998924 -1.336531953 0.696615033 -0.063291589 -0.025809716 -0.084709350 0.994058529
10.170543000 -0.344330192 -1.368601506 0.733783899 -0.069736686 -0.015825275 -0.111386088 0.991201036
10.270761000 -0.328217147 -1.424335625 0.769332468 -0.068179528 -0.008659004 -0.127716610 0.989426622
10.370965000 -0.281378703 -1.448473592 0.808759650 -0.069435172 -0.005735833 -0.119643699 0.990369245
10.471059000 -0.228041172 -1.467020093 0.851666777 -0.067421699 -0.004588931 -0.102681129 0.992416164
10.570878000 -0.164476887 -1.477191128 0.903629685 -0.065757432 -0.006903836 -0.078831181 0.994692888
10.670534000 -0.101667114 -1.485073662 0.946147454 -0.066219303 -0.013139754 -0.055931857 0.996149576
10.770210000 -0.047669286 -1.489626799 0.983506994 -0.066057554 -0.017787184 -0.046761750 0.996560763
10.869948000 0.011592433 -1.493347130 1.040474092 -0.065840351 -0.022319625 -0.044261023 0.996598136
10.969808000 0.072283396 -1.499363280 1.093284719 -0.065781659 -0.026742915 -0.044894805 0.996464774
11.069763000 0.126382771 -1.514886969 1.136687801 -0.064965601 -0.030469789 -0.047896019 0.996271566
11.169931000 0.171060005 -1.527467663 1.183626237 -0.065286292 -0.034662581 -0.049445303 0.996037834
11.269947000 0.232146701 -1.556428479 1.238793766 -0.064142027 -0.036917063 -0.050327557 0.995986982
11.369887000 0.263896682 -1.577419718 1.259586755 -0.063504574 -0.038739918 -0.050406651 0.995954596
11.469670000 0.310158093 -1.602964962 1.302011282 -0.063597250 -0.038030617 -0.050783883 0.995956856
11.569473000 0.357186391 -1.621813291 1.348002930 -0.063446450 -0.035804718 -0.045264803 0.996315044
11.669295000 0.403386011 -1.642039857 1.388921234 -0.067823686 -0.037721521 -0.027771062 0.996597111
11.769154000 0.429312535 -1.651055235 1.448703747 -0.069598188 -0.034036422 -0.024649413 0.996689531
11.869126000 0.460153584 -1.662672238 1.502351534 -0.068648562 -0.026117886 -0.027985084 0.996906247
11.969080000 0.481794563 -1.677250751 1.541792137 -0.066371180 -0.016857115 -0.033236927 0.997098797
12.069056000 0.491825994 -1.684483644 1.577046002 -0.065785598 -0.010528534 -0.034346178 0.997186916
12.169159000 0.505771170 -1.694546567 1.608447740 -0.071733902 -0.005282673 -0.034060752 0.996828072
12.269086000 0.523866351 -1.700827070 1.652238258 -0.082429697 -0.001935216 -0.034732809 0.995989574
12.369185000 0.529882393 -1.703832008 1.672850512 -0.091564089 -0.001399466 -0.034458707 0.995201817
12.469487000 0.537285970 -1.711036582 1.705738092 -0.080835528 -0.001224844 -0.035890668 0.996080307
12.569817000 0.558980461 -1.717420678 1.736741134 -0.071550304 -0.000462191 -0.036390663 0.996772823
12.670282000 0.573204685 -1.738976861 1.768134340 -0.065420465 -0.000457701 -0.038347617 0.997120561
12.770842000 0.585627015 -1.746119276 1.801474189 -0.064499510 -0.001439323 -0.036560864 0.997246732
12.871327000 0.590828914 -1.768445752 1.810903928 -0.065326006 -0.003327315 -0.036986101 0.997172738
12.971634000 0.600510999 -1.778462679 1.838129345 -0.065874615 -0.004423986 -0.037479145 0.997113974
13.071809000 0.627898611 -1.787829403 1.868194997 -0.068338383 -0.003397605 -0.037040730 0.996968558
13.171960000 0.633503647 -1.801905872 1.896783203 -0.068445301 -0.006185060 -0.034552643 0.997037161
13.271925000 0.637762311 -1.818939709 1.930397031 -0.069856535 -0.006323950 -0.042214665 0.996643364
13.371883000 0.655098946 -1.816835908 1.996371138 -0.072168336 -0.005269146 -0.044337207 0.996392583
13.471768000 0.664399532 -1.827460602 2.036134794 -0.072280406 -0.009326133 -0.031919590 0.996829828
13.571604000 0.673291670 -1.852938597 2.062921247 -0.072605039 -0.010817811 -0.027809486 0.996914297
13.671390000 0.678135925 -1.873937156 2.091768629 -0.071931483 -0.011871653 -0.022881600 0.997076405
13.771060000 0.679263616 -1.898960689 2.112929797 -0.072310903 -0.011266064 -0.022115795 0.997073267
13.870733000 0.692361366 -1.921408608 2.137741372 -0.070958044 -0.009015805 -0.021138025 0.997214548
13.970369000 0.717129787 -1.934558162 2.141596125 -0.065107487 -0.004900382 -0.018503246 0.997694658
14.070028000 0.729070423 -1.955894284 2.166573881 -0.061217028 -0.000947669 -0.018004659 0.997961627
14.169973000 0.722200453 -1.953839227 2.203609598 -0.062317733 0.001257038 -0.014247255 0.997953875
14.270000000 0.731599950 -1.987428681 2.245301273 -0.066108996 0.006230653 -0.013089119 0.997707099
14.370138000 0.727568643 -2.012649611 2.285611978 -0.073348574 0.011117100 -0.010187479 0.997192365
14.470316000 0.723854214 -2.033897316 2.328965834 -0.075930949 0.017214533 -0.009002330 0.996923823
14.570361000 0.719973610 -2.057279268 2.371084938 -0.078182104 0.023788516 -0.005794967 0.996638392
14.670168000 0.715414056 -2.069490996 2.420638511 -0.079212240 0.030614773 -0.001332937 0.996386662
14.769977000 0.707407123 -2.085533968 2.463218530 -0.079993139 0.038566922 -0.000120140 0.996049033
14.869916000 0.696525181 -2.099647795 2.493043014 -0.085122415 0.045309443 0.001528129 0.995338582
14.970099000 0.693937052 -2.108363583 2.554233899 -0.099532618 0.050999864 0.003198596 0.993721309
15.070584000 0.679093929 -2.127266170 2.583447915 -0.107075090 0.053541115 0.006133728 0.992789329
15.171197000 0.668937448 -2.146545809 2.615245685 -0.112289029 0.056358178 0.006801248 0.992052757
15.271608000 0.658799901 -2.173540746 2.635443076 -0.114296085 0.060828582 0.006163904 0.991563561
15.371633000 0.650291304 -2.195039347 2.643452475 -0.112261054 0.064679953 0.013520214 0.991479280
15.471121000 0.642372039 -2.201355425 2.657300572 -0.108514218 0.065377492 0.033253070 0.991385234
15.570258000 0.630516389 -2.215503469 2.657820033 -0.103839181 0.072276984 0.038958403 0.991199125
15.669549000 0.605372976 -2.220515949 2.646391491 -0.103522168 0.079299425 0.045517402 0.990415533
15.769314000 0.578938458 -2.198517900 2.670430317 -0.107977495 0.087529335 0.050494716 0.989004429
15.869533000 0.551343290 -2.193866114 2.666364740 -0.108667709 0.097093709 0.053660829 0.987868744
15.970106000 0.521149655 -2.183861817 2.669878307 -0.111195378 0.106437331 0.056526455 0.986464111
16.070691000 0.480071846 -2.178587627 2.646185358 -0.111866616 0.112124638 0.058297334 0.985654781
16.171177000 0.424008020 -2.157963053 2.627184375 -0.109251592 0.117266523 0.052705828 0.985664622
16.271372000 0.380823123 -2.141960630 2.622695294 -0.100590391 0.124342197 0.042330580 0.986219404
16.371544000 0.320224279 -2.121096557 2.580895768 -0.092678133 0.127484268 0.036248493 0.986835636
16.471676000 0.274544876 -2.108438473 2.544446407 -0.087860193 0.130296909 0.032879367 0.987026975
16.571591000 0.224210057 -2.098554837 2.515353091 -0.086129361 0.131799891 0.032398425 0.986995878
16.671364000 0.181567043 -2.109856573 2.485627876 -0.082630311 0.133773286 0.031481554 0.987059194
16.771007000 0.138067607 -2.116845158 2.452182884 -0.077699507 0.135761920 0.031027552 0.987202501
16.870416000 0.091895558 -2.123858424 2.414121319 -0.075716116 0.137139683 0.032863548 0.987106764
16.969794000 0.043157772 -2.132971111 2.383700750 -0.075430713 0.138255560 0.034732278 0.986908950
17.069148000 -0.006709959 -2.140663808 2.360256235 -0.075969386 0.139488111 0.037546868 0.986591076
17.168755000 -0.050342254 -2.152625909 2.332673431 -0.076322525 0.142260975 0.038998715 0.986111448
17.268414000 -0.099189938 -2.168692984 2.307999731 -0.076753022 0.145149896 0.038911925 0.985660359
17.368390000 -0.148106218 -2.185486000 2.295073092 -0.077821934 0.146373565 0.041282398 0.985299086
17.468515000 -0.192273428 -2.202076759 2.275530527 -0.080969488 0.136881511 0.058623699 0.985530647
17.568853000 -0.212244968 -2.207425922 2.253435161 -0.080716349 0.133438655 0.057657858 0.986080406
17.669235000 -0.273948554 -2.216967040 2.228913324 -0.079835710 0.128650582 0.047818112 0.987313889
17.769574000 -0.329567608 -2.229790799 2.204010399 -0.079806738 0.126239264 0.036839509 0.988097861
17.869891000 -0.382311371 -2.232763012 2.188149003 -0.079270850 0.124167648 0.031325861 0.988593555
17.970157000 -0.416212696 -2.236812656 2.160173946 -0.079523373 0.120826696 0.026354764 0.989132129
18.070463000 -0.490831101 -2.227733909 2.159625794 -0.079304566 0.113706883 0.013049048 0.990258175
18.170873000 -0.556743730 -2.233819324 2.128262252 -0.096759105 0.112516936 -0.021864616 0.988685771
18.271137000 -0.618583553 -2.247060412 2.107760791 -0.122747792 0.112675158 -0.064121449 0.983933803
18.371118000 -0.632317254 -2.239950685 2.070444226 -0.128677374 0.108836382 -0.081331373 0.982334965
18.470790000 -0.635890583 -2.246340048 2.042771830 -0.125527751 0.097597967 -0.077685706 0.984216618
18.570396000 -0.634043786 -2.242345686 2.011347479 -0.122307464 0.084067305 -0.069781632 0.986460388
18.670004000 -0.618298068 -2.235404944 1.970774512 -0.114675515 0.072289283 -0.056468908 0.989158758
18.769538000 -0.590111571 -2.230095164 1.921612062 -0.098697878 0.060769437 -0.031765991 0.992752097
18.869150000 -0.559407015 -2.223475852 1.875656733 -0.085293035 0.052865978 -0.014777479 0.994842657
18.968958000 -0.524305789 -2.215152464 1.820517150 -0.083348296 0.050548523 -0.009476881 0.995192492
19.068969000 -0.501703115 -2.209009989 1.768346245 -0.080088888 0.049278388 -0.007256032 0.995542445
19.169051000 -0.503275446 -2.214505411 1.728288706 -0.079499241 0.046619515 -0.005947280 0.995726429
19.269261000 -0.494323405 -2.219286346 1.708964552 -0.079249650 0.046538511 -0.004091750 0.995759468
19.369589000 -0.426757582 -2.232961156 1.649470963 -0.078167826 0.051633039 -0.001796596 0.995600619
19.469752000 -0.397462646 -2.229843082 1.607440753 -0.065036133 0.054155810 -0.001152512 0.996411622
19.569611000 -0.377223209 -2.214193674 1.567493481 -0.045329119 0.055665509 0.000294030 0.997419939
19.669091000 -0.366803278 -2.203341992 1.548221564 -0.035131590 0.056532260 0.001086665 0.997781887
19.768578000 -0.353073101 -2.191818348 1.531809483 -0.029729952 0.059233725 -0.004538335 0.997791010
19.868147000 -0.356859842 -2.189370583 1.534603893 -0.033215222 0.063541000 -0.019120057 0.997243057
19.967863000 -0.347447770 -2.191131120 1.537824751 -0.049096572 0.070592414 -0.040990795 0.995452657
20.067791000 -0.327411391 -2.190785855 1.550284255 -0.065646928 0.071097758 -0.040410047 0.994486107
20.168192000 -0.304407420 -2.188582884 1.568148193 -0.074265879 0.067826563 -0.031551825 0.994428790
20.268860000 -0.273203725 -2.188599971 1.583745267 -0.078255124 0.062489323 -0.016108826 0.994842563
20.369665000 -0.242596943 -2.190699851 1.599746218 -0.081698737 0.059579912 -0.008556749 0.994837842
20.470333000 -0.214316304 -2.196182716 1.608181076 -0.081931633 0.058406438 -0.005749836 0.994908456
20.570632000 -0.190824122 -2.203508024 1.616284734 -0.081460792 0.057070202 -0.003395126 0.995035479
20.670779000 -0.155004844 -2.209197186 1.623918734 -0.081857799 0.057229056 -0.002562751 0.994996265
20.770893000 -0.108481641 -2.242635830 1.602885103 -0.078140314 0.060768077 -0.011200898 0.995025563
20.870837000 -0.082512936 -2.257561554 1.605629679 -0.076996580 0.066115418 -0.023335470 0.994563087
20.970675000 -0.055293404 -2.258904594 1.607655852 -0.077800999 0.067762742 -0.028948413 0.994242025
21.070430000 -0.028718063 -2.270730185 1.616024379 -0.079113875 0.063506401 -0.017006800 0.994695280
21.170198000 -0.014363208 -2.274414281 1.623414912 -0.077905118 0.058684252 -0.009117122 0.995190348
21.269832000 0.016464569 -2.293138740 1.637160211 -0.075900359 0.057177974 -0.005249464 0.995460827
21.369358000 0.040538435 -2.301740526 1.653609662 -0.077564715 0.055837354 -0.004737368 0.995411203
21.468779000 0.066380342 -2.322540981 1.666010184 -0.078226490 0.055774415 -0.005210311 0.995360580
21.568150000 0.090630471 -2.332763437 1.683130139 -0.078863365 0.054483038 -0.003163529 0.995390456
21.667843000 0.121157789 -2.351588935 1.707088759 -0.079300235 0.054219547 -0.003421629 0.995369281
21.768285000 0.135509617 -2.367402380 1.730308700 -0.078752814 0.052673410 -0.003222310 0.995496420
21.869213000 0.173743713 -2.382035428 1.739592386 -0.079074700 0.052764355 -0.005111822 0.995458178
21.970125000 0.180138583 -2.388002621 1.784807831 -0.081732808 0.049942788 -0.004294865 0.995392897
22.070867000 0.181084125 -2.405912953 1.787054812 -0.080859695 0.048690953 -0.005949142 0.995517709
22.171290000 0.204389991 -2.425557196 1.803821409 -0.080539622 0.048624063 -0.005790791 0.995547857
22.271212000 0.215240385 -2.435487737 1.829779329 -0.080561825 0.047763805 -0.005911087 0.995586998
22.370789000 0.223559603 -2.430097315 1.858095232 -0.080917070 0.049482458 -0.012798755 0.995409517
22.470085000 0.259555158 -2.445689705 1.891566789 -0.079130229 0.054647515 -0.022274197 0.995116031
22.569302000 0.269876425 -2.433584230 1.922184115 -0.079004599 0.055650610 -0.025338484 0.994997108
22.668604000 0.321469787 -2.433105549 1.954419290 -0.077918701 0.056370567 -0.015551083 0.995243286
22.768067000 0.328411975 -2.411033299 1.991654903 -0.075712843 0.054436985 -0.012923641 0.995558717
22.867767000 0.356014547 -2.398632005 2.029628363 -0.074495410 0.054306631 -0.010842907 0.995682507
22.967781000 0.393753543 -2.406252612 2.056090449 -0.073911328 0.054039799 -0.007807215 0.995768981
23.068008000 0.411286434 -2.411084051 2.064395641 -0.074961653 0.053709348 -0.010189737 0.995686811
23.168587000 0.433913780 -2.400414196 2.122216087 -0.075487798 0.054709488 -0.010139995 0.995593112
23.269240000 0.446098006 -2.403565159 2.166114346 -0.072479615 0.054396063 -0.009576916 0.995839373
23.369691000 0.460014469 -2.398989704 2.162986279 -0.074725810 0.053182972 -0.010138035 0.995733320
23.469929000 0.476012451 -2.397281363 2.200578629 -0.076703740 0.052319370 -0.008455420 0.995644377
23.569977000 0.503755762 -2.403181147 2.244665089 -0.075639882 0.054006408 -0.008887339 0.995631926
23.669884000 0.530447638 -2.400811243 2.292289019 -0.076799521 0.053870794 -0.007011080 0.995565475
23.769756000 0.520453608 -2.396909661 2.322349887 -0.077623571 0.047225786 -0.009027064 0.995822684
23.869706000 0.532569630 -2.408181252 2.344406065 -0.076377949 0.046360788 -0.008311125 0.995965869
23.969792000 0.570281731 -2.412332027 2.361661123 -0.075157761 0.053635224 -0.025077658 0.995412319
24.070009000 0.580319065 -2.408330221 2.383418283 -0.075358806 0.053968265 -0.025706403 0.995363078
24.170146000 0.598176668 -2.406671478 2.427648207 -0.076089212 0.050718048 -0.017098981 0.995663465
24.270024000 0.638120109 -2.397092511 2.477104141 -0.078527115 0.053249188 -0.021001946 0.995267268
24.369690000 0.659189337 -2.394170508 2.502786473 -0.078897700 0.052624300 -0.010368793 0.995438760
24.469281000 0.683296422 -2.380027137 2.548139767 -0.081685978 0.055088297 -0.004211390 0.995125592
24.568896000 0.677387452 -2.374781922 2.547654375 -0.079223615 0.058039090 0.000052820 0.995165856
24.668790000 0.701679191 -2.379646650 2.565266371 -0.078915185 0.064040858 -0.000232598 0.994822149
24.768864000 0.729045481 -2.396348770 2.610854024 -0.079669405 0.070129484 -0.001909664 0.994349533
24.869066000 0.762609953 -2.399515217 2.637192687 -0.077735950 0.076083213 0.000976750 0.994066151
24.969190000 0.758568597 -2.394712331 2.645719830 -0.077852689 0.079535864 0.000032822 0.993787203
25.069130000 0.773312386 -2.409825012 2.670552812 -0.072562683 0.086540118 -0.007988512 0.993570153
25.169165000 0.787087132 -2.407110165 2.723905636 -0.075174113 0.094864494 -0.016831769 0.992505049
25.269221000 0.815439751 -2.419957535 2.776940800 -0.076168647 0.102729418 -0.014925946 0.991676469
25.369382000 0.849772199 -2.425721102 2.832356715 -0.078634693 0.106143165 -0.000910748 0.991236291
25.469698000 0.893656351 -2.454470920 2.905318187 -0.078731093 0.112849720 0.005846569 0.990470683
25.569802000 0.917217738 -2.466481440 2.931891126 -0.078184722 0.119358346 0.009808830 0.989719416
25.669703000 0.946855764 -2.475979149 2.986606890 -0.080445141 0.126590286 0.013062024 0.988601468
25.769513000 0.966502643 -2.496368495 3.013757473 -0.080000404 0.133057109 0.015728776 0.987749132
25.869272000 0.989674153 -2.502371663 3.058876225 -0.081890136 0.140140030 0.020667845 0.986522994
25.969016000 1.022854594 -2.513175864 3.113969789 -0.083176285 0.148631661 0.025253191 0.985064775
26.068870000 1.043453627 -2.526134559 3.154773100 -0.082630442 0.156905909 0.029953890 0.983694826
26.168953000 1.063387189 -2.536967016 3.201373404 -0.083799337 0.164761208 0.037056631 0.982068339
26.268935000 1.087058288 -2.547003024 3.241781906 -0.088941955 0.166418279 0.063925057 0.979952995
26.368785000 1.103446032 -2.557285776 3.291670670 -0.094146262 0.169261875 0.084684667 0.977402377
26.468584000 1.116164944 -2.564466135 3.346398313 -0.105012525 0.171111693 0.105176511 0.973976930
26.568646000 1.112693053 -2.577314040 3.392916981 -0.116153799 0.175130315 0.112017396 0.971231059
26.669111000 1.084934107 -2.579870283 3.389450158 -0.108581477 0.181495590 0.105555073 0.971662256
26.769650000 1.088691926 -2.584929223 3.409343380 -0.098160503 0.194028790 0.090242178 0.971891812
26.869925000 1.038163028 -2.582570934 3.414521739 -0.092735088 0.199583172 0.082563828 0.971982497
26.969909000 1.031047815 -2.606128722 3.414343028 -0.087605777 0.206750993 0.077531966 0.971374309
27.069508000 1.003621479 -2.605474435 3.437991918 -0.083680460 0.215231535 0.065714057 0.970749520
27.168870000 0.968237711 -2.606203128 3.439917505 -0.081983869 0.220843010 0.059413950 0.970039686
27.268083000 0.956324572 -2.599628592 3.452240121 -0.081770593 0.226323974 0.056763652 0.968952484
27.367329000 0.930645883 -2.604914885 3.462018275 -0.080893784 0.230537531 0.055747830 0.968091329
27.466795000 0.915000253 -2.599432423 3.475387554 -0.080749841 0.235090754 0.055384374 0.967028630
27.566623000 0.886936611 -2.599173014 3.479279768 -0.080992528 0.238212249 0.056857894 0.966158535
27.666744000 0.831055017 -2.616528193 3.488510489 -0.081916409 0.239774806 0.057279889 0.965669073
27.767213000 0.800886468 -2.626214019 3.489606627 -0.087625359 0.242657469 0.057922907 0.964408672
27.867856000 0.782615027 -2.643397873 3.494930802 -0.091650511 0.246663992 0.057286183 0.963055218
27.968290000 0.741111798 -2.660301418 3.487577441 -0.096505432 0.248171091 0.057173173 0.962200104
28.068615000 0.695685860 -2.677874878 3.488361077 -0.098169960 0.248451404 0.058158801 0.961900261
28.168965000 0.675948453 -2.694420996 3.460346730 -0.099431312 0.250615827 0.057682808 0.961237648
28.269175000 0.650915404 -2.728150100 3.429044253 -0.101071397 0.252575681 0.054977681 0.960712003
28.369304000 0.617036575 -2.750820642 3.415116996 -0.102517723 0.253107891 0.054854095 0.960425708
28.469326000 0.588931919 -2.779243185 3.404005434 -0.106021124 0.253897187 0.054082150 0.959880649
28.569343000 0.558844383 -2.805879379 3.381161207 -0.111011043 0.254254199 0.053244592 0.959268661
28.669172000 0.535385843 -2.842568722 3.351985208 -0.112314194 0.254905757 0.052366115 0.958992371
28.768920000 0.513932900 -2.876019249 3.312992895 -0.117545925 0.255265843 0.050383559 0.958375606
28.868707000 0.495937873 -2.905115606 3.263604372 -0.128417092 0.255693358 0.046639454 0.957055233
28.968623000 0.477422145 -2.922697559 3.205828095 -0.133325772 0.255433095 0.044513833 0.956554594
29.068623000 0.462332232 -2.928232919 3.153752740 -0.136953015 0.255303900 0.044678416 0.956068841
29.168691000 0.457442961 -2.923207070 3.117537088 -0.138756021 0.256708402 0.043274905 0.955497172
29.268514000 0.461438334 -2.911598562 3.082103345 -0.136381726 0.258578803 0.042612458 0.955364436
29.368196000 0.468548477 -2.888189328 3.033353050 -0.133193223 0.260117008 0.043639053 0.955350376
29.467846000 0.479937159 -2.854472884 2.981718400 -0.130634938 0.261546188 0.042987913 0.955342946
29.567521000 0.491047811 -2.813470427 2.905826296 -0.124463215 0.261735583 0.043728764 0.956081162
29.667203000 0.500472865 -2.767697387 2.838014568 -0.110602798 0.259735852 0.046601929 0.958192344
29.767099000 0.518788397 -2.727337326 2.767505694 -0.101411058 0.257653846 0.049799118 0.959609473
29.867306000 0.545041644 -2.688427408 2.695401157 -0.086317136 0.256042120 0.055739382 0.961189319
29.967630000 0.557888854 -2.657080463 2.609292870 -0.074164969 0.254876907 0.059846392 0.962265935
30.068092000 0.570767974 -2.616241975 2.529162856 -0.053018349 0.256110414 0.067650142 0.962818762
30.168721000 0.575049453 -2.578061703 2.451778029 -0.044620713 0.260191605 0.073260653 0.961739152
30.269151000 0.573128430 -2.544420972 2.386557598 -0.045655994 0.267058482 0.076047002 0.959589574
30.369377000 0.563214777 -2.510999679 2.329416339 -0.063297788 0.275009673 0.074593427 0.956451196
30.469662000 0.545647449 -2.475149074 2.274565189 -0.074600257 0.283259262 0.072709527 0.953368930
30.569919000 0.540463506 -2.444311843 2.227528745 -0.078882962 0.293517851 0.072418392 0.949937011
30.669974000 0.514430483 -2.406765477 2.174028913 -0.080550339 0.298974488 0.073317906 0.948024463
30.769957000 0.492387770 -2.373489929 2.119378409 -0.077604751 0.303259662 0.074049675 0.946851480
30.869739000 0.481061899 -2.340746641 2.091840386 -0.079429754 0.308469260 0.073457688 0.945061690
30.969155000 0.456105201 -2.304632253 2.045119732 -0.069759793 0.318232820 0.054945072 0.943844522
31.068472000 0.431868159 -2.263486303 2.001907450 -0.066108699 0.326046739 0.038148939 0.942267384
31.167992000 0.415843933 -2.224236736 1.962132817 -0.067059007 0.329891982 0.033869910 0.941024547
31.267552000 0.408902217 -2.191266984 1.936621513 -0.071701679 0.330072193 0.040196361 0.940369858
31.367457000 0.399788951 -2.192427638 1.907526449 -0.073236283 0.328202523 0.050968018 0.940383864
31.467541000 0.423705615 -2.160614362 1.887180073 -0.074241528 0.329048653 0.055628713 0.939744979
31.567618000 0.446601345 -2.141479441 1.859430391 -0.079663733 0.324941922 0.068418332 0.939885828
31.667712000 0.460635913 -2.121472987 1.851789082 -0.082335234 0.323966861 0.075798633 0.939425862
31.767770000 0.469408444 -2.107110328 1.818201064 -0.082138504 0.322143077 0.079869548 0.939732919
31.867767000 0.472700146 -2.114275528 1.801502974 -0.082301239 0.322500009 0.081438574 0.939461553
31.967730000 0.486748789 -2.122952382 1.776167195 -0.079946467 0.323163771 0.083132087 0.939288452
32.067807000 0.506119282 -2.146776101 1.737815275 -0.076591676 0.324936639 0.082873220 0.938979193
32.168221000 0.515998083 -2.138611801 1.715737870 -0.076827443 0.326616477 0.082381174 0.938420249
32.268576000 0.509232339 -2.156863100 1.686442808 -0.075846940 0.327685137 0.084914751 0.937901476
32.368833000 0.504753234 -2.156055896 1.659264231 -0.075458881 0.328963724 0.085831965 0.937401568
32.469000000 0.504974986 -2.166290903 1.642069294 -0.073862618 0.331210581 0.087244035 0.936606824
32.569043000 0.541826733 -2.166302354 1.627574535 -0.073470172 0.334794183 0.087965920 0.935295133
32.668927000 0.529447576 -2.160949759 1.601697284 -0.072182151 0.335878493 0.089939403 0.934818848
32.768715000 0.519567053 -2.169489712 1.591998632 -0.070022036 0.338537360 0.092951688 0.933728737
32.868423000 0.518110610 -2.151190807 1.582450064 -0.069038744 0.341748442 0.092527124 0.932673783
32.968084000 0.515998800 -2.128801253 1.566972430 -0.068014291 0.343865198 0.093573777 0.931866262
33.067729000 0.502225916 -2.106443533 1.558259319 -0.067868039 0.345898025 0.093704775 0.931111111
33.167481000 0.494883277 -2.084253069 1.555358887 -0.066203582 0.349981629 0.089399691 0.930127755
33.267161000 0.466823132 -2.077635307 1.547486588 -0.056413042 0.359330580 0.063708641 0.929322502
33.367107000 0.480907356 -2.065729309 1.519683017 -0.053951980 0.364690772 0.057599506 0.927778056
33.467447000 0.498328805 -2.059401136 1.489866718 -0.059405095 0.361786258 0.069671307 0.927754088
33.568183000 0.509073083 -2.063439345 1.476936437 -0.064425242 0.355326776 0.083832021 0.928743486
33.669031000 0.511440033 -2.066266536 1.476753091 -0.069140676 0.348844281 0.087759194 0.930497479
33.769642000 0.532591966 -2.081890813 1.459782193 -0.069185263 0.341183354 0.088343182 0.933275308
33.869905000 0.532015126 -2.101343560 1.448919437 -0.068782271 0.331310073 0.086500240 0.937027397
33.969887000 0.540570688 -2.116148791 1.444729996 -0.070951013 0.323138635 0.080415487 0.940255671
34.069727000 0.546441798 -2.137690218 1.430405267 -0.067363012 0.315951004 0.070397086 0.943759206
34.169705000 0.553274280 -2.164351062 1.417361668 -0.067585682 0.307592741 0.072983883 0.946304514
34.269558000 0.572342059 -2.181963263 1.398838093 -0.068569297 0.305362412 0.073007344 0.946954052
34.369427000 0.560238543 -2.200414344 1.394106639 -0.067679009 0.306480800 0.072155176 0.946722082
34.469393000 0.547869783 -2.194969951 1.398160238 -0.071246571 0.309010339 0.071034804 0.945722260
34.569429000 0.548766023 -2.222061979 1.382834948 -0.072283432 0.310539320 0.070533818 0.945180098
34.669642000 0.554255780 -2.247778033 1.375745602 -0.072743616 0.307493519 0.067728235 0.946345068
34.770137000 0.564824477 -2.284147130 1.363671596 -0.071056284 0.299687604 0.063088985 0.949293487
34.870609000 0.563782624 -2.309918096 1.353481645 -0.069432729 0.288755196 0.056380945 0.953215989
34.970743000 0.560182523 -2.317079916 1.351901201 -0.068803114 0.278146621 0.049221269 0.956806070
35.070408000 0.545717544 -2.311408472 1.358362559 -0.069001118 0.269292492 0.040803811 0.959716337
35.169890000 0.566973084 -2.330685298 1.346672945 -0.065762539 0.264435017 0.034326122 0.961546217
35.269209000 0.551689347 -2.336825482 1.352214308 -0.061894879 0.265186979 0.021429309 0.961969685
35.368555000 0.541929180 -2.352563779 1.355688426 -0.056581360 0.268931783 0.004856833 0.961483571
35.468107000 0.554247856 -2.351883653 1.364403117 -0.059491196 0.265630141 0.014884297 0.962122593
35.567968000 0.569042889 -2.352986079 1.351199002 -0.060370145 0.259851660 0.027671082 0.963362274
35.668092000 0.579595448 -2.357852590 1.366384456 -0.065578007 0.255078127 0.042758904 0.963745999
35.768417000 0.590517117 -2.356846532 1.370488247 -0.068857944 0.254158298 0.048244404 0.963501230
35.868847000 0.618507173 -2.371110230 1.410253608 -0.069248878 0.258329462 0.051046124 0.962218673
35.969174000 0.627557608 -2.384578968 1.388091633 -0.068675571 0.256351822 0.049801438 0.962853689
36.069346000 0.646901201 -2.378349579 1.415403829 -0.070304410 0.258062000 0.047893973 0.962375946
36.169436000 0.672263416 -2.369210857 1.432229113 -0.073086423 0.258656612 0.046436239 0.962080458
36.269308000 0.681116159 -2.383022502 1.447708953 -0.076963330 0.258729216 0.045145944 0.961819984
36.369135000 0.681864996 -2.380916465 1.458610678 -0.082577290 0.258323319 0.042593581 0.961579867
36.468894000 0.660710060 -2.366964367 1.467127815 -0.083787655 0.255289688 0.039263475 0.962426716
36.568664000 0.606222528 -2.368442030 1.516280644 -0.080884200 0.252014206 0.037048670 0.963625437
36.668504000 0.581590617 -2.375910450 1.569129767 -0.077890589 0.254550127 0.027838123 0.963515609
36.768525000 0.608463703 -2.372786719 1.573764794 -0.077839478 0.255578783 0.030181748 0.963176808
36.868618000 0.596383608 -2.359601348 1.606731356 -0.078329069 0.255935252 0.026365446 0.963154488
36.968734000 0.620504176 -2.359711069 1.646392727 -0.077689206 0.258493462 0.025594808 0.962543725
37.069014000 0.641262026 -2.354941921 1.669307479 -0.078500206 0.261284565 0.020490049 0.961846272
37.169402000 0.650597952 -2.356409016 1.680184376 -0.078138544 0.259506142 0.026312534 0.962215454
37.269504000 0.680974512 -2.338211493 1.700995918 -0.077027333 0.258981221 0.033487428 0.962223524
37.369410000 0.694154837 -2.327025906 1.716037268 -0.074596449 0.258114888 0.040297827 0.962386700
37.469219000 0.709975829 -2.312273016 1.744790718 -0.073308358 0.259617738 0.043765824 0.961929866
37.569116000 0.721839451 -2.299567524 1.757091030 -0.072802954 0.260998754 0.045727654 0.961503178
37.669107000 0.739003386 -2.301963459 1.800048032 -0.071408826 0.264004814 0.049376738 0.960606150
37.769078000 0.747394708 -2.298880483 1.830296481 -0.074327623 0.263427119 0.056123172 0.960172769
37.868994000 0.786296674 -2.292844976 1.837204131 -0.082143120 0.259599621 0.070408584 0.959637002
37.968835000 0.814106233 -2.293674737 1.861599420 -0.106233448 0.253424686 0.091950762 0.957097404
38.068515000 0.821943330 -2.301366195 1.855794989 -0.119056039 0.251635494 0.096824529 0.955578489
38.168410000 0.798409979 -2.305120608 1.867027638 -0.119587295 0.249633230 0.098689687 0.955846471
38.268396000 0.788550059 -2.294594733 1.851432852 -0.110759548 0.251908281 0.095325757 0.956654347
38.368545000 0.766822882 -2.278075042 1.815392099 -0.092201837 0.257629597 0.082675207 0.958274816
38.468802000 0.731063454 -2.243542081 1.790711657 -0.080381919 0.266309773 0.062030880 0.958524920
38.569000000 0.711576494 -2.217780226 1.736751878 -0.074894533 0.271496418 0.052685610 0.958073447
38.669053000 0.686642807 -2.198696443 1.718157496 -0.071567698 0.275406887 0.048407644 0.957437106
38.769072000 0.663320195 -2.167612614 1.686539766 -0.071026705 0.277767441 0.045930464 0.956917368
38.869243000 0.633956534 -2.129871552 1.653409926 -0.073352645 0.278400668 0.044321189 0.956633728
38.969533000 0.600628830 -2.122681839 1.631546939 -0.071384248 0.279425278 0.043972822 0.956499971
39.069870000 0.577349721 -2.102952750 1.599434088 -0.071696655 0.280241163 0.044414779 0.956217448
39.170161000 0.553204820 -2.088117606 1.574988932 -0.070282536 0.281388806 0.045521548 0.955933310
39.270186000 0.540265981 -2.081036588 1.559854192 -0.069249885 0.283730662 0.047620296 0.955213941
39.369907000 0.517701921 -2.061427052 1.536308232 -0.068978477 0.286063196 0.048177358 0.954509696
39.469455000 0.479003390 -2.044205545 1.509770145 -0.068931145 0.287113855 0.049323917 0.954139027
39.569145000 0.445901374 -2.016162892 1.473125356 -0.069475072 0.287923395 0.051359867 0.953748131
39.669007000 0.407599084 -2.011733671 1.446356976 -0.069581588 0.289182241 0.051179005 0.953369154
39.769062000 0.397004416 -2.001211913 1.414027203 -0.069567416 0.292086078 0.051771507 0.952452523
39.869220000 0.367785337 -2.012675227 1.394099255 -0.067714376 0.293837223 0.052519859 0.952006362
39.969248000 0.337824271 -1.983951667 1.366703780 -0.068649215 0.295406326 0.053601758 0.951393315
40.069114000 0.303438757 -1.969602730 1.340260747 -0.068906629 0.296600494 0.053799034 0.950991949
40.168961000 0.264171195 -1.956559930 1.310527024 -0.068575875 0.297570440 0.053541364 0.950727356
40.268704000 0.221992480 -1.959653143 1.302144168 -0.067324731 0.300948093 0.048222601 0.950038003
40.368551000 0.176233091 -1.967018315 1.289491643 -0.059383804 0.309549422 0.028246086 0.948606809
40.468486000 0.149143557 -1.967613083 1.272316744 -0.064201643 0.305466855 0.047032075 0.948870978
40.568502000 0.129464737 -1.957421320 1.245724122 -0.067593186 0.304403434 0.053992826 0.948606602
40.668550000 0.100056759 -1.959654612 1.236097233 -0.068042217 0.303088219 0.058156522 0.948749496
40.768359000 0.066254034 -1.953213198 1.225984566 -0.069207975 0.302800093 0.060307608 0.948622871
40.867924000 0.037938210 -1.957087733 1.216065889 -0.069601089 0.303402758 0.061575509 0.948320047
40.967491000 0.003072601 -1.961205780 1.208575349 -0.067946413 0.304359880 0.061410614 0.948144021
41.067410000 -0.020656083 -1.939349135 1.201342713 -0.069291164 0.306259256 0.058571499 0.947614575
41.167816000 -0.048725267 -1.942977819 1.187096235 -0.069325301 0.307272305 0.059496794 0.947226406
41.268381000 -0.074393459 -1.930743490 1.171245464 -0.071412263 0.309107424 0.057462765 0.946599662
41.368906000 -0.115074213 -1.930087495 1.142887835 -0.071806748 0.308983540 0.056741038 0.946653800
41.469271000 -0.150501359 -1.939740126 1.132966876 -0.071135583 0.309742724 0.057682230 0.946399458
41.569255000 -0.152624119 -1.909951152 1.127776291 -0.074583450 0.312490205 0.058514755 0.945178927
41.668988000 -0.183079431 -1.906546707 1.120343637 -0.073094665 0.313573529 0.058880876 0.944913676
41.768679000 -0.215598674 -1.916184330 1.126201514 -0.071693427 0.314711794 0.059545300 0.944600919
41.868582000 -0.250612930 -1.905725520 1.121362144 -0.071601811 0.315875942 0.058934836 0.944257515
41.968628000 -0.286545785 -1.895818084 1.130316429 -0.072006588 0.317665791 0.058101872 0.943677736
42.068741000 -0.335312075 -1.893047699 1.137735289 -0.076285304 0.317784345 0.061131697 0.943110056
42.168814000 -0.358723301 -1.873703894 1.135294690 -0.083257726 0.321033802 0.056423559 0.941712181
42.268615000 -0.451627418 -1.864777757 1.152203940 -0.099568964 0.319832884 0.050029603 0.940898500
42.368230000 -0.522473868 -1.854666530 1.170765333 -0.104915577 0.318219006 0.046084599 0.941066202
42.467741000 -0.544813594 -1.824965417 1.210468486 -0.094371355 0.320929377 0.042972514 0.941409446
42.567349000 -0.573025296 -1.829339341 1.293878352 -0.079977426 0.324652222 0.040081069 0.941593359
42.667217000 -0.607745362 -1.813668616 1.376786874 -0.073387727 0.329023657 0.036121938 0.940772491
42.767276000 -0.650204141 -1.796821116 1.368460006 -0.080722974 0.327658144 0.034384510 0.940713372
42.867435000 -0.744634165 -1.765545666 1.405728252 -0.075733966 0.324381165 0.028440640 0.942460798
42.967615000 -0.785698764 -1.742545924 1.480632438 -0.076915673 0.326319130 0.023182381 0.941839892
43.067827000 -0.797888216 -1.740516949 1.509694167 -0.072051903 0.329165136 0.020935629 0.941286639
43.168210000 -0.827021413 -1.713430893 1.489568473 -0.071642972 0.328066698 0.022567906 0.941663536
43.268481000 -0.857672704 -1.694937520 1.490340958 -0.073545406 0.329075559 0.018228778 0.941258764
43.368792000 -0.890431617 -1.677362222 1.481066631 -0.073175064 0.332062443 0.005568057 0.940398288
43.469166000 -0.920559775 -1.664313050 1.463243869 -0.059103884 0.340113257 -0.016433954 0.938381388
43.569629000 -0.944819957 -1.662286733 1.434315535 -0.064265634 0.330206418 0.008404886 0.941680948
43.669984000 -0.973831025 -1.650752314 1.428750031 -0.067176004 0.324143142 0.021680402 0.943370854
43.770133000 -0.999943696 -1.637397017 1.425628817 -0.068775700 0.320922011 0.025684607 0.944255933
43.870173000 -0.994355352 -1.642647303 1.417382546 -0.077288673 0.324062993 0.016200216 0.942733892
43.970168000 -1.011082927 -1.646574092 1.409815670 -0.112216708 0.324556969 0.006848078 0.939160949
44.070006000 -1.018789935 -1.644488276 1.392559143 -0.121256943 0.326356527 0.003220168 0.937431492
44.169821000 -1.025757178 -1.628069461 1.380809399 -0.122457506 0.327590519 0.003447537 0.936844024
44.269546000 -1.017570458 -1.590693853 1.344403591 -0.108488945 0.329763444 0.006599471 0.937786045
44.369396000 -1.013556742 -1.565294945 1.306118226 -0.085947503 0.331338888 0.013064472 0.939498211
44.469167000 -1.006313136 -1.546539390 1.275955797 -0.071284019 0.332125715 0.011668795 0.940465277
44.568919000 -0.990848020 -1.528915684 1.227137386 -0.066899897 0.327202782 0.017469099 0.942421123
44.668788000 -0.978477109 -1.518656585 1.187232072 -0.063132619 0.321102859 0.019543539 0.944735559
44.768813000 -0.966728081 -1.508887091 1.148041232 -0.062376906 0.314592235 0.017865192 0.947006696
44.868986000 -0.958855073 -1.501063815 1.117688384 -0.061313918 0.307092604 0.016238303 0.949563612
44.969189000 -0.947414672 -1.498577306 1.078833503 -0.059275162 0.298853133 0.013219807 0.952364687
45.069266000 -0.937754991 -1.501147876 1.040532157 -0.057912005 0.288685461 0.010810530 0.955609772
45.169179000 -0.934876092 -1.495623035 1.015144685 -0.057953273 0.278539616 0.004954403 0.958661856
45.268828000 -0.929145158 -1.490861522 0.992516016 -0.057941067 0.268006523 0.002251288 0.961670561
45.368506000 -0.925589307 -1.496594583 0.965171968 -0.057026129 0.259545453 -0.001793127 0.964044067
45.468131000 -0.919732901 -1.501832008 0.932116734 -0.055617020 0.253930328 -0.006725126 0.965598730
45.567776000 -0.912790818 -1.493624277 0.910086355 -0.054329238 0.251296146 -0.014284770 0.966278700
45.667448000 -0.914271692 -1.491973369 0.888292383 -0.053042777 0.249345418 -0.023232739 0.966681729
45.766920000 -0.916886613 -1.469602019 0.895384748 -0.049491847 0.248741474 -0.035311507 0.966659885
45.866278000 -0.915784319 -1.448482090 0.881241450 -0.046298495 0.244999143 -0.041576669 0.967524289
45.965682000 -0.884665408 -1.407672667 0.865296785 -0.045577675 0.242178171 -0.049521326 0.967894647
46.065404000 -0.898633575 -1.382093277 0.883358645 -0.043940295 0.235591437 -0.054156140 0.969346707
46.165512000 -0.884424886 -1.340155361 0.897025974 -0.043702850 0.230227353 -0.060534386 0.970268527
46.265836000 -0.855629872 -1.303499779 0.911989554 -0.043453455 0.224341029 -0.064123325 0.971427351
46.366343000 -0.826418558 -1.263600577 0.941048451 -0.049074457 0.211327915 -0.047166515 0.975042322
46.467036000 -0.787569147 -1.227486626 0.963340331 -0.052001481 0.200724754 -0.033989423 0.977675886
46.567884000 -0.751971927 -1.191576077 0.989758339 -0.053549783 0.194690343 -0.028981768 0.978973007
46.668621000 -0.712918746 -1.165568887 1.003355921 -0.052875724 0.190738861 -0.026059348 0.979869254
46.769288000 -0.686187990 -1.130523664 1.040248638 -0.053083666 0.187836658 -0.026158529 0.980415853
46.869895000 -0.654462635 -1.113170560 1.055867252 -0.052322055 0.183169897 -0.023575378 0.981404806
46.970326000 -0.626924883 -1.091217986 1.073159341 -0.051328117 0.179202341 -0.024614710 0.982163969
47.070459000 -0.592819449 -1.060386308 1.093008455 -0.050797152 0.175872598 -0.026237300 0.982751282
47.170429000 -0.562902014 -1.038537812 1.119952576 -0.050468361 0.172256370 -0.026659170 0.983397161
47.270158000 -0.532266462 -1.022804367 1.138836528 -0.050160448 0.169586569 -0.027636078 0.983849873
47.369747000 -0.505743892 -1.014295383 1.165276712 -0.076312463 0.167269310 -0.033541074 0.982380976
47.469505000 -0.477149070 -0.999077633 1.185750461 -0.094570283 0.165989149 -0.037422940 0.980868792
47.569471000 -0.444828857 -0.986618177 1.187483365 -0.094359642 0.165828800 -0.039350304 0.980840772
47.669603000 -0.409120447 -0.967359617 1.176908163 -0.091966423 0.165382837 -0.038231786 0.981187558
47.769783000 -0.375274788 -0.949645953 1.172327039 -0.084050183 0.166328728 -0.038837041 0.981713810
47.870032000 -0.338632184 -0.927953545 1.157131371 -0.066119618 0.166636760 -0.034814857 0.983182746
47.970032000 -0.299643755 -0.907021959 1.136997513 -0.053746690 0.167176833 -0.032178896 0.983934814
48.069910000 -0.262542030 -0.891845404 1.120320819 -0.048409082 0.167979393 -0.030748544 0.984120933
48.169874000 -0.225516468 -0.874450977 1.099097053 -0.045943735 0.168401006 -0.029391437 0.984208524
48.269804000 -0.189148891 -0.855858176 1.076496923 -0.043069161 0.169511988 -0.030032778 0.984128429
48.369722000 -0.166245897 -0.842565250 1.072443576 -0.042112282 0.169635763 -0.029013238 0.984179097
48.469566000 -0.142727324 -0.824039109 1.072764336 -0.043264733 0.169791218 -0.027223843 0.984153427
48.569487000 -0.101843175 -0.806475084 1.030249472 -0.043326407 0.169595853 -0.022439959 0.984305094
48.669436000 -0.085495024 -0.805776354 0.978251704 -0.040833530 0.164587145 -0.021948967 0.985272519
48.769342000 -0.054187301 -0.775633506 0.917135288 -0.041363490 0.159291779 -0.018954201 0.986182503
48.869187000 -0.024585904 -0.738762473 0.862294816 -0.043783453 0.153415858 -0.015616185 0.987067738
48.969029000 0.002247972 -0.726919054 0.859352036 -0.054180662 0.146951409 -0.006118800 0.987639762
49.068816000 0.022881844 -0.708670432 0.851412699 -0.066200492 0.140844635 -0.002775303 0.987812017
49.168604000 0.038609148 -0.697549615 0.836943581 -0.067158303 0.136185913 -0.005664497 0.988388119
49.268411000 0.036361163 -0.665377213 0.812794544 -0.059557254 0.131719713 -0.014384623 0.989391699
49.368362000 0.049269397 -0.639458157 0.772380654 -0.049651306 0.128181256 -0.026905499 0.990141610
49.468347000 0.058601463 -0.626554034 0.751990646 -0.045517192 0.123813116 -0.031023405 0.990775477
49.568317000 0.065776359 -0.602962481 0.723754079 -0.044994689 0.117529666 -0.035015755 0.991431365
49.668297000 0.075764692 -0.601352434 0.706452351 -0.044178086 0.113086044 -0.035498075 0.991967605
49.768135000 0.099994526 -0.589377217 0.666791905 -0.041430443 0.110147092 -0.039700533 0.992257529
49.867884000 0.121734578 -0.577413476 0.618314886 -0.039920848 0.105353403 -0.041945628 0.992747476
49.967717000 0.158915925 -0.556690874 0.535942235 -0.037083487 0.100191255 -0.042156428 0.993382788
50.067763000 0.174390849 -0.542634415 0.509248279 -0.037343985 0.095916676 -0.042622094 0.993775012
50.167982000 0.199162913 -0.518941428 0.454134075 -0.035743813 0.091131117 -0.041889930 0.994315208
50.268112000 0.212326857 -0.508353602 0.430827969 -0.037738055 0.087764644 -0.042485996 0.994519053
50.368185000 0.235391605 -0.495533743 0.394355028 -0.040080296 0.085506355 -0.041402285 0.994669837
50.468238000 0.259038926 -0.489493034 0.356879688 -0.046151620 0.083572803 -0.039384357 0.994652948
50.568256000 0.277355108 -0.473654608 0.358798689 -0.049724665 0.083263313 -0.041861974 0.994405477
50.668190000 0.296640235 -0.457053966 0.331314992 -0.050878972 0.081660409 -0.039523846 0.994575675
50.768079000 0.352330235 -0.461730196 0.260141603 -0.047583041 0.080802353 -0.031134477 0.995106767
50.867877000 0.381283907 -0.473886350 0.192511102 -0.041228162 0.076126769 -0.025689525 0.995914154
50.967612000 0.440478719 -0.476205174 0.095814917 -0.038546307 0.067746654 -0.004645762 0.996946834
51.067357000 0.487966046 -0.489575828 0.013523126 -0.039578713 0.059258546 0.014170583 0.997357080
51.167310000 0.503235729 -0.473234337 -0.008760394 -0.033699690 0.053364878 0.018043346 0.997843153
51.267401000 0.505291954 -0.433097131 -0.022748773 -0.030537113 0.048917252 0.011053627 0.998274714
51.367681000 0.510613931 -0.409387102 -0.041267600 -0.016008440 0.046459219 -0.000136496 0.998791896
51.467974000 0.516618503 -0.377925124 -0.061093438 -0.010322066 0.042339162 -0.005083762 0.999037039
51.568194000 0.529326891 -0.363209094 -0.092603068 -0.005184398 0.038101831 -0.007241781 0.999234171
51.668372000 0.538509567 -0.365530882 -0.114693558 -0.001639732 0.033310149 0.003366949 0.999438047
51.768346000 0.541326313 -0.323225472 -0.131721375 -0.002666446 0.026114925 0.014807299 0.999545719
51.868299000 0.542752447 -0.306285211 -0.150938922 0.003571459 0.022721834 0.006923485 0.999711473
51.968178000 0.545013720 -0.270724326 -0.174737534 0.006664163 0.021033890 -0.003849381 0.999749142
52.068025000 0.550505619 -0.243113867 -0.212253695 0.014211460 0.015897704 -0.009299632 0.999729371
52.168102000 0.551752592 -0.237860089 -0.257650342 0.016552581 0.009541157 -0.004684701 0.999806497
52.268194000 0.546614107 -0.221892546 -0.264737551 0.002227109 0.000705541 0.004435308 0.999987435
52.368471000 0.555665339 -0.210558676 -0.307860995 0.009362684 0.004102673 -0.012703169 0.999867060
52.468778000 0.565634651 -0.196579184 -0.336815897 0.013426781 0.006811050 -0.013350858 0.999797522
52.568812000 0.543142303 -0.181420565 -0.313829325 0.011737125 0.011089674 -0.021817806 0.999631553
52.668737000 0.554814183 -0.144274677 -0.331394562 0.003239347 0.019602863 -0.031515189 0.999305773
52.768639000 0.571980402 -0.142463085 -0.315432522 0.003298906 0.023117204 -0.035492662 0.999097084
52.868694000 0.588256885 -0.145565049 -0.282973976 0.000831525 0.044542808 -0.091771165 0.994783042
52.968728000 0.599113621 -0.145784778 -0.317895683 0.002255379 0.041239179 -0.069335437 0.996738100
53.068629000 0.614269630 -0.140106058 -0.368698244 0.003621653 0.034569067 -0.043569205 0.998445586
53.168697000 0.617895235 -0.134352574 -0.429019451 0.005294652 0.029986651 -0.035999358 0.998887788
53.268685000 0.619742694 -0.133600932 -0.435723506 0.005874524 0.025559944 -0.030909983 0.999178038
53.368638000 0.620186859 -0.132334324 -0.472988269 0.005177294 0.021380818 -0.026534687 0.999405807
53.468580000 0.612366902 -0.132382613 -0.481632398 0.005482707 0.018076554 -0.023279923 0.999550511
53.568413000 0.598776138 -0.138901699 -0.452217405 0.004603792 0.014363182 -0.017795868 0.999727869
53.668323000 0.581862027 -0.164870779 -0.437447300 0.011443460 0.012441067 -0.022336454 0.999607598
53.768239000 0.576943314 -0.203258610 -0.459675397 0.021555174 0.008996397 -0.025898598 0.999391666
53.868016000 0.566215245 -0.277228929 -0.531253573 0.038902108 0.003130491 -0.021415378 0.999008612
53.967777000 0.564415912 -0.347939037 -0.553729841 0.056408444 -0.001501237 -0.006296508 0.998386793
54.067678000 0.575237553 -0.479092077 -0.586287037 0.087498579 0.002178259 -0.002086380 0.996160078
54.167824000 0.596562958 -0.556109053 -0.611242987 0.102390268 0.007648404 -0.000724036 0.994714638
54.268077000 0.575574171 -0.566458650 -0.511091146 0.096132199 0.007759792 -0.020248462 0.995132346
54.368587000 0.556951023 -0.549138161 -0.401284781 0.091369841 0.011815212 -0.028007892 0.995352958
54.469023000 0.557871116 -0.551035884 -0.356233711 0.092705423 0.019936517 -0.018654957 0.995319161
54.569235000 0.571360464 -0.568710895 -0.486280722 0.102267048 0.036066816 -0.006035883 0.994084606
54.668973000 0.568827435 -0.571980061 -0.485409843 0.102282915 0.032921348 -0.006796325 0.994187206
54.769583000 0.579494475 -0.570977358 -0.536355068 0.104531451 0.035097577 -0.009341614 0.993858174
54.869942000 0.570675518 -0.573048738 -0.528490571 0.107484656 0.034878382 -0.006766515 0.993571719
54.969943000 0.594991063 -0.571495235 -0.567414878 0.109649017 0.036584943 -0.004553391 0.993286415
55.069491000 0.606859859 -0.576767547 -0.581808609 0.111913609 0.039853660 -0.004531975 0.992908098
55.168727000 0.600840324 -0.577724692 -0.558564518 0.112120157 0.038371717 -0.002567173 0.992950196
55.267736000 0.600840324 -0.577724692 -0.558564518 0.112120157 0.038371717 -0.002567173 0.992950196
55.366791000 0.600840324 -0.577724692 -0.558564518 0.112120157 0.038371717 -0.002567173 0.992950196
55.466039000 0.600840324 -0.577724692 -0.558564518 0.112120157 0.038371717 -0.002567173 0.992950196
55.565571000 0.600840324 -0.577724692 -0.558564518 0.112120157 0.038371717 -0.002567173 0.992950196
55.665409000 0.600840324 -0.577724692 -0.558564518 0.112120157 0.038371717 -0.002567173 0.992950196
55.765523000 0.607414038 -0.577343707 -0.562814923 0.112056578 0.039568768 -0.002513887 0.992910528
55.865850000 0.607414038 -0.577343707 -0.562814923 0.112056578 0.039568768 -0.002513887 0.992910528
55.966209000 0.592504911 -0.583747083 -0.581754955 0.110894624 0.038156312 -0.001316887 0.993098557
56.066512000 0.580534240 -0.577354465 -0.595931130 0.110393247 0.037614994 0.000013173 0.993175938
56.166955000 0.580534240 -0.577354465 -0.595931130 0.110393247 0.037614994 0.000013173 0.993175938
56.267250000 0.580534240 -0.577354465 -0.595931130 0.110393247 0.037614994 0.000013173 0.993175938
56.367372000 0.580534240 -0.577354465 -0.595931130 0.110393247 0.037614994 0.000013173 0.993175938
56.467305000 0.608131581 -0.584631735 -0.600011844 0.111414911 0.039339311 -0.000150681 0.992995022
56.567132000 0.608131581 -0.584631735 -0.600011844 0.111414911 0.039339311 -0.000150681 0.992995022
56.666955000 0.608131581 -0.584631735 -0.600011844 0.111414911 0.039339311 -0.000150681 0.992995022
56.766748000 0.608131581 -0.584631735 -0.600011844 0.111414911 0.039339311 -0.000150681 0.992995022
56.866520000 0.608131581 -0.584631735 -0.600011844 0.111414911 0.039339311 -0.000150681 0.992995022
56.966354000 0.608131581 -0.584631735 -0.600011844 0.111414911 0.039339311 -0.000150681 0.992995022
