0.065342000 -0.419288415 -0.013919096 0.068530190 -0.018402089 0.012311896 -0.025563995 0.999427968
0.165343000 -0.419288415 -0.013919096 0.068530190 -0.018402089 0.012311896 -0.025563995 0.999427968
0.265258000 -0.419288415 -0.013919096 0.068530190 -0.018402089 0.012311896 -0.025563995 0.999427968
0.365208000 -0.419288415 -0.013919096 0.068530190 -0.018402089 0.012311896 -0.025563995 0.999427968
0.465196000 -0.419288415 -0.013919096 0.068530190 -0.018402089 0.012311896 -0.025563995 0.999427968
0.565255000 -0.419288415 -0.013919096 0.068530190 -0.018402089 0.012311896 -0.025563995 0.999427968
0.665338000 -0.419288415 -0.013919096 0.068530190 -0.018402089 0.012311896 -0.025563995 0.999427968
0.765444000 -0.419288415 -0.013919096 0.068530190 -0.018402089 0.012311896 -0.025563995 0.999427968
0.865505000 -0.419288415 -0.013919096 0.068530190 -0.018402089 0.012311896 -0.025563995 0.999427968
0.965496000 -0.419288415 -0.013919096 0.068530190 -0.018402089 0.012311896 -0.025563995 0.999427968
1.065447000 -0.419288415 -0.013919096 0.068530190 -0.018402089 0.012311896 -0.025563995 0.999427968
1.165457000 -0.419288415 -0.013919096 0.068530190 -0.018402089 0.012311896 -0.025563995 0.999427968
1.265385000 -0.419288415 -0.013919096 0.068530190 -0.018402089 0.012311896 -0.025563995 0.999427968
1.365333000 -0.419288415 -0.013919096 0.068530190 -0.018402089 0.012311896 -0.025563995 0.999427968
1.465337000 -0.419288415 -0.013919096 0.068530190 -0.018402089 0.012311896 -0.025563995 0.999427968
1.565355000 -0.419288415 -0.013919096 0.068530190 -0.018402089 0.012311896 -0.025563995 0.999427968
1.665394000 -0.419288415 -0.013919096 0.068530190 -0.018402089 0.012311896 -0.025563995 0.999427968
1.765431000 -0.419288415 -0.013919096 0.068530190 -0.018402089 0.012311896 -0.025563995 0.999427968
1.865431000 -0.419288415 -0.013919096 0.068530190 -0.018402089 0.012311896 -0.025563995 0.999427968
1.965417000 -0.419288415 -0.013919096 0.068530190 -0.018402089 0.012311896 -0.025563995 0.999427968
2.065379000 -0.419288415 -0.013919096 0.068530190 -0.018402089 0.012311896 -0.025563995 0.999427968
2.165472000 -0.419288415 -0.013919096 0.068530190 -0.018402089 0.012311896 -0.025563995 0.999427968
2.265517000 -0.419288415 -0.013919096 0.068530190 -0.018402089 0.012311896 -0.025563995 0.999427968
2.365615000 -0.419288415 -0.013919096 0.068530190 -0.018402089 0.012311896 -0.025563995 0.999427968
2.465688000 -0.419288415 -0.013919096 0.068530190 -0.018402089 0.012311896 -0.025563995 0.999427968
2.565694000 -0.419288415 -0.013919096 0.068530190 -0.018402089 0.012311896 -0.025563995 0.999427968
2.665626000 -0.419288415 -0.013919096 0.068530190 -0.018402089 0.012311896 -0.025563995 0.999427968
2.765480000 -0.419288415 -0.013919096 0.068530190 -0.018402089 0.012311896 -0.025563995 0.999427968
2.865305000 -0.419502772 -0.011245176 0.068952452 -0.018798139 0.012578460 -0.025948874 0.999407359
2.965135000 -0.419091832 -0.004890679 0.073474794 -0.019414295 0.012955002 -0.026818070 0.999367822
3.065036000 -0.439588039 -0.002381730 0.087688682 -0.019773075 0.011403549 -0.028111917 0.999344137
3.165080000 -0.449142426 -0.006666992 0.100439004 -0.019701223 0.010478985 -0.028716823 0.999338480
3.265104000 -0.453882834 0.005487346 0.099067997 -0.020824793 0.010420172 -0.029138504 0.999304106
3.365186000 -0.458103620 0.015367079 0.089232136 -0.021446513 0.010825218 -0.029905505 0.999263990
3.465288000 -0.461122921 0.020855102 0.094445103 -0.022490482 0.011021126 -0.030319433 0.999226423
3.565400000 -0.461122921 0.020855102 0.094445103 -0.022490482 0.011021126 -0.030319433 0.999226423
3.665486000 -0.461122921 0.020855102 0.094445103 -0.022490482 0.011021126 -0.030319433 0.999226423
3.765567000 -0.461122921 0.020855102 0.094445103 -0.022490482 0.011021126 -0.030319433 0.999226423
3.865595000 -0.459227695 0.023284451 0.101669920 -0.022808121 0.010755066 -0.030023558 0.999231056
3.965591000 -0.458062753 0.023703716 0.105823096 -0.022944087 0.010699710 -0.029873087 0.999233048
4.065531000 -0.456113631 0.023596601 0.117957128 -0.022706978 0.010594408 -0.029437424 0.999252516
4.165534000 -0.452137537 0.039053631 0.115677913 -0.023686872 0.011282314 -0.030105025 0.999202346
4.265424000 -0.451593045 0.048213892 0.119469666 -0.024895628 0.011875751 -0.029744331 0.999176886
4.365315000 -0.451593045 0.048213892 0.119469666 -0.024895628 0.011875751 -0.029744331 0.999176886
4.465255000 -0.446100455 0.049985596 0.120983189 -0.025582826 0.011965254 -0.029547314 0.999164305
4.565249000 -0.446100455 0.049985596 0.120983189 -0.025582826 0.011965254 -0.029547314 0.999164305
4.665313000 -0.446100455 0.049985596 0.120983189 -0.025582826 0.011965254 -0.029547314 0.999164305
4.765391000 -0.442090958 0.046813164 0.128524611 -0.025691944 0.010623517 -0.028220728 0.999215020
4.865516000 -0.419594375 0.044363818 0.120466924 -0.025265440 0.012798609 -0.026209595 0.999255178
4.965507000 -0.411380076 0.040657291 0.110638205 -0.023644933 0.014792109 -0.028496972 0.999204700
5.065643000 -0.415994884 0.039600273 0.115466422 -0.023874243 0.013684694 -0.028533784 0.999213978
5.165951000 -0.418688447 0.035180930 0.122787392 -0.022819883 0.013863349 -0.030129976 0.999189294
5.266121000 -0.419745266 0.032372906 0.117434108 -0.022267570 0.012921291 -0.029326250 0.999238293
5.366190000 -0.424995431 0.038263974 0.111379449 -0.022651809 0.010194763 -0.029436380 0.999257956
5.466203000 -0.412786190 0.042643919 0.126704653 -0.022590941 0.009727417 -0.028918040 0.999279127
5.566125000 -0.439460025 0.043201069 0.166595367 -0.025540868 0.003085641 -0.029314023 0.999239126
5.666080000 -0.443370907 0.038833617 0.214989528 -0.028936689 -0.006614308 -0.025896236 0.999223851
5.766098000 -0.442186132 0.013782810 0.252086207 -0.028918579 -0.014871221 -0.024506332 0.999170657
5.866079000 -0.437921426 0.003479103 0.273064555 -0.028598165 -0.019906765 -0.026975963 0.999028610
5.966076000 -0.445912711 -0.002095841 0.290015474 -0.028466159 -0.027846651 -0.028491898 0.998800507
6.066371000 -0.463872865 -0.026469355 0.321038762 -0.024844604 -0.035714351 -0.030300422 0.998593569
6.167130000 -0.473520797 -0.047089153 0.365264332 -0.022043658 -0.041708301 -0.033723141 0.998317206
6.267914000 -0.478977587 -0.074437791 0.419934616 -0.019534678 -0.043288524 -0.033058695 0.998324408
6.368629000 -0.480425018 -0.071873737 0.418447617 -0.023654481 -0.043709689 -0.037034729 0.998077330
6.469516000 -0.476465307 -0.084077379 0.430720682 -0.026378834 -0.043682119 -0.039058755 0.997933086
6.570368000 -0.471931764 -0.103768257 0.430353423 -0.028280010 -0.042568167 -0.043026612 0.997765956
6.670993000 -0.463278542 -0.123283736 0.453351580 -0.035431593 -0.034935777 -0.056913236 0.997138394
6.771279000 -0.460782683 -0.179578607 0.452855271 -0.036519445 -0.030852921 -0.061630648 0.996953404
6.871285000 -0.460340517 -0.170957914 0.507528120 -0.044666483 -0.032935747 -0.054297355 0.996981414
6.971115000 -0.456877076 -0.164009208 0.532505399 -0.052407103 -0.033968132 -0.049003270 0.996844191
7.070994000 -0.441622842 -0.199478725 0.539841681 -0.054882523 -0.033941485 -0.046911026 0.996812540
7.171136000 -0.426676075 -0.244879755 0.551828488 -0.056145181 -0.033169704 -0.045688593 0.996824981
7.271368000 -0.423349046 -0.266597820 0.573880095 -0.060051620 -0.033274012 -0.046755842 0.996544296
7.371613000 -0.420883787 -0.312500932 0.582303573 -0.061852971 -0.033050521 -0.047274209 0.996417093
7.471789000 -0.419090006 -0.363616237 0.589405588 -0.089958764 -0.033699395 -0.046135730 0.994305419
7.571761000 -0.417714279 -0.412741170 0.598743071 -0.113348470 -0.033963192 -0.047265841 0.991849064
7.671541000 -0.421439756 -0.453080203 0.609814232 -0.117201330 -0.031677273 -0.055205238 0.991066486
7.771162000 -0.409046382 -0.479007202 0.607194357 -0.108461920 -0.030657010 -0.054423006 0.992136229
7.870738000 -0.414634134 -0.499402896 0.600838896 -0.097867033 -0.031811486 -0.051798338 0.993341334
7.970470000 -0.410415000 -0.517293286 0.571501196 -0.086308851 -0.031378461 -0.048584356 0.994588224
8.070540000 -0.399115507 -0.539346444 0.566331405 -0.071911114 -0.030108565 -0.047349293 0.995831467
8.170917000 -0.404669238 -0.563346427 0.538795492 -0.063665183 -0.030061748 -0.047435046 0.996389960
8.271215000 -0.415420457 -0.585381237 0.508570256 -0.061954503 -0.031049831 -0.048069757 0.996437076
8.371414000 -0.441036522 -0.614902113 0.537025779 -0.057536836 -0.033583223 -0.054187081 0.996305897
8.471664000 -0.449130735 -0.640841696 0.509921283 -0.046485609 -0.029808856 -0.064705804 0.996375270
8.571804000 -0.465650239 -0.674459245 0.483637343 -0.036706265 -0.027599472 -0.074566331 0.996158010
8.671731000 -0.455725301 -0.681070908 0.480629350 -0.038697950 -0.027670093 -0.073639415 0.996149623
8.771611000 -0.448534993 -0.706590548 0.494264983 -0.039925020 -0.032810851 -0.062832016 0.996685296
8.871588000 -0.441285098 -0.746546134 0.489159844 -0.040963322 -0.036539516 -0.056210157 0.996908867
8.971692000 -0.428073272 -0.781015001 0.487198724 -0.042971466 -0.038088920 -0.052263731 0.996981038
9.071848000 -0.422253776 -0.826237268 0.493282867 -0.048478194 -0.039697294 -0.051094324 0.996726321
9.171938000 -0.420416802 -0.871771423 0.495957904 -0.048191941 -0.041248130 -0.051122664 0.996675776
9.271789000 -0.401488283 -0.910202513 0.504222364 -0.048876401 -0.039736965 -0.052533343 0.996630483
9.371429000 -0.389148998 -0.961348485 0.512005859 -0.045211209 -0.038736034 -0.052431367 0.996848242
9.471095000 -0.375392110 -1.005462698 0.528315192 -0.044994184 -0.037597379 -0.051732660 0.996938159
9.570960000 -0.373595532 -1.063727097 0.549907328 -0.050242381 -0.038528297 -0.052138610 0.996630743
9.670957000 -0.364855635 -1.117280302 0.573880366 -0.055204665 -0.038282275 -0.052039148 0.996382878
9.770914000 -0.359850142 -1.168754218 0.599828522 -0.056096744 -0.037964163 -0.052274704 0.996332893
9.870697000 -0.356575919 -1.228886168 0.625099771 -0.057500903 -0.036267720 -0.056306644 0.996096311
9.970450000 -0.355957304 -1.282388377 0.658289262 -0.058947639 -0.033130796 -0.064745420 0.995608134
10.070385000 -0.353869098 -1.335849598 0.694310963 -0.063291589 -0.025809716 -0.084709350 0.994058529
10.170543000 -0.346170667 -1.368043343 0.731623768 -0.069736686 -0.015825275 -0.111386088 0.991201036
10.270761000 -0.329995223 -1.423993298 0.767310003 -0.068179528 -0.008659004 -0.127716610 0.989426622
10.370965000 -0.282975393 -1.448224742 0.806889870 -0.069435172 -0.005735833 -0.119643699 0.990369245
10.471059000 -0.229431307 -1.466843066 0.849963158 -0.067421699 -0.004588931 -0.102681129 0.992416164
10.570878000 -0.165620864 -1.477053489 0.902127298 -0.065757432 -0.006903836 -0.078831181 0.994692888
10.670534000 -0.102567854 -1.484966549 0.944809721 -0.066219303 -0.013139754 -0.055931857 0.996149576
10.770210000 -0.048360914 -1.489537318 0.982313940 -0.066057554 -0.017787184 -0.046761750 0.996560763
10.869948000 0.011130302 -1.493272056 1.039501648 -0.065840351 -0.022319625 -0.044261023 0.996598136
10.969808000 0.072056296 -1.499311505 1.092516789 -0.065781659 -0.026742915 -0.044894805 0.996464774
11.069763000 0.126365176 -1.514895311 1.136087954 -0.064965601 -0.030469789 -0.047896019 0.996271566
11.169931000 0.171215427 -1.527524725 1.183208164 -0.065286292 -0.034662581 -0.049445303 0.996037834
11.269947000 0.232538687 -1.556597694 1.238589333 -0.064142027 -0.036917063 -0.050327557 0.995986982
11.369887000 0.264411622 -1.577670224 1.259462846 -0.063504574 -0.038739918 -0.050406651 0.995954596
11.469670000 0.310852185 -1.603314394 1.302051666 -0.063597250 -0.038030617 -0.050783883 0.995956856
11.569473000 0.358062605 -1.622235715 1.348221421 -0.063446450 -0.035804718 -0.045264803 0.996315044
11.669295000 0.404441137 -1.642540610 1.389298185 -0.067823686 -0.037721521 -0.027771062 0.996597111
11.769154000 0.430468064 -1.651590901 1.449312211 -0.069598188 -0.034036422 -0.024649413 0.996689531
11.869126000 0.461428548 -1.663252892 1.503167754 -0.068648562 -0.026117886 -0.027985084 0.996906247
11.969080000 0.483153334 -1.677887862 1.542761094 -0.066371180 -0.016857115 -0.033236927 0.997098797
12.069056000 0.493223612 -1.685148766 1.578151483 -0.065785598 -0.010528534 -0.034346178 0.997186916
12.169159000 0.507222792 -1.695250657 1.609674828 -0.071733902 -0.005282673 -0.034060752 0.996828072
12.269086000 0.525388049 -1.701555483 1.653634929 -0.082429697 -0.001935216 -0.034732809 0.995989574
12.369185000 0.531427389 -1.704572057 1.674327005 -0.091564089 -0.001399466 -0.034458707 0.995201817
12.469487000 0.538859637 -1.711804531 1.707341946 -0.080835528 -0.001224844 -0.035890668 0.996080307
12.569817000 0.560638141 -1.718213351 1.738465050 -0.071550304 -0.000462191 -0.036390663 0.996772823
12.670282000 0.574917451 -1.739853013 1.769979829 -0.065420465 -0.000457701 -0.038347617 0.997120561
12.770842000 0.587387887 -1.747023087 1.803448790 -0.064499510 -0.001439323 -0.036560864 0.997246732
12.871327000 0.592609930 -1.769436025 1.812915046 -0.065326006 -0.003327315 -0.036986101 0.997172738
12.971634000 0.602329511 -1.779491743 1.840245897 -0.065874615 -0.004423986 -0.037479145 0.997113974
13.071809000 0.629823184 -1.788894740 1.870427981 -0.068338383 -0.003397605 -0.037040730 0.996968558
13.171960000 0.635449925 -1.803025722 1.899126898 -0.068445301 -0.006185060 -0.034552643 0.997037161
13.271925000 0.639725081 -1.820125524 1.932870898 -0.069856535 -0.006323950 -0.042214665 0.996643364
13.371883000 0.657128854 -1.818013576 1.999100496 -0.072168336 -0.005269146 -0.044337207 0.996392583
13.471768000 0.666465458 -1.828679415 2.039018141 -0.072280406 -0.009326133 -0.031919590 0.996829828
13.571604000 0.675392031 -1.854256076 2.065908327 -0.072605039 -0.010817811 -0.027809486 0.996914297
13.671390000 0.680255046 -1.875335954 2.094867423 -0.071931483 -0.011871653 -0.022881600 0.997076405
13.771060000 0.681387104 -1.900456393 2.116110539 -0.072310903 -0.011266064 -0.022115795 0.997073267
13.870733000 0.694535576 -1.922991244 2.141018199 -0.070958044 -0.009015805 -0.021138025 0.997214548
13.970369000 0.719399916 -1.936191720 2.144887880 -0.065107487 -0.004900382 -0.018503246 0.997694658
14.070028000 0.731386793 -1.957610469 2.169962365 -0.061217028 -0.000947669 -0.018004659 0.997961627
14.169973000 0.724490219 -1.955547453 2.207141507 -0.062317733 0.001257038 -0.014247255 0.997953875
14.270000000 0.733926116 -1.989266986 2.248994637 -0.066108996 0.006230653 -0.013089119 0.997707099
14.370138000 0.729879197 -2.014585586 2.289461449 -0.073348574 0.011117100 -0.010187479 0.997192365
14.470316000 0.726150384 -2.035915575 2.332983197 -0.075930949 0.017214533 -0.009002330 0.996923823
14.570361000 0.722254752 -2.059388075 2.375265411 -0.078182104 0.023788516 -0.005794967 0.996638392
14.670168000 0.717677540 -2.071647095 2.425010885 -0.079212240 0.030614773 -0.001332937 0.996386662
14.769977000 0.709639600 -2.087752195 2.467755799 -0.079993139 0.038566922 -0.000120140 0.996049033
14.869916000 0.698715517 -2.101920679 2.497695781 -0.085122415 0.045309443 0.001528129 0.995338582
14.970099000 0.696117365 -2.110670219 2.559123633 -0.099532618 0.050999864 0.003198596 0.993721309
15.070584000 0.681216761 -2.129646009 2.588450783 -0.107075090 0.053541115 0.006133728 0.992789329
15.171197000 0.671020948 -2.149000310 2.620371693 -0.112289029 0.056358178 0.006801248 0.992052757
15.271608000 0.660844142 -2.176099787 2.640647301 -0.114296085 0.060828582 0.006163904 0.991563561
15.371633000 0.652302594 -2.197681644 2.648687717 -0.112261054 0.064679953 0.013520214 0.991479280
15.471121000 0.644352661 -2.204022181 2.662589442 -0.108514218 0.065377492 0.033253070 0.991385234
15.570258000 0.632451099 -2.218225015 2.663110915 -0.103839181 0.072276984 0.038958403 0.991199125
15.669549000 0.607210316 -2.223256906 2.651638115 -0.103522168 0.079299425 0.045517402 0.990415533
15.769314000 0.580673428 -2.201173667 2.675770034 -0.107977495 0.087529335 0.050494716 0.989004429
15.869533000 0.552971395 -2.196503867 2.671688712 -0.108667709 0.097093709 0.053660829 0.987868744
15.970106000 0.522660832 -2.186460828 2.675215886 -0.111195378 0.106437331 0.056526455 0.986464111
16.070691000 0.481423945 -2.181166213 2.651431184 -0.111866616 0.112124638 0.058297334 0.985654781
16.171177000 0.425143007 -2.160461768 2.632356618 -0.109251592 0.117266523 0.052705828 0.985664622
16.271372000 0.381790873 -2.144397374 2.627850152 -0.100590391 0.124342197 0.042330580 0.986219404
16.371544000 0.320957353 -2.123452503 2.585888753 -0.092678133 0.127484268 0.036248493 0.986835636
16.471676000 0.275101053 -2.110745400 2.549298239 -0.087860193 0.130296909 0.032879367 0.987026975
16.571591000 0.224571307 -2.100823488 2.520092256 -0.086129361 0.131799891 0.032398425 0.986995878
16.671364000 0.181763154 -2.112168991 2.490251927 -0.082630311 0.133773286 0.031481554 0.987059194
16.771007000 0.138095262 -2.119184640 2.456677417 -0.077699507 0.135761920 0.031027552 0.987202501
16.870416000 0.091744408 -2.126225065 2.418468454 -0.075716116 0.137139683 0.032863548 0.987106764
16.969794000 0.042817880 -2.135373042 2.387930078 -0.075430713 0.138255560 0.034732278 0.986908950
17.069148000 -0.007242968 -2.143095530 2.364394773 -0.075969386 0.139488111 0.037546868 0.986591076
17.168755000 -0.051044233 -2.155103955 2.336705152 -0.076322525 0.142260975 0.038998715 0.986111448
17.268414000 -0.100081085 -2.171233252 2.311935900 -0.076753022 0.145149896 0.038911925 0.985660359
17.368390000 -0.149186798 -2.188091300 2.298959202 -0.077821934 0.146373565 0.041282398 0.985299086
17.468515000 -0.193525050 -2.204746309 2.279340956 -0.080969488 0.136881511 0.058623699 0.985530647
17.568853000 -0.213573932 -2.210116187 2.257160024 -0.080716349 0.133438655 0.057657858 0.986080406
17.669235000 -0.275516470 -2.219694254 2.232543223 -0.079835710 0.128650582 0.047818112 0.987313889
17.769574000 -0.331350914 -2.232567674 2.207543860 -0.079806738 0.126239264 0.036839509 0.988097861
17.869891000 -0.384298932 -2.235551397 2.191621040 -0.079270850 0.124167648 0.031325861 0.988593555
17.970157000 -0.418331544 -2.239616724 2.163537646 -0.079523373 0.120826696 0.026354764 0.989132129
18.070463000 -0.493238915 -2.230502818 2.162987372 -0.079304566 0.113706883 0.013049048 0.990258175
18.170873000 -0.559406797 -2.236611800 2.131502371 -0.096759105 0.112516936 -0.021864616 0.988685771
18.271137000 -0.621486101 -2.249904165 2.110921516 -0.122747792 0.112675158 -0.064121449 0.983933803
18.371118000 -0.635272987 -2.242766905 2.073460439 -0.128677374 0.108836382 -0.081331373 0.982334965
18.470790000 -0.638860155 -2.249181011 2.045680880 -0.125527751 0.097597967 -0.077685706 0.984216618
18.570396000 -0.637006206 -2.245171181 2.014134834 -0.122307464 0.084067305 -0.069781632 0.986460388
18.670004000 -0.621199511 -2.238203560 1.973404744 -0.114675515 0.072289283 -0.056468908 0.989158758
18.769538000 -0.592903859 -2.232873218 1.924051909 -0.098697878 0.060769437 -0.031765991 0.992752097
18.869150000 -0.562080396 -2.226228272 1.877918613 -0.085293035 0.052865978 -0.014777479 0.994842657
18.968958000 -0.526843238 -2.217872651 1.822565497 -0.083348296 0.050548523 -0.009476881 0.995192492
19.068969000 -0.504153033 -2.211706388 1.770192555 -0.080088888 0.049278388 -0.007256032 0.995542445
19.169051000 -0.505731453 -2.217223091 1.729979889 -0.079499241 0.046619515 -0.005947280 0.995726429
19.269261000 -0.496744744 -2.222022541 1.710580901 -0.079249650 0.046538511 -0.004091750 0.995759468
19.369589000 -0.428917266 -2.235750308 1.650856917 -0.078167826 0.051633039 -0.001796596 0.995600619
19.469752000 -0.399508882 -2.232620159 1.608663941 -0.065036133 0.054155810 -0.001152512 0.996411622
19.569611000 -0.379191067 -2.216910148 1.568561969 -0.045329119 0.055665509 0.000294030 0.997419939
19.669091000 -0.368730783 -2.206016442 1.549215420 -0.035131590 0.056532260 0.001086665 0.997781887
19.768578000 -0.354947434 -2.194448171 1.532739782 -0.029729952 0.059233725 -0.004538335 0.997791010
19.868147000 -0.358748840 -2.191990927 1.535545014 -0.033215222 0.063541000 -0.019120057 0.997243057
19.967863000 -0.349300319 -2.193758281 1.538778344 -0.049096572 0.070592414 -0.040990795 0.995452657
20.067791000 -0.329186347 -2.193411680 1.551286099 -0.065646928 0.071097758 -0.040410047 0.994486107
20.168192000 -0.306093291 -2.191200178 1.569219217 -0.074265879 0.067826563 -0.031551825 0.994428790
20.268860000 -0.274768757 -2.191217331 1.584876692 -0.078255124 0.062489323 -0.016108826 0.994842563
20.369665000 -0.244043447 -2.193325342 1.600939608 -0.081698737 0.059579912 -0.008556749 0.994837842
20.470333000 -0.215653289 -2.198829440 1.609407132 -0.081931633 0.058406438 -0.005749836 0.994908456
20.570632000 -0.192070131 -2.206183116 1.617542171 -0.081460792 0.057070202 -0.003395126 0.995035479
20.670779000 -0.156112139 -2.211894310 1.625205735 -0.081857799 0.057229056 -0.002562751 0.994996265
20.770893000 -0.109408771 -2.245462449 1.604090649 -0.078140314 0.060768077 -0.011200898 0.995025563
20.870837000 -0.083339500 -2.260445973 1.606845854 -0.076996580 0.066115418 -0.023335470 0.994563087
20.970675000 -0.056014558 -2.261794215 1.608879873 -0.077800999 0.067762742 -0.028948413 0.994242025
21.070430000 -0.029336301 -2.273665602 1.617280808 -0.079113875 0.063506401 -0.017006800 0.994695280
21.170198000 -0.014925855 -2.277363964 1.624699962 -0.077905118 0.058684252 -0.009117122 0.995190348
21.269832000 0.016021305 -2.296160935 1.638498491 -0.075900359 0.057177974 -0.005249464 0.995460827
21.369358000 0.040188399 -2.304796033 1.655011644 -0.077564715 0.055837354 -0.004737368 0.995411203
21.468779000 0.066130381 -2.325677040 1.667460188 -0.078226490 0.055774415 -0.005210311 0.995360580
21.568150000 0.090474422 -2.335939083 1.684646441 -0.078863365 0.054483038 -0.003163529 0.995390456
21.667843000 0.121119959 -2.354837485 1.708697844 -0.079300235 0.054219547 -0.003421629 0.995369281
21.768285000 0.135527367 -2.370712169 1.732007706 -0.078752814 0.052673410 -0.003222310 0.995496420
21.869213000 0.173909528 -2.385401885 1.741327344 -0.079074700 0.052764355 -0.005111822 0.995458178
21.970125000 0.180329162 -2.391392187 1.786717890 -0.081732808 0.049942788 -0.004294865 0.995392897
22.070867000 0.181278366 -2.409371878 1.788973573 -0.080859695 0.048690953 -0.005949142 0.995517709
22.171290000 0.204674486 -2.429092195 1.805805100 -0.080539622 0.048624063 -0.005790791 0.995547857
22.271212000 0.215566900 -2.439061193 1.831863545 -0.080561825 0.047763805 -0.005911087 0.995586998
22.370789000 0.223918335 -2.433649896 1.860289104 -0.080917070 0.049482458 -0.012798755 0.995409517
22.470085000 0.260053286 -2.449302669 1.893890282 -0.079130229 0.054647515 -0.022274197 0.995116031
22.569302000 0.270414523 -2.437150314 1.924626177 -0.079004599 0.055650610 -0.025338484 0.994997108
22.668604000 0.322207685 -2.436669780 1.956986186 -0.077918701 0.056370567 -0.015551083 0.995243286
22.768067000 0.329176757 -2.414512052 1.994365997 -0.075712843 0.054436985 -0.012923641 0.995558717
22.867767000 0.356886223 -2.402062734 2.032486513 -0.074495410 0.054306631 -0.010842907 0.995682507
22.967781000 0.394771366 -2.409712852 2.059051076 -0.073911328 0.054039799 -0.007807215 0.995768981
23.068008000 0.412372155 -2.414563002 2.067388431 -0.074961653 0.053709348 -0.010189737 0.995686811
23.168587000 0.435087128 -2.403851826 2.125432792 -0.075487798 0.054709488 -0.010139995 0.995593112
23.269240000 0.447318538 -2.407014991 2.169501051 -0.072479615 0.054396063 -0.009576916 0.995839373
23.369691000 0.461288895 -2.402421817 2.166360870 -0.074725810 0.053182972 -0.010138035 0.995733320
23.469929000 0.477348830 -2.400706861 2.204098800 -0.076703740 0.052319370 -0.008455420 0.995644377
23.569977000 0.505199579 -2.406629492 2.248355989 -0.075639882 0.054006408 -0.008887339 0.995631926
23.669884000 0.531994823 -2.404250411 2.296164348 -0.076799521 0.053870794 -0.007011080 0.995565475
23.769756000 0.521962089 -2.400333720 2.326341629 -0.077623571 0.047225786 -0.009027064 0.995822684
23.869706000 0.534125032 -2.411648961 2.348483221 -0.076377949 0.046360788 -0.008311125 0.995965869
23.969792000 0.571983177 -2.415815811 2.365805101 -0.075157761 0.053635224 -0.025077658 0.995412319
24.070009000 0.582059381 -2.411798507 2.387646518 -0.075358806 0.053968265 -0.025706403 0.995363078
24.170146000 0.599986139 -2.410133341 2.432047727 -0.076089212 0.050718048 -0.017098981 0.995663465
24.270024000 0.640084265 -2.400517277 2.481695183 -0.078527115 0.053249188 -0.021001946 0.995267268
24.369690000 0.661235086 -2.397583959 2.507476973 -0.078897700 0.052624300 -0.010368793 0.995438760
24.469281000 0.685435528 -2.383385816 2.553005902 -0.081685978 0.055088297 -0.004211390 0.995125592
24.568896000 0.679503675 -2.378120288 2.552518630 -0.079223615 0.058039090 0.000052820 0.995165856
24.668790000 0.703889486 -2.383003856 2.570198830 -0.078915185 0.064040858 -0.000232598 0.994822149
24.768864000 0.731361755 -2.399770657 2.615963026 -0.079669405 0.070129484 -0.001909664 0.994349533
24.869066000 0.765056209 -2.402949366 2.642403688 -0.077735950 0.076083213 0.000976750 0.994066151
24.969190000 0.760999201 -2.398127880 2.650963852 -0.077852689 0.079535864 0.000032822 0.993787203
25.069130000 0.775800088 -2.413299087 2.675893002 -0.072562683 0.086540118 -0.007988512 0.993570153
25.169165000 0.789628178 -2.410573726 2.729452440 -0.075174113 0.094864494 -0.016831769 0.992505049
25.269221000 0.818090595 -2.423470849 2.782692988 -0.076168647 0.102729418 -0.014925946 0.991676469
25.369382000 0.852555999 -2.429256735 2.838323507 -0.078634693 0.106143165 -0.000910748 0.991236291
25.469698000 0.896610096 -2.458117890 2.911567529 -0.078731093 0.112849720 0.005846569 0.990470683
25.569802000 0.920262726 -2.470174922 2.938243374 -0.078184722 0.119358346 0.009808830 0.989719416
25.669703000 0.950015529 -2.479709411 2.993171030 -0.080445141 0.126590286 0.013062024 0.988601468
25.769513000 0.969738492 -2.500177718 3.020426756 -0.080000404 0.133057109 0.015728776 0.987749132
25.869272000 0.992999736 -2.506204133 3.065720235 -0.081890136 0.140140030 0.020667845 0.986522994
25.969016000 1.026308671 -2.517050175 3.121027154 -0.083176285 0.148631661 0.025253191 0.985064775
26.068870000 1.046987476 -2.530059053 3.161988480 -0.082630442 0.156905909 0.029953890 0.983694826
26.168953000 1.066998232 -2.540933460 3.208769248 -0.083799337 0.164761208 0.037056631 0.982068339
26.268935000 1.090761000 -2.551008333 3.249334236 -0.088941955 0.166418279 0.063925057 0.979952995
26.368785000 1.107212207 -2.561330907 3.299416199 -0.094146262 0.169261875 0.084684667 0.977402377
26.468584000 1.119980374 -2.568539072 3.354355779 -0.105012525 0.171111693 0.105176511 0.973976930
26.568646000 1.116495038 -2.581436732 3.401054596 -0.116153799 0.175130315 0.112017396 0.971231059
26.669111000 1.088628593 -2.584002874 3.397574347 -0.108581477 0.181495590 0.105555073 0.971662256
26.769650000 1.092400964 -2.589081405 3.417544608 -0.098160503 0.194028790 0.090242178 0.971891812
26.869925000 1.041676389 -2.586713983 3.422743020 -0.092735088 0.199583172 0.082563828 0.971982497
26.969909000 1.034533621 -2.610363001 3.422563617 -0.087605777 0.206750993 0.077531966 0.971374309
27.069508000 1.007001074 -2.609706181 3.446304090 -0.083680460 0.215231535 0.065714057 0.970749520
27.168870000 0.971480279 -2.610437695 3.448237134 -0.081983869 0.220843010 0.059413950 0.970039686
27.268083000 0.959521006 -2.603837699 3.460607470 -0.081770593 0.226323974 0.056763652 0.968952484
27.367329000 0.933742874 -2.609144464 3.470423491 -0.080893784 0.230537531 0.055747830 0.968091329
27.466795000 0.918036655 -2.603640770 3.483844544 -0.080749841 0.235090754 0.055384374 0.967028630
27.566623000 0.889864333 -2.603380357 3.487751831 -0.080992528 0.238212249 0.056857894 0.966158535
27.666744000 0.833766332 -2.620802745 3.497018299 -0.081916409 0.239774806 0.057279889 0.965669073
27.767213000 0.803480953 -2.630526081 3.498118681 -0.087625359 0.242657469 0.057922907 0.964408672
27.867856000 0.785138753 -2.647776480 3.503463475 -0.091650511 0.246663992 0.057286183 0.963055218
27.968290000 0.743474800 -2.664745486 3.496081637 -0.096505432 0.248171091 0.057173173 0.962200104
28.068615000 0.697872945 -2.682387001 3.496868308 -0.098169960 0.248451404 0.058158801 0.961900261
28.168965000 0.678059103 -2.698997195 3.468745473 -0.099431312 0.250615827 0.057682808 0.961237648
28.269175000 0.652929112 -2.732856918 3.437321774 -0.101071397 0.252575681 0.054977681 0.960712003
28.369304000 0.618919084 -2.755615255 3.423340582 -0.102517723 0.253107891 0.054854095 0.960425708
28.469326000 0.590705589 -2.784147867 3.412185989 -0.106021124 0.253897187 0.054082150 0.959880649
28.569343000 0.560501537 -2.810887211 3.389253297 -0.111011043 0.254254199 0.053244592 0.959268661
28.669172000 0.536952151 -2.847718637 3.359964310 -0.112314194 0.254905757 0.052366115 0.958992371
28.768920000 0.515416129 -2.881298705 3.320820996 -0.117545925 0.255265843 0.050383559 0.958375606
28.868707000 0.497351415 -2.910507740 3.271241211 -0.128417092 0.255693358 0.046639454 0.957055233
28.968623000 0.478763984 -2.928157781 3.213241190 -0.133325772 0.255433095 0.044513833 0.956554594
29.068623000 0.463615633 -2.933714577 3.160964169 -0.136953015 0.255303900 0.044678416 0.956068841
29.168691000 0.458707428 -2.928669265 3.124608267 -0.138756021 0.256708402 0.043274905 0.955497172
29.268514000 0.462718273 -2.917015803 3.089037305 -0.136381726 0.258578803 0.042612458 0.955364436
29.368196000 0.469855951 -2.893515914 3.040098219 -0.133193223 0.260117008 0.043639053 0.955350376
29.467846000 0.481288737 -2.859668899 2.988263609 -0.130634938 0.261546188 0.042987913 0.955342946
29.567521000 0.492442416 -2.818507657 2.912077606 -0.124463215 0.261735583 0.043728764 0.956081162
29.667203000 0.501903969 -2.772557357 2.844003270 -0.110602798 0.259735852 0.046601929 0.958192344
29.767099000 0.520290430 -2.732040997 2.773221344 -0.101411058 0.257653846 0.049799118 0.959609473
29.867306000 0.546645346 -2.692980397 2.700837575 -0.086317136 0.256042120 0.055739382 0.961189319
29.967630000 0.559542308 -2.661512057 2.614395825 -0.074164969 0.254876907 0.059846392 0.962265935
30.068092000 0.572471302 -2.620515419 2.533955501 -0.053018349 0.256110414 0.067650142 0.962818762
30.168721000 0.576769362 -2.582187290 2.456270994 -0.044620713 0.260191605 0.073260653 0.961739152
30.269151000 0.574840900 -2.548416283 2.390797990 -0.045655994 0.267058482 0.076047002 0.959589574
30.369377000 0.564888855 -2.514865562 2.333435446 -0.063297788 0.275009673 0.074593427 0.956451196
30.469662000 0.547253496 -2.478876122 2.278371880 -0.074600257 0.283259262 0.072709527 0.953368930
30.569919000 0.542049478 -2.447919471 2.231153283 -0.078882962 0.293517851 0.072418392 0.949937011
30.669974000 0.515915640 -2.410227703 2.177446267 -0.080550339 0.298974488 0.073317906 0.948024463
30.769957000 0.493787564 -2.376823292 2.122584124 -0.077604751 0.303259662 0.074049675 0.946851480
30.869739000 0.482417833 -2.343953203 2.094939458 -0.079429754 0.308469260 0.073457688 0.945061690
30.969155000 0.457364487 -2.307698959 2.048037874 -0.069759793 0.318232820 0.054945072 0.943844522
31.068472000 0.433033585 -2.266393666 2.004658248 -0.066108699 0.326046739 0.038148939 0.942267384
31.167992000 0.416947304 -2.226992102 1.964729584 -0.067059007 0.329891982 0.033869910 0.941024547
31.267552000 0.409978705 -2.193894672 1.939119486 -0.071701679 0.330072193 0.040196361 0.940369858
31.367457000 0.400830148 -2.195059821 1.909911748 -0.073236283 0.328202523 0.050968018 0.940383864
31.467541000 0.424839431 -2.163123344 1.889486578 -0.074241528 0.329048653 0.055628713 0.939744979
31.567618000 0.447823827 -2.143914322 1.861629433 -0.079663733 0.324941922 0.068418332 0.939885828
31.667712000 0.461912745 -2.123830391 1.853958532 -0.082335234 0.323966861 0.075798633 0.939425862
31.767770000 0.470719248 -2.109412111 1.820240441 -0.082138504 0.322143077 0.079869548 0.939732919
31.867767000 0.474023697 -2.116605059 1.803477687 -0.082301239 0.322500009 0.081438574 0.939461553
31.967730000 0.488126746 -2.125315515 1.778043792 -0.079946467 0.323163771 0.083132087 0.939288452
32.067807000 0.507572252 -2.149231493 1.739543351 -0.076591676 0.324936639 0.082873220 0.938979193
32.168221000 0.517489310 -2.141035577 1.717380449 -0.076827443 0.326616477 0.082381174 0.938420249
32.268576000 0.510697365 -2.159357555 1.687971939 -0.075846940 0.327685137 0.084914751 0.937901476
32.368833000 0.506200914 -2.158547225 1.660688111 -0.075458881 0.328963724 0.085831965 0.937401568
32.469000000 0.506423526 -2.168821868 1.643426584 -0.073862618 0.331210581 0.087244035 0.936606824
32.569043000 0.543417985 -2.168833363 1.628875694 -0.073470172 0.334794183 0.087965920 0.935295133
32.668927000 0.530990887 -2.163460041 1.602898231 -0.072182151 0.335878493 0.089939403 0.934818848
32.768715000 0.521072102 -2.172033065 1.593162019 -0.070022036 0.338537360 0.092951688 0.933728737
32.868423000 0.519610018 -2.153663296 1.583576473 -0.069038744 0.341748442 0.092527124 0.932673783
32.968084000 0.517490030 -2.131187037 1.568038901 -0.068014291 0.343865198 0.093573777 0.931866262
33.067729000 0.503663809 -2.108742734 1.559292047 -0.067868039 0.345898025 0.093704775 0.931111111
33.167481000 0.496292735 -2.086466335 1.556380383 -0.066203582 0.349981629 0.089399691 0.930127755
33.267161000 0.468123925 -2.079822945 1.548477598 -0.056413042 0.359330580 0.063708641 0.929322502
33.367107000 0.482262691 -2.067870840 1.520566355 -0.053951980 0.364690772 0.057599506 0.927778056
33.467447000 0.499751607 -2.061518161 1.490634589 -0.059405095 0.361786258 0.069671307 0.927754088
33.568183000 0.510537493 -2.065572008 1.477654235 -0.064425242 0.355326776 0.083832021 0.928743486
33.669031000 0.512913609 -2.068410148 1.477470179 -0.069140676 0.348844281 0.087759194 0.930497479
33.769642000 0.534147455 -2.084094931 1.460433559 -0.069185263 0.341183354 0.088343182 0.933275308
33.869905000 0.533568381 -2.103623011 1.449528737 -0.068782271 0.331310073 0.086500240 0.937027397
33.969887000 0.542157075 -2.118485576 1.445323071 -0.070951013 0.323138635 0.080415487 0.940255671
34.069727000 0.548050922 -2.140110424 1.430942868 -0.067363012 0.315951004 0.070397086 0.943759206
34.169705000 0.554909863 -2.166874516 1.417848757 -0.067585682 0.307592741 0.072983883 0.946304514
34.269558000 0.574051483 -2.184554921 1.399253448 -0.068569297 0.305362412 0.073007344 0.946954052
34.369427000 0.561901096 -2.203077456 1.394503671 -0.067679009 0.306480800 0.072155176 0.946722082
34.469393000 0.549484436 -2.197611979 1.398572968 -0.071246571 0.309010339 0.071034804 0.945722260
34.569429000 0.550384147 -2.224808923 1.383188329 -0.072283432 0.310539320 0.070533818 0.945180098
34.669642000 0.555895164 -2.250624565 1.376071529 -0.072743616 0.307493519 0.067728235 0.946345068
34.770137000 0.566504789 -2.287134505 1.363950765 -0.071056284 0.299687604 0.063088985 0.949293487
34.870609000 0.565458901 -2.313005271 1.353721353 -0.069432729 0.288755196 0.056380945 0.953215989
34.970743000 0.561844858 -2.320194827 1.352134788 -0.068803114 0.278146621 0.049221269 0.956806070
35.070408000 0.547323863 -2.314501419 1.358621168 -0.069001118 0.269292492 0.040803811 0.959716337
35.169890000 0.568661716 -2.333852896 1.346886285 -0.065762539 0.264435017 0.034326122 0.961546217
35.269209000 0.553318792 -2.340016859 1.352449108 -0.061894879 0.265186979 0.021429309 0.961969685
35.368555000 0.543520828 -2.355816104 1.355936679 -0.056581360 0.268931783 0.004856833 0.961483571
35.468107000 0.555887209 -2.355133344 1.364685119 -0.059491196 0.265630141 0.014884297 0.962122593
35.567968000 0.570739537 -2.356240039 1.351429870 -0.060370145 0.259851660 0.027671082 0.963362274
35.668092000 0.581332962 -2.361125396 1.366674131 -0.065578007 0.255078127 0.042758904 0.963745999
35.768417000 0.592296926 -2.360115442 1.370793815 -0.068857944 0.254158298 0.048244404 0.963501230
35.868847000 0.620395377 -2.374434378 1.410713170 -0.069248878 0.258329462 0.051046124 0.962218673
35.969174000 0.629480860 -2.387955274 1.388465371 -0.068675571 0.256351822 0.049801438 0.962853689
36.069346000 0.648899363 -2.381701761 1.415883337 -0.070304410 0.258062000 0.047893973 0.962375946
36.169436000 0.674359796 -2.372527649 1.432773778 -0.073086423 0.258656612 0.046436239 0.962080458
36.269308000 0.683246822 -2.386392781 1.448313565 -0.076963330 0.258729216 0.045145944 0.961819984
36.369135000 0.683998559 -2.384278588 1.459257508 -0.082577290 0.258323319 0.042593581 0.961579867
36.468894000 0.662761698 -2.370272459 1.467807628 -0.083787655 0.255289688 0.039263475 0.962426716
36.568664000 0.608063158 -2.371755845 1.517150806 -0.080884200 0.252014206 0.037048670 0.963625437
36.668504000 0.583335858 -2.379253187 1.570204593 -0.077890589 0.254550127 0.027838123 0.963515609
36.768525000 0.610313012 -2.376117359 1.574857569 -0.077839478 0.255578783 0.030181748 0.963176808
36.868618000 0.598186136 -2.362880926 1.607951797 -0.078329069 0.255935252 0.026365446 0.963154488
36.968734000 0.622400113 -2.362991073 1.647766761 -0.077689206 0.258493462 0.025594808 0.962543725
37.069014000 0.643238349 -2.358203456 1.670770252 -0.078500206 0.261284565 0.020490049 0.961846272
37.169402000 0.652610430 -2.359676232 1.681689271 -0.078138544 0.259506142 0.026312534 0.962215454
37.269504000 0.683104626 -2.341408238 1.702581407 -0.077027333 0.258981221 0.033487428 0.962223524
37.369410000 0.696335993 -2.330179333 1.717681006 -0.074596449 0.258114888 0.040297827 0.962386700
37.469219000 0.712218253 -2.315369311 1.746545808 -0.073308358 0.259617738 0.043765824 0.961929866
37.569116000 0.724127819 -2.302614616 1.758893753 -0.072802954 0.260998754 0.045727654 0.961503178
37.669107000 0.741358222 -2.305019829 1.802017110 -0.071408826 0.264004814 0.049376738 0.960606150
37.769078000 0.749782041 -2.301924915 1.832382699 -0.074327623 0.263427119 0.056123172 0.960172769
37.868994000 0.788834658 -2.295866034 1.839317100 -0.082143120 0.259599621 0.070408584 0.959637002
37.968835000 0.816751912 -2.296699008 1.863806862 -0.106233448 0.253424686 0.091950762 0.957097404
38.068515000 0.824619360 -2.304420252 1.857979953 -0.119056039 0.251635494 0.096824529 0.955578489
38.168410000 0.800994873 -2.308189205 1.869256101 -0.119587295 0.249633230 0.098689687 0.955846471
38.268396000 0.791096769 -2.297622567 1.853600922 -0.110759548 0.251908281 0.095325757 0.956654347
38.368545000 0.769285452 -2.281038902 1.817420599 -0.092201837 0.257629597 0.082675207 0.958274816
38.468802000 0.733387542 -2.246372209 1.792644580 -0.080381919 0.266309773 0.062030880 0.958524920
38.569000000 0.713825117 -2.220510589 1.738475836 -0.074894533 0.271496418 0.052685610 0.958073447
38.669053000 0.688794872 -2.201352902 1.719809446 -0.071567698 0.275406887 0.048407644 0.957437106
38.769072000 0.665381941 -2.170148698 1.688069273 -0.071026705 0.277767441 0.045930464 0.956917368
38.869243000 0.635904566 -2.132261481 1.654811134 -0.073352645 0.278400668 0.044321189 0.956633728
38.969533000 0.602447798 -2.125043924 1.632863481 -0.071384248 0.279425278 0.043972822 0.956499971
39.069870000 0.579078539 -2.105238433 1.600626270 -0.071696655 0.280241163 0.044414779 0.956217448
39.170161000 0.554840134 -2.090345838 1.576086447 -0.070282536 0.281388806 0.045521548 0.955933310
39.270186000 0.541851187 -2.083237398 1.560893097 -0.069249885 0.283730662 0.047620296 0.955213941
39.369907000 0.519199746 -2.063551922 1.537255953 -0.068978477 0.286063196 0.048177358 0.954509696
39.469455000 0.480351351 -2.046263723 1.510615095 -0.068931145 0.287113855 0.049323917 0.954139027
39.569145000 0.447121145 -2.018112472 1.473828395 -0.069475072 0.287923395 0.051359867 0.953748131
39.669007000 0.408670526 -2.013666099 1.446956352 -0.069581588 0.289182241 0.051179005 0.953369154
39.769062000 0.398034829 -2.003103594 1.414501379 -0.069567416 0.292086078 0.051771507 0.952452523
39.869220000 0.368702596 -2.014611301 1.394496258 -0.067714376 0.293837223 0.052519859 0.952006362
39.969248000 0.338625503 -1.985776507 1.366994692 -0.068649215 0.295406326 0.053601758 0.951393315
40.069114000 0.304106828 -1.971372002 1.340449256 -0.068906629 0.296600494 0.053799034 0.950991949
40.168961000 0.264687198 -1.958278693 1.310600385 -0.068575875 0.297570440 0.053541364 0.950727356
40.268704000 0.222345142 -1.961383884 1.302185066 -0.067324731 0.300948093 0.048222601 0.950038003
40.368551000 0.176408546 -1.968777579 1.289483543 -0.059383804 0.309549422 0.028246086 0.948606809
40.468486000 0.149214105 -1.969374650 1.272242133 -0.064201643 0.305466855 0.047032075 0.948870978
40.568502000 0.129459077 -1.959143418 1.245546528 -0.067593186 0.304403434 0.053992826 0.948606602
40.668550000 0.099937214 -1.961385359 1.235882359 -0.068042217 0.303088219 0.058156522 0.948749496
40.768359000 0.066003584 -1.954918999 1.225730529 -0.069207975 0.302800093 0.060307608 0.948622871
40.867924000 0.037578105 -1.958808540 1.215773441 -0.069601089 0.303402758 0.061575509 0.948320047
40.967491000 0.002577475 -1.962942534 1.208253893 -0.067946413 0.304359880 0.061410614 0.948144021
41.067410000 -0.021243100 -1.941001246 1.200993248 -0.069291164 0.306259256 0.058571499 0.947614575
41.167816000 -0.049420985 -1.944643983 1.186691600 -0.069325301 0.307272305 0.059496794 0.947226406
41.268381000 -0.075188579 -1.932362276 1.170779445 -0.071412263 0.309107424 0.057462765 0.946599662
41.368906000 -0.116026873 -1.931703741 1.142311998 -0.071806748 0.308983540 0.056741038 0.946653800
41.469271000 -0.151591214 -1.941393752 1.132352619 -0.071135583 0.309742724 0.057682230 0.946399458
41.569255000 -0.153722195 -1.911489417 1.127141933 -0.074583450 0.312490205 0.058514755 0.945178927
41.668988000 -0.184295447 -1.908071789 1.119680495 -0.073094665 0.313573529 0.058880876 0.944913676
41.768679000 -0.216940625 -1.917746734 1.125561058 -0.071693427 0.314711794 0.059545300 0.944600919
41.868582000 -0.252090477 -1.907247421 1.120702947 -0.071601811 0.315875942 0.058934836 0.944257515
41.968628000 -0.288162486 -1.897301617 1.129691908 -0.072006588 0.317665791 0.058101872 0.943677736
42.068741000 -0.337117627 -1.894520504 1.137139498 -0.076285304 0.317784345 0.061131697 0.943110056
42.168814000 -0.360619515 -1.875101788 1.134689448 -0.083257726 0.321033802 0.056423559 0.941712181
42.268615000 -0.453883412 -1.866141084 1.151664181 -0.099568964 0.319832884 0.050029603 0.940898500
42.368230000 -0.525004222 -1.855990700 1.170297455 -0.104915577 0.318219006 0.046084599 0.941066202
42.467741000 -0.547430461 -1.826174567 1.210154362 -0.094371355 0.320929377 0.042972514 0.941409446
42.567349000 -0.575751415 -1.830565429 1.293887241 -0.079977426 0.324652222 0.040081069 0.941593359
42.667217000 -0.610605938 -1.814834018 1.377116833 -0.073387727 0.329023657 0.036121938 0.940772491
42.767276000 -0.653229142 -1.797921275 1.368757718 -0.080722974 0.327658144 0.034384510 0.940713372
42.867435000 -0.748024856 -1.766524708 1.406170290 -0.075733966 0.324381165 0.028440640 0.942460798
42.967615000 -0.789248482 -1.743435896 1.481364549 -0.076915673 0.326319130 0.023182381 0.941839892
43.067827000 -0.801485138 -1.741399064 1.510538823 -0.072051903 0.329165136 0.020935629 0.941286639
43.168210000 -0.830731157 -1.714208115 1.490335190 -0.071642972 0.328066698 0.022567906 0.941663536
43.268481000 -0.861501147 -1.695643124 1.491110666 -0.073545406 0.329075559 0.018228778 0.941258764
43.368792000 -0.894386922 -1.677999765 1.481800424 -0.073175064 0.332062443 0.005568057 0.940398288
43.469166000 -0.924631754 -1.664900058 1.463908641 -0.059103884 0.340113257 -0.016433954 0.938381388
43.569629000 -0.948985887 -1.662865895 1.434868279 -0.064265634 0.330206418 0.008404886 0.941680948
43.669984000 -0.978109302 -1.651286807 1.429281222 -0.067176004 0.324143142 0.021680402 0.943370854
43.770133000 -1.004323097 -1.637879790 1.426147921 -0.068775700 0.320922011 0.025684607 0.944255933
43.870173000 -0.998713112 -1.643150409 1.417869716 -0.077288673 0.324062993 0.016200216 0.942733892
43.970168000 -1.015505466 -1.647092405 1.410273537 -0.112216708 0.324556969 0.006848078 0.939160949
44.070006000 -1.023242320 -1.644998511 1.392950182 -0.121256943 0.326356527 0.003220168 0.937431492
44.169821000 -1.030236544 -1.628516113 1.381154936 -0.122457506 0.327590519 0.003447537 0.936844024
44.269546000 -1.022018121 -1.590995764 1.344608143 -0.108488945 0.329763444 0.006599471 0.937786045
44.369396000 -1.017988861 -1.565498496 1.306174514 -0.085947503 0.331338888 0.013064472 0.939498211
44.469167000 -1.010717204 -1.546670309 1.275895279 -0.071284019 0.332125715 0.011668795 0.940465277
44.568919000 -0.995192197 -1.528978353 1.226887813 -0.066899897 0.327202782 0.017469099 0.942421123
44.668788000 -0.982773379 -1.518679525 1.186827962 -0.063132619 0.321102859 0.019543539 0.944735559
44.768813000 -0.970978852 -1.508872198 1.147485352 -0.062376906 0.314592235 0.017865192 0.947006696
44.868986000 -0.963075355 -1.501018625 1.117014960 -0.061313918 0.307092604 0.016238303 0.949563612
44.969189000 -0.951590650 -1.498522487 1.078009610 -0.059275162 0.298853133 0.013219807 0.952364687
45.069266000 -0.941893561 -1.501103012 1.039559938 -0.057912005 0.288685461 0.010810530 0.955609772
45.169179000 -0.939003513 -1.495556775 1.014074150 -0.057953273 0.278539616 0.004954403 0.958661856
45.268828000 -0.933250386 -1.490776823 0.991357850 -0.057941067 0.268006523 0.002251288 0.961670561
45.368506000 -0.929680763 -1.496532086 0.963907909 -0.057026129 0.259545453 -0.001793127 0.964044067
45.468131000 -0.923801678 -1.501789793 0.930724666 -0.055617020 0.253930328 -0.006725126 0.965598730
45.567776000 -0.916832711 -1.493550277 0.908608972 -0.054329238 0.251296146 -0.014284770 0.966278700
45.667448000 -0.918319320 -1.491892975 0.886730601 -0.053042777 0.249345418 -0.023232739 0.966681729
45.766920000 -0.920944368 -1.469434990 0.893850431 -0.049491847 0.248741474 -0.035311507 0.966659885
45.866278000 -0.919837805 -1.448233273 0.879652362 -0.046298495 0.244999143 -0.041576669 0.967524289
45.965682000 -0.888598383 -1.407265811 0.863645950 -0.045577675 0.242178171 -0.049521326 0.967894647
46.065404000 -0.902620644 -1.381587362 0.881777757 -0.043940295 0.235591437 -0.054156140 0.969346707
46.165512000 -0.888356930 -1.339487038 0.895498014 -0.043702850 0.230227353 -0.060534386 0.970268527
46.265836000 -0.859450404 -1.302689504 0.910519541 -0.043453455 0.224341029 -0.064123325 0.971427351
46.366343000 -0.830125966 -1.262635788 0.939690971 -0.049074457 0.211327915 -0.047166515 0.975042322
46.467036000 -0.791126107 -1.226381983 0.962069179 -0.052001481 0.200724754 -0.033989423 0.977675886
46.567884000 -0.755391034 -1.190332366 0.988589493 -0.053549783 0.194690343 -0.028981768 0.978973007
46.668621000 -0.716186616 -1.164224461 1.002239733 -0.052875724 0.190738861 -0.026059348 0.979869254
46.769288000 -0.689352343 -1.129043522 1.039275321 -0.053083666 0.187836658 -0.026158529 0.980415853
46.869895000 -0.657504128 -1.111623217 1.054954419 -0.052322055 0.183169897 -0.023575378 0.981404806
46.970326000 -0.629859734 -1.089585629 1.072313473 -0.051328117 0.179202341 -0.024614710 0.982163969
47.070459000 -0.595622223 -1.058634553 1.092239455 -0.050797152 0.175872598 -0.026237300 0.982751282
47.170429000 -0.565588930 -1.036701447 1.119287920 -0.050468361 0.172256370 -0.026659170 0.983397161
47.270158000 -0.534834739 -1.020907072 1.138245002 -0.050160448 0.169586569 -0.027636078 0.983849873
47.369747000 -0.508209458 -1.012365137 1.164787578 -0.076312463 0.167269310 -0.033541074 0.982380976
47.469505000 -0.479503899 -0.997088455 1.185340613 -0.094570283 0.165989149 -0.037422940 0.980868792
47.569471000 -0.447058524 -0.984580748 1.187080228 -0.094359642 0.165828800 -0.039350304 0.980840772
47.669603000 -0.411211829 -0.965247607 1.176464073 -0.091966423 0.165382837 -0.038231786 0.981187558
47.769783000 -0.377235100 -0.947465345 1.171865208 -0.084050183 0.166328728 -0.038837041 0.981713810
47.870032000 -0.340450594 -0.925688931 1.156610693 -0.066119618 0.166636760 -0.034814857 0.983182746
47.970032000 -0.301311178 -0.904676286 1.136398865 -0.053746690 0.167176833 -0.032178896 0.983934814
48.069910000 -0.264065773 -0.889440958 1.119657589 -0.048409082 0.167979393 -0.030748544 0.984120933
48.169874000 -0.226896827 -0.871979170 1.098351632 -0.045943735 0.168401006 -0.029391437 0.984208524
48.269804000 -0.190388412 -0.853314366 1.075663981 -0.043069161 0.169511988 -0.030032778 0.984128429
48.369722000 -0.167396725 -0.839969962 1.071594937 -0.042112282 0.169635763 -0.029013238 0.984179097
48.469566000 -0.143787074 -0.821372077 1.071916939 -0.043264733 0.169791218 -0.027223843 0.984153427
48.569487000 -0.102744597 -0.803740033 1.029237432 -0.043326407 0.169595853 -0.022439959 0.984305094
48.669436000 -0.086333136 -0.803038597 0.977038298 -0.040833530 0.164587145 -0.021948967 0.985272519
48.769342000 -0.054904171 -0.772779019 0.915685203 -0.041363490 0.159291779 -0.018954201 0.986182503
48.869187000 -0.025188140 -0.735765199 0.860632355 -0.043783453 0.153415858 -0.015616185 0.987067738
48.969029000 0.001749653 -0.723875916 0.857678180 -0.054180662 0.146951409 -0.006118800 0.987639762
49.068816000 0.022463431 -0.705556624 0.849708097 -0.066200492 0.140844635 -0.002775303 0.987812017
49.168604000 0.038251642 -0.694392741 0.835182945 -0.067158303 0.136185913 -0.005664497 0.988388119
49.268411000 0.035994951 -0.662095747 0.810940390 -0.059557254 0.131719713 -0.014384623 0.989391699
49.368362000 0.048953173 -0.636076318 0.770369993 -0.049651306 0.128181256 -0.026905499 0.990141610
49.468347000 0.058321378 -0.623122222 0.749901023 -0.045517192 0.123813116 -0.031023405 0.990775477
49.568317000 0.065524059 -0.599439308 0.721555107 -0.044994689 0.117529666 -0.035015755 0.991431365
49.668297000 0.075551074 -0.597823027 0.704186376 -0.044178086 0.113086044 -0.035498075 0.991967605
49.768135000 0.099874740 -0.585801434 0.664372341 -0.041430443 0.110147092 -0.039700533 0.992257529
49.867884000 0.121698982 -0.573791362 0.615707590 -0.039920848 0.105353403 -0.041945628 0.992747476
49.967717000 0.159024317 -0.552988511 0.533015944 -0.037083487 0.100191255 -0.042156428 0.993382788
50.067763000 0.174559170 -0.538877616 0.506218612 -0.037343985 0.095916676 -0.042622094 0.993775012
50.167982000 0.199427165 -0.515092876 0.450890974 -0.035743813 0.091131117 -0.041889930 0.994315208
50.268112000 0.212642089 -0.504464048 0.427494612 -0.037738055 0.087764644 -0.042485996 0.994519053
50.368185000 0.235796157 -0.491594542 0.390880427 -0.040080296 0.085506355 -0.041402285 0.994669837
50.468238000 0.259535054 -0.485530441 0.353259959 -0.046151620 0.083572803 -0.039384357 0.994652948
50.568256000 0.277922168 -0.469630678 0.355186392 -0.049724665 0.083263313 -0.041861974 0.994405477
50.668190000 0.297281978 -0.452965749 0.327596262 -0.050878972 0.081660409 -0.039523846 0.994575675
50.768079000 0.353187643 -0.457660088 0.256147247 -0.047583041 0.080802353 -0.031134477 0.995106767
50.867877000 0.382253440 -0.469863318 0.188254841 -0.041228162 0.076126769 -0.025689525 0.995914154
50.967612000 0.441677490 -0.472191122 0.091184191 -0.038546307 0.067746654 -0.004645762 0.996946834
51.067357000 0.489348717 -0.485613555 0.008573717 -0.039578713 0.059258546 0.014170583 0.997357080
51.167310000 0.504677533 -0.469208780 -0.013796098 -0.033699690 0.053364878 0.018043346 0.997843153
51.267401000 0.506741721 -0.428916139 -0.027838649 -0.030537113 0.048917252 0.011053627 0.998274714
51.367681000 0.512084307 -0.405114291 -0.046429192 -0.016008440 0.046459219 -0.000136496 0.998791896
51.467974000 0.518112133 -0.373530473 -0.066331807 -0.010322066 0.042339162 -0.005083762 0.999037039
51.568194000 0.530869736 -0.358757454 -0.097963461 -0.005184398 0.038101831 -0.007241781 0.999234171
51.668372000 0.540087972 -0.361088233 -0.120139498 -0.001639732 0.033310149 0.003366949 0.999438047
51.768346000 0.542915626 -0.318618991 -0.137233257 -0.002666446 0.026114925 0.014807299 0.999545719
51.868299000 0.544347283 -0.301613127 -0.156525226 0.003571459 0.022721834 0.006923485 0.999711473
51.968178000 0.546617313 -0.265914529 -0.180416000 0.006664163 0.021033890 -0.003849381 0.999749142
52.068025000 0.552130480 -0.238197147 -0.218077446 0.014211460 0.015897704 -0.009299632 0.999729371
52.168102000 0.553382282 -0.232923023 -0.263649896 0.016552581 0.009541157 -0.004684701 0.999806497
52.268194000 0.548223898 -0.216893644 -0.270764551 0.002227109 0.000705541 0.004435308 0.999987435
52.368471000 0.557310181 -0.205515883 -0.314054995 0.009362684 0.004102673 -0.012703169 0.999867060
52.468778000 0.567318100 -0.191482253 -0.343122027 0.013426781 0.006811050 -0.013350858 0.999797522
52.568812000 0.544738649 -0.176264932 -0.320046437 0.011737125 0.011089674 -0.021817806 0.999631553
52.668737000 0.556455729 -0.138975192 -0.337679698 0.003239347 0.019602863 -0.031515189 0.999305773
52.768639000 0.573688426 -0.137156585 -0.321655843 0.003298906 0.023117204 -0.035492662 0.999097084
52.868694000 0.590027942 -0.140270562 -0.289071599 0.000831525 0.044542808 -0.091771165 0.994783042
52.968728000 0.600926721 -0.140491141 -0.324128543 0.002255379 0.041239179 -0.069335437 0.996738100
53.068629000 0.616141423 -0.134790430 -0.375127842 0.003621653 0.034569067 -0.043569205 0.998445586
53.168697000 0.619781069 -0.129014665 -0.435682648 0.005294652 0.029986651 -0.035999358 0.998887788
53.268685000 0.621635682 -0.128260113 -0.442412665 0.005874524 0.025559944 -0.030909983 0.999178038
53.368638000 0.622081567 -0.126988600 -0.479821740 0.005177294 0.021380818 -0.026534687 0.999405807
53.468580000 0.614231327 -0.127037075 -0.488499344 0.005482707 0.018076554 -0.023279923 0.999550511
53.568413000 0.600587931 -0.133581407 -0.458970439 0.004603792 0.014363182 -0.017795868 0.999727869
53.668323000 0.583608319 -0.159651055 -0.444143135 0.011443460 0.012441067 -0.022336454 0.999607598
53.768239000 0.578670557 -0.198187546 -0.466457313 0.021555174 0.008996397 -0.025898598 0.999391666
53.868016000 0.567900943 -0.272444322 -0.538312682 0.038902108 0.003130491 -0.021415378 0.999008612
53.967777000 0.566094642 -0.343428262 -0.560875991 0.056408444 -0.001501237 -0.006296508 0.998386793
54.067678000 0.576958190 -0.475089204 -0.593559268 0.087498579 0.002178259 -0.002086380 0.996160078
54.167824000 0.598366180 -0.552404436 -0.618611862 0.102390268 0.007648404 -0.000724036 0.994714638
54.268077000 0.577296112 -0.562794113 -0.518072174 0.096132199 0.007759792 -0.020248462 0.995132346
54.368587000 0.558600844 -0.545406549 -0.407840573 0.091369841 0.011815212 -0.028007892 0.995352958
54.469023000 0.559524501 -0.547311620 -0.362615039 0.092705423 0.019936517 -0.018654957 0.995319161
54.569235000 0.573066087 -0.565055080 -0.493165669 0.102267048 0.036066816 -0.006035883 0.994084606
54.668973000 0.570523248 -0.568336906 -0.492291417 0.102282915 0.032921348 -0.006796325 0.994187206
54.769583000 0.581231598 -0.567330320 -0.543433933 0.104531451 0.035097577 -0.009341614 0.993858174
54.869942000 0.572378489 -0.569409722 -0.535538980 0.107484656 0.034878382 -0.006766515 0.993571719
54.969943000 0.596788198 -0.567850203 -0.574614025 0.109649017 0.036584943 -0.004553391 0.993286415
55.069491000 0.608702957 -0.573142933 -0.589063497 0.111913609 0.039853660 -0.004531975 0.992908098
55.168727000 0.602660110 -0.574103783 -0.565729391 0.112120157 0.038371717 -0.002567173 0.992950196
55.267736000 0.602660110 -0.574103783 -0.565729391 0.112120157 0.038371717 -0.002567173 0.992950196
55.366791000 0.602660110 -0.574103783 -0.565729391 0.112120157 0.038371717 -0.002567173 0.992950196
55.466039000 0.602660110 -0.574103783 -0.565729391 0.112120157 0.038371717 -0.002567173 0.992950196
55.565571000 0.602660110 -0.574103783 -0.565729391 0.112120157 0.038371717 -0.002567173 0.992950196
55.665409000 0.602660110 -0.574103783 -0.565729391 0.112120157 0.038371717 -0.002567173 0.992950196
55.765523000 0.609259282 -0.573721323 -0.569996256 0.112056578 0.039568768 -0.002513887 0.992910528
55.865850000 0.609259282 -0.573721323 -0.569996256 0.112056578 0.039568768 -0.002513887 0.992910528
55.966209000 0.594292418 -0.580149497 -0.589009635 0.110894624 0.038156312 -0.001316887 0.993098557
56.066512000 0.582275389 -0.573732124 -0.603240709 0.110393247 0.037614994 0.000013173 0.993175938
56.166955000 0.582275389 -0.573732124 -0.603240709 0.110393247 0.037614994 0.000013173 0.993175938
56.267250000 0.582275389 -0.573732124 -0.603240709 0.110393247 0.037614994 0.000013173 0.993175938
56.367372000 0.582275389 -0.573732124 -0.603240709 0.110393247 0.037614994 0.000013173 0.993175938
56.467305000 0.609979604 -0.581037575 -0.607337226 0.111414911 0.039339311 -0.000150681 0.992995022
56.567132000 0.609979604 -0.581037575 -0.607337226 0.111414911 0.039339311 -0.000150681 0.992995022
56.666955000 0.609979604 -0.581037575 -0.607337226 0.111414911 0.039339311 -0.000150681 0.992995022
56.766748000 0.609979604 -0.581037575 -0.607337226 0.111414911 0.039339311 -0.000150681 0.992995022
56.866520000 0.609979604 -0.581037575 -0.607337226 0.111414911 0.039339311 -0.000150681 0.992995022
56.966354000 0.609979604 -0.581037575 -0.607337226 0.111414911 0.039339311 -0.000150681 0.992995022
