0.065342000 0.000000000 0.000000000 0.000000000 -0.000000000 -0.000000000 -0.000000000 1.000000000
0.165343000 0.000000000 0.000000000 0.000000000 -0.000000000 -0.000000000 -0.000000000 1.000000000
0.265258000 0.000000000 0.000000000 0.000000000 -0.000000000 -0.000000000 -0.000000000 1.000000000
0.365208000 0.000000000 0.000000000 0.000000000 -0.000000000 -0.000000000 -0.000000000 1.000000000
0.465196000 0.000000000 0.000000000 0.000000000 -0.000000000 -0.000000000 -0.000000000 1.000000000
0.565255000 0.000000000 0.000000000 0.000000000 -0.000000000 -0.000000000 -0.000000000 1.000000000
0.665338000 0.000000000 0.000000000 0.000000000 -0.000000000 -0.000000000 -0.000000000 1.000000000
0.765444000 0.000000000 0.000000000 0.000000000 -0.000000000 -0.000000000 -0.000000000 1.000000000
0.865505000 0.000000000 0.000000000 0.000000000 -0.000000000 -0.000000000 -0.000000000 1.000000000
0.965496000 0.000000000 0.000000000 0.000000000 -0.000000000 -0.000000000 -0.000000000 1.000000000
1.065447000 0.000000000 0.000000000 0.000000000 -0.000000000 -0.000000000 -0.000000000 1.000000000
1.165457000 0.000000000 0.000000000 0.000000000 -0.000000000 -0.000000000 -0.000000000 1.000000000
1.265385000 0.000000000 0.000000000 0.000000000 -0.000000000 -0.000000000 -0.000000000 1.000000000
1.365333000 0.000000000 0.000000000 0.000000000 -0.000000000 -0.000000000 -0.000000000 1.000000000
1.465337000 0.000000000 0.000000000 0.000000000 -0.000000000 -0.000000000 -0.000000000 1.000000000
1.565355000 0.000000000 0.000000000 0.000000000 -0.000000000 -0.000000000 -0.000000000 1.000000000
1.665394000 0.000000000 0.000000000 0.000000000 -0.000000000 -0.000000000 -0.000000000 1.000000000
1.765431000 0.000000000 0.000000000 0.000000000 -0.000000000 -0.000000000 -0.000000000 1.000000000
1.865431000 0.000000000 0.000000000 0.000000000 -0.000000000 -0.000000000 -0.000000000 1.000000000
1.965417000 0.000000000 0.000000000 0.000000000 -0.000000000 -0.000000000 -0.000000000 1.000000000
2.065379000 0.000000000 0.000000000 0.000000000 -0.000000000 -0.000000000 -0.000000000 1.000000000
2.165472000 0.000000000 0.000000000 0.000000000 -0.000000000 -0.000000000 -0.000000000 1.000000000
2.265517000 0.000000000 0.000000000 0.000000000 -0.000000000 -0.000000000 -0.000000000 1.000000000
2.365615000 0.000000000 0.000000000 0.000000000 -0.000000000 -0.000000000 -0.000000000 1.000000000
2.465688000 0.000000000 0.000000000 0.000000000 -0.000000000 -0.000000000 -0.000000000 1.000000000
2.565694000 0.000000000 0.000000000 0.000000000 -0.000000000 -0.000000000 -0.000000000 1.000000000
2.665626000 0.000000000 0.000000000 0.000000000 -0.000000000 -0.000000000 -0.000000000 1.000000000
2.765480000 0.000000000 0.000000000 0.000000000 -0.000000000 -0.000000000 -0.000000000 1.000000000
2.865305000 0.002511407 0.002943731 0.017863794 -0.001358230 0.000920077 -0.001750723 0.999997122
2.965135000 -0.002015027 0.004289644 0.022627851 -0.001367088 0.000456009 -0.002035352 0.999996890
3.065036000 -0.013476631 -0.001495563 0.020500823 -0.000304968 -0.000232117 -0.003007722 0.999995403
3.165080000 -0.006946596 0.005656135 0.030268869 -0.001466750 0.000456267 -0.003615756 0.999992283
3.265104000 -0.006421249 0.006301116 0.022577032 -0.000116694 -0.000957714 0.002343930 0.999996788
3.365186000 -0.007838289 0.007327723 0.013331171 -0.000014689 -0.000695174 0.002479654 0.999996684
3.465288000 -0.012362796 0.009001777 0.018900716 -0.000941209 -0.000735079 0.001581427 0.999998036
3.565400000 -0.011071253 0.006784434 0.016671579 -0.000598429 -0.000329084 0.000459355 0.999999661
3.665486000 -0.008850819 0.009481943 0.028245287 -0.001859775 0.000723674 -0.004179887 0.999989273
3.765567000 -0.007672565 0.004608259 0.029561502 -0.001561699 0.000537360 -0.002932318 0.999994337
3.865595000 -0.005756161 0.003435342 0.029983575 -0.001468666 0.000724858 -0.003212108 0.999993500
3.965591000 -0.005953355 0.002163848 0.036573789 -0.001619395 0.000884230 -0.003804874 0.999991059
4.065531000 -0.008033776 0.002397907 0.020447819 -0.000841036 0.000371010 -0.002900577 0.999995371
4.165534000 -0.004711497 -0.005608868 0.018871237 -0.000772939 -0.000264513 0.000410741 0.999999582
4.265424000 -0.012130733 -0.012820168 0.018340249 -0.000233062 -0.001560942 0.002683301 0.999995155
4.365315000 -0.015768928 -0.006460137 0.008868970 -0.000213937 -0.001206254 0.001321370 0.999998377
4.465255000 -0.018685460 -0.013634614 0.027405226 0.000442556 -0.001971455 -0.001657658 0.999996585
4.565249000 -0.016565037 -0.007619877 0.033572768 -0.000610732 -0.002417538 -0.000370573 0.999996823
4.665313000 -0.016256667 -0.009732236 0.038035237 -0.000622813 -0.002461384 -0.000596843 0.999996599
4.765391000 -0.026778697 -0.003435567 0.038005167 -0.001334914 -0.004477041 0.000964252 0.999988622
4.865516000 -0.028696737 -0.006561441 0.030190316 -0.000918874 -0.004038471 0.000472613 0.999991311
4.965507000 -0.022696967 -0.009448586 0.014736113 -0.000148912 -0.003204781 0.001017721 0.999994336
5.065643000 -0.022796192 -0.007616959 -0.002440756 -0.000187802 -0.003854530 0.001759421 0.999991006
5.165951000 -0.031002517 -0.004291480 0.002690035 0.000017711 -0.005554453 0.001150342 0.999983912
5.266121000 -0.031993171 -0.005616314 -0.004206795 0.000240543 -0.006621832 0.001820873 0.999976389
5.366190000 -0.031951448 -0.005641247 0.004320223 0.000213336 -0.007832445 0.001307217 0.999968449
5.466203000 -0.017464894 0.003013326 0.026388943 -0.000472167 -0.008090776 0.001494009 0.999966042
5.566125000 0.002696378 -0.009973674 0.047819276 0.000583500 -0.010398715 0.002063720 0.999943632
5.666080000 0.004889859 -0.011098753 0.055294288 0.001349110 -0.018380422 0.000275148 0.999830118
5.766098000 0.005453899 -0.016655997 0.059539678 0.001866858 -0.026573378 -0.001765613 0.999643563
5.866079000 -0.000478144 -0.019101792 0.064232933 0.002220065 -0.032894968 -0.004684492 0.999445370
5.966076000 0.001111534 -0.011514812 0.081409058 0.000667263 -0.041285608 -0.005535192 0.999131831
6.066371000 0.004893831 -0.002811632 0.089562905 0.001711316 -0.047741586 -0.008860828 0.998818952
6.167130000 -0.002206990 -0.023850973 0.145717671 0.001907034 -0.052767721 -0.013606778 0.998512287
6.267914000 -0.003153684 -0.041196921 0.193803422 0.004855554 -0.053553809 -0.009587074 0.998507136
6.368629000 -0.013990737 -0.087436678 0.315800390 -0.010731621 -0.050265799 -0.009576967 0.998632296
6.469516000 -0.009617577 -0.096132969 0.386451314 -0.026043232 -0.046826058 -0.007804321 0.998533005
6.570368000 -0.005678492 -0.092923883 0.405937281 -0.030108162 -0.046326643 -0.005992504 0.998454521
6.670993000 -0.003852186 -0.086966179 0.424176761 -0.049910550 -0.040811515 -0.011476474 0.997853520
6.771279000 -0.025289279 -0.094834974 0.524960094 -0.085607936 -0.033757931 -0.012315200 0.995680681
6.871285000 -0.026105021 -0.082359163 0.560513354 -0.095640557 -0.035060347 -0.006748253 0.994775410
6.971115000 -0.025488705 -0.088154659 0.591795308 -0.111433702 -0.037199288 -0.004256456 0.993066275
7.070994000 -0.023353240 -0.108616799 0.611597307 -0.123458871 -0.038105241 -0.000850489 0.991617454
7.171136000 -0.026071462 -0.170184102 0.613772640 -0.120552994 -0.040041102 0.002856639 0.991894916
7.271368000 -0.029061514 -0.085194789 0.713516216 -0.142969456 -0.040839891 -0.000267353 0.988884102
7.371613000 -0.031977676 -0.002084080 0.807096677 -0.166683850 -0.040755809 -0.002922879 0.985163395
7.471789000 -0.043508758 -0.000743578 0.845115044 -0.204530015 -0.040435347 -0.004230332 0.978015623
7.571761000 -0.048882364 -0.049573164 0.845715419 -0.227749962 -0.039675825 -0.005270337 0.972896709
7.671541000 -0.045896609 -0.082319228 0.842880576 -0.232289760 -0.035035523 -0.013604839 0.971920207
7.771162000 -0.062430512 -0.100205253 0.793979294 -0.222215242 -0.035464412 -0.014023952 0.974251503
7.870738000 -0.016005880 -0.121405043 0.770271348 -0.210417509 -0.034008959 -0.007899895 0.976987950
7.970470000 -0.010977993 -0.130308018 0.733898745 -0.199128187 -0.033899638 -0.005163868 0.979373327
8.070540000 -0.017354015 -0.143349649 0.704567922 -0.184425433 -0.034249872 -0.003972961 0.982241529
8.170917000 -0.026106950 -0.163522054 0.670394909 -0.174990573 -0.035185945 -0.001932510 0.983939284
8.271215000 -0.004746154 -0.162626386 0.680481946 -0.175393409 -0.033970179 0.000685318 0.983911942
8.371414000 -0.025958383 -0.177466618 0.687948835 -0.173705362 -0.031323664 -0.009480072 0.984253729
8.471664000 -0.013426982 -0.209220453 0.685193868 -0.163204499 -0.025775556 -0.019153747 0.986069494
8.571804000 -0.024508966 -0.236828799 0.662986177 -0.153600531 -0.022666363 -0.027539391 0.987489086
8.671731000 -0.027515581 -0.231656862 0.712135693 -0.162421840 -0.025478657 -0.026510228 0.986036101
8.771611000 0.017461380 -0.232596346 0.791050723 -0.167880022 -0.032910501 -0.008377098 0.985222321
8.871588000 0.049380239 -0.265129446 0.933243733 -0.178668760 -0.041930541 -0.000417008 0.983015325
8.971692000 0.055853313 -0.293451161 0.941407515 -0.182380772 -0.044839267 0.003271321 0.982199569
9.071848000 0.054006336 -0.340545564 0.931996988 -0.187306254 -0.046500232 0.004116719 0.981191698
9.171938000 0.056439430 -0.385716050 0.923251897 -0.187115193 -0.047198953 0.004082461 0.981194933
9.271789000 0.061052178 -0.432580034 0.918194389 -0.186801019 -0.046880728 0.003300245 0.981272992
9.371429000 0.062412396 -0.482162148 0.916656888 -0.183661355 -0.046434286 0.002693699 0.981888541
9.471095000 0.066689495 -0.484944525 0.940885106 -0.193239373 -0.046563388 0.006962538 0.980021387
9.570960000 0.066079843 -0.531775973 0.949611697 -0.201650242 -0.046481253 0.007562550 0.978324834
9.670957000 0.064760433 -0.594235426 0.954228421 -0.205721514 -0.046409785 0.007750936 0.977478753
9.770914000 0.064168596 -0.653478529 0.962694201 -0.205953233 -0.045897331 0.007510878 0.977456028
9.870697000 0.059489285 -0.714942655 0.973073328 -0.208098313 -0.043488169 0.003292598 0.977135114
9.970450000 0.054829363 -0.771667917 0.986795789 -0.210010129 -0.039004858 -0.004795456 0.976909090
10.070385000 0.052898844 -0.828696497 1.005261807 -0.214527335 -0.028105085 -0.024041204 0.976017493
10.170543000 0.055066629 -0.881359033 1.026322814 -0.218394700 -0.014318025 -0.048909752 0.974528904
10.270761000 0.068018632 -0.929880217 1.051686863 -0.219611246 -0.003861821 -0.064790671 0.973425989
10.370965000 0.105002420 -0.967038678 1.083841717 -0.221214839 -0.003040210 -0.056806739 0.973564454
10.471059000 0.159027787 -1.001883738 1.112606321 -0.219171608 -0.004336522 -0.039973952 0.974857469
10.570878000 0.221050242 -1.031767804 1.151328135 -0.217642000 -0.010705556 -0.016461539 0.975831117
10.670534000 0.281408074 -1.059796680 1.189462417 -0.218523350 -0.020785358 0.005039477 0.975597314
10.770210000 0.341399250 -1.086426130 1.231335136 -0.218564164 -0.026690055 0.013303754 0.975366781
10.869948000 0.400065415 -1.113994252 1.273656671 -0.218233227 -0.031488910 0.014981617 0.975273427
10.969808000 0.457153901 -1.142744970 1.316194847 -0.218263622 -0.035748449 0.013463979 0.975141918
11.069763000 0.508491502 -1.177777167 1.354293727 -0.217675664 -0.039732909 0.010987760 0.975150178
11.169931000 0.560002539 -1.212762853 1.391802429 -0.218094733 -0.042928228 0.008414277 0.974946693
11.269947000 0.608465228 -1.252840435 1.417640223 -0.217174258 -0.045327115 0.006907620 0.975055424
11.369887000 0.649295413 -1.293060110 1.449926463 -0.216806357 -0.046579000 0.006519482 0.975080969
11.469670000 0.696788485 -1.337842598 1.480749262 -0.216560464 -0.045282131 0.005842247 0.975200986
11.569473000 0.736387387 -1.369176149 1.518365252 -0.218493692 -0.044531457 0.009234029 0.974778020
11.669295000 0.778257277 -1.407295014 1.549247175 -0.222463214 -0.049245385 0.026416295 0.973338168
11.769154000 0.810361669 -1.442525769 1.585067635 -0.223075822 -0.044186502 0.027754926 0.973403511
11.869126000 0.837044376 -1.473132847 1.619798132 -0.221417084 -0.035446564 0.024149516 0.974235504
11.969080000 0.855144261 -1.499318939 1.656040440 -0.218893907 -0.026759503 0.022279813 0.975127169
12.069056000 0.874478603 -1.523269762 1.690992981 -0.217853225 -0.018929024 0.021121875 0.975569337
12.169159000 0.898882103 -1.545511467 1.745799797 -0.224389830 -0.013022566 0.022882333 0.974143735
12.269086000 0.912403453 -1.568769992 1.785432043 -0.234502164 -0.009274424 0.022873004 0.971802215
12.369185000 0.939230946 -1.588413728 1.829702501 -0.243308223 -0.006091312 0.022114873 0.969677749
12.469487000 0.958541942 -1.610419616 1.862781115 -0.232382164 -0.005697966 0.022897582 0.972338297
12.569817000 0.971833778 -1.620747996 1.888589050 -0.223691367 -0.006096072 0.022555820 0.974379929
12.670282000 0.989697215 -1.637707745 1.921230569 -0.219178656 -0.006338135 0.021830564 0.975419895
12.770842000 1.005395817 -1.661839188 1.948179044 -0.217660845 -0.006615684 0.022974673 0.975731599
12.871327000 1.010976453 -1.683851063 1.963360729 -0.219836654 -0.009222952 0.024731635 0.975179537
12.971634000 1.024718256 -1.686922475 1.995840277 -0.227017199 -0.008926801 0.023609786 0.973563599
13.071809000 1.028688919 -1.703701152 2.011273566 -0.229771599 -0.011819310 0.024847033 0.972855560
13.171960000 1.037326724 -1.730329481 2.023966242 -0.229765891 -0.013370327 0.024094663 0.972855753
13.271925000 1.044896701 -1.761745856 2.041589677 -0.230275634 -0.010951889 0.015523402 0.972939984
13.371883000 1.050729412 -1.788962213 2.072203679 -0.230245723 -0.009957673 0.011463522 0.973014049
13.471768000 1.059035753 -1.817703122 2.089983827 -0.228739967 -0.014929061 0.020465929 0.973157899
13.571604000 1.069617296 -1.848540442 2.103578979 -0.229579665 -0.015929925 0.023090501 0.972885525
13.671390000 1.080400797 -1.876722644 2.115283606 -0.229963661 -0.015330009 0.023380311 0.972797546
13.771060000 1.089265433 -1.907427480 2.129338943 -0.231349426 -0.013896987 0.024282569 0.972468341
13.870733000 1.091039038 -1.947670528 2.143621582 -0.227562599 -0.012967743 0.026960429 0.973303774
13.970369000 1.092308631 -1.978690113 2.159404251 -0.221517201 -0.011586826 0.028489605 0.974671338
14.070028000 1.097659464 -2.002600113 2.176176278 -0.217889582 -0.008336183 0.029547454 0.975490434
14.169973000 1.098435593 -2.038642683 2.196470098 -0.216352011 -0.005144219 0.031711388 0.975786725
14.270000000 1.093917395 -2.073669736 2.222927846 -0.220419259 -0.001621980 0.034591438 0.974790312
14.370138000 1.087686189 -2.108783585 2.251859771 -0.227206705 0.003115312 0.038220384 0.973091265
14.470316000 1.082887461 -2.143186203 2.282062359 -0.229096075 0.009147758 0.040716314 0.972508863
14.570361000 1.074707122 -2.177595011 2.311599973 -0.231023120 0.014962292 0.045026656 0.971790640
14.670168000 1.069397372 -2.207012726 2.344154030 -0.230531435 0.021587759 0.049053722 0.971587854
14.769977000 1.060759818 -2.227414770 2.377551399 -0.231237062 0.028421881 0.053368917 0.971016672
14.869916000 1.051446433 -2.257963881 2.413651480 -0.235532480 0.034993525 0.056726956 0.969578236
14.970099000 1.037991052 -2.289274335 2.449925122 -0.247589948 0.039890512 0.059139989 0.966235182
15.070584000 1.026814365 -2.317192640 2.476590522 -0.255097374 0.043487815 0.061136849 0.964000221
15.171197000 1.017420982 -2.344072066 2.495506235 -0.259916378 0.047086217 0.061544393 0.962516832
15.271608000 1.003238747 -2.374710226 2.518903385 -0.262249936 0.050778832 0.062151200 0.961656753
15.371633000 0.993185987 -2.397846414 2.524736548 -0.260332188 0.053277497 0.070148257 0.961492528
15.471121000 0.984194371 -2.420057410 2.526592128 -0.255033442 0.050967879 0.088261826 0.961545667
15.570258000 0.968422250 -2.430557552 2.526403642 -0.249951947 0.056312022 0.094912392 0.961948345
15.669549000 0.948659677 -2.432946956 2.527831363 -0.249490733 0.062850083 0.102159208 0.960920256
15.769314000 0.921582052 -2.432402706 2.532384695 -0.251394165 0.070910224 0.106829674 0.959354019
15.869533000 0.888755861 -2.416795534 2.534654628 -0.252019807 0.078883851 0.112561889 0.957910839
15.970106000 0.861102320 -2.399554806 2.546706871 -0.254354257 0.087481614 0.117836251 0.955910821
16.070691000 0.825628599 -2.374537416 2.550995789 -0.256280940 0.091836212 0.123585615 0.954260334
16.171177000 0.783921664 -2.341408480 2.556838607 -0.254590439 0.098806083 0.118511352 0.954660215
16.271372000 0.737488244 -2.311752441 2.546909607 -0.246122661 0.106520028 0.109089779 0.957171113
16.371544000 0.691179504 -2.284084050 2.532174902 -0.238427095 0.111116485 0.104003251 0.959160555
16.471676000 0.648069181 -2.263285830 2.524101913 -0.234108541 0.113597123 0.102169586 0.960130335
16.571591000 0.595459500 -2.243347595 2.491655289 -0.230803004 0.114790109 0.102125947 0.960793159
16.671364000 0.554220948 -2.226725667 2.470993548 -0.229967134 0.116554685 0.102447709 0.960746891
16.771007000 0.511434354 -2.229313608 2.441984820 -0.223082279 0.118494062 0.102651049 0.962110293
16.870416000 0.465284460 -2.220339645 2.415168570 -0.221410383 0.119420822 0.104953051 0.962133549
16.969794000 0.420066910 -2.214208044 2.387346924 -0.221374049 0.120921974 0.106520306 0.961782112
17.069148000 0.371460658 -2.211654613 2.361857139 -0.221405860 0.122528062 0.108796272 0.961316644
17.168755000 0.328364308 -2.211048611 2.337313239 -0.221688438 0.125288638 0.110738174 0.960673748
17.268414000 0.281695506 -2.208619080 2.311874156 -0.222489419 0.128317548 0.112037507 0.959937843
17.368390000 0.224336227 -2.211032677 2.288857983 -0.223212370 0.128432436 0.114323022 0.959485067
17.468515000 0.171524173 -2.217529413 2.265062793 -0.226101082 0.115998967 0.130049788 0.958389061
17.568853000 0.133615375 -2.215244875 2.221410311 -0.225251577 0.111585442 0.130234040 0.959087854
17.669235000 0.067692955 -2.214882684 2.206375921 -0.225016270 0.109700499 0.118924561 0.960827991
17.769574000 0.003916452 -2.214748043 2.187386695 -0.225423044 0.109352660 0.107627768 0.962103274
17.869891000 -0.054817641 -2.211365448 2.175298600 -0.224617601 0.109127968 0.100973458 0.963038099
17.970157000 -0.123929617 -2.208596238 2.162448782 -0.225416259 0.104289903 0.095826476 0.963913073
18.070463000 -0.183857277 -2.198138859 2.153440104 -0.224952924 0.099909716 0.083571536 0.965624166
18.170873000 -0.260837207 -2.210004041 2.142980270 -0.241665218 0.104779748 0.048652658 0.963458378
18.271137000 -0.313084806 -2.205031451 2.125349850 -0.267691678 0.114484621 0.006491396 0.956656834
18.371118000 -0.348800139 -2.193418924 2.112035293 -0.274097177 0.112524970 -0.011436496 0.955027788
18.470790000 -0.354997622 -2.175751015 2.081388825 -0.272327969 0.100596616 -0.009356398 0.956885707
18.570396000 -0.348253566 -2.161921090 2.047936513 -0.269931506 0.086065195 -0.003314161 0.959019698
18.670004000 -0.339722839 -2.147434291 2.014352442 -0.263212937 0.071640777 0.007512041 0.962044759
18.769538000 -0.307905752 -2.131452293 1.970148590 -0.248228545 0.056245486 0.029741658 0.966609781
18.869150000 -0.276440659 -2.117212246 1.915152079 -0.234844656 0.045100570 0.045993156 0.969896157
18.968958000 -0.249732951 -2.115460326 1.864063717 -0.231968188 0.041577749 0.051311378 0.970478847
19.068969000 -0.222825456 -2.108483174 1.813978736 -0.227624197 0.040632303 0.055252074 0.971330762
19.169051000 -0.207887861 -2.102071529 1.756197917 -0.227103766 0.039762127 0.058071301 0.971324136
19.269261000 -0.186812236 -2.097713938 1.717349907 -0.226747679 0.040476868 0.059743474 0.971276392
19.369589000 -0.163753505 -2.081624914 1.657830047 -0.226447726 0.043465125 0.060928302 0.971143631
19.469752000 -0.141621527 -2.068177861 1.618668991 -0.213355417 0.044797270 0.061831099 0.973986440
19.569611000 -0.121563325 -2.049677174 1.586916957 -0.193687664 0.045043200 0.063403217 0.977975578
19.669091000 -0.107150503 -2.031740844 1.563444476 -0.183483918 0.045145343 0.064228185 0.979882794
19.768578000 -0.096099659 -2.015292832 1.555316235 -0.178237156 0.047908903 0.059279447 0.981031192
19.868147000 -0.089788877 -2.001457340 1.561306969 -0.182025211 0.055983735 0.044503388 0.980689600
19.967863000 -0.079864452 -2.004563081 1.564157751 -0.196984028 0.067540557 0.024182502 0.977778488
20.067791000 -0.061145885 -2.010474073 1.574623108 -0.213078882 0.068673951 0.024962806 0.974298792
20.168192000 -0.036335077 -2.017211640 1.590880051 -0.221469259 0.064802300 0.033441846 0.972436976
20.268860000 -0.007971725 -2.025753193 1.604729567 -0.225473190 0.057106150 0.047444687 0.971416352
20.369665000 0.023078635 -2.037995297 1.619461863 -0.228709991 0.053353875 0.054285565 0.970514390
20.470333000 0.050671720 -2.051857401 1.630888534 -0.229039507 0.052099084 0.056153849 0.970398544
20.570632000 0.077868832 -2.065001403 1.638777388 -0.228501159 0.050862496 0.058457576 0.970455016
20.670779000 0.104143300 -2.080392682 1.654734642 -0.228977363 0.050511181 0.058827091 0.970338787
20.770893000 0.130487406 -2.099017818 1.663823038 -0.227332308 0.055157487 0.051548563 0.970886409
20.870837000 0.152670371 -2.115077069 1.671392006 -0.226257849 0.063364875 0.038028851 0.971260050
20.970675000 0.178826443 -2.132125472 1.676848691 -0.226222622 0.065740725 0.034201192 0.971252676
21.070430000 0.208007820 -2.150655140 1.683957616 -0.227754220 0.060401146 0.044870247 0.970807075
21.170198000 0.242464284 -2.173128899 1.693650824 -0.226385594 0.055707952 0.053616345 0.970964198
21.269832000 0.275073988 -2.193087676 1.702709882 -0.225249033 0.054047116 0.056529977 0.971157116
21.369358000 0.300705614 -2.216960319 1.710613932 -0.225749887 0.052890436 0.057391395 0.971053973
21.468779000 0.328771682 -2.237207281 1.731689570 -0.227819140 0.052928644 0.056745949 0.970606457
21.568150000 0.362300471 -2.259712494 1.739677474 -0.227544193 0.052496263 0.056382015 0.970715639
21.667843000 0.379165468 -2.289447010 1.749440127 -0.227798033 0.050986979 0.055726408 0.970774408
21.768285000 0.396798365 -2.311782007 1.761744957 -0.227657227 0.049673442 0.055804711 0.970871037
21.869213000 0.420332931 -2.345118962 1.773639502 -0.227784359 0.048968228 0.054871962 0.970930207
21.970125000 0.439105814 -2.369489111 1.784942893 -0.229569450 0.048069933 0.054048102 0.970600820
22.070867000 0.457973364 -2.393876855 1.801251953 -0.229732965 0.047109105 0.054439764 0.970587353
22.171290000 0.477286154 -2.413826689 1.808559058 -0.230045545 0.045390069 0.054773462 0.970576456
22.271212000 0.502135353 -2.431076063 1.835836563 -0.230473418 0.046279880 0.054282954 0.970460477
22.370789000 0.515589191 -2.448379519 1.855346397 -0.229937386 0.049299014 0.048558589 0.970742226
22.470085000 0.531603476 -2.454383633 1.887744598 -0.229607162 0.054759106 0.039222008 0.970949857
22.569302000 0.538065366 -2.448777464 1.898897156 -0.229096292 0.055370033 0.036773394 0.971131693
22.668604000 0.560935077 -2.448038706 1.915027361 -0.228378877 0.052154483 0.043574888 0.971197316
22.768067000 0.584757135 -2.452660954 1.952318937 -0.225603139 0.050301477 0.046271213 0.971818893
22.867767000 0.608065779 -2.456016857 1.991899177 -0.224723514 0.048906906 0.048323337 0.971993988
22.967781000 0.633342834 -2.463111337 2.039723140 -0.226145442 0.047908172 0.051091611 0.971572279
23.068008000 0.649687439 -2.467582644 2.076999767 -0.228889125 0.047636944 0.049275412 0.971036778
23.168587000 0.678598138 -2.475274912 2.109355584 -0.228269482 0.048448014 0.047585535 0.971226776
23.269240000 0.699444849 -2.485078465 2.146084982 -0.225939456 0.048627884 0.048017167 0.971741243
23.369691000 0.722119353 -2.498900148 2.184593638 -0.228880009 0.048629805 0.047372940 0.971084388
23.469929000 0.739540883 -2.506878461 2.221727304 -0.231606213 0.047365857 0.049757869 0.970380952
23.569977000 0.765400007 -2.519611561 2.262731335 -0.231259072 0.048258866 0.049609183 0.970427355
23.669884000 0.783771096 -2.534289012 2.308782049 -0.232615307 0.047163511 0.051333026 0.970067339
23.769756000 0.803307752 -2.547614105 2.342325481 -0.233316621 0.046021771 0.052563647 0.969887836
23.869706000 0.827666073 -2.558166845 2.366535966 -0.233234940 0.045832553 0.053586818 0.969860450
23.969792000 0.837764619 -2.571873318 2.393311405 -0.232101445 0.052900438 0.037841269 0.970514555
24.070009000 0.842289624 -2.585612546 2.416129532 -0.232143754 0.050691669 0.038818319 0.970583727
24.170146000 0.860790680 -2.598850139 2.445404080 -0.233328649 0.046204851 0.045770595 0.970220545
24.270024000 0.884560667 -2.614974390 2.483277178 -0.234873778 0.046716931 0.045643949 0.969829091
24.369690000 0.908772097 -2.633301905 2.518292762 -0.234822053 0.045103398 0.052074557 0.969594001
24.469281000 0.932478953 -2.655701827 2.553374849 -0.234950966 0.046393648 0.057813652 0.969176586
24.568896000 0.945795467 -2.670535874 2.561573388 -0.231583748 0.049740533 0.062440928 0.969533897
24.668790000 0.970155619 -2.683334513 2.597503963 -0.231142428 0.054728395 0.065190050 0.969189475
24.768864000 0.990417229 -2.696610919 2.633880262 -0.232728561 0.059423457 0.067718449 0.968359686
24.869066000 0.990841022 -2.703798695 2.640433092 -0.228980845 0.061984545 0.070339177 0.968905614
24.969190000 1.011664018 -2.724878772 2.677791497 -0.229309548 0.066444911 0.071323136 0.968460229
25.069130000 1.014072697 -2.739205125 2.682630704 -0.222845010 0.072169050 0.068492491 0.969763120
25.169165000 1.027455974 -2.759408975 2.720073030 -0.224418673 0.083371287 0.057885194 0.969192856
25.269221000 1.049945546 -2.775012384 2.766735207 -0.226162112 0.089630222 0.062856065 0.967918508
25.369382000 1.078693736 -2.800476520 2.804495766 -0.227797839 0.090803561 0.076109622 0.966473064
25.469698000 1.105353419 -2.840578688 2.848407639 -0.226867237 0.094136284 0.086569630 0.965492266
25.569802000 1.133976950 -2.867048332 2.887614602 -0.226518824 0.099977178 0.091990781 0.964485087
25.669703000 1.156877072 -2.897600561 2.928362336 -0.227600162 0.106472100 0.095646695 0.963178887
25.769513000 1.184683063 -2.938967633 2.967489056 -0.226717788 0.113133849 0.099877435 0.962197628
25.869272000 1.208967523 -2.957990845 3.004340636 -0.227995199 0.119462141 0.106119857 0.960461119
25.969016000 1.237777615 -2.988991495 3.051141796 -0.228382825 0.126649743 0.112137426 0.958762914
26.068870000 1.258943752 -3.022161636 3.082002746 -0.226888231 0.134813056 0.116387096 0.957497370
26.168953000 1.280723576 -3.049602047 3.121591514 -0.226942742 0.141901203 0.124576538 0.955427510
26.268935000 1.302347502 -3.079126671 3.157608040 -0.230916877 0.139521372 0.150880161 0.951023848
26.368785000 1.315835909 -3.105632177 3.191823729 -0.234598536 0.139186656 0.172016245 0.946573300
26.468584000 1.324661142 -3.132920383 3.229603459 -0.243869086 0.138922038 0.190385751 0.940734714
26.568646000 1.313989299 -3.149609174 3.258413500 -0.254208766 0.141930273 0.197363878 0.936098927
26.669111000 1.299995553 -3.162084066 3.281994378 -0.247169818 0.150274997 0.191930098 0.937809866
26.769650000 1.262954862 -3.164835559 3.299598074 -0.236838960 0.161897630 0.177108494 0.941450501
26.869925000 1.234910709 -3.162195101 3.315269326 -0.231856236 0.169954335 0.169477603 0.942674680
26.969909000 1.194891720 -3.158190463 3.330712065 -0.228941255 0.175476816 0.164722251 0.943218092
27.069508000 1.147606748 -3.155238105 3.345857499 -0.224816878 0.183972297 0.153426097 0.944495631
27.168870000 1.101071533 -3.150918642 3.357564325 -0.223332096 0.189943053 0.147829388 0.944558566
27.268083000 1.056208058 -3.150186398 3.367649481 -0.221966296 0.193148591 0.146261179 0.944474591
27.367329000 1.009325817 -3.149423911 3.378576890 -0.221699306 0.195264068 0.147095196 0.943972650
27.466795000 0.962729254 -3.151159289 3.389269311 -0.220445036 0.197716332 0.147129051 0.943750645
27.566623000 0.917992099 -3.154163663 3.399756016 -0.220076575 0.199318160 0.149257677 0.943165266
27.666744000 0.874787652 -3.159812976 3.409572037 -0.221428988 0.201509759 0.150631051 0.942164161
27.767213000 0.828594362 -3.168485484 3.419797205 -0.226850383 0.203995619 0.150966944 0.940283826
27.867856000 0.784510357 -3.174687736 3.421565214 -0.230878760 0.206013743 0.151830928 0.938722912
27.968290000 0.742413031 -3.188218558 3.424798808 -0.235607671 0.208302952 0.151985999 0.937016095
28.068615000 0.703396991 -3.200259032 3.422281812 -0.237215150 0.209353865 0.152825947 0.936239372
28.168965000 0.665400722 -3.214662224 3.421166073 -0.238847941 0.210924202 0.153210576 0.935408553
28.269175000 0.628362357 -3.228952416 3.403451372 -0.241127944 0.212116325 0.152602523 0.934653117
28.369304000 0.589836114 -3.247641621 3.385490512 -0.241741343 0.212660990 0.152712786 0.934352841
28.469326000 0.556269082 -3.269439965 3.359560387 -0.244332220 0.213637847 0.151712978 0.933618664
28.569343000 0.524059970 -3.285523912 3.330376804 -0.248820772 0.214632041 0.150524997 0.932396662
28.669172000 0.496299591 -3.301449000 3.294600628 -0.251067909 0.215547663 0.149909089 0.931682014
28.768920000 0.466096929 -3.319547970 3.247879513 -0.255890710 0.216069250 0.148395567 0.930490612
28.868707000 0.444704089 -3.329541223 3.204036816 -0.266956440 0.218060160 0.145971556 0.927295169
28.968623000 0.424975203 -3.329278772 3.158521423 -0.271928426 0.218924927 0.144801721 0.925828963
29.068623000 0.402313789 -3.323404128 3.106806963 -0.274473649 0.218738840 0.144905206 0.925105409
29.168691000 0.418087671 -3.298789375 3.070959327 -0.277198872 0.221563720 0.145596239 0.923510714
29.268514000 0.415164820 -3.260630856 3.038849240 -0.275577571 0.222379240 0.146401132 0.923672661
29.368196000 0.424066233 -3.222022517 3.001704233 -0.272461539 0.223753720 0.147551889 0.924081935
29.467846000 0.441294584 -3.173532359 2.970866240 -0.270275133 0.225736206 0.147659241 0.924224684
29.567521000 0.451234355 -3.114085203 2.919563833 -0.264545856 0.225140949 0.147865235 0.925992935
29.667203000 0.479752825 -3.057318527 2.877833828 -0.251149711 0.224128733 0.151018001 0.929453440
29.767099000 0.496892846 -2.994720950 2.816775403 -0.242239466 0.220539577 0.153376274 0.932286466
29.867306000 0.515064242 -2.932384426 2.751048148 -0.227551528 0.215697308 0.158080750 0.936325504
29.967630000 0.533135818 -2.872469045 2.682968118 -0.216199658 0.213701070 0.161586201 0.938871376
30.068092000 0.541791322 -2.807627810 2.616442505 -0.195189592 0.211498220 0.168569518 0.942737420
30.168721000 0.551138781 -2.752683984 2.558443316 -0.185904828 0.214873121 0.174411762 0.942788139
30.269151000 0.549686913 -2.697452142 2.506111454 -0.186109012 0.221030620 0.178050109 0.940641834
30.369377000 0.539902626 -2.645985044 2.466250237 -0.202602600 0.230227979 0.177976591 0.935024918
30.469662000 0.528496046 -2.597139930 2.421058002 -0.212030678 0.239567755 0.178476293 0.930481862
30.569919000 0.510326961 -2.546803265 2.386412319 -0.215564632 0.248328041 0.179436564 0.927182610
30.669974000 0.496068110 -2.495003818 2.351830090 -0.216106269 0.255113876 0.180923610 0.924922504
30.769957000 0.478314099 -2.436555859 2.325855798 -0.214537408 0.258862110 0.183007905 0.923835600
30.869739000 0.458845677 -2.388215570 2.289955284 -0.215327626 0.262463612 0.183248538 0.922587036
30.969155000 0.445113831 -2.338337215 2.259170047 -0.205255534 0.275587409 0.165408679 0.924425073
31.068472000 0.417187758 -2.280741444 2.234715836 -0.201684725 0.285167823 0.150404051 0.924868210
31.167992000 0.411353788 -2.241200677 2.215314026 -0.200733224 0.291617768 0.144267065 0.924041268
31.267552000 0.404614825 -2.209421933 2.193437105 -0.203750982 0.290003725 0.152659616 0.922539115
31.367457000 0.405882262 -2.182352433 2.179264606 -0.206747948 0.288056548 0.160774000 0.921102835
31.467541000 0.411955469 -2.158648330 2.163762774 -0.206466810 0.286686301 0.166571022 0.920563151
31.567618000 0.420410436 -2.129665072 2.152763236 -0.212686703 0.280187494 0.179546761 0.918706860
31.667712000 0.432470807 -2.114998257 2.138157702 -0.214131175 0.276871301 0.187939166 0.917697659
31.767770000 0.444684142 -2.099611903 2.123883858 -0.213980534 0.276124436 0.191147498 0.917295078
31.867767000 0.484165654 -2.103158386 2.083034145 -0.214565268 0.278195700 0.195125925 0.915693601
31.967730000 0.473904461 -2.088813251 2.069440110 -0.213137518 0.276866605 0.197303366 0.915963243
32.067807000 0.562791058 -2.102720872 1.994296258 -0.211216245 0.280671175 0.201354127 0.914367489
32.168221000 0.590925174 -2.101323646 1.962149936 -0.208811327 0.284039071 0.199421845 0.914303322
32.268576000 0.600296550 -2.093396853 1.937259723 -0.208906833 0.286069496 0.200858522 0.913333473
32.368833000 0.599189232 -2.081237092 1.917451841 -0.208584265 0.287692843 0.201619899 0.912729340
32.469000000 0.600781788 -2.082308660 1.916571793 -0.205643780 0.290841361 0.200162450 0.912719525
32.569043000 0.598618920 -2.067910104 1.905099555 -0.204750780 0.292902021 0.200996468 0.912077817
32.668927000 0.590184447 -2.044820932 1.901699058 -0.204191805 0.294670668 0.201696909 0.911478613
32.768715000 0.588475202 -2.019990064 1.897390022 -0.203614027 0.297170487 0.202098869 0.910706911
32.868423000 0.584158901 -1.993427012 1.899070800 -0.202640538 0.300051256 0.202738107 0.909836972
32.968084000 0.579276086 -1.965059719 1.896635648 -0.201481262 0.301671946 0.203856489 0.909308457
33.067729000 0.572596715 -1.940369318 1.890327724 -0.200942064 0.303805931 0.203760808 0.908738563
33.167481000 0.560799228 -1.918193662 1.881248298 -0.198571268 0.306940091 0.200212101 0.908995240
33.267161000 0.548989440 -1.900339808 1.868472997 -0.189053812 0.320718310 0.177307485 0.911021667
33.367107000 0.544153828 -1.891458864 1.855362858 -0.185929995 0.325483078 0.172116497 0.910970205
33.467447000 0.541133356 -1.881554473 1.848238727 -0.191931854 0.320528462 0.182719548 0.909415876
33.568183000 0.548792336 -1.884092101 1.840367711 -0.197076711 0.312376644 0.196183594 0.908346630
33.669031000 0.549940097 -1.888189681 1.830345329 -0.201970844 0.305141089 0.199587632 0.908989258
33.769642000 0.551942449 -1.896886331 1.815405369 -0.203175044 0.296601071 0.198798773 0.911716378
33.869905000 0.555269847 -1.910832567 1.799431143 -0.204167318 0.287558509 0.195651774 0.915066224
33.969887000 0.554251895 -1.927912119 1.781655861 -0.207006714 0.279844653 0.188595865 0.918295590
34.069727000 0.553577848 -1.944962536 1.761365633 -0.204819142 0.273656837 0.178512878 0.922656061
34.169705000 0.558355946 -1.965329495 1.740159806 -0.206310557 0.265129618 0.179640670 0.924592596
34.269558000 0.559153167 -1.985490484 1.719520177 -0.206805344 0.262405551 0.180378681 0.925115348
34.369427000 0.558764338 -2.007349623 1.695196401 -0.205249664 0.263976584 0.181396939 0.924815706
34.469393000 0.549837264 -2.024420769 1.676217527 -0.206159555 0.265856217 0.182943801 0.923769601
34.569429000 0.555352464 -2.048278140 1.641043654 -0.206587000 0.266186479 0.183599245 0.923448909
34.669642000 0.551833159 -2.070117086 1.618445262 -0.207389820 0.262356027 0.181940861 0.924692544
34.770137000 0.546109939 -2.089470004 1.601444343 -0.207718283 0.254156667 0.176807462 0.927899038
34.870609000 0.539554062 -2.104637442 1.591075761 -0.208549643 0.244166307 0.168912634 0.931857491
34.970743000 0.532980376 -2.115587460 1.582231557 -0.208971060 0.234539358 0.160500422 0.935714700
35.070408000 0.521582267 -2.125100230 1.580559375 -0.209374925 0.226802695 0.152461174 0.938870741
35.169890000 0.515731381 -2.129867821 1.580475959 -0.207616840 0.222313192 0.143085866 0.941805992
35.269209000 0.509786939 -2.133831323 1.584465128 -0.204802750 0.224919624 0.130485489 0.943631567
35.368555000 0.501367348 -2.139219990 1.612248885 -0.201168422 0.231330923 0.114133035 0.944981968
35.468107000 0.468791656 -2.153234307 1.642112962 -0.205817764 0.226444350 0.121052787 0.944303038
35.567968000 0.481249885 -2.156732195 1.666581019 -0.207949902 0.222981503 0.128479279 0.943678527
35.668092000 0.496664980 -2.171397566 1.678599807 -0.212374739 0.216641006 0.142740135 0.942119365
35.768417000 0.515302980 -2.191810922 1.693707172 -0.214840490 0.216193604 0.149359279 0.940635793
35.868847000 0.512387860 -2.207415576 1.699324701 -0.215372954 0.212816727 0.151233013 0.940984648
35.969174000 0.538183031 -2.234982265 1.714853108 -0.215464043 0.216338455 0.153039396 0.939868003
36.069346000 0.546266161 -2.247581951 1.710477417 -0.214842633 0.214371420 0.153129989 0.940446034
36.169436000 0.551122435 -2.268584762 1.710318696 -0.215239929 0.213064313 0.154432814 0.940439194
36.269308000 0.554775000 -2.284579789 1.714621426 -0.218971247 0.212959735 0.153250561 0.939794664
36.369135000 0.563502897 -2.298032592 1.726608857 -0.224000482 0.214070534 0.151235258 0.938682847
36.468894000 0.575574578 -2.305350977 1.735975362 -0.224544077 0.213585626 0.149433532 0.938951946
36.568664000 0.577614589 -2.315528570 1.761714995 -0.221250297 0.213682732 0.148764671 0.939817572
36.668504000 0.577541231 -2.328786926 1.791460798 -0.218709893 0.218836512 0.137411152 0.940954164
36.768525000 0.581925908 -2.332019147 1.804722703 -0.219094747 0.216854491 0.140361753 0.940887985
36.868618000 0.574911941 -2.333162149 1.821767993 -0.218859165 0.217364423 0.138775528 0.941060427
36.968734000 0.595384493 -2.340046252 1.836645081 -0.217932667 0.219727297 0.137522150 0.940910690
37.069014000 0.600819278 -2.343763951 1.878316780 -0.219156489 0.222786933 0.131718625 0.940737275
37.169402000 0.603931744 -2.344910554 1.893683533 -0.220124309 0.218722189 0.139054848 0.940409295
37.269504000 0.626299691 -2.338282470 1.915736008 -0.219100023 0.216076323 0.146204453 0.940175761
37.369410000 0.649580174 -2.332813898 1.937674222 -0.216736741 0.214897435 0.152276575 0.940029852
37.469219000 0.666014333 -2.329513520 1.961162745 -0.214911376 0.215181720 0.156063555 0.939762786
37.569116000 0.689529720 -2.327726891 1.959703078 -0.213026303 0.216549474 0.157653426 0.939612429
37.669107000 0.714098200 -2.332231076 1.954287512 -0.210802567 0.216181878 0.160289524 0.939752596
37.769078000 0.727108744 -2.338429926 1.984837635 -0.213721082 0.214619066 0.167340961 0.938221167
37.868994000 0.744394640 -2.347599041 1.991670994 -0.220765556 0.207707686 0.182233343 0.935366824
37.968835000 0.752467578 -2.357235198 1.993778586 -0.242267479 0.198057411 0.203094102 0.927810604
38.068515000 0.748053937 -2.359538389 1.983494337 -0.255264484 0.195272544 0.207968467 0.923827794
38.168410000 0.714473382 -2.344374080 1.952296572 -0.254340773 0.190671570 0.210408250 0.924490937
38.268396000 0.697927258 -2.327714282 1.940571914 -0.245406235 0.192615569 0.206424822 0.927396256
38.368545000 0.670322224 -2.296187425 1.920935706 -0.228023453 0.198863037 0.193941000 0.933191130
38.468802000 0.635006061 -2.257360321 1.904317462 -0.216445091 0.208887738 0.175954755 0.937313907
38.569000000 0.611879672 -2.220950182 1.889161485 -0.211279618 0.216278745 0.166755511 0.938497217
38.669053000 0.573487535 -2.174033819 1.877053941 -0.208681089 0.219447357 0.162176504 0.939145272
38.769072000 0.540568872 -2.135168245 1.866707371 -0.207808498 0.221768955 0.160294954 0.939116439
38.869243000 0.499425211 -2.094582837 1.856924800 -0.208947281 0.222323279 0.158518365 0.939034249
38.969533000 0.462509829 -2.064422783 1.840613944 -0.208235006 0.222599954 0.158184974 0.939183133
39.069870000 0.426695402 -2.028754083 1.830940647 -0.209152289 0.222453168 0.159144946 0.938851849
39.170161000 0.390180074 -1.996807817 1.816887780 -0.207951492 0.222168370 0.159396093 0.939143375
39.270186000 0.357143923 -1.965809381 1.804805894 -0.207420693 0.222731562 0.160277139 0.938977394
39.369907000 0.324359994 -1.937951430 1.793949225 -0.206997119 0.224284761 0.161066594 0.938565976
39.469455000 0.286824806 -1.910355872 1.787020172 -0.206946253 0.225414009 0.162493348 0.938060597
39.569145000 0.253160310 -1.885573011 1.774726033 -0.206398895 0.226127298 0.164528999 0.937654601
39.669007000 0.211814581 -1.857955346 1.762647116 -0.207303829 0.227659277 0.163879113 0.937197958
39.769062000 0.174409368 -1.836064073 1.749620787 -0.207443831 0.229105774 0.163708368 0.936844262
39.869220000 0.137124929 -1.812934159 1.737924370 -0.207323524 0.229959653 0.164105428 0.936592186
39.969248000 0.096456594 -1.792888893 1.731523345 -0.206828943 0.231177187 0.164139181 0.936395870
40.069114000 0.059880455 -1.774644201 1.718075005 -0.206390343 0.232252961 0.164161367 0.936222534
40.168961000 0.020340709 -1.754818865 1.706045056 -0.205970681 0.233218128 0.165568275 0.935827190
40.268704000 -0.021706792 -1.737979961 1.695857323 -0.205208223 0.237517561 0.159098216 0.936035657
40.368551000 -0.064555341 -1.722813148 1.682351651 -0.198524321 0.249928624 0.138215614 0.937560783
40.468486000 -0.102842301 -1.708015580 1.686553973 -0.203566384 0.242746439 0.156317767 0.935521058
40.568502000 -0.132071736 -1.697115243 1.681926506 -0.206744168 0.239469050 0.164462813 0.934271591
40.668550000 -0.164587915 -1.686663265 1.674105251 -0.207906372 0.237387844 0.168754287 0.933779386
40.768359000 -0.194318428 -1.677122658 1.666866699 -0.208510394 0.237384040 0.170035793 0.933413125
40.867924000 -0.226710852 -1.668491358 1.662301420 -0.209052114 0.237612133 0.170561792 0.933137912
40.967491000 -0.254935563 -1.660582957 1.655251730 -0.207609154 0.238931261 0.170784887 0.933082426
41.067410000 -0.287399579 -1.653454506 1.651808582 -0.207054646 0.239817557 0.170831607 0.932969708
41.167816000 -0.318418093 -1.645703565 1.646609785 -0.207660285 0.240673019 0.171855165 0.932426676
41.268381000 -0.350268615 -1.638119770 1.642386648 -0.208480307 0.241838420 0.172792764 0.931768641
41.368906000 -0.381282416 -1.632777229 1.636871469 -0.208646923 0.243177008 0.172793250 0.931382787
41.469271000 -0.415680695 -1.627629189 1.636818398 -0.208778350 0.244112929 0.173129867 0.931045932
41.569255000 -0.447081260 -1.619644191 1.630690346 -0.209969202 0.244751940 0.174224618 0.930405935
41.668988000 -0.479335431 -1.610041126 1.631025131 -0.208679700 0.245536822 0.174964007 0.930350497
41.768679000 -0.510490272 -1.599585346 1.632029282 -0.208426564 0.245948373 0.175378025 0.930220572
41.868582000 -0.543280565 -1.588985202 1.632786990 -0.207716138 0.246638570 0.176447422 0.929994478
41.968628000 -0.576205313 -1.576953031 1.635428385 -0.207591325 0.247477732 0.177333957 0.929630723
42.068741000 -0.610668031 -1.565320578 1.642166739 -0.210924095 0.248612478 0.178461978 0.928361021
42.168814000 -0.645699814 -1.552647255 1.645320146 -0.216841497 0.251647048 0.175917817 0.926664152
42.268615000 -0.679656699 -1.539404449 1.652457203 -0.232635567 0.255591216 0.172165887 0.922449310
42.368230000 -0.709815477 -1.518196727 1.656871392 -0.238306397 0.256222077 0.170448338 0.921144762
42.467741000 -0.736556717 -1.489609530 1.662808649 -0.229602202 0.253361237 0.172659420 0.923731366
42.567349000 -0.760687232 -1.459196611 1.664455484 -0.217460078 0.249485238 0.174956631 0.927285505
42.667217000 -0.783993230 -1.427897441 1.666215724 -0.211174898 0.247681728 0.176753853 0.928879432
42.767276000 -0.812961183 -1.394241005 1.667038918 -0.217941782 0.247863055 0.173343189 0.927910246
42.867435000 -0.837578117 -1.362117788 1.674853083 -0.212621671 0.246201307 0.172165044 0.929804355
42.967615000 -0.858969252 -1.335109749 1.683187307 -0.212688958 0.245539066 0.172184844 0.929960404
43.067827000 -0.881491248 -1.304986622 1.686542457 -0.209514355 0.244482007 0.172100433 0.930974610
43.168210000 -0.907285606 -1.273917907 1.687438135 -0.208952516 0.243708534 0.172300891 0.931266557
43.268481000 -0.934118697 -1.244937815 1.689385788 -0.211786307 0.243606937 0.171657647 0.930771655
43.368792000 -0.961652373 -1.218107907 1.696437605 -0.212522223 0.248905819 0.161866253 0.930956236
43.469166000 -0.991439715 -1.186745204 1.685198701 -0.200006587 0.259397958 0.138971180 0.934557155
43.569629000 -1.017838485 -1.158115997 1.688650662 -0.205837718 0.248757794 0.155177514 0.933632868
43.669984000 -1.024982513 -1.143527169 1.685857528 -0.207380193 0.243321343 0.164254408 0.933171297
43.770133000 -1.038489045 -1.117740222 1.701857095 -0.209678409 0.241573615 0.165040028 0.932973174
43.870173000 -1.059833886 -1.099420195 1.705407197 -0.223959178 0.242602555 0.161867234 0.929938323
43.970168000 -1.078081779 -1.095418591 1.700613268 -0.258222643 0.248093450 0.154914171 0.920745517
44.070006000 -1.087175343 -1.081777560 1.694926627 -0.267393512 0.251859737 0.151329753 0.917696403
44.169821000 -1.087957996 -1.057261728 1.682049048 -0.268442773 0.253226643 0.152205190 0.916868761
44.269546000 -1.084017533 -1.027709761 1.659187933 -0.252297585 0.252938037 0.155883840 0.920906351
44.369396000 -1.076764313 -0.991528333 1.629447007 -0.229781164 0.251465071 0.160563323 0.926382941
44.469167000 -1.070174762 -0.960585662 1.597975235 -0.215213116 0.250916047 0.158579904 0.930363835
44.568919000 -1.061627465 -0.930347270 1.564695877 -0.211671836 0.244126556 0.163298267 0.932164650
44.668788000 -1.051211440 -0.905520750 1.530630164 -0.209387805 0.237863854 0.163209976 0.934312602
44.768813000 -1.044015518 -0.881295403 1.501588373 -0.210374478 0.231283193 0.161153635 0.936098376
44.868986000 -1.037761156 -0.866050298 1.470483648 -0.209866581 0.224033416 0.158426899 0.938438045
44.969189000 -1.032557125 -0.846397896 1.441113019 -0.210660327 0.216346267 0.153546301 0.940871964
45.069266000 -1.029690288 -0.836284191 1.407185354 -0.210743746 0.206657719 0.148921561 0.943770115
45.169179000 -1.025164387 -0.822902264 1.382281810 -0.212873712 0.198007429 0.142185462 0.946182401
45.268828000 -1.025854040 -0.810894056 1.354339308 -0.213944453 0.186813805 0.138602218 0.948745381
45.368506000 -1.024165578 -0.805711552 1.326708657 -0.214693886 0.179843788 0.132175369 0.950837746
45.468131000 -1.026188811 -0.795496284 1.301645366 -0.215602305 0.174604729 0.127334437 0.952268227
45.567776000 -1.028236733 -0.784259730 1.276816694 -0.214927057 0.171622060 0.121582314 0.953713778
45.667448000 -1.027838540 -0.769813225 1.258591577 -0.215202258 0.172207292 0.111336930 0.954796693
45.766920000 -1.027319312 -0.752358976 1.253353326 -0.211670644 0.172377198 0.100331953 0.956773296
45.866278000 -1.021480007 -0.727049689 1.256335971 -0.209642209 0.170432009 0.092053068 0.958399346
45.965682000 -1.011501365 -0.698805333 1.262470005 -0.210251789 0.166879171 0.084625741 0.959574912
46.065404000 -0.994011350 -0.673398542 1.273904221 -0.209323743 0.162696590 0.078748596 0.960995343
46.165512000 -0.967858419 -0.646553493 1.295971804 -0.209761885 0.159044465 0.071252801 0.962095550
46.265836000 -0.933111854 -0.626305432 1.321361520 -0.210154527 0.153680732 0.066959621 0.963189346
46.366343000 -0.889505624 -0.606976837 1.351385825 -0.215442603 0.138283685 0.081841454 0.963205110
46.467036000 -0.843620514 -0.587110895 1.386038794 -0.219485804 0.125873973 0.092840842 0.962996523
46.567884000 -0.797706280 -0.569784436 1.411624301 -0.220925571 0.118939282 0.097035088 0.963135261
46.668621000 -0.753123507 -0.551705115 1.443033347 -0.221887079 0.115258594 0.098511345 0.963211864
46.769288000 -0.711170267 -0.531453364 1.467274012 -0.222226729 0.111373366 0.099661503 0.963472283
46.869895000 -0.668246866 -0.517503008 1.497137494 -0.222296140 0.108508914 0.097946536 0.963958878
46.970326000 -0.625395193 -0.500482860 1.526054331 -0.223133821 0.105873876 0.095957837 0.964258323
47.070459000 -0.584090246 -0.488017923 1.544991932 -0.222389931 0.102905021 0.093841737 0.964959587
47.170429000 -0.546973400 -0.480399094 1.571200667 -0.222814161 0.099374934 0.092403293 0.965370449
47.270158000 -0.510381091 -0.475837443 1.586663384 -0.222731334 0.097281087 0.090342654 0.965797778
47.369747000 -0.478921682 -0.478304542 1.597695475 -0.248433310 0.097980860 0.085944463 0.959840711
47.469505000 -0.446089981 -0.480610877 1.614508128 -0.265320878 0.099132177 0.083064478 0.955446459
47.569471000 -0.412907655 -0.472602966 1.618360652 -0.266141733 0.098628426 0.082359645 0.955331304
47.669603000 -0.372995953 -0.462292521 1.612245753 -0.263201145 0.099119495 0.082470660 0.956085286
47.769783000 -0.334754286 -0.445735831 1.605663037 -0.255702009 0.098905897 0.082677420 0.958122409
47.870032000 -0.294088839 -0.424178812 1.593057347 -0.238337210 0.097057967 0.085713780 0.962511441
47.970032000 -0.257697163 -0.402836773 1.571841165 -0.225891340 0.095474700 0.087131510 0.965539116
48.069910000 -0.215118069 -0.381471690 1.554989087 -0.221185653 0.096435073 0.087945827 0.966458853
48.169874000 -0.183423695 -0.363429864 1.530005566 -0.218156383 0.094903035 0.089686498 0.967138841
48.269804000 -0.147971402 -0.343981214 1.519541755 -0.216634162 0.095867940 0.090241118 0.967334233
48.369722000 -0.115290509 -0.331576679 1.489844037 -0.213361439 0.095261750 0.092308243 0.967926280
48.469566000 -0.083611101 -0.308844808 1.430996553 -0.210537333 0.092668548 0.094580289 0.968576863
48.569487000 -0.077398291 -0.295326992 1.398125760 -0.207435009 0.088658809 0.092884483 0.969784927
48.669436000 -0.100835569 -0.261921074 1.315883366 -0.202369885 0.076973678 0.095012101 0.971645091
48.769342000 -0.100612089 -0.263595537 1.266802311 -0.196299283 0.067893720 0.099116376 0.973156194
48.869187000 -0.106264725 -0.255184277 1.192704189 -0.190646182 0.054619809 0.104230061 0.974580322
48.969029000 -0.113333087 -0.232892292 1.109599869 -0.195839372 0.037120629 0.114448645 0.973226853
49.068816000 -0.127487673 -0.247814349 1.062361064 -0.200598465 0.024050155 0.122426686 0.971696224
49.168604000 -0.126926961 -0.259917559 1.018557733 -0.196618908 0.015999431 0.123359558 0.972557167
49.268411000 -0.107121218 -0.256350084 0.952436061 -0.181261964 0.014712484 0.115038444 0.976572475
49.368362000 -0.080495980 -0.250236180 0.874679558 -0.168171379 0.011886295 0.109805165 0.979550881
49.468347000 -0.056733355 -0.244630012 0.796356281 -0.158765955 0.008007644 0.103249799 0.981870016
49.568317000 -0.031989669 -0.241338440 0.730801367 -0.153380379 0.003749654 0.102248340 0.982855878
49.668297000 -0.009193031 -0.225079033 0.682278042 -0.151984696 0.000741570 0.099909871 0.983319948
49.768135000 0.001833646 -0.211682230 0.653819590 -0.151431902 -0.003655034 0.098514638 0.983539468
49.867884000 0.008104658 -0.201271282 0.638312351 -0.152166693 -0.007840830 0.095975480 0.983652645
49.967717000 0.017936156 -0.190979565 0.617884807 -0.150991665 -0.012203034 0.094693934 0.983913442
50.067763000 0.032587012 -0.186374918 0.585665745 -0.150230975 -0.016248845 0.095285926 0.983914235
50.167982000 0.036635719 -0.173450362 0.574585765 -0.148542688 -0.020231752 0.093005208 0.984314877
50.268112000 0.044995688 -0.186122161 0.539250124 -0.147182712 -0.023617575 0.094294365 0.984321102
50.368185000 0.057256280 -0.182754785 0.522283148 -0.148792117 -0.025252347 0.094839649 0.983986110
50.468238000 0.070792131 -0.172340610 0.514172031 -0.155756048 -0.025015118 0.095050073 0.982893576
50.568256000 0.065011972 -0.165629890 0.500749872 -0.153932448 -0.031321890 0.106020998 0.981877431
50.668190000 0.059631439 -0.179447887 0.428242331 -0.146738218 -0.035665732 0.111127575 0.982266009
50.768079000 0.046461284 -0.177155732 0.404987057 -0.138476373 -0.043156180 0.117880271 0.982377768
50.867877000 0.042985924 -0.180575431 0.389781705 -0.126357977 -0.052673449 0.119909723 0.983300985
50.967612000 0.038155695 -0.182072979 0.371982197 -0.113051589 -0.066452737 0.127345127 0.983151357
51.067357000 0.022069696 -0.197170659 0.339379323 -0.101987160 -0.080132054 0.133640011 0.982505888
51.167310000 0.013215896 -0.213138408 0.270550475 -0.080217187 -0.091893035 0.133454600 0.983519569
51.267401000 -0.003362498 -0.296665013 0.190332344 -0.052510296 -0.098406573 0.132213791 0.984925545
51.367681000 -0.029447687 -0.273204602 0.093752923 -0.027894701 -0.105627086 0.131413560 0.985289440
51.467974000 -0.068231411 -0.256479785 0.006974715 -0.011492370 -0.115001690 0.134044663 0.984212662
51.568194000 -0.109435376 -0.272141323 -0.077081452 0.004810757 -0.124816994 0.141740792 0.981991407
51.668372000 -0.142175113 -0.282413081 -0.164370193 0.021175926 -0.133738650 0.146076343 0.979962885
51.768346000 -0.144132570 -0.288301826 -0.235115072 0.036946075 -0.143234423 0.163463741 0.975396582
51.868299000 -0.178017197 -0.325072343 -0.318389342 0.057059222 -0.149600483 0.160801591 0.973913132
51.968178000 -0.214703207 -0.276403083 -0.400039038 0.065156300 -0.154776368 0.155033193 0.973531531
52.068025000 -0.254853399 -0.270261467 -0.519762525 0.081222420 -0.163418889 0.165486086 0.969180861
52.168102000 -0.290672175 -0.275089759 -0.631627190 0.088907605 -0.170030749 0.179053149 0.964948160
52.268194000 -0.303080385 -0.274723379 -0.685538159 0.078950984 -0.175241739 0.195170858 0.961751221
52.368471000 -0.317351655 -0.277370192 -0.690343475 0.083025179 -0.178389741 0.178362357 0.964090654
52.468778000 -0.352356155 -0.272413600 -0.709291850 0.088007849 -0.181248248 0.175887092 0.963570144
52.568812000 -0.349690010 -0.293494882 -0.734032766 0.087217909 -0.175203961 0.165557098 0.966585462
52.668737000 -0.388850003 -0.341262497 -0.816658111 0.081168120 -0.164988171 0.150454566 0.971367111
52.768639000 -0.390382231 -0.351950000 -0.902000215 0.076833802 -0.153072312 0.135122241 0.975913630
52.868694000 -0.351510148 -0.408190813 -1.003255988 0.067472104 -0.125935086 0.064606224 0.987630450
52.968728000 -0.361558716 -0.470886259 -1.071497399 0.079392563 -0.129047420 0.089255469 0.984417110
53.068629000 -0.381891604 -0.553066992 -1.144099226 0.091327953 -0.137914525 0.124335403 0.978355506
53.168697000 -0.389586633 -0.601302715 -1.197698065 0.099040950 -0.144883920 0.144239210 0.973855528
53.268685000 -0.388237044 -0.621349598 -1.244670353 0.102371853 -0.153061888 0.152076815 0.971063697
53.368638000 -0.397551133 -0.621706891 -1.299570194 0.101343273 -0.158040074 0.157869552 0.969448338
53.468580000 -0.402503493 -0.623726003 -1.307913055 0.102170324 -0.166386079 0.169936623 0.965918445
53.568413000 -0.430860289 -0.622453480 -1.260031883 0.102730333 -0.176616756 0.188964732 0.960492233
53.668323000 -0.453556143 -0.627448955 -1.261517075 0.105686042 -0.180341520 0.181656765 0.960889284
53.768239000 -0.516384026 -0.662831351 -1.313520803 0.113999266 -0.185388770 0.171704147 0.960808439
53.868016000 -0.498693903 -0.653150465 -1.309259101 0.131931876 -0.191088862 0.173056344 0.957147078
53.967777000 -0.433315533 -0.580690909 -1.242901641 0.149290447 -0.195998289 0.184128064 0.951521881
54.067678000 -0.391180519 -0.516824590 -1.186507205 0.180410291 -0.197302462 0.186208098 0.945436624
54.167824000 -0.398519642 -0.520459039 -1.167305193 0.188919739 -0.198355050 0.178861640 0.944972550
54.268077000 -0.388360753 -0.509007614 -1.147474966 0.180884272 -0.198807475 0.177264393 0.946749071
54.368587000 -0.365135468 -0.504309427 -1.093362526 0.180949527 -0.193633901 0.175738875 0.948092310
54.469023000 -0.359093129 -0.499024874 -1.092643454 0.184332760 -0.184516884 0.182408174 0.947999056
54.569235000 -0.362063080 -0.492336060 -1.085942704 0.192675359 -0.167640928 0.181233175 0.949698511
54.668973000 -0.359030582 -0.502724359 -1.064762534 0.196302953 -0.174161335 0.181378071 0.947752592
54.769583000 -0.399550141 -0.500948393 -1.112638958 0.198386353 -0.175092859 0.179486803 0.947507168
54.869942000 -0.409415479 -0.519070535 -1.160812388 0.201839948 -0.175202398 0.181440406 0.946384771
54.969943000 -0.410862161 -0.533102168 -1.185030292 0.205586473 -0.174033463 0.179308275 0.946200348
55.069491000 -0.428237243 -0.540237665 -1.208075580 0.209480507 -0.172174536 0.181556930 0.945257069
55.168727000 -0.432825643 -0.534053554 -1.199793852 0.208947661 -0.172532154 0.181786384 0.945265699
55.267736000 -0.428133809 -0.526564880 -1.198282902 0.208171253 -0.172953824 0.181644661 0.945387181
55.366791000 -0.428133809 -0.526564880 -1.198282902 0.208171253 -0.172953824 0.181644661 0.945387181
55.466039000 -0.428133809 -0.526564880 -1.198282902 0.208171253 -0.172953824 0.181644661 0.945387181
55.565571000 -0.426558758 -0.519423295 -1.197266153 0.207530369 -0.173261220 0.181027688 0.945590118
55.665409000 -0.425717519 -0.513063564 -1.206903583 0.206706570 -0.172791164 0.180913875 0.945878310
55.765523000 -0.429685726 -0.513964917 -1.203217118 0.207116082 -0.173223533 0.180974383 0.945698054
55.865850000 -0.429922175 -0.512814399 -1.204087987 0.207057904 -0.173455136 0.180934982 0.945675881
55.966209000 -0.426924654 -0.536397561 -1.202711713 0.208908666 -0.172990177 0.180225393 0.945489490
56.066512000 -0.426924654 -0.536397561 -1.202711713 0.208908666 -0.172990177 0.180225393 0.945489490
56.166955000 -0.426924654 -0.536397561 -1.202711713 0.208908666 -0.172990177 0.180225393 0.945489490
56.267250000 -0.426924654 -0.536397561 -1.202711713 0.208908666 -0.172990177 0.180225393 0.945489490
56.367372000 -0.418817441 -0.527074584 -1.214111939 0.208468825 -0.172638876 0.180301127 0.945636332
56.467305000 -0.390423703 -0.528370516 -1.220521649 0.209110300 -0.170769554 0.177320718 0.946397382
56.567132000 -0.390423703 -0.528370516 -1.220521649 0.209110300 -0.170769554 0.177320718 0.946397382
56.666955000 -0.390423703 -0.528370516 -1.220521649 0.209110300 -0.170769554 0.177320718 0.946397382
56.766748000 -0.390423703 -0.528370516 -1.220521649 0.209110300 -0.170769554 0.177320718 0.946397382
56.866520000 -0.390423703 -0.528370516 -1.220521649 0.209110300 -0.170769554 0.177320718 0.946397382
56.966354000 -0.390423703 -0.528370516 -1.220521649 0.209110300 -0.170769554 0.177320718 0.946397382
