284.900000000 -0.313024447 -0.138324154 3.675363162 -0.056151536 -0.723944932 -0.008719583 0.687513424 0.000000000 0.000000000 0.000000000
285.000000000 -0.313024447 -0.138324154 3.675363162 -0.056151536 -0.723944932 -0.008719583 0.687513424 0.000000000 0.000000000 0.000000000
285.100000000 -0.313024447 -0.138324154 3.675363162 -0.056151536 -0.723944932 -0.008719583 0.687513424 0.000000000 0.000000000 0.000000000
285.200000000 -0.313024447 -0.138324154 3.675363162 -0.056151536 -0.723944932 -0.008719583 0.687513424 0.000000000 0.000000000 0.000000000
285.300000000 -0.313024447 -0.138324154 3.675363162 -0.056151536 -0.723944932 -0.008719583 0.687513424 0.000000000 0.000000000 0.000000000
285.400000000 -0.313024447 -0.138324154 3.675363162 -0.056151536 -0.723944932 -0.008719583 0.687513424 0.000000000 0.000000000 0.000000000
285.500000000 -0.313024447 -0.138324154 3.675363162 -0.056151536 -0.723944932 -0.008719583 0.687513424 0.000000000 0.000000000 0.000000000
285.600000000 -0.313024447 -0.138324154 3.675363162 -0.056151536 -0.723944932 -0.008719583 0.687513424 0.000000000 0.000000000 0.000000000
285.700000000 -0.313024447 -0.138324154 3.675363162 -0.056151536 -0.723944932 -0.008719583 0.687513424 0.000000000 0.000000000 0.000000000
285.800000000 -0.313024447 -0.138324154 3.675363162 -0.056151536 -0.723944932 -0.008719583 0.687513424 0.000000000 0.000000000 0.000000000
285.900000000 -0.313024447 -0.138324154 3.675363162 -0.056151536 -0.723944932 -0.008719583 0.687513424 0.000000000 0.000000000 0.000000000
286.000000000 -0.313024447 -0.138324154 3.675363162 -0.056151536 -0.723944932 -0.008719583 0.687513424 0.000000000 0.000000000 0.000000000
286.100000000 -0.313024447 -0.138324154 3.675363162 -0.056151536 -0.723944932 -0.008719583 0.687513424 0.000000000 0.000000000 0.000000000
286.200000000 -0.313024447 -0.138324154 3.675363162 -0.056151536 -0.723944932 -0.008719583 0.687513424 0.000000000 0.000000000 0.000000000
286.300000000 -0.313024447 -0.138324154 3.675363162 -0.056151536 -0.723944932 -0.008719583 0.687513424 0.000000000 0.000000000 0.000000000
286.400000000 -0.313024447 -0.138324154 3.675363162 -0.056151536 -0.723944932 -0.008719583 0.687513424 0.000000000 0.000000000 0.000000000
286.500000000 -0.313024447 -0.138324154 3.675363162 -0.056151536 -0.723944932 -0.008719583 0.687513424 0.000000000 0.000000000 0.000000000
286.600000000 -0.313024447 -0.138324154 3.675363162 -0.056151536 -0.723944932 -0.008719583 0.687513424 0.000000000 0.000000000 0.000000000
286.700000000 -0.313024447 -0.138324154 3.675363162 -0.056151536 -0.723944932 -0.008719583 0.687513424 -0.055748912 0.015736281 -0.083954129
286.800000000 -0.313024447 -0.138324154 3.675363162 -0.056151536 -0.723944932 -0.008719583 0.687513424 -0.108651176 0.018705523 -0.166609115
286.900000000 -0.233402094 -0.136880395 3.619725993 -0.056646059 -0.723936770 -0.008257572 0.687487156 -0.108874905 -0.031223166 -0.164789391
287.000000000 -0.248618281 -0.139755159 3.639066249 -0.070451448 -0.723645566 0.001783627 0.686564278 -0.053579807 -0.131331050 -0.093901550
287.100000000 -0.265653799 -0.166144649 3.646325868 -0.099617315 -0.722330300 0.010403205 0.684256605 0.051568835 -0.278884932 0.028633778
287.200000000 -0.276457933 -0.197762609 3.660959084 -0.084744565 -0.721781516 0.008098388 0.686865502 0.140398651 -0.398349601 0.105708605
287.300000000 -0.291945912 -0.239387992 3.684977390 -0.049710636 -0.721725975 0.007610105 0.690349589 0.197627702 -0.442336514 0.154282786
287.400000000 -0.317209975 -0.285714073 3.709647930 -0.022216652 -0.721181334 0.008564750 0.692337020 0.232631596 -0.441473591 0.167335008
287.500000000 -0.348129042 -0.327058311 3.728996671 -0.007629315 -0.720617235 0.008448737 0.693239651 0.210012867 -0.428210682 0.132971061
287.600000000 -0.349036120 -0.367891807 3.756458614 -0.000882563 -0.720682850 0.005031655 0.693246084 0.176292247 -0.403764158 0.145438222
287.700000000 -0.339324497 -0.410224093 3.778105401 -0.000022161 -0.721660262 0.002708819 0.692242102 0.156889144 -0.376436525 0.091552846
287.800000000 -0.380715212 -0.446001115 3.781892116 -0.005862954 -0.723223873 0.002786248 0.690583154 0.139545717 -0.361136750 0.071354967
287.900000000 -0.365754391 -0.475239933 3.800242855 -0.010404693 -0.724194065 0.004580188 0.689502517 0.135166311 -0.357621684 0.030904491
288.000000000 -0.380130498 -0.513558380 3.812235713 -0.012501357 -0.724889579 0.005528092 0.688729450 0.112013687 -0.380613889 -0.042692650
288.100000000 -0.373250134 -0.552840569 3.825331528 -0.016612404 -0.725431389 0.008551955 0.688040836 0.082778227 -0.412334873 -0.046052666
288.200000000 -0.366001489 -0.594727396 3.830911169 -0.016585286 -0.725425659 0.011472394 0.688005033 0.059424724 -0.417679048 -0.078473474
288.300000000 -0.355197649 -0.639405682 3.844082828 -0.018364906 -0.725567898 0.011808326 0.687804128 0.025939318 -0.403088929 -0.071122552
288.400000000 -0.352781605 -0.677284353 3.841350693 -0.023706612 -0.725671563 0.013062795 0.687508649 -0.020973312 -0.375553462 -0.033894204
288.500000000 -0.348785221 -0.712220020 3.842154930 -0.026355017 -0.725528111 0.014949958 0.687525180 -0.073691281 -0.361812251 -0.004435350
288.600000000 -0.357200417 -0.746559387 3.830805775 -0.025586539 -0.724911541 0.016094959 0.688178421 -0.077668621 -0.381425764 -0.036444156
288.700000000 -0.351609570 -0.787523652 3.822065323 -0.025384970 -0.724588212 0.015917474 0.688530435 -0.057407825 -0.416402422 -0.078197789
288.800000000 -0.332493599 -0.832902056 3.827698253 -0.026660422 -0.724918860 0.015344897 0.688147079 -0.044232456 -0.437184360 -0.090188005
288.900000000 -0.322476466 -0.880252814 3.829739633 -0.029563055 -0.725546258 0.016335264 0.687344028 -0.056799612 -0.425579689 -0.034267433
289.000000000 -0.328314399 -0.921750323 3.823266053 -0.029638569 -0.725613308 0.017243505 0.687247804 -0.087606675 -0.394773666 0.041010917
289.100000000 -0.340506867 -0.958169097 3.811726265 -0.028658326 -0.725599759 0.017215002 0.687304397 -0.082280896 -0.374945911 0.040250241
289.200000000 -0.346120346 -0.993378860 3.802785194 -0.027945198 -0.725591012 0.016248636 0.687366519 -0.021886593 -0.402747144 -0.089199539
289.300000000 -0.339288464 -1.032426058 3.807511074 -0.026927916 -0.725397414 0.015884636 0.687619922 0.053485353 -0.466150692 -0.246174141
289.400000000 -0.288548350 -1.086214417 3.828861636 -0.027275248 -0.725139223 0.015535862 0.687886477 0.079779592 -0.516053107 -0.290352879
289.500000000 -0.250524454 -1.144765336 3.847972190 -0.027557606 -0.725113717 0.015263918 0.687908198 0.028176511 -0.504112714 -0.159385989
289.600000000 -0.249719485 -1.195800737 3.847997574 -0.029000078 -0.725293810 0.015319215 0.687657768 -0.055459178 -0.435853763 0.047710942
289.700000000 -0.281910465 -1.230895937 3.832169495 -0.031095235 -0.725212824 0.017073231 0.687610320 -0.081259672 -0.380850011 0.118880430
289.800000000 -0.301903408 -1.261331754 3.819224445 -0.029500556 -0.724552515 0.016664307 0.688386280 -0.012015096 -0.401990994 -0.026104624
289.900000000 -0.292050455 -1.301362380 3.828106531 -0.028448637 -0.724293003 0.014306599 0.688756592 0.093790481 -0.491181084 -0.255533358
290.000000000 -0.237728524 -1.359831253 3.856255217 -0.028644460 -0.724399059 0.013568829 0.688651861 0.134889699 -0.551805902 -0.351743984
290.100000000 -0.192047453 -1.426409634 3.884009115 -0.028689083 -0.724636961 0.013574242 0.688399558 0.091892746 -0.523093055 -0.282761172
290.200000000 -0.180981675 -1.476110027 3.886775267 -0.028620078 -0.724727982 0.013677207 0.688304567 0.035621985 -0.403095587 -0.150585206
290.300000000 -0.183216125 -1.507519082 3.882749503 -0.040610232 -0.724233626 -0.002599938 0.688352892 0.002970703 -0.255939909 -0.053289867
290.400000000 -0.176336102 -1.519794274 3.888232501 -0.043811896 -0.724112527 -0.008360190 0.688238093 0.007433949 -0.160247857 -0.007643108
290.500000000 -0.179965909 -1.531997794 3.891153108 -0.037467050 -0.724145393 -0.001805376 0.688626467 0.006362847 -0.106800610 0.052445652
290.600000000 -0.185344621 -1.543059695 3.892119201 -0.031351157 -0.724018153 0.007475044 0.689027534 0.006375614 -0.070209544 0.138438080
290.700000000 -0.206961843 -1.547570922 3.887135609 -0.025312674 -0.723832318 0.015783432 0.689330782 0.038618909 -0.021047221 0.189848483
290.800000000 -0.213488812 -1.555118761 3.884467770 -0.020587071 -0.723403337 0.018867921 0.689860700 0.040808872 0.017814169 0.213674859
290.900000000 -0.250530636 -1.538765235 3.905394142 -0.020190150 -0.723381181 0.018862732 0.689895805 0.033008440 0.029448259 0.169972838
291.000000000 -0.270086761 -1.537327666 3.896710844 -0.020492954 -0.723428184 0.018829062 0.689838508 0.006167800 0.019838127 0.096268749
291.100000000 -0.270086761 -1.537327666 3.896710844 -0.020492954 -0.723428184 0.018829062 0.689838508 -0.013256892 0.003197009 0.034555187
291.200000000 -0.270086761 -1.537327666 3.896710844 -0.020492954 -0.723428184 0.018829062 0.689838508 0.000000000 0.000000000 0.000000000
291.300000000 -0.270086761 -1.537327666 3.896710844 -0.020492954 -0.723428184 0.018829062 0.689838508 -0.166172612 0.003701610 0.108041395
291.400000000 -0.270086761 -1.537327666 3.896710844 -0.020492954 -0.723428184 0.018829062 0.689838508 -0.351790761 0.007973373 0.218458897
291.500000000 -0.345041626 -1.541582380 3.760452519 -0.021508864 -0.723452869 0.019238357 0.689770397 -0.403317651 0.009790941 0.246685734
291.600000000 -0.345041626 -1.541582380 3.760452519 -0.021508864 -0.723452869 0.019238357 0.689770397 -0.321404405 0.007802423 0.192942283
291.700000000 -0.345041626 -1.541582380 3.760452519 -0.021508864 -0.723452869 0.019238357 0.689770397 -0.089718423 0.000123419 -0.000838288
291.800000000 -0.345041626 -1.541582380 3.760452519 -0.021508864 -0.723452869 0.019238357 0.689770397 0.033577986 -0.004981971 -0.119489559
291.900000000 -0.301006624 -1.542800529 3.775214782 -0.021475052 -0.723414172 0.018975700 0.689819310 0.038192256 -0.005603034 -0.135833395
292.000000000 -0.301006624 -1.542800529 3.775214782 -0.021475052 -0.723414172 0.018975700 0.689819310 0.030140265 -0.004421758 -0.107195933
292.100000000 -0.301006624 -1.542800529 3.775214782 -0.021475052 -0.723414172 0.018975700 0.689819310 0.047396475 0.021743063 0.060233931
292.200000000 -0.301006624 -1.542800529 3.775214782 -0.021475052 -0.723414172 0.018975700 0.689819310 0.137700454 0.083750689 0.339092268
292.300000000 -0.301006624 -1.542800529 3.775214782 -0.021475052 -0.723414172 0.018975700 0.689819310 0.178243982 0.108409637 0.438932148
292.400000000 -0.448143663 -1.503444066 3.824885597 -0.021784859 -0.723467035 0.018945408 0.689754986 0.159479168 0.096684594 0.392500072
292.500000000 -0.448143663 -1.503444066 3.824885597 -0.021784859 -0.723467035 0.018945408 0.689754986 0.078208806 0.048943352 0.209767108
292.600000000 -0.448143663 -1.503444066 3.824885597 -0.021784859 -0.723467035 0.018945408 0.689754986 0.001575825 -0.001323445 0.049376713
292.700000000 -0.448143663 -1.503444066 3.824885597 -0.021784859 -0.723467035 0.018945408 0.689754986 0.007590908 -0.001678269 0.068437488
292.800000000 -0.471215981 -1.503754399 3.826891489 -0.022830653 -0.723636402 0.019001942 0.689541910 0.010535750 -0.001585314 0.064382392
292.900000000 -0.471215981 -1.503754399 3.826891489 -0.022830653 -0.723636402 0.019001942 0.689541910 0.010338839 -0.000796340 0.037235539
293.000000000 -0.471215981 -1.503754399 3.826891489 -0.022830653 -0.723636402 0.019001942 0.689541910 0.002820288 -0.000002153 0.001495460
293.100000000 -0.471215981 -1.503754399 3.826891489 -0.022830653 -0.723636402 0.019001942 0.689541910 0.000000000 0.000000000 0.000000000
293.200000000 -0.471215981 -1.503754399 3.826891489 -0.022830653 -0.723636402 0.019001942 0.689541910 0.000000000 0.000000000 0.000000000
293.300000000 -0.471215981 -1.503754399 3.826891489 -0.022830653 -0.723636402 0.019001942 0.689541910 0.001375271 0.013471999 0.048034771
293.400000000 -0.471215981 -1.503754399 3.826891489 -0.022830653 -0.723636402 0.019001942 0.689541910 0.003772856 0.036958482 0.131776449
293.500000000 -0.471215981 -1.503754399 3.826891489 -0.022830653 -0.723636402 0.019001942 0.689541910 0.004638743 0.045440610 0.162019701
293.600000000 -0.524273209 -1.488572533 3.824960177 -0.022542644 -0.723590651 0.019219011 0.689593380 0.003945371 0.038951080 0.138498753
293.700000000 -0.524273209 -1.488572533 3.824960177 -0.022542644 -0.723590651 0.019219011 0.689593380 0.016334997 0.022185883 0.074110746
293.800000000 -0.524273209 -1.488572533 3.824960177 -0.022542644 -0.723590651 0.019219011 0.689593380 -0.000876388 -0.022543375 -0.093355897
293.900000000 -0.524273209 -1.488572533 3.824960177 -0.022542644 -0.723590651 0.019219011 0.689593380 0.010343378 -0.041335412 -0.209372393
294.000000000 -0.449372008 -1.509545176 3.814246598 -0.021964613 -0.723458141 0.019172372 0.689752343 0.019541495 -0.044627944 -0.246625342
294.100000000 -0.445034963 -1.501838907 3.839677564 -0.022101230 -0.723470684 0.019222706 0.689733422 0.018397820 -0.033990137 -0.203507794
294.200000000 -0.445034963 -1.501838907 3.839677564 -0.022101230 -0.723470684 0.019222706 0.689733422 0.029711369 -0.001922520 -0.059994273
294.300000000 -0.445034963 -1.501838907 3.839677564 -0.022101230 -0.723470684 0.019222706 0.689733422 0.002659156 0.000647473 -0.000574036
294.400000000 -0.445034963 -1.501838907 3.839677564 -0.022101230 -0.723470684 0.019222706 0.689733422 0.000000000 0.000000000 0.000000000
294.500000000 -0.445034963 -1.501838907 3.839677564 -0.022101230 -0.723470684 0.019222706 0.689733422 -0.070713294 -0.025628644 0.037077759
294.600000000 -0.445034963 -1.501838907 3.839677564 -0.022101230 -0.723470684 0.019222706 0.689733422 -0.105954507 -0.038288690 0.057170005
294.700000000 -0.462993183 -1.516896714 3.803532745 -0.022946929 -0.723486143 0.019456272 0.689683038 -0.104943935 -0.037725774 0.057484262
294.800000000 -0.462993183 -1.516896714 3.803532745 -0.022946929 -0.723486143 0.019456272 0.689683038 -0.067391533 -0.024152374 0.037988815
294.900000000 -0.462993183 -1.516896714 3.803532745 -0.022946929 -0.723486143 0.019456272 0.689683038 -0.000196932 -0.000016680 0.000894835
295.000000000 -0.462993183 -1.516896714 3.803532745 -0.022946929 -0.723486143 0.019456272 0.689683038 0.000000000 0.000000000 0.000000000
295.100000000 -0.462993183 -1.516896714 3.803532745 -0.022946929 -0.723486143 0.019456272 0.689683038 0.000000000 0.000000000 0.000000000
295.200000000 -0.462993183 -1.516896714 3.803532745 -0.022946929 -0.723486143 0.019456272 0.689683038 0.000000000 0.000000000 0.000000000
295.300000000 -0.462993183 -1.516896714 3.803532745 -0.022946929 -0.723486143 0.019456272 0.689683038 0.000000000 0.000000000 0.000000000
295.400000000 -0.462993183 -1.516896714 3.803532745 -0.022946929 -0.723486143 0.019456272 0.689683038 0.000000000 0.000000000 0.000000000
295.500000000 -0.462993183 -1.516896714 3.803532745 -0.022946929 -0.723486143 0.019456272 0.689683038 0.000000000 0.000000000 0.000000000
295.600000000 -0.462993183 -1.516896714 3.803532745 -0.022946929 -0.723486143 0.019456272 0.689683038 0.002659891 -0.000818189 -0.002468522
295.700000000 -0.462993183 -1.516896714 3.803532745 -0.022946929 -0.723486143 0.019456272 0.689683038 0.020092732 -0.006180573 -0.018647136
295.800000000 -0.462993183 -1.516896714 3.803532745 -0.022946929 -0.723486143 0.019456272 0.689683038 0.028071040 -0.008634720 -0.026051435
295.900000000 -0.454754889 -1.519246438 3.813484825 -0.022565955 -0.723494093 0.019353153 0.689690170 0.026603548 -0.008172475 -0.024681710
296.000000000 -0.454754889 -1.519246438 3.813484825 -0.022565955 -0.723494093 0.019353153 0.689690170 0.016684212 0.001362781 -0.019644341
296.100000000 -0.454754889 -1.519246438 3.813484825 -0.022565955 -0.723494093 0.019353153 0.689690170 0.008891027 0.020087043 -0.024177749
296.200000000 -0.452411630 -1.515547755 3.813871366 -0.019725694 -0.723256195 0.022340059 0.689936443 0.012772162 0.070103334 -0.022721174
296.300000000 -0.443170937 -1.510662709 3.817817449 -0.000807592 -0.718849842 0.049425503 0.693405633 0.020560343 0.096879175 -0.047797813
296.400000000 -0.450496460 -1.487148804 3.815462045 -0.003508642 -0.715363056 0.049248309 0.697006450 0.026073428 0.099797445 -0.087398786
296.500000000 -0.433860300 -1.478681961 3.821323286 -0.005795623 -0.712782491 0.030987145 0.700676337 0.016439740 0.075022221 -0.139249248
296.600000000 -0.415840530 -1.475050095 3.823478464 -0.003172046 -0.711316293 0.010407087 0.702787850 -0.012186943 0.032292593 -0.194374477
296.700000000 -0.392647109 -1.475364245 3.821936224 0.007524875 -0.709928646 -0.006827702 0.704200310 -0.084570361 0.023112680 -0.185630167
296.800000000 -0.370893142 -1.474842020 3.810565457 0.018540546 -0.708546723 -0.021716369 0.705085944 -0.181495842 0.012263070 -0.168874456
296.900000000 -0.368993543 -1.469502108 3.782694574 0.029717705 -0.706611412 -0.035254122 0.706097952 -0.298486082 0.004994388 -0.153877886
297.000000000 -0.346937988 -1.467578511 3.749660162 0.040325159 -0.704344327 -0.046585648 0.707179417 -0.445692532 -0.015530129 -0.137775599
297.100000000 -0.324819823 -1.465853094 3.703505047 0.052578328 -0.701905550 -0.057393825 0.708004285 -0.601542213 -0.052062213 -0.144845453
297.200000000 -0.331173479 -1.457411795 3.623874106 0.061628378 -0.700107296 -0.065021039 0.708395357 -0.778794625 -0.098422920 -0.144423457
297.300000000 -0.306939582 -1.453897945 3.544499071 0.073092746 -0.697572704 -0.073818850 0.708943264 -0.963845543 -0.164350813 -0.184266438
297.400000000 -0.296966168 -1.449843321 3.435062582 0.081172668 -0.695356891 -0.082440020 0.709290797 -1.153262147 -0.235534482 -0.217025737
297.500000000 -0.262789292 -1.448349894 3.309053788 0.088792863 -0.693176767 -0.088999083 0.709718930 -1.368758959 -0.321464867 -0.234322387
297.600000000 -0.247139667 -1.444464994 3.154821533 0.091878343 -0.691731961 -0.093980196 0.710093647 -1.601936151 -0.411977112 -0.252779572
297.700000000 -0.225514904 -1.442421323 2.981151331 0.094737696 -0.689951402 -0.098064133 0.710897502 -1.866124285 -0.523203898 -0.243876937
297.800000000 -0.197693838 -1.442914293 2.776546318 0.094933994 -0.688227695 -0.103395389 0.711786183 -2.118820535 -0.643131050 -0.277280211
297.900000000 -0.189838706 -1.448144763 2.528690368 0.093406113 -0.687042031 -0.103957250 0.713050795 -2.362463812 -0.733988733 -0.287883648
298.000000000 -0.165268743 -1.457398091 2.270475337 0.094233919 -0.685933394 -0.103350027 0.714096716 -2.575931426 -0.814200444 -0.289721754
298.100000000 -0.147769896 -1.463290103 1.990972801 0.097336305 -0.684772039 -0.102607570 0.714901801 -2.772920312 -0.888142599 -0.277612722
298.200000000 -0.138010769 -1.471632288 1.687222125 0.098628874 -0.684666016 -0.100525334 0.715121982 -2.989203089 -0.943900381 -0.202296788
298.300000000 -0.129596794 -1.479229712 1.359279750 0.096055480 -0.685316089 -0.095224243 0.715574976 -3.206262766 -0.966641498 -0.157115481
298.400000000 -0.136891625 -1.484577707 1.016673159 0.096685606 -0.685496390 -0.091765444 0.715769303 -3.414452503 -1.008001354 -0.151318271
298.500000000 -0.139742635 -1.491715949 0.649550820 0.093858047 -0.686693059 -0.088480423 0.715412136 -3.616671045 -1.035896151 -0.173326638
298.600000000 -0.133297437 -1.500387504 0.264897963 0.092203991 -0.687719237 -0.084982836 0.715065447 -3.794306355 -1.076084485 -0.232035844
298.700000000 -0.128031621 -1.507962437 -0.141484169 0.089895591 -0.688617107 -0.083300452 0.714693149 -3.946662043 -1.106341982 -0.229163721
298.800000000 -0.104317975 -1.524660254 -0.558978938 0.083026089 -0.690371849 -0.076145440 0.714629450 -4.069103096 -1.056899174 -0.165902948
298.900000000 -0.105090432 -1.535390840 -0.993723656 0.076411341 -0.691585660 -0.069249618 0.714895147 -4.176373362 -0.988509086 -0.114827849
299.000000000 -0.122506168 -1.546930744 -1.417482115 0.070380789 -0.692108000 -0.063999740 0.715497794 -4.285332586 -0.934220033 -0.112584541
299.100000000 -0.125940052 -1.553117065 -1.862329643 0.067466153 -0.691681297 -0.061562170 0.716404495 -4.367032605 -0.925434752 -0.197486628
299.200000000 -0.092299275 -1.572344939 -2.312923720 0.060085456 -0.693351519 -0.055315406 0.715956434 -4.438345676 -0.861875221 -0.278783438
299.300000000 -0.095427464 -1.579854517 -2.773504005 0.055894745 -0.694836161 -0.047433989 0.715421906 -4.459285436 -0.807749937 -0.319690742
299.400000000 -0.072233313 -1.594420683 -3.226034058 0.051371014 -0.696798953 -0.040958522 0.714251103 -4.461187141 -0.750045314 -0.296394480
299.500000000 -0.049909286 -1.613051327 -3.679078773 0.042479910 -0.700402898 -0.029778202 0.711859885 -4.477627567 -0.631182074 -0.244160452
299.600000000 -0.037347609 -1.631543556 -4.128452535 0.030018714 -0.702199205 -0.019530068 0.711079271 -4.466557679 -0.481783716 -0.210137324
299.700000000 -0.017102634 -1.647433504 -4.582206479 0.020841222 -0.703531664 -0.010942622 0.710273961 -4.418106338 -0.354810454 -0.201501465
299.800000000 -0.002670961 -1.660918494 -5.022209366 0.013468539 -0.705716683 -0.003726223 0.708356321 -4.336773104 -0.242236497 -0.207837035
299.900000000 0.016831391 -1.678220311 -5.446785651 0.003124428 -0.709898291 0.005705002 0.704274171 -4.227478788 -0.094276434 -0.127685206
300.000000000 0.040759025 -1.684619896 -5.870113337 -0.008114395 -0.711511193 0.015117684 0.702465255 -4.102359381 0.060570092 -0.039838585
300.100000000 0.030862836 -1.688334320 -6.273160409 -0.018073865 -0.712855559 0.024935097 0.700634375 -3.959422537 0.212218684 0.046654147
300.200000000 0.029022922 -1.690513730 -6.657246941 -0.026345155 -0.713262932 0.034301138 0.699560830 -3.784626613 0.342955666 0.079106076
300.300000000 0.032724370 -1.685990468 -7.037543784 -0.034170323 -0.713608857 0.044421027 0.698299048 -3.592094354 0.452434931 -0.001955958
300.400000000 0.035383158 -1.677626548 -7.389859723 -0.040354340 -0.714163332 0.050673830 0.696975197 -3.366496447 0.510438495 -0.086035467
300.500000000 0.082396234 -1.670962022 -7.717014468 -0.049282625 -0.714978614 0.057997645 0.694991422 -3.127239240 0.557879328 -0.110565758
300.600000000 0.091838019 -1.660387306 -8.021232385 -0.053127696 -0.714605272 0.063731369 0.694589854 -2.918232226 0.557621041 -0.110307933
300.700000000 0.103468310 -1.654261336 -8.307548759 -0.057997963 -0.714881262 0.068186523 0.693492333 -2.710317668 0.549915311 -0.053443908
300.800000000 0.116779109 -1.650105337 -8.576982058 -0.064427468 -0.714976959 0.074474951 0.692178107 -2.504375198 0.549806456 -0.018359233
300.900000000 0.123153086 -1.645182744 -8.822646627 -0.070137341 -0.714517413 0.077194772 0.691799528 -2.280145682 0.542485271 0.005879528
301.000000000 0.126281230 -1.638337027 -9.045647854 -0.078126632 -0.713821570 0.080279253 0.691310522 -2.041416089 0.540651185 0.010346240
301.100000000 0.131976654 -1.627993771 -9.243494151 -0.079355611 -0.712368172 0.082982729 0.692349725 -1.817708527 0.499686804 -0.017253377
301.200000000 0.141489010 -1.621498172 -9.420220225 -0.081302695 -0.711264540 0.085153215 0.692994629 -1.592244034 0.427872129 -0.046439448
301.300000000 0.152299636 -1.618171222 -9.575494545 -0.082036423 -0.709869291 0.087684139 0.694022410 -1.366857311 0.310764118 -0.086591277
301.400000000 0.162396325 -1.621621344 -9.701946277 -0.083623783 -0.709045246 0.087718255 0.694670720 -1.070566914 0.193741111 -0.203569016
301.500000000 0.181558437 -1.637433124 -9.803599142 -0.081684571 -0.707664145 0.088631515 0.696192174 -0.807882005 0.132545779 -0.323246272
301.600000000 0.249634279 -1.642336633 -9.840433370 -0.079637271 -0.706069644 0.086343457 0.698332564 -0.614658301 0.117408005 -0.367715504
301.700000000 0.282045796 -1.637437662 -9.907498836 -0.075477119 -0.704271696 0.079617026 0.701402675 -0.472339153 0.133782934 -0.212189553
301.800000000 0.312927242 -1.634503000 -9.951207235 -0.072841859 -0.703034355 0.072846512 0.703654848 -0.484049148 0.147769868 0.069985234
301.900000000 0.298886614 -1.627664760 -9.974690820 -0.070743546 -0.702664847 0.066859425 0.704831384 -0.376783954 0.083876771 0.244816635
302.000000000 0.230126978 -1.618322185 -10.069432458 -0.066917016 -0.702102287 0.063847405 0.706043909 -0.209924758 0.006371673 0.214742414
302.100000000 0.208249800 -1.639753460 -10.054858436 -0.059842576 -0.701596012 0.057983516 0.707686239 -0.017497691 -0.060456428 0.071774811
302.200000000 0.198335090 -1.650380720 -10.023081035 -0.049845994 -0.700301430 0.050495738 0.710312230 0.191087070 -0.111555154 -0.019909245
302.300000000 0.221400573 -1.651968108 -10.002441129 -0.039688952 -0.698985081 0.040962218 0.712858149 0.285537324 -0.123558759 0.059345560
302.400000000 0.222227726 -1.662877137 -9.976254786 -0.030343068 -0.697399702 0.033003805 0.715278759 0.394404282 -0.179921544 0.271083955
302.500000000 0.228832725 -1.669970651 -9.964834154 -0.023999147 -0.696676521 0.027038906 0.716473841 0.462259481 -0.463354549 0.507977608
302.600000000 0.127329743 -1.694380152 -9.865951174 -0.023147145 -0.696401843 0.026021683 0.716806498 0.417235558 -0.899432506 0.675592760
302.700000000 0.047327984 -1.848160868 -9.826956645 -0.020691967 -0.695948054 0.025722310 0.717332915 0.270634916 -0.995671865 0.605278719
302.800000000 -0.033464881 -2.017679668 -9.789047610 -0.019213033 -0.695786054 0.025141365 0.717551767 0.181374802 -0.795487644 0.571227532
302.900000000 -0.033464881 -2.017679668 -9.789047610 -0.019213033 -0.695786054 0.025141365 0.717551767 0.227635216 -0.391401922 0.668189415
303.000000000 -0.041249640 -2.019308758 -9.783627608 -0.018672114 -0.695651544 0.025593598 0.717680464 0.261193013 -0.082858824 0.665098660
303.100000000 -0.248887771 -2.041643389 -9.695050612 -0.017801701 -0.695568965 0.025616468 0.717781799 0.146769156 -0.086833326 0.422600853
303.200000000 -0.248887771 -2.041643389 -9.695050612 -0.017801701 -0.695568965 0.025616468 0.717781799 0.038580688 -0.056995882 -0.009919099
303.300000000 -0.133099227 -2.054590055 -9.758066744 -0.017446724 -0.695604888 0.025805152 0.717748944 0.091830719 -0.006555887 -0.196271900
303.400000000 -0.120006053 -2.048271574 -9.708997056 -0.017283996 -0.695639300 0.026042004 0.717710974 0.195321724 0.006668992 -0.069835429
303.500000000 -0.199756956 -2.037972514 -9.645111949 -0.017076743 -0.695583760 0.026197557 0.717764102 0.246690398 0.020125057 0.104726444
303.600000000 -0.199756956 -2.037972514 -9.645111949 -0.017076743 -0.695583760 0.026197557 0.717764102 0.131256350 0.013238517 0.102363946
303.700000000 -0.199756956 -2.037972514 -9.645111949 -0.017076743 -0.695583760 0.026197557 0.717764102 0.000000000 0.000000000 0.000000000
303.800000000 -0.199756956 -2.037972514 -9.645111949 -0.017076743 -0.695583760 0.026197557 0.717764102 -0.109285064 0.109804507 -0.043639049
303.900000000 -0.199756956 -2.037972514 -9.645111949 -0.017076743 -0.695583760 0.026197557 0.717764102 -0.226017317 0.185951915 -0.241574127
304.000000000 -0.216687094 -1.992908001 -9.683232512 -0.016070074 -0.695864407 0.027102320 0.717481668 -0.257099898 0.194459001 -0.333459142
304.100000000 -0.097728251 -1.975795885 -9.737704015 -0.015835629 -0.695934570 0.027155243 0.717416824 -0.201606305 0.136731673 -0.318136111
304.200000000 -0.097728251 -1.975795885 -9.737704015 -0.015835629 -0.695934570 0.027155243 0.717416824 -0.063801201 0.022109560 -0.177011943
304.300000000 -0.097728251 -1.975795885 -9.737704015 -0.015835629 -0.695934570 0.027155243 0.717416824 0.015607552 0.002256168 0.027075059
304.400000000 -0.097728251 -1.975795885 -9.737704015 -0.015835629 -0.695934570 0.027155243 0.717416824 0.055514457 0.006641021 0.116687397
304.500000000 -0.111943741 -1.973452725 -9.728219847 -0.021211687 -0.696225089 0.030760844 0.716850375 0.115859007 0.007001175 0.211389866
304.600000000 -0.140208217 -1.971590961 -9.718538516 -0.031773149 -0.696151031 0.037988032 0.716185115 0.209337079 -0.005299073 0.287314541
304.700000000 -0.174386603 -1.970568665 -9.692973184 -0.043976408 -0.695817226 0.046403706 0.715367849 0.303435716 -0.033266034 0.250388806
304.800000000 -0.220170476 -1.970117606 -9.643095297 -0.053764150 -0.694900301 0.055790441 0.714919866 0.374611191 -0.053376409 0.134744029
304.900000000 -0.192806523 -1.973287313 -9.602306313 -0.064470101 -0.694046275 0.065309851 0.714057419 0.468050395 -0.078451570 0.002882698
305.000000000 -0.200940830 -1.967900227 -9.564173633 -0.076611866 -0.692874475 0.077586018 0.712766437 0.580861442 -0.087439376 -0.085495366
305.100000000 -0.174962221 -1.968716153 -9.495938196 -0.086478039 -0.692311776 0.086510627 0.711155303 0.717290340 -0.096436001 -0.087370045
305.200000000 -0.167713189 -1.952653061 -9.414406843 -0.098120013 -0.692467773 0.095268864 0.708367623 0.889645454 -0.115626287 -0.058696973
305.300000000 -0.160369157 -1.940633096 -9.323185045 -0.106058924 -0.692477262 0.103593466 0.706041883 1.060012018 -0.138702695 0.014366928
305.400000000 -0.161588809 -1.918217746 -9.207099076 -0.114444726 -0.692186505 0.112176667 0.703702097 1.242675302 -0.202188371 0.054575897
305.500000000 -0.174520008 -1.896755040 -9.072785158 -0.120607102 -0.691836398 0.117888766 0.702081593 1.439878000 -0.298551562 0.053872235
305.600000000 -0.183309951 -1.873287661 -8.917114150 -0.129081635 -0.691916380 0.121955367 0.699797502 1.623777133 -0.420211846 0.021762016
305.700000000 -0.173505067 -1.863253325 -8.739734826 -0.133490626 -0.691909814 0.125439866 0.698359437 1.824732420 -0.532718558 -0.026222478
305.800000000 -0.164587112 -1.847719361 -8.539143785 -0.131885756 -0.691989882 0.127887372 0.698141082 2.049502351 -0.626976692 -0.059838651
305.900000000 -0.162104096 -1.829873325 -8.313923259 -0.129276500 -0.691721685 0.130755815 0.698363526 2.281991554 -0.701754516 -0.070589732
306.000000000 -0.146298373 -1.814386867 -8.061924354 -0.132018896 -0.691761831 0.133996310 0.697195503 2.487402182 -0.809652007 -0.109489004
306.100000000 -0.133348137 -1.794098319 -7.786659670 -0.131557067 -0.691721024 0.134270416 0.697270549 2.668137086 -0.874791988 -0.098722763
306.200000000 -0.112704618 -1.781482479 -7.497588398 -0.131985130 -0.692721710 0.130342611 0.696941434 2.841290881 -0.915763718 -0.066414199
306.300000000 -0.117886540 -1.759412594 -7.196912573 -0.129779294 -0.693574393 0.128638619 0.696824226 3.038854742 -0.978254428 -0.061387215
306.400000000 -0.109723165 -1.740083187 -6.865910953 -0.129084966 -0.695098663 0.128582128 0.695443425 3.243345816 -1.051133742 -0.158142004
306.500000000 -0.096702521 -1.725536393 -6.507483058 -0.124094796 -0.695864979 0.125457204 0.696155804 3.458760574 -1.104033004 -0.258267715
306.600000000 -0.039571567 -1.707393274 -6.141067207 -0.121368759 -0.697158730 0.124299453 0.695549405 3.656878859 -1.158132792 -0.264205380
306.700000000 -0.021626082 -1.693099079 -5.744627673 -0.119515410 -0.697939894 0.118928217 0.696025898 3.827602143 -1.167630193 -0.212588828
306.800000000 -0.020743079 -1.674988798 -5.332674792 -0.117781376 -0.700258093 0.111564722 0.695211811 3.947312104 -1.138047650 -0.196861995
306.900000000 -0.008375458 -1.658849353 -4.910697441 -0.109375303 -0.700803902 0.105643327 0.696957977 4.051757393 -1.079053076 -0.208472897
307.000000000 0.033349526 -1.632699539 -4.502462763 -0.100428859 -0.702923967 0.098943143 0.697152921 4.151388662 -1.037064258 -0.232371280
307.100000000 0.043072835 -1.619133844 -4.066784710 -0.098674515 -0.703464277 0.087904275 0.698336731 4.270457546 -1.017708572 -0.157949737
307.200000000 0.062842524 -1.613770488 -3.621556701 -0.096766653 -0.703804304 0.077033176 0.699543856 4.415130529 -1.006594507 -0.066204697
307.300000000 0.044888917 -1.600678755 -3.158387738 -0.092835033 -0.703288041 0.067610855 0.701567075 4.497337896 -0.937307355 0.007543582
307.400000000 0.056897632 -1.596564836 -2.688760869 -0.089944630 -0.704478019 0.062377655 0.701234420 4.541499204 -0.877480334 0.058279327
307.500000000 0.029556448 -1.579058572 -2.233704830 -0.078838561 -0.703925993 0.055842893 0.703671975 4.557901995 -0.754949870 0.110698204
307.600000000 0.002495235 -1.564524383 -1.761564831 -0.068248441 -0.703823960 0.050092798 0.705311772 4.514930734 -0.640500318 0.116474271
307.700000000 0.000473184 -1.551326315 -1.312503660 -0.060976406 -0.703433799 0.047972692 0.706513545 4.460373692 -0.587852145 0.091292972
307.800000000 0.007352904 -1.543169915 -0.874041053 -0.054185069 -0.702893303 0.039944384 0.708102697 4.378305291 -0.502454319 0.071278158
307.900000000 0.005596988 -1.536429894 -0.432819962 -0.048033863 -0.702621025 0.031989501 0.709220076 4.298368492 -0.415483083 0.100449298
308.000000000 -0.010168997 -1.529874343 -0.004204229 -0.034741206 -0.701772591 0.020284049 0.711264253 4.203116095 -0.257689247 0.163506846
308.100000000 -0.028355076 -1.520237732 0.411773228 -0.020012550 -0.700576335 0.005490963 0.713275646 4.061572807 -0.080215424 0.182281502
308.200000000 -0.017624665 -1.516757759 0.798637900 -0.008134130 -0.699520812 -0.006558559 0.714535832 3.882747449 0.053377617 0.147401219
308.300000000 -0.042563413 -1.508197608 1.192307253 0.002713644 -0.698793774 -0.015609080 0.715147715 3.687618472 0.161306722 0.108030811
308.400000000 -0.032699374 -1.504285055 1.547354980 0.008924343 -0.698555011 -0.019080407 0.715246245 3.502676617 0.212918426 0.081416775
308.500000000 -0.040035767 -1.493202406 1.892953564 0.017057490 -0.698291002 -0.021949174 0.715274040 3.309864644 0.274922534 0.089725176
308.600000000 -0.038542810 -1.485071638 2.216386300 0.022107899 -0.698206551 -0.026874431 0.715050081 3.104295884 0.323766799 0.116141317
308.700000000 -0.047280655 -1.471376214 2.518209190 0.029007901 -0.697781986 -0.033093619 0.714957100 2.869970756 0.362778566 0.117779822
308.800000000 -0.061876140 -1.459349735 2.801930326 0.035156474 -0.697771554 -0.039798503 0.714349326 2.605114042 0.401043847 0.153096487
308.900000000 -0.051083250 -1.451585324 3.048162364 0.037883718 -0.698133965 -0.043475280 0.713641150 2.336994981 0.390402214 0.152593492
309.000000000 -0.080760334 -1.432915209 3.268946795 0.039740631 -0.698461285 -0.047685304 0.712950649 2.076773961 0.369225778 0.125023466
309.100000000 -0.081439430 -1.425698482 3.468352967 0.042136952 -0.698499941 -0.050788677 0.712560748 1.841821983 0.338469998 0.062855399
309.200000000 -0.082572478 -1.416400041 3.640391603 0.047515424 -0.698415275 -0.053749593 0.712088035 1.634644923 0.307828858 0.010705933
309.300000000 -0.065889785 -1.411071176 3.797389533 0.049251966 -0.698684991 -0.054837988 0.711622318 1.418644274 0.271061756 0.005057698
309.400000000 -0.072857999 -1.405219048 3.935203168 0.051949675 -0.698710149 -0.056481255 0.711277180 1.180417124 0.233416658 0.046778203
309.500000000 -0.073011176 -1.401511556 4.041654430 0.049930448 -0.699376470 -0.056166960 0.710791654 0.930197106 0.189497261 0.109134058
309.600000000 -0.091962600 -1.396997715 4.119384446 0.050213544 -0.699726614 -0.055188386 0.710503700 0.724801945 0.147420475 0.084409230
309.700000000 -0.107520884 -1.390226918 4.178647835 0.048387570 -0.700665213 -0.052692338 0.709894654 0.548986969 0.095106945 0.066088986
309.800000000 -0.090250344 -1.390907583 4.237015479 0.046435545 -0.701478090 -0.048158551 0.709544208 0.388972121 0.033770222 0.042384001
309.900000000 -0.108737706 -1.396371263 4.260031675 0.039221171 -0.702349625 -0.042903638 0.709454707 0.225906987 -0.027207939 0.049901422
310.000000000 -0.112024268 -1.403934622 4.275315117 0.033989439 -0.703107238 -0.035345545 0.709391022 0.058896180 -0.064379335 0.081015686
310.100000000 -0.121599807 -1.410843794 4.269973205 0.027600957 -0.704206220 -0.025608088 0.708996483 -0.066312863 -0.076047602 0.058518106
310.200000000 -0.123728331 -1.419238821 4.257501896 0.021292757 -0.704955216 -0.015575443 0.708761009 -0.175433728 -0.080328830 0.038030943
310.300000000 -0.121612220 -1.424586835 4.233373567 0.010245366 -0.706169795 -0.005165096 0.707949556 -0.257590439 -0.080071956 0.028606143
310.400000000 -0.130562700 -1.431600062 4.202717296 -0.000148536 -0.706961312 0.003225879 0.707244848 -0.315525014 -0.076339144 0.039349525
310.500000000 -0.142045531 -1.439522167 4.166710198 -0.008772183 -0.707521739 0.010416105 0.706560360 -0.332669762 -0.085700805 0.009921790
310.600000000 -0.137812256 -1.449139797 4.131264500 -0.013420385 -0.708072493 0.014868654 0.705855623 -0.319414684 -0.105557065 -0.040563140
310.700000000 -0.124114295 -1.462830530 4.103256046 -0.017026254 -0.708568534 0.019633456 0.705163291 -0.292682695 -0.128084672 -0.098937118
310.800000000 -0.115956037 -1.479651439 4.074078841 -0.017873593 -0.708949212 0.021099803 0.704717211 -0.287310649 -0.089974879 -0.064522841
310.900000000 -0.092275689 -1.498342806 4.054963853 -0.021243927 -0.709638855 0.023238445 0.703861751 -0.317450120 0.047003525 0.098422502
311.000000000 -0.131845482 -1.492103767 4.009646276 -0.021059200 -0.709962983 0.024307338 0.703504248 -0.470620509 0.268665735 0.548192699
311.100000000 -0.145044607 -1.463302947 3.984696754 -0.020953304 -0.710263589 0.025359866 0.703166744 -0.612969165 0.417184802 1.003930815
311.200000000 -0.334129599 -1.375267956 3.878968567 -0.020147349 -0.710295215 0.025585536 0.703150177 -0.586873855 0.396764635 1.079357881
311.300000000 -0.502698618 -1.353934629 3.790210524 -0.019427230 -0.710449014 0.026312235 0.702988227 -0.420454302 0.255305673 0.822206754
311.400000000 -0.502698618 -1.353934629 3.790210524 -0.019427230 -0.710449014 0.026312235 0.702988227 -0.158351002 0.080503272 0.319290329
311.500000000 -0.502698618 -1.353934629 3.790210524 -0.019427230 -0.710449014 0.026312235 0.702988227 -0.020774878 0.014287143 0.039806364
311.600000000 -0.502698618 -1.353934629 3.790210524 -0.019427230 -0.710449014 0.026312235 0.702988227 0.000000000 0.000000000 0.000000000
311.700000000 -0.502698618 -1.353934629 3.790210524 -0.019427230 -0.710449014 0.026312235 0.702988227 -0.071324068 0.000834230 -0.054447931
311.800000000 -0.502698618 -1.353934629 3.790210524 -0.019427230 -0.710449014 0.026312235 0.702988227 -0.111944490 0.001309339 -0.085457070
311.900000000 -0.472837580 -1.355679774 3.751988286 -0.019120354 -0.710400204 0.026232579 0.703048941 -0.113549202 0.001237843 -0.086707459
312.000000000 -0.472837580 -1.355679774 3.751988286 -0.019120354 -0.710400204 0.026232579 0.703048941 -0.076324589 0.000832043 -0.058282322
312.100000000 -0.472837580 -1.355679774 3.751988286 -0.019120354 -0.710400204 0.026232579 0.703048941 0.010664187 -0.000530604 0.013917335
312.200000000 -0.472837580 -1.355679774 3.751988286 -0.019120354 -0.710400204 0.026232579 0.703048941 0.027844072 -0.001379914 0.041377303
312.300000000 -0.472837580 -1.355679774 3.751988286 -0.019120354 -0.710400204 0.026232579 0.703048941 0.037227052 -0.005059888 0.021904338
312.400000000 -0.492588430 -1.354950405 3.760068054 -0.018518347 -0.710234363 0.025286075 0.703267257 0.026717499 -0.001907231 -0.010672932
312.500000000 -0.474487159 -1.357436669 3.765372040 -0.012247159 -0.709477617 0.017839647 0.704395673 -0.008805484 0.007180205 -0.051931394
312.600000000 -0.468832878 -1.355244738 3.761873667 -0.002057377 -0.708315440 0.007249223 0.705855830 -0.061947288 0.015334190 -0.077601405
312.700000000 -0.461557844 -1.352350233 3.753842454 0.009173677 -0.707159296 -0.004298976 0.706981678 -0.139187041 0.022572048 -0.046445270
312.800000000 -0.459641881 -1.350073095 3.737145152 0.021348369 -0.705717278 -0.016135932 0.707987995 -0.248328792 0.019637586 -0.020868147
312.900000000 -0.460797494 -1.346167123 3.707786982 0.031505950 -0.703924245 -0.027463033 0.709044296 -0.376069100 0.000686433 -0.028262091
313.000000000 -0.469991416 -1.340501778 3.660669493 0.041681956 -0.702339679 -0.038654650 0.709568466 -0.515705562 -0.027792918 -0.050103318
313.100000000 -0.428745065 -1.342619610 3.614287832 0.054019540 -0.700691756 -0.047054135 0.709858338 -0.651031134 -0.068061798 -0.105704628
313.200000000 -0.447029741 -1.336748051 3.532662371 0.062854614 -0.699071307 -0.055111930 0.710148773 -0.821435964 -0.115679824 -0.128554525
313.300000000 -0.417604210 -1.335674343 3.446575233 0.070080395 -0.696929248 -0.065489045 0.710696522 -1.020335896 -0.169762900 -0.109440978
313.400000000 -0.412502738 -1.333483164 3.324813842 0.077223727 -0.694783878 -0.074480042 0.711171275 -1.241116087 -0.239093025 -0.106399894
313.500000000 -0.415808005 -1.329301092 3.190494483 0.081484563 -0.693318152 -0.079575646 0.711574256 -1.480341085 -0.312736730 -0.107621419
313.600000000 -0.401990347 -1.323952857 3.028968819 0.085451378 -0.692061212 -0.082797198 0.711964862 -1.711557529 -0.390643701 -0.136570723
313.700000000 -0.393158604 -1.323393629 2.838624987 0.089085135 -0.690633362 -0.086308073 0.712488817 -1.954917235 -0.479073019 -0.147222449
313.800000000 -0.378673276 -1.321557494 2.627479363 0.092344012 -0.689514404 -0.087556149 0.713005183 -2.185991330 -0.560670115 -0.135421999
313.900000000 -0.380462451 -1.320674254 2.383734853 0.094209086 -0.689076902 -0.088812269 0.713028787 -2.414178149 -0.631612145 -0.109543309
314.000000000 -0.380995844 -1.320510059 2.123202348 0.097270033 -0.688477181 -0.089890592 0.713061984 -2.631270487 -0.717425562 -0.080494859
314.100000000 -0.378470008 -1.318458633 1.841204431 0.100237257 -0.687815723 -0.089840221 0.713295702 -2.839619840 -0.798670231 -0.062896957
314.200000000 -0.389057192 -1.324135912 1.532457191 0.100919951 -0.687938723 -0.086644866 0.713476099 -3.057695828 -0.862770708 -0.043383261
314.300000000 -0.395691282 -1.325864551 1.204119577 0.099815408 -0.688178924 -0.084366728 0.713672830 -3.269887333 -0.927060344 -0.062712482
314.400000000 -0.400875843 -1.331765243 0.853365132 0.097877749 -0.688424877 -0.083112630 0.713851123 -3.466380677 -0.988865682 -0.120876649
314.500000000 -0.399261321 -1.340800287 0.479489071 0.095076856 -0.689524612 -0.079043888 0.713630342 -3.642609535 -1.030451252 -0.172249197
314.600000000 -0.391719370 -1.352380132 0.093042888 0.090404763 -0.690883442 -0.073506328 0.713515149 -3.801155511 -1.033358240 -0.191564241
314.700000000 -0.375657866 -1.366738055 -0.302360978 0.086164336 -0.692495755 -0.067231363 0.713095562 -3.952546275 -1.019775879 -0.161572316
314.800000000 -0.372444575 -1.380491569 -0.713387749 0.079990714 -0.694416759 -0.060461145 0.712552665 -4.082837912 -0.973714058 -0.097851775
314.900000000 -0.367291548 -1.397400038 -1.160559966 0.074618246 -0.695362552 -0.058350298 0.712389136 -4.189575816 -0.948463252 -0.063566595
315.000000000 -0.380510928 -1.412227730 -1.583272582 0.069914481 -0.695759971 -0.057266515 0.712566190 -4.290101540 -0.937751890 -0.108705281
315.100000000 -0.387319914 -1.424671121 -2.027013263 0.064728077 -0.695888742 -0.053162480 0.713248123 -4.370227857 -0.892627560 -0.184020363
315.200000000 -0.362790859 -1.443674568 -2.490068370 0.060227950 -0.696510124 -0.046175868 0.713522271 -4.428530702 -0.828848769 -0.241471521
315.300000000 -0.342900648 -1.457349958 -2.935152545 0.056740398 -0.698063721 -0.038797778 0.712728771 -4.449328602 -0.767373480 -0.239583646
315.400000000 -0.331056503 -1.470695618 -3.384427770 0.051209000 -0.699480633 -0.031139698 0.712133977 -4.444838983 -0.680743013 -0.165414361
315.500000000 -0.324442305 -1.488479151 -3.832764154 0.040351416 -0.700548823 -0.023723466 0.712067628 -4.452567357 -0.569806973 -0.136738483
315.600000000 -0.322234114 -1.505144340 -4.279513037 0.028827645 -0.701492218 -0.015168664 0.711932262 -4.432956845 -0.431898882 -0.102461086
315.700000000 -0.307815667 -1.521302280 -4.733040997 0.018864883 -0.702639659 -0.004739979 0.711279944 -4.392268691 -0.283238320 -0.042403745
315.800000000 -0.317504282 -1.532978905 -5.159125663 0.007044587 -0.704525703 0.007371323 0.709605222 -4.325133770 -0.115243574 -0.013289723
315.900000000 -0.330617745 -1.544405160 -5.595446912 -0.004449051 -0.706487697 0.017452163 0.707496121 -4.219644600 0.033446608 -0.000753274
316.000000000 -0.319221341 -1.553676386 -6.015122548 -0.014265889 -0.707751325 0.024770017 0.705883129 -4.091784011 0.148462983 -0.006478271
316.100000000 -0.303787819 -1.560561962 -6.415227728 -0.021707704 -0.708237755 0.029869128 0.705007726 -3.948814501 0.234629376 -0.016786896
316.200000000 -0.314634798 -1.562418437 -6.796168864 -0.028518962 -0.707971474 0.038110777 0.704635104 -3.787084450 0.337745840 0.000568868
316.300000000 -0.311590092 -1.565081489 -7.180506978 -0.034836625 -0.707711591 0.046544892 0.704105309 -3.600382572 0.424577833 -0.021264769
316.400000000 -0.317021041 -1.559826374 -7.532176656 -0.040279720 -0.708060834 0.054485310 0.702893129 -3.361603391 0.490399461 -0.069354651
316.500000000 -0.281205253 -1.559069974 -7.860303746 -0.042106742 -0.707754997 0.061501938 0.702515051 -3.098261245 0.516013341 -0.075045657
316.600000000 -0.281736626 -1.547564717 -8.157927072 -0.044575207 -0.707556069 0.067617514 0.702000949 -2.872328340 0.526058834 -0.045828097
316.700000000 -0.282730379 -1.540855075 -8.437107901 -0.049754805 -0.707366589 0.071174504 0.701492094 -2.669848459 0.530951001 0.024056995
316.800000000 -0.285133870 -1.535631046 -8.706202950 -0.057953081 -0.706996375 0.076033360 0.700725691 -2.481118062 0.534009426 0.060773965
316.900000000 -0.298878806 -1.530342374 -8.949187305 -0.065748318 -0.706322444 0.082198575 0.700020826 -2.272890878 0.532276541 0.054376588
317.000000000 -0.302342725 -1.527644220 -9.169614144 -0.069769059 -0.704976290 0.086150759 0.700513209 -2.054792460 0.500690400 0.011084560
317.100000000 -0.296978183 -1.522530415 -9.370422077 -0.070884148 -0.703583910 0.087786016 0.701597274 -1.837448702 0.449791544 -0.043418484
317.200000000 -0.286314985 -1.519487276 -9.551141381 -0.071785734 -0.702071279 0.088021654 0.702989983 -1.618274910 0.392738580 -0.076728726
317.300000000 -0.278398193 -1.518050639 -9.704761232 -0.072792200 -0.700816826 0.087263096 0.704231655 -1.395430596 0.322711345 -0.086440618
317.400000000 -0.273652158 -1.517848384 -9.836146646 -0.073545826 -0.699875579 0.085384780 0.705318811 -1.179284865 0.232473670 -0.091460438
317.500000000 -0.265857783 -1.522968990 -9.943571612 -0.073390569 -0.699001367 0.083036925 0.706481269 -0.965553615 0.168454593 -0.093769083
317.600000000 -0.252892343 -1.537376910 -10.030479203 -0.073057051 -0.698539888 0.081123387 0.707194236 -0.708646103 0.167664131 0.019738081
317.700000000 -0.245017353 -1.534104089 -10.099309153 -0.072013582 -0.698048833 0.078697272 0.708059751 -0.455923488 0.316639397 0.459001610
317.800000000 -0.310495686 -1.503011245 -10.119908821 -0.070584257 -0.698009985 0.075919850 0.708545059 -0.286636822 0.337968604 0.664780334
317.900000000 -0.515940056 -1.424376652 -10.154324607 -0.068997175 -0.697961430 0.073186400 0.709036658 -0.289102859 0.297464520 0.460053527
318.000000000 -0.503792609 -1.461889928 -10.142426825 -0.065355801 -0.697810440 0.069928329 0.709858604 -0.250499187 0.160798587 0.134128534
318.100000000 -0.398441479 -1.441407865 -10.238146334 -0.056406625 -0.697576168 0.065213529 0.711303718 -0.098215848 -0.015034263 -0.238596087
318.200000000 -0.416525054 -1.441881598 -10.215531005 -0.045970188 -0.697788770 0.056809864 0.712565936 0.104639483 -0.007176456 -0.188937876
318.300000000 -0.392045057 -1.444633450 -10.177905177 -0.034553217 -0.697038475 0.046037468 0.714719519 0.266341445 -0.032469014 -0.041265888
318.400000000 -0.378181151 -1.446806506 -10.146422398 -0.024298407 -0.696157254 0.035650969 0.716591706 0.148672742 0.138894136 -0.121334174
318.500000000 -0.372285329 -1.448876349 -10.138682217 -0.017976476 -0.695051908 0.028903828 0.718153368 -0.025921050 0.441952597 -0.253437617
318.600000000 -0.346967700 -1.366880456 -10.172704602 -0.014206841 -0.694287655 0.025845478 0.719093060 -0.180090687 0.874402584 -0.505080581
318.700000000 -0.276784303 -1.242483727 -10.203190473 -0.013351869 -0.694018446 0.025366109 0.719386325 -0.288478800 0.823350479 -0.489888178
318.800000000 -0.189705582 -1.088644621 -10.245271590 -0.013014064 -0.693885169 0.025001168 0.719533841 -0.149937268 0.494144765 0.021187973
318.900000000 -0.238559656 -1.163573378 -10.285595973 -0.012298293 -0.693597532 0.024806203 0.719830444 -0.011505556 0.107814283 0.463324346
319.000000000 -0.416329997 -1.175278741 -10.212123092 -0.012103364 -0.693578944 0.024721204 0.719854582 0.093644761 -0.151308095 0.625929469
319.100000000 -0.416329997 -1.175278741 -10.212123092 -0.012103364 -0.693578944 0.024721204 0.719854582 0.123797155 -0.017212716 0.362491091
319.200000000 -0.416329997 -1.175278741 -10.212123092 -0.012103364 -0.693578944 0.024721204 0.719854582 0.006874514 -0.001261389 0.018755108
319.300000000 -0.416329997 -1.175278741 -10.212123092 -0.012103364 -0.693578944 0.024721204 0.719854582 0.000000000 0.000000000 0.000000000
319.400000000 -0.416329997 -1.175278741 -10.212123092 -0.012103364 -0.693578944 0.024721204 0.719854582 0.000000000 0.000000000 0.000000000
319.500000000 -0.416329997 -1.175278741 -10.212123092 -0.012103364 -0.693578944 0.024721204 0.719854582 0.000000000 0.000000000 0.000000000
319.600000000 -0.416329997 -1.175278741 -10.212123092 -0.012103364 -0.693578944 0.024721204 0.719854582 0.000000000 0.000000000 0.000000000
319.700000000 -0.416329997 -1.175278741 -10.212123092 -0.012103364 -0.693578944 0.024721204 0.719854582 0.000000000 0.000000000 0.000000000
319.800000000 -0.416329997 -1.175278741 -10.212123092 -0.012103364 -0.693578944 0.024721204 0.719854582 0.000000000 0.000000000 0.000000000
319.900000000 -0.416329997 -1.175278741 -10.212123092 -0.012103364 -0.693578944 0.024721204 0.719854582 0.000000000 0.000000000 0.000000000
320.000000000 -0.416329997 -1.175278741 -10.212123092 -0.012103364 -0.693578944 0.024721204 0.719854582 0.000000000 0.000000000 0.000000000
320.100000000 -0.416329997 -1.175278741 -10.212123092 -0.012103364 -0.693578944 0.024721204 0.719854582 0.000000000 0.000000000 0.000000000
320.200000000 -0.416329997 -1.175278741 -10.212123092 -0.012103364 -0.693578944 0.024721204 0.719854582 0.000000000 0.000000000 0.000000000
320.300000000 -0.416329997 -1.175278741 -10.212123092 -0.012103364 -0.693578944 0.024721204 0.719854582 0.000000000 0.000000000 0.000000000
320.400000000 -0.416329997 -1.175278741 -10.212123092 -0.012103364 -0.693578944 0.024721204 0.719854582 0.000000000 0.000000000 0.000000000
320.500000000 -0.416329997 -1.175278741 -10.212123092 -0.012103364 -0.693578944 0.024721204 0.719854582 -0.002413539 -0.006080966 0.004015304
320.600000000 -0.416329997 -1.175278741 -10.212123092 -0.012103364 -0.693578944 0.024721204 0.719854582 -0.015113797 -0.032793319 0.034427811
320.700000000 -0.416329997 -1.175278741 -10.212123092 -0.012103364 -0.693578944 0.024721204 0.719854582 -0.001970759 -0.043107385 0.125349868
320.800000000 -0.433399744 -1.192044501 -10.216758254 -0.018353251 -0.692924214 0.003659843 0.720767505 0.040049669 -0.056141230 0.275357751
320.900000000 -0.470388920 -1.189182711 -10.212819007 -0.023667930 -0.692993524 -0.013184510 0.720434572 0.049827799 -0.055317178 0.351218664
321.000000000 -0.527353820 -1.194034433 -10.188779155 -0.021810608 -0.693866034 -0.006501357 0.719744369 0.035953514 -0.022589428 0.384593192
321.100000000 -0.546136619 -1.195732334 -10.194300801 -0.015462701 -0.694578510 0.008034116 0.719205847 -0.035829665 0.033546806 0.270159592
321.200000000 -0.599208884 -1.190856909 -10.195719931 -0.012406834 -0.694835072 0.016496571 0.718872838 -0.080906834 0.067974268 0.116082776
321.300000000 -0.571176811 -1.172258089 -10.218648979 -0.013384611 -0.694581749 0.016192837 0.719106973 -0.116065378 0.047018243 -0.005506314
321.400000000 -0.571176811 -1.172258089 -10.218648979 -0.013384611 -0.694581749 0.016192837 0.719106973 -0.164032448 -0.008567560 -0.176217346
321.500000000 -0.573601176 -1.178368794 -10.235574280 -0.013091798 -0.694462646 0.016607479 0.719217929 -0.157102014 -0.044946513 -0.193221244
321.600000000 -0.511273224 -1.193070757 -10.269764879 -0.012928753 -0.694363087 0.017186746 0.719303389 -0.138545935 0.021812897 -0.154638246
321.700000000 -0.508071350 -1.185185594 -10.273634255 -0.012741433 -0.694274967 0.017226521 0.719390835 -0.013477358 0.144825455 -0.106406248
321.800000000 -0.539646397 -1.160717077 -10.293987345 -0.012766921 -0.693945021 0.017455096 0.719703157 0.039381024 0.274000026 -0.081741677
321.900000000 -0.503474270 -1.128880623 -10.253334882 -0.012690084 -0.693762055 0.017280182 0.719885108 0.049706523 0.392644916 -0.125767953
322.000000000 -0.478817994 -1.089902378 -10.266748272 -0.013307226 -0.693784072 0.017352901 0.719850996 0.050418899 0.486827399 -0.190464316
322.100000000 -0.469053090 -1.027691813 -10.264713950 -0.014224175 -0.693437586 0.016669690 0.720183386 -0.038255343 0.563091553 -0.153576386
322.200000000 -0.434682417 -0.968157249 -10.257564057 -0.014819577 -0.693079425 0.016131787 0.720528317 -0.032867538 0.585586696 -0.156161629
322.300000000 -0.454746402 -0.902603076 -10.295984995 -0.015886076 -0.692724218 0.015558816 0.720859704 0.030916495 0.596791604 -0.192104287
322.400000000 -0.408422662 -0.856241470 -10.290232914 -0.016058488 -0.692675378 0.014909136 0.720916544 0.102169081 0.627103134 -0.179270941
322.500000000 -0.371356428 -0.783095892 -10.246224340 -0.015184687 -0.692570210 0.014027737 0.721054195 0.067571191 0.680430959 -0.040930522
322.600000000 -0.340316423 -0.715873880 -10.229588281 -0.015322990 -0.692808392 0.013071506 0.720840394 -0.013337533 0.707586234 0.061478791
322.700000000 -0.447664194 -0.639135437 -10.296623970 -0.013710555 -0.692883909 0.012026505 0.720818474 -0.086678240 0.666647830 0.100230061
322.800000000 -0.419197703 -0.575455167 -10.283801246 -0.013496468 -0.693150506 0.011728796 0.720571063 -0.047740016 0.613071555 0.054256858
322.900000000 -0.417150207 -0.524853584 -10.291454867 -0.014698085 -0.693286249 0.010857856 0.720430601 0.031599944 0.597175002 -0.044072971
323.000000000 -0.416740863 -0.464058875 -10.282114274 -0.014775922 -0.693679151 0.010401131 0.720057445 0.006045515 0.601884775 0.011779140
323.100000000 -0.416839145 -0.392783669 -10.287645690 -0.015340285 -0.694238936 0.009591601 0.719517183 -0.003011584 0.582405493 0.048941412
323.200000000 -0.427460423 -0.337266983 -10.290621030 -0.017361984 -0.694518376 0.008802571 0.719211583 -0.004359045 0.544048081 0.101271080
323.300000000 -0.425212298 -0.289753274 -10.294410059 -0.022545308 -0.694870807 0.008118071 0.718735255 0.310040930 0.624844104 0.422709371
323.400000000 -0.456709243 -0.243125039 -10.291400431 -0.025650704 -0.695025404 0.006672188 0.718496494 0.535054947 0.644304822 0.582839767
323.500000000 -0.645816684 -0.087572188 -10.097095176 -0.026007540 -0.695366250 0.006483899 0.718155516 0.458955921 0.590028732 0.617187778
323.600000000 -0.613223371 -0.085675214 -10.101962810 -0.025659606 -0.695463332 0.006597663 0.718072984 0.159701400 0.486701446 0.522519424
323.700000000 -0.657029625 -0.053480094 -10.167669732 -0.025016509 -0.695532842 0.006987630 0.718024660 -0.244260312 0.396822169 0.241124708
323.800000000 -0.688094260 -0.025370781 -10.201989715 -0.024502520 -0.695619000 0.007186497 0.717956954 -0.479144529 0.481055061 -0.208798747
323.900000000 -0.696897628 0.050159353 -10.212901700 -0.023151086 -0.695688768 0.002568512 0.717965576 -0.604539588 0.547181676 -0.658463972
324.000000000 -0.431464390 0.073866824 -10.313920079 -0.016202031 -0.695076054 -0.001248191 0.718752541 -0.648553663 0.469990514 -0.796676436
324.100000000 -0.398547493 0.139584852 -10.436300134 -0.012242496 -0.695690790 -0.001333678 0.718235802 -0.524158273 0.252129172 -0.565772470
324.200000000 -0.407083525 0.157196257 -10.434135022 -0.034284189 -0.694788504 -0.014475808 0.718250638 -0.222409631 0.057222543 -0.062548036
324.300000000 -0.427082283 0.130417768 -10.429248622 -0.034537697 -0.693508653 -0.016428449 0.719432416 -0.023053474 -0.082111104 0.063866555
324.400000000 -0.437154692 0.117298081 -10.429564693 -0.036220099 -0.693475480 -0.017167720 0.719364395 0.018570274 -0.087245193 0.037250066
324.500000000 -0.437154692 0.117298081 -10.429564693 -0.036220099 -0.693475480 -0.017167720 0.719364395 -0.003025381 -0.027670811 0.009971311
324.600000000 -0.437154692 0.117298081 -10.429564693 -0.036220099 -0.693475480 -0.017167720 0.719364395 0.000000000 0.000000000 0.000000000
324.700000000 -0.437154692 0.117298081 -10.429564693 -0.036220099 -0.693475480 -0.017167720 0.719364395 0.000000000 0.000000000 0.000000000
324.800000000 -0.437154692 0.117298081 -10.429564693 -0.036220099 -0.693475480 -0.017167720 0.719364395 0.000000000 0.000000000 0.000000000
324.900000000 -0.437154692 0.117298081 -10.429564693 -0.036220099 -0.693475480 -0.017167720 0.719364395 0.000000000 0.000000000 0.000000000
325.000000000 -0.437154692 0.117298081 -10.429564693 -0.036220099 -0.693475480 -0.017167720 0.719364395 0.000000000 0.000000000 0.000000000
325.100000000 -0.437154692 0.117298081 -10.429564693 -0.036220099 -0.693475480 -0.017167720 0.719364395 0.000000000 0.000000000 0.000000000
325.200000000 -0.437154692 0.117298081 -10.429564693 -0.036220099 -0.693475480 -0.017167720 0.719364395 0.000000000 0.000000000 0.000000000
325.300000000 -0.437154692 0.117298081 -10.429564693 -0.036220099 -0.693475480 -0.017167720 0.719364395 0.000000000 0.000000000 0.000000000
325.400000000 -0.437154692 0.117298081 -10.429564693 -0.036220099 -0.693475480 -0.017167720 0.719364395 0.000000000 0.000000000 0.000000000
325.500000000 -0.437154692 0.117298081 -10.429564693 -0.036220099 -0.693475480 -0.017167720 0.719364395 0.000000000 0.000000000 0.000000000
325.600000000 -0.437154692 0.117298081 -10.429564693 -0.036220099 -0.693475480 -0.017167720 0.719364395 0.000000000 0.000000000 0.000000000
325.700000000 -0.437154692 0.117298081 -10.429564693 -0.036220099 -0.693475480 -0.017167720 0.719364395 0.000000000 0.000000000 0.000000000
325.800000000 -0.437154692 0.117298081 -10.429564693 -0.036220099 -0.693475480 -0.017167720 0.719364395 0.000000000 0.000000000 0.000000000
325.900000000 -0.437154692 0.117298081 -10.429564693 -0.036220099 -0.693475480 -0.017167720 0.719364395 0.000000000 0.000000000 0.000000000
