284.900000000 0.000000000 0.000000000 0.000000000 0.000000000 0.000000000 0.000000000 1.000000000 0.000000000 0.000000000 0.000000000
285.000000000 0.000000000 0.000000000 0.000000000 0.000000000 0.000000000 0.000000000 1.000000000 0.000000000 0.000000000 0.000000000
285.100000000 0.000000000 0.000000000 0.000000000 0.000000000 0.000000000 0.000000000 1.000000000 0.000000000 0.000000000 0.000000000
285.200000000 0.000000000 0.000000000 0.000000000 0.000000000 0.000000000 0.000000000 1.000000000 0.000000000 0.000000000 0.000000000
285.300000000 0.000000000 0.000000000 0.000000000 0.000000000 0.000000000 0.000000000 1.000000000 0.000000000 0.000000000 0.000000000
285.400000000 0.000000000 0.000000000 0.000000000 0.000000000 0.000000000 0.000000000 1.000000000 0.000000000 0.000000000 0.000000000
285.500000000 0.000000000 0.000000000 0.000000000 0.000000000 0.000000000 0.000000000 1.000000000 0.000000000 0.000000000 0.000000000
285.600000000 0.000000000 0.000000000 0.000000000 0.000000000 0.000000000 0.000000000 1.000000000 0.000000000 0.000000000 0.000000000
285.700000000 0.000000000 0.000000000 0.000000000 0.000000000 0.000000000 0.000000000 1.000000000 0.000000000 0.000000000 0.000000000
285.800000000 0.000000000 0.000000000 0.000000000 0.000000000 0.000000000 0.000000000 1.000000000 0.000000000 0.000000000 0.000000000
285.900000000 0.000000000 0.000000000 0.000000000 0.000000000 0.000000000 0.000000000 1.000000000 0.000000000 0.000000000 0.000000000
286.000000000 0.000000000 0.000000000 0.000000000 0.000000000 0.000000000 0.000000000 1.000000000 0.000000000 0.000000000 0.000000000
286.100000000 0.000000000 0.000000000 0.000000000 0.000000000 0.000000000 0.000000000 1.000000000 0.000000000 0.000000000 0.000000000
286.200000000 0.000000000 0.000000000 0.000000000 0.000000000 0.000000000 0.000000000 1.000000000 0.000000000 0.000000000 0.000000000
286.300000000 0.000000000 0.000000000 0.000000000 0.000000000 0.000000000 0.000000000 1.000000000 0.000000000 0.000000000 0.000000000
286.400000000 0.000000000 0.000000000 0.000000000 0.000000000 0.000000000 0.000000000 1.000000000 0.000000000 0.000000000 0.000000000
286.500000000 0.000000000 0.000000000 0.000000000 0.000000000 0.000000000 0.000000000 1.000000000 0.000000000 0.000000000 0.000000000
286.600000000 0.000000000 0.000000000 0.000000000 0.000000000 0.000000000 0.000000000 1.000000000 0.000000000 0.000000000 0.000000000
286.700000000 0.000000000 0.000000000 0.000000000 0.000000000 0.000000000 0.000000000 1.000000000 -0.055748912 0.015736281 -0.083954129
286.800000000 0.000000000 0.000000000 0.000000000 0.000000000 0.000000000 0.000000000 1.000000000 -0.108651176 0.018705523 -0.166609115
286.900000000 -0.059187393 0.012455796 -0.076019759 -0.000007067 -0.000043660 0.000675875 0.999999771 -0.108874905 -0.031223166 -0.164789391
287.000000000 -0.039379952 0.006930977 -0.062200071 -0.002283542 -0.001195772 0.017581980 0.999842102 -0.053579807 -0.131331050 -0.093901550
287.100000000 -0.033151823 -0.021346208 -0.048025188 -0.016236415 -0.002700454 0.044676269 0.998865916 0.051568835 -0.278884932 0.028633778
287.200000000 -0.020240120 -0.054712990 -0.040918745 -0.007538052 -0.000175356 0.032378189 0.999447247 0.140398651 -0.398349601 0.105708605
287.300000000 0.001555910 -0.099065661 -0.030564872 0.016389907 0.002718015 0.006713351 0.999839444 0.197627702 -0.442336514 0.154282786
287.400000000 0.024148650 -0.149042816 -0.010946864 0.036090349 0.004717385 -0.012486537 0.999259385 0.232631596 -0.441473591 0.167335008
287.500000000 0.042057315 -0.194254155 0.015032418 0.046081117 0.005892375 -0.023087180 0.998653490 0.210012867 -0.428210682 0.132971061
287.600000000 0.066634643 -0.236682194 0.010769568 0.048246754 0.006102624 -0.030324375 0.998356370 0.176292247 -0.403764158 0.145438222
287.700000000 0.084800377 -0.279233145 -0.003870929 0.047108834 0.004841746 -0.032607877 0.998345652 0.156889144 -0.376436525 0.091552846
287.800000000 0.088094802 -0.318885059 0.033870272 0.043069746 0.002510479 -0.028428496 0.998664366 0.139545717 -0.361136750 0.071354967
287.900000000 0.103630036 -0.347724522 0.015365514 0.041193734 0.000920802 -0.023971070 0.998863162 0.135166311 -0.357621684 0.030904491
288.000000000 0.113619090 -0.387911224 0.025566116 0.040401135 -0.000188539 -0.021847299 0.998944647 0.112013687 -0.380613889 -0.042692650
288.100000000 0.123612721 -0.427143643 0.014481226 0.039729903 -0.001265201 -0.016828608 0.999067932 0.082778227 -0.412334873 -0.046052666
288.200000000 0.125918729 -0.468444090 0.003205726 0.041860724 -0.001450931 -0.014840390 0.999012181 0.059424724 -0.417679048 -0.078473474
288.300000000 0.135424242 -0.512676632 -0.012269813 0.040870366 -0.001728547 -0.013330824 0.999074029 0.025939318 -0.403088929 -0.071122552
288.400000000 0.129959647 -0.549908831 -0.017926411 0.038090350 -0.002130747 -0.008609656 0.999234937 -0.020973312 -0.375553462 -0.033894204
288.500000000 0.128146358 -0.584297997 -0.025082944 0.037635416 -0.002149214 -0.005386708 0.999274707 -0.073691281 -0.361812251 -0.004435350
288.600000000 0.114864512 -0.618467676 -0.019180690 0.039023977 -0.001309996 -0.005115522 0.999224321 -0.077668621 -0.381425764 -0.036444156
288.700000000 0.103045740 -0.658081315 -0.027944267 0.039051016 -0.000821141 -0.005362246 0.999222493 -0.057407825 -0.416402422 -0.078197789
288.800000000 0.104589118 -0.701747119 -0.051337970 0.037740968 -0.001304965 -0.004854452 0.999274912 -0.044232456 -0.437184360 -0.090188005
288.900000000 0.102856966 -0.747989418 -0.065664654 0.036422718 -0.002398594 -0.002114447 0.999331357 -0.056799612 -0.425579689 -0.034267433
289.000000000 0.093812517 -0.789345465 -0.063234160 0.037023499 -0.002566011 -0.001439955 0.999310063 -0.087606675 -0.394773666 0.041010917
289.100000000 0.080379205 -0.825921195 -0.053751958 0.037679855 -0.002505577 -0.002167939 0.999284369 -0.082280896 -0.374945911 0.040250241
289.200000000 0.069301053 -0.860849800 -0.050845341 0.037473956 -0.002394110 -0.003347561 0.999289130 -0.021886593 -0.402747144 -0.089199539
289.300000000 0.070973321 -0.899312697 -0.061404759 0.037922376 -0.002048249 -0.004321192 0.999269246 0.053485353 -0.466150692 -0.246174141
289.400000000 0.086066345 -0.949399021 -0.117859644 0.037443804 -0.001661213 -0.004292707 0.999288134 0.079779592 -0.516053107 -0.290352879
289.500000000 0.099212033 -1.005258784 -0.161974469 0.037053804 -0.001615144 -0.004273639 0.999302828 0.028176511 -0.504112714 -0.159385989
289.600000000 0.095661066 -1.055891139 -0.167361124 0.036089625 -0.001935941 -0.003203648 0.999341547 -0.055459178 -0.435853763 0.047710942
289.700000000 0.079013361 -1.092740563 -0.137638503 0.035915617 -0.002031371 -0.000476826 0.999352648 -0.081259672 -0.380850011 0.118880430
289.800000000 0.064971612 -1.124008929 -0.119784943 0.036753756 -0.000978781 -0.001868583 0.999322126 -0.012015096 -0.401990994 -0.026104624
289.900000000 0.070571003 -1.163435493 -0.133663561 0.035788644 -0.000390716 -0.004233269 0.999350339 0.093790481 -0.491181084 -0.255533358
290.000000000 0.091940259 -1.218277008 -0.194471397 0.035114952 -0.000499731 -0.004605600 0.999372543 0.134889699 -0.551805902 -0.351743984
290.100000000 0.112771794 -1.281956276 -0.247393206 0.035076099 -0.000846638 -0.004585132 0.999373767 0.091892746 -0.523093055 -0.282761172
290.200000000 0.111548268 -1.330482017 -0.263013309 0.035193542 -0.000983165 -0.004570237 0.999369582 0.035621985 -0.403095587 -0.150585206
290.300000000 0.105467917 -1.361636681 -0.263393458 0.015164796 0.000201134 -0.007052601 0.999860115 0.002970703 -0.255939909 -0.053289867
290.400000000 0.109747877 -1.373544874 -0.271636952 0.008786002 0.000496813 -0.008689225 0.999923525 0.007433949 -0.160247857 -0.007643108
290.500000000 0.111987673 -1.386196838 -0.269282708 0.017915587 0.000442640 -0.008774480 0.999800902 0.006362847 -0.106800610 0.052445652
290.600000000 0.112443624 -1.397751481 -0.264980165 0.028860270 0.000352687 -0.006810995 0.999560189 0.006375614 -0.070209544 0.138438080
290.700000000 0.108210254 -1.403928399 -0.243616273 0.039042031 0.000286111 -0.005457316 0.999222626 0.038618909 -0.021047221 0.189848483
290.800000000 0.105344349 -1.411864099 -0.237658100 0.044549962 0.000832679 -0.006729057 0.998984148 0.040808872 0.017814169 0.213674859
290.900000000 0.129120128 -1.400423377 -0.200492661 0.044820872 0.000877078 -0.007018423 0.998970000 0.033008440 0.029448259 0.169972838
291.000000000 0.121512963 -1.400258691 -0.180442418 0.044585507 0.000802533 -0.006825497 0.998981932 0.006167800 0.019838127 0.096268749
291.100000000 0.121512963 -1.400258691 -0.180442418 0.044585507 0.000802533 -0.006825497 0.998981932 -0.013256892 0.003197009 0.034555187
291.200000000 0.121512963 -1.400258691 -0.180442418 0.044585507 0.000802533 -0.006825497 0.998981932 0.000000000 0.000000000 0.000000000
291.300000000 0.121512963 -1.400258691 -0.180442418 0.044585507 0.000802533 -0.006825497 0.998981932 -0.166172612 0.003701610 0.108041395
291.400000000 0.121512963 -1.400258691 -0.180442418 0.044585507 0.000802533 -0.006825497 0.998981932 -0.351790761 0.007973373 0.218458897
291.500000000 -0.010929198 -1.402678308 -0.098858812 0.044179753 0.000704413 -0.005810618 0.999006451 -0.403317651 0.009790941 0.246685734
291.600000000 -0.010929198 -1.402678308 -0.098858812 0.044179753 0.000704413 -0.005810618 0.999006451 -0.321404405 0.007802423 0.192942283
291.700000000 -0.010929198 -1.402678308 -0.098858812 0.044179753 0.000704413 -0.005810618 0.999006451 -0.089718423 0.000123419 -0.000838288
291.800000000 -0.010929198 -1.402678308 -0.098858812 0.044179753 0.000704413 -0.005810618 0.999006451 0.033577986 -0.004981971 -0.119489559
291.900000000 0.001566973 -1.400733944 -0.143564011 0.044015260 0.000781471 -0.006013077 0.999012457 0.038192256 -0.005603034 -0.135833395
292.000000000 0.001566973 -1.400733944 -0.143564011 0.044015260 0.000781471 -0.006013077 0.999012457 0.030140265 -0.004421758 -0.107195933
292.100000000 0.001566973 -1.400733944 -0.143564011 0.044015260 0.000781471 -0.006013077 0.999012457 0.047396475 0.021743063 0.060233931
292.200000000 0.001566973 -1.400733944 -0.143564011 0.044015260 0.000781471 -0.006013077 0.999012457 0.137700454 0.083750689 0.339092268
292.300000000 0.001566973 -1.400733944 -0.143564011 0.044015260 0.000781471 -0.006013077 0.999012457 0.178243982 0.108409637 0.438932148
292.400000000 0.060901252 -1.378566177 0.003587145 0.043777182 0.000697560 -0.005813149 0.999024163 0.159479168 0.096684594 0.392500072
292.500000000 0.060901252 -1.378566177 0.003587145 0.043777182 0.000697560 -0.005813149 0.999024163 0.078208806 0.048943352 0.209767108
292.600000000 0.060901252 -1.378566177 0.003587145 0.043777182 0.000697560 -0.005813149 0.999024163 0.001575825 -0.001323445 0.049376713
292.700000000 0.060901252 -1.378566177 0.003587145 0.043777182 0.000697560 -0.005813149 0.999024163 0.007590908 -0.001678269 0.068437488
292.800000000 0.063993881 -1.381156494 0.026394549 0.043088625 0.000414569 -0.005028552 0.999058513 0.010535750 -0.001585314 0.064382392
292.900000000 0.063993881 -1.381156494 0.026394549 0.043088625 0.000414569 -0.005028552 0.999058513 0.010338839 -0.000796340 0.037235539
293.000000000 0.063993881 -1.381156494 0.026394549 0.043088625 0.000414569 -0.005028552 0.999058513 0.002820288 -0.000002153 0.001495460
293.100000000 0.063993881 -1.381156494 0.026394549 0.043088625 0.000414569 -0.005028552 0.999058513 0.000000000 -0.000000000 0.000000000
293.200000000 0.063993881 -1.381156494 0.026394549 0.043088625 0.000414569 -0.005028552 0.999058513 0.000000000 -0.000000000 0.000000000
293.300000000 0.063993881 -1.381156494 0.026394549 0.043088625 0.000414569 -0.005028552 0.999058513 0.001375271 0.013471999 0.048034771
293.400000000 0.063993881 -1.381156494 0.026394549 0.043088625 0.000414569 -0.005028552 0.999058513 0.003772856 0.036958482 0.131776449
293.500000000 0.063993881 -1.381156494 0.026394549 0.043088625 0.000414569 -0.005028552 0.999058513 0.004638743 0.045440610 0.162019701
293.600000000 0.065686787 -1.370897696 0.080627192 0.043446272 0.000473607 -0.005084799 0.999042713 0.003945371 0.038951080 0.138498753
293.700000000 0.065686787 -1.370897696 0.080627192 0.043446272 0.000473607 -0.005084799 0.999042713 0.016334997 0.022185883 0.074110746
293.800000000 0.065686787 -1.370897696 0.080627192 0.043446272 0.000473607 -0.005084799 0.999042713 -0.000876388 -0.022543375 -0.093355897
293.900000000 0.065686787 -1.370897696 0.080627192 0.043446272 0.000473607 -0.005084799 0.999042713 0.010343378 -0.041335412 -0.209372393
294.000000000 0.049936816 -1.384055361 0.004840408 0.043817683 0.000687449 -0.005526500 0.999024022 0.019541495 -0.044627944 -0.246625342
294.100000000 0.075601275 -1.377636708 -0.000166288 0.043759242 0.000661110 -0.005393861 0.999027326 0.018397820 -0.033990137 -0.203507794
294.200000000 0.075601275 -1.377636708 -0.000166288 0.043759242 0.000661110 -0.005393861 0.999027326 0.029711369 -0.001922520 -0.059994273
294.300000000 0.075601275 -1.377636708 -0.000166288 0.043759242 0.000661110 -0.005393861 0.999027326 0.002659156 0.000647473 -0.000574036
294.400000000 0.075601275 -1.377636708 -0.000166288 0.043759242 0.000661110 -0.005393861 0.999027326 0.000000000 0.000000000 -0.000000000
294.500000000 0.075601275 -1.377636708 -0.000166288 0.043759242 0.000661110 -0.005393861 0.999027326 -0.070713294 -0.025628644 0.037077759
294.600000000 0.075601275 -1.377636708 -0.000166288 0.043759242 0.000661110 -0.005393861 0.999027326 -0.105954507 -0.038288690 0.057170005
294.700000000 0.039410250 -1.391938201 0.018309647 0.043344208 0.000593517 -0.004622349 0.999049329 -0.104943935 -0.037725774 0.057484262
294.800000000 0.039410250 -1.391938201 0.018309647 0.043344208 0.000593517 -0.004622349 0.999049329 -0.067391533 -0.024152374 0.037988815
294.900000000 0.039410250 -1.391938201 0.018309647 0.043344208 0.000593517 -0.004622349 0.999049329 -0.000196932 -0.000016680 0.000894835
295.000000000 0.039410250 -1.391938201 0.018309647 0.043344208 0.000593517 -0.004622349 0.999049329 0.000000000 0.000000000 -0.000000000
295.100000000 0.039410250 -1.391938201 0.018309647 0.043344208 0.000593517 -0.004622349 0.999049329 0.000000000 0.000000000 -0.000000000
295.200000000 0.039410250 -1.391938201 0.018309647 0.043344208 0.000593517 -0.004622349 0.999049329 0.000000000 0.000000000 -0.000000000
295.300000000 0.039410250 -1.391938201 0.018309647 0.043344208 0.000593517 -0.004622349 0.999049329 0.000000000 0.000000000 -0.000000000
295.400000000 0.039410250 -1.391938201 0.018309647 0.043344208 0.000593517 -0.004622349 0.999049329 0.000000000 0.000000000 -0.000000000
295.500000000 0.039410250 -1.391938201 0.018309647 0.043344208 0.000593517 -0.004622349 0.999049329 0.000000000 0.000000000 -0.000000000
295.600000000 0.039410250 -1.391938201 0.018309647 0.043344208 0.000593517 -0.004622349 0.999049329 0.002659891 -0.000818189 -0.002468522
295.700000000 0.039410250 -1.391938201 0.018309647 0.043344208 0.000593517 -0.004622349 0.999049329 0.020092732 -0.006180573 -0.018647136
295.800000000 0.039410250 -1.391938201 0.018309647 0.043344208 0.000593517 -0.004622349 0.999049329 0.028071040 -0.008634720 -0.026051435
295.900000000 0.048765591 -1.394146946 0.009363496 0.043531949 0.000602327 -0.004969433 0.999039494 0.026603548 -0.008172475 -0.024681710
296.000000000 0.048765591 -1.394146946 0.009363496 0.043531949 0.000602327 -0.004969433 0.999039494 0.016684212 0.001362781 -0.019644341
296.100000000 0.048765591 -1.394146946 0.009363496 0.043531949 0.000602327 -0.004969433 0.999039494 0.008891027 0.020087043 -0.024177749
296.200000000 0.049293827 -1.390278510 0.007344413 0.047658777 0.000801220 -0.004956582 0.998851056 0.012772162 0.070103334 -0.022721174
296.300000000 0.053117648 -1.384817796 -0.001621337 0.080429975 0.004986218 0.000247034 0.996747759 0.020560343 0.096879175 -0.047797813
296.400000000 0.052754604 -1.361987026 0.007904370 0.078616476 0.009976621 0.002307808 0.996852342 0.026073428 0.099797445 -0.087398786
296.500000000 0.058377461 -1.352401408 -0.008198511 0.064007637 0.015413041 -0.008414436 0.997794898 0.016439740 0.075022221 -0.139249248
296.600000000 0.059905502 -1.347251108 -0.025909718 0.051018333 0.019128169 -0.024362087 0.998217277 -0.012186943 0.032292593 -0.194374477
296.700000000 0.057225728 -1.345299889 -0.048918924 0.045962783 0.022165771 -0.043864983 0.997733414 -0.084570361 0.023112680 -0.185630167
296.800000000 0.044880144 -1.342017210 -0.069885867 0.042795310 0.024689085 -0.061990561 0.996853139 -0.181495842 0.012263070 -0.168874456
296.900000000 0.017387239 -1.334734530 -0.069776319 0.040719120 0.027609902 -0.079272101 0.995638278 -0.298486082 0.004994388 -0.153877886
297.000000000 -0.016461947 -1.328632250 -0.089736652 0.039849444 0.030680249 -0.094605159 0.994243737 -0.445692532 -0.015530129 -0.137775599
297.100000000 -0.063401665 -1.321873630 -0.109061994 0.040474190 0.033667839 -0.110762412 0.992451513 -0.601542213 -0.052062213 -0.144845453
297.200000000 -0.141855518 -1.308936629 -0.097645417 0.041180817 0.035694469 -0.122453578 0.990976875 -0.778794625 -0.098422920 -0.144423457
297.300000000 -0.221874652 -1.298058243 -0.117103679 0.042702258 0.038427665 -0.136654663 0.988951634 -0.963845543 -0.164350813 -0.184266438
297.400000000 -0.331120810 -1.286031433 -0.120693511 0.042016254 0.040757206 -0.148303800 0.987207915 -1.153262147 -0.235534482 -0.217025737
297.500000000 -0.458227620 -1.273220997 -0.147679746 0.042511871 0.043000762 -0.158203695 0.985553279 -1.368758959 -0.321464867 -0.234322387
297.600000000 -0.612395486 -1.257940148 -0.154488313 0.041035571 0.044571961 -0.163777599 0.984635120 -1.601936151 -0.411977112 -0.252779572
297.700000000 -0.786348252 -1.242675813 -0.166345010 0.040074481 0.046632318 -0.168548384 0.983773808 -1.866124285 -0.523203898 -0.243876937
297.800000000 -0.991600550 -1.227355758 -0.182905687 0.036384774 0.048761816 -0.172251266 0.983172383 -2.118820535 -0.643131050 -0.277280211
297.900000000 -1.239312194 -1.215811892 -0.177679433 0.034988250 0.050510712 -0.171453847 0.983274157 -2.362463812 -0.733988733 -0.287883648
298.000000000 -1.498432766 -1.206036522 -0.188872323 0.036046037 0.052003226 -0.171564287 0.983138873 -2.575931426 -0.814200444 -0.289721754
298.100000000 -1.778189868 -1.192206363 -0.191571138 0.038751547 0.053369871 -0.173227563 0.982670945 -2.772920312 -0.888142599 -0.277612722
298.200000000 -2.081904025 -1.179966537 -0.185471700 0.041159069 0.053496512 -0.172723874 0.982654831 -2.989203089 -0.943900381 -0.202296788
298.300000000 -2.409606695 -1.165549832 -0.176649239 0.043258629 0.053057418 -0.167248859 0.983535165 -3.206262766 -0.966641498 -0.157115481
298.400000000 -2.751005779 -1.149416627 -0.151203673 0.046208313 0.052885418 -0.165335495 0.983733754 -3.414452503 -1.008001354 -0.151318271
298.500000000 -3.117171837 -1.133064193 -0.129002083 0.046632881 0.051595009 -0.161100311 0.984484647 -3.616671045 -1.035896151 -0.173326638
298.600000000 -3.501361403 -1.116235712 -0.115227600 0.048017237 0.050427696 -0.157558872 0.985051569 -3.794306355 -1.076084485 -0.232035844
298.700000000 -3.907069492 -1.097024334 -0.098997535 0.047635058 0.049426279 -0.154784719 0.985560569 -3.946662043 -1.106341982 -0.229163721
298.800000000 -4.325374642 -1.084438201 -0.101327113 0.048103741 0.047712091 -0.144991498 0.987110456 -4.069103096 -1.056899174 -0.165902948
298.900000000 -4.759270668 -1.067093618 -0.077829969 0.048573712 0.046625041 -0.135527655 0.988483159 -4.176373362 -0.988509086 -0.114827849
299.000000000 -5.181471217 -1.052815340 -0.038453115 0.048266643 0.046354836 -0.127576581 0.989568480 -4.285332586 -0.934220033 -0.112584541
299.100000000 -5.624990279 -1.030551638 -0.011350454 0.048074651 0.047142314 -0.123758817 0.990025346 -4.367032605 -0.925434752 -0.197486628
299.200000000 -6.076931625 -1.017415397 -0.021975635 0.047512040 0.045254520 -0.114218557 0.991286415 -4.438345676 -0.861875221 -0.278783438
299.300000000 -6.536233663 -0.995421789 0.005561560 0.050319512 0.043367745 -0.105854159 0.992160311 -4.459285436 -0.807749937 -0.319690742
299.400000000 -6.989275911 -0.978503486 0.005849469 0.051848640 0.040767650 -0.098247679 0.992973872 -4.461187141 -0.750045314 -0.296394480
299.500000000 -7.443070630 -0.965671348 0.006665602 0.053726977 0.035853460 -0.084347607 0.994340697 -4.477627567 -0.631182074 -0.244160452
299.600000000 -7.892725977 -0.953849515 0.017002419 0.052550653 0.033369249 -0.068388329 0.995714798 -4.466557679 -0.481783716 -0.210137324
299.700000000 -8.346936915 -0.938442531 0.020170957 0.052424241 0.031307943 -0.055922188 0.996566215 -4.418106338 -0.354810454 -0.201501465
299.800000000 -8.786998251 -0.922076559 0.028587255 0.052491072 0.027947949 -0.045762813 0.997180708 -4.336773104 -0.242236497 -0.207837035
299.900000000 -9.212197857 -0.910026042 0.030777332 0.052014287 0.021498011 -0.032060551 0.997900030 -4.227478788 -0.094276434 -0.127685206
300.000000000 -9.635611618 -0.886811502 0.029477976 0.051014199 0.018453029 -0.017559257 0.998373031 -4.102359381 0.060570092 -0.039838585
300.100000000 -10.036995998 -0.865394418 0.060951169 0.051183112 0.015565198 -0.003690998 0.998561160 -3.959422537 0.212218684 0.046654147
300.200000000 -10.419770744 -0.842925220 0.083517259 0.052220258 0.013909896 0.008704004 0.998500776 -3.784626613 0.342955666 0.079106076
300.300000000 -10.798572678 -0.813524434 0.100968262 0.054098758 0.012122128 0.021296127 0.998234869 -3.592094354 0.452434931 -0.001955958
300.400000000 -11.149177189 -0.782212208 0.118276261 0.054304347 0.010377497 0.030029223 0.998018833 -3.366496447 0.510438495 -0.086035467
300.500000000 -11.476972586 -0.750075581 0.089951583 0.053363786 0.007891742 0.041464954 0.997682657 -3.127239240 0.557879328 -0.110565758
300.600000000 -11.779825811 -0.719040449 0.098091467 0.054845345 0.007502222 0.048208048 0.997302205 -2.918232226 0.557621041 -0.110307933
300.700000000 -12.065255679 -0.693377333 0.102679700 0.054663036 0.006225300 0.054771764 0.996982072 -2.710317668 0.549915311 -0.053443908
300.800000000 -12.334080650 -0.670605081 0.104499653 0.054722179 0.004798912 0.063732917 0.996453997 -2.504375198 0.549806456 -0.018359233
300.900000000 -12.578833420 -0.649253429 0.111991536 0.052740301 0.004638276 0.069758967 0.996157936 -2.280145682 0.542485271 0.005879528
301.000000000 -12.800713703 -0.627757589 0.121648928 0.049447025 0.004519802 0.077698205 0.995739701 -2.041416089 0.540651185 0.010346240
301.100000000 -12.997410730 -0.604171921 0.127696547 0.050604932 0.006108838 0.080537266 0.995447423 -1.817708527 0.499686804 -0.017253377
301.200000000 -13.173514298 -0.585417023 0.128451688 0.050864187 0.007195621 0.083506680 0.995182241 -1.592244034 0.427872129 -0.046439448
301.300000000 -13.328525234 -0.571074653 0.126462001 0.052237535 0.008750417 0.085865210 0.994897902 -1.366857311 0.310764118 -0.086591277
301.400000000 -13.455251896 -0.565393695 0.123002693 0.051200120 0.009770543 0.087089751 0.994835896 -1.070566914 0.193741111 -0.203569016
301.500000000 -13.558563468 -0.572750474 0.108066135 0.053267893 0.011787146 0.086404564 0.994765222 -0.807882005 0.132545779 -0.323246272
301.600000000 -13.598896907 -0.568892525 0.041934033 0.053125295 0.014579240 0.083457558 0.994987429 -0.614658301 0.117408005 -0.367715504
301.700000000 -13.666949843 -0.556670078 0.013796997 0.051272603 0.018451919 0.075949053 0.995621609 -0.472339153 0.133782934 -0.212189553
301.800000000 -13.711791440 -0.548050508 -0.014267826 0.048298575 0.021336210 0.069475567 0.996185304 -0.484049148 0.147769868 0.069985234
301.900000000 -13.734038266 -0.541049609 0.001589213 0.045469714 0.022796480 0.063871309 0.996661067 -0.376783954 0.083876771 0.244816635
302.000000000 -13.824469303 -0.532063140 0.075970797 0.045983148 0.024263544 0.059072469 0.996898828 -0.209924758 0.006371673 0.214742414
302.100000000 -13.810375206 -0.556338214 0.095007335 0.046689593 0.026191524 0.049962210 0.997315328 -0.017497691 -0.060456428 0.071774811
302.200000000 -13.778968743 -0.569874134 0.102180642 0.048277803 0.029490255 0.037672878 0.997687493 0.191087070 -0.111555154 -0.019909245
302.300000000 -13.759627783 -0.570632497 0.077975392 0.048490642 0.032862255 0.023861430 0.997997676 0.285537324 -0.123558759 0.059345560
302.400000000 -13.734331220 -0.583085150 0.074745689 0.049276707 0.036232982 0.011734137 0.998058759 0.394404282 -0.179921544 0.271083955
302.500000000 -13.723762419 -0.590254268 0.066917600 0.049380779 0.037985607 0.003091568 0.998052641 0.462259481 -0.463354549 0.507977608
302.600000000 -13.622017889 -0.630361781 0.160276910 0.049246413 0.038479825 0.001793735 0.998043524 0.417235558 -0.899432506 0.675592760
302.700000000 -13.589953977 -0.793131266 0.223895804 0.050743253 0.039211126 -0.000159431 0.997941674 0.270634916 -0.995671865 0.605278719
302.800000000 -13.560024262 -0.971540894 0.286946754 0.051350344 0.039526457 -0.001618500 0.997896879 0.181374802 -0.795487644 0.571227532
302.900000000 -13.560024262 -0.971540894 0.286946754 0.051350344 0.039526457 -0.001618500 0.997896879 0.227635216 -0.391401922 0.668189415
303.000000000 -13.554360211 -0.974235760 0.294246689 0.052055679 0.039691427 -0.001690504 0.997853666 0.261193013 -0.082858824 0.665098660
303.100000000 -13.457609927 -1.021517636 0.493901692 0.052675626 0.039827867 -0.002299391 0.997814478 0.146769156 -0.086833326 0.422600853
303.200000000 -13.457609927 -1.021517636 0.493901692 0.052675626 0.039827867 -0.002299391 0.997814478 0.038580688 -0.056995882 -0.009919099
303.300000000 -13.526895751 -1.019508785 0.381025321 0.053054742 0.039771885 -0.002428956 0.997796318 0.091830719 -0.006555887 -0.196271900
303.400000000 -13.478196628 -1.015178795 0.365898019 0.053336256 0.039708858 -0.002386187 0.997783923 0.195321724 0.006668992 -0.069835429
303.500000000 -13.409970672 -1.016512292 0.442651030 0.053593856 0.039778576 -0.002425699 0.997767247 0.246690398 0.020125057 0.104726444
303.600000000 -13.409970672 -1.016512292 0.442651030 0.053593856 0.039778576 -0.002425699 0.997767247 0.131256350 0.013238517 0.102363946
303.700000000 -13.409970672 -1.016512292 0.442651030 0.053593856 0.039778576 -0.002425699 0.997767247 -0.000000000 0.000000000 -0.000000000
303.800000000 -13.409970672 -1.016512292 0.442651030 0.053593856 0.039778576 -0.002425699 0.997767247 -0.109285064 0.109804507 -0.043639049
303.900000000 -13.409970672 -1.016512292 0.442651030 0.053593856 0.039778576 -0.002425699 0.997767247 -0.226017317 0.185951915 -0.241574127
304.000000000 -13.444012902 -0.970856224 0.465613330 0.054927541 0.039339135 -0.002550657 0.997711828 -0.257099898 0.194459001 -0.333459142
304.100000000 -13.502854507 -0.939238806 0.351818867 0.055124009 0.039243026 -0.002688502 0.997704415 -0.201606305 0.136731673 -0.318136111
304.200000000 -13.502854507 -0.939238806 0.351818867 0.055124009 0.039243026 -0.002688502 0.997704415 -0.063801201 0.022109560 -0.177011943
304.300000000 -13.502854507 -0.939238806 0.351818867 0.055124009 0.039243026 -0.002688502 0.997704415 0.015607552 0.002256168 0.027075059
304.400000000 -13.502854507 -0.939238806 0.351818867 0.055124009 0.039243026 -0.002688502 0.997704415 0.055514457 0.006641021 0.116687397
304.500000000 -13.492554615 -0.938849488 0.365649291 0.054008880 0.038383876 0.003661114 0.997795728 0.115859007 0.007001175 0.211389866
304.600000000 -13.481412438 -0.940261833 0.393396942 0.051941818 0.037455270 0.016274178 0.997814763 0.209337079 -0.005299073 0.287314541
304.700000000 -13.454215357 -0.944085805 0.426084698 0.049595597 0.036514150 0.030906172 0.997623076 0.303435716 -0.033266034 0.250388806
304.800000000 -13.402271219 -0.951130235 0.468937383 0.049628722 0.036207809 0.044493045 0.997119027 0.374611191 -0.053376409 0.134744029
304.900000000 -13.363170736 -0.954361016 0.439217214 0.049103891 0.035542718 0.058828720 0.996425966 0.468050395 -0.078451570 0.002882698
305.000000000 -13.324407821 -0.952230371 0.445712267 0.049560825 0.034618549 0.076113261 0.995264815 0.580861442 -0.087439376 -0.085495366
305.100000000 -13.257728943 -0.955024437 0.416085434 0.049143250 0.033251881 0.089409163 0.994225958 0.717290340 -0.096436001 -0.087370045
305.200000000 -13.175726325 -0.943654505 0.405876217 0.047324546 0.030533202 0.103825650 0.992999670 0.889645454 -0.115626287 -0.058696973
305.300000000 -13.084352753 -0.936918582 0.394681197 0.047762480 0.028306308 0.115275448 0.991780757 1.060012018 -0.138702695 0.014366928
305.400000000 -12.967069422 -0.922259172 0.391581264 0.048076976 0.026257250 0.127243297 0.990357665 1.242675302 -0.202188371 0.054575897
305.500000000 -12.831123183 -0.910816084 0.399049071 0.047881458 0.024950321 0.135637192 0.989286308 1.439878000 -0.298551562 0.053872235
305.600000000 -12.673957510 -0.898374273 0.401414707 0.044871540 0.022939536 0.144543722 0.988214266 1.623777133 -0.420211846 0.021762016
305.700000000 -12.496991197 -0.898946054 0.382898620 0.044282078 0.021668866 0.150119058 0.987438011 1.824732420 -0.532718558 -0.026222478
305.800000000 -12.296472131 -0.895635592 0.364493608 0.047145745 0.021332304 0.150633514 0.987234398 2.049502351 -0.626976692 -0.059838651
305.900000000 -12.070940332 -0.892219003 0.351353347 0.051026390 0.021539414 0.150733648 0.987021645 2.281991554 -0.701754516 -0.070589732
306.000000000 -11.819533569 -0.891633345 0.323292774 0.051421660 0.020460358 0.154934437 0.986373411 2.487402182 -0.809652007 -0.109489004
306.100000000 -11.544473362 -0.888045618 0.297235325 0.051941469 0.020531378 0.154791495 0.986367142 2.668137086 -0.874791988 -0.098722763
306.200000000 -11.256559689 -0.892255031 0.262085464 0.048793901 0.019821951 0.152341911 0.986923598 2.841290881 -0.915763718 -0.066414199
306.300000000 -10.955179179 -0.890230211 0.252834959 0.049077700 0.019265784 0.149524589 0.987351308 3.038854742 -0.978254428 -0.061387215
306.400000000 -10.624416470 -0.891641764 0.228414129 0.049449920 0.017227430 0.148885465 0.987466981 3.243345816 -1.051133742 -0.158142004
306.500000000 -10.266891904 -0.899123227 0.197238580 0.050665139 0.017435282 0.143087611 0.988258564 3.458760574 -1.104033004 -0.258267715
306.600000000 -9.903291183 -0.899432400 0.122084638 0.051678409 0.016195591 0.140240207 0.988635286 3.656878859 -1.158132792 -0.264205380
306.700000000 -9.508146545 -0.909160365 0.083917240 0.049097700 0.016321249 0.135165979 0.989471167 3.827602143 -1.167630193 -0.212588828
306.800000000 -9.096454674 -0.917690590 0.062215237 0.044933608 0.014566693 0.128710864 0.990556559 3.947312104 -1.138047650 -0.196861995
306.900000000 -8.675466013 -0.927754942 0.028368821 0.046528941 0.015861363 0.118538869 0.991731824 4.051757393 -1.079053076 -0.208472897
307.000000000 -8.268896301 -0.924247229 -0.033024215 0.047858610 0.014999154 0.107338325 0.992956728 4.151388662 -1.037064258 -0.232371280
307.100000000 -7.834306497 -0.938000258 -0.065218837 0.041144396 0.016119843 0.098458889 0.994159513 4.270457546 -1.017708572 -0.157949737
307.200000000 -7.391255104 -0.959582202 -0.108661542 0.034656747 0.017387027 0.089595108 0.995223250 4.415130529 -1.006594507 -0.066204697
307.300000000 -6.927967549 -0.978163634 -0.114873246 0.030647652 0.019770023 0.080317490 0.996101887 4.497337896 -0.937307355 0.007543582
307.400000000 -6.460315970 -1.003286771 -0.152039883 0.028837991 0.019030129 0.074557383 0.996617992 4.541499204 -0.877480334 0.058279327
307.500000000 -6.004352502 -1.017833985 -0.148077254 0.031874814 0.021638087 0.062076715 0.997327564 4.557901995 -0.754949870 0.110698204
307.600000000 -5.531585718 -1.036411326 -0.145591094 0.035084099 0.023310577 0.050476812 0.997836567 4.514930734 -0.640500318 0.116474271
307.700000000 -5.083118325 -1.052489690 -0.166867758 0.038612960 0.024631291 0.043787044 0.997990498 4.460373692 -0.587852145 0.091292972
307.800000000 -4.645991383 -1.072062201 -0.196872230 0.037554563 0.026663368 0.033395128 0.998380431 4.378305291 -0.502454319 0.071278158
307.900000000 -4.205796509 -1.094025728 -0.218566441 0.036085071 0.028159798 0.023497936 0.998675493 4.298368492 -0.415483083 0.100449298
308.000000000 -3.777497378 -1.116665429 -0.225657736 0.036857234 0.030996165 0.005892595 0.998822336 4.203116095 -0.257689247 0.163506846
308.100000000 -3.361460764 -1.135653499 -0.229376778 0.036376515 0.034233827 -0.014855877 0.998641125 4.061572807 -0.080215424 0.182281502
308.200000000 -2.976257479 -1.156180557 -0.260818720 0.035881455 0.036651993 -0.031669149 0.998181455 3.882747449 0.053377617 0.147401219
308.300000000 -2.582197328 -1.175427332 -0.256703418 0.036815386 0.038197599 -0.045698535 0.997545595 3.687618472 0.161306722 0.108030811
308.400000000 -2.228625310 -1.193550534 -0.285510947 0.038575725 0.038682158 -0.052567057 0.997122013 3.502676617 0.212918426 0.081416775
308.500000000 -1.883140117 -1.205544317 -0.296054168 0.042089803 0.039115793 -0.060412257 0.996518320 3.309864644 0.274922534 0.089725176
308.600000000 -1.560372934 -1.218215641 -0.314435039 0.041983100 0.039332318 -0.067451866 0.996062565 3.104295884 0.323766799 0.116141317
308.700000000 -1.258257999 -1.224917018 -0.320964137 0.042215671 0.039966281 -0.076699833 0.995358061 2.869970756 0.362778566 0.117779822
308.800000000 -0.974012560 -1.232653926 -0.320831431 0.041554712 0.039963561 -0.085765473 0.994645868 2.605114042 0.401043847 0.153096487
308.900000000 -0.728644919 -1.239835645 -0.344286343 0.040731340 0.039431955 -0.090294206 0.994300274 2.336994981 0.390402214 0.152593492
309.000000000 -0.505921462 -1.238314040 -0.325128735 0.038924248 0.038959624 -0.094557357 0.993994948 2.076773961 0.369225778 0.125023466
309.100000000 -0.306695542 -1.244085895 -0.334672426 0.038303524 0.038845935 -0.098431343 0.993647374 1.841821983 0.338469998 0.062855399
309.200000000 -0.134573029 -1.246064300 -0.342086177 0.039830474 0.038775084 -0.104360097 0.992984892 1.634644923 0.307828858 0.010705933
309.300000000 0.021426146 -1.249353198 -0.366753959 0.040212632 0.038328754 -0.106384750 0.992771945 1.418644274 0.271061756 0.005057698
309.400000000 0.159489311 -1.253089610 -0.366809232 0.040858548 0.038177391 -0.109471933 0.992415720 1.180417124 0.233416658 0.046778203
309.500000000 0.265824170 -1.256295493 -0.372125277 0.039676382 0.037332538 -0.107835691 0.992674937 0.930197106 0.189497261 0.109134058
309.600000000 0.344505202 -1.258598981 -0.357109430 0.040566332 0.036830867 -0.107390025 0.992706020 0.724801945 0.147420475 0.084409230
309.700000000 0.404778057 -1.257150875 -0.344258782 0.041091937 0.035588572 -0.104410069 0.993047554 0.548986969 0.095106945 0.066088986
309.800000000 0.462054802 -1.259985627 -0.364675818 0.043019515 0.034504405 -0.099928571 0.993465172 0.388972121 0.033770222 0.042384001
309.900000000 0.485503736 -1.268625223 -0.348035971 0.041866378 0.033482442 -0.091142657 0.994393860 0.225906987 -0.027207939 0.049901422
310.000000000 0.500367167 -1.277433423 -0.346279980 0.043744165 0.032445451 -0.082201977 0.995126412 0.058896180 -0.064379335 0.081015686
310.100000000 0.495028404 -1.284846279 -0.337087005 0.046388809 0.030801784 -0.070947585 0.995924580 -0.066312863 -0.076047602 0.058518106
310.200000000 0.482122735 -1.292580205 -0.335044762 0.049308228 0.029498015 -0.059527328 0.996571655 -0.175433728 -0.080328830 0.038030943
310.300000000 0.457607732 -1.296137942 -0.336314639 0.049214543 0.027394643 -0.044447648 0.997422613 -0.257590439 -0.080071956 0.028606143
310.400000000 0.427007730 -1.301960944 -0.326373015 0.048110531 0.025778498 -0.031204717 0.998021599 -0.315525014 -0.076339144 0.039349525
310.500000000 0.391135470 -1.308577618 -0.313703095 0.047353437 0.024418728 -0.020055732 0.998378258 -0.332669762 -0.085700805 0.009921790
310.600000000 0.354945294 -1.315448954 -0.316845197 0.047346366 0.023239339 -0.013666573 0.998514637 -0.319414684 -0.105557065 -0.040563140
310.700000000 0.325425878 -1.325964454 -0.330170819 0.048282187 0.022098101 -0.007814147 0.998558683 -0.292682695 -0.128084672 -0.098937118
310.800000000 0.294792750 -1.340031236 -0.338204906 0.048739456 0.021423717 -0.006217852 0.998562381 -0.287310649 -0.089974879 -0.064522841
310.900000000 0.273305792 -1.355158193 -0.362391569 0.047928543 0.020180796 -0.002353755 0.998644106 -0.317450120 0.047003525 0.098422502
311.000000000 0.230495742 -1.349724117 -0.320010591 0.048812117 0.019640732 -0.001773926 0.998613275 -0.470620509 0.268665735 0.548192699
311.100000000 0.208269802 -1.320729291 -0.302937501 0.049630564 0.019131549 -0.001146785 0.998583735 -0.612969165 0.417184802 1.003930815
311.200000000 0.118162891 -1.244074302 -0.101228550 0.050347387 0.019092168 -0.001577021 0.998548017 -0.586873855 0.396764635 1.079357881
311.300000000 0.039350386 -1.232872276 0.073161010 0.051360816 0.018834660 -0.001608780 0.998501244 -0.420454302 0.255305673 0.822206754
311.400000000 0.039350386 -1.232872276 0.073161010 0.051360816 0.018834660 -0.001608780 0.998501244 -0.158351002 0.080503272 0.319290329
311.500000000 0.039350386 -1.232872276 0.073161010 0.051360816 0.018834660 -0.001608780 0.998501244 -0.020774878 0.014287143 0.039806364
311.600000000 0.039350386 -1.232872276 0.073161010 0.051360816 0.018834660 -0.001608780 0.998501244 0.000000000 0.000000000 -0.000000000
311.700000000 0.039350386 -1.232872276 0.073161010 0.051360816 0.018834660 -0.001608780 0.998501244 -0.071324068 0.000834230 -0.054447931
311.800000000 0.039350386 -1.232872276 0.073161010 0.051360816 0.018834660 -0.001608780 0.998501244 -0.111944490 0.001309339 -0.085457070
311.900000000 -0.000299708 -1.229351809 0.045391549 0.051517114 0.018919320 -0.001882436 0.998491113 -0.113549202 0.001237843 -0.086707459
312.000000000 -0.000299708 -1.229351809 0.045391549 0.051517114 0.018919320 -0.001882436 0.998491113 -0.076324589 0.000832043 -0.058282322
312.100000000 -0.000299708 -1.229351809 0.045391549 0.051517114 0.018919320 -0.001882436 0.998491113 0.010664187 -0.000530604 0.013917335
312.200000000 -0.000299708 -1.229351809 0.045391549 0.051517114 0.018919320 -0.001882436 0.998491113 0.027844072 -0.001379914 0.041377303
312.300000000 -0.000299708 -1.229351809 0.045391549 0.051517114 0.018919320 -0.001882436 0.998491113 0.037227052 -0.005059888 0.021904338
312.400000000 0.008756559 -1.230991556 0.064658256 0.051256598 0.019249783 -0.002957774 0.998495598 0.026717499 -0.001907231 -0.010672932
312.500000000 0.012994147 -1.232115636 0.046144772 0.050234084 0.021059778 -0.012564956 0.998436350 -0.008805484 0.007180205 -0.051931394
312.600000000 0.009386860 -1.229184426 0.040909358 0.049644669 0.023599383 -0.027144866 0.998119047 -0.061947288 0.015334190 -0.077601405
312.700000000 0.001233289 -1.225111225 0.034372312 0.049059046 0.025955679 -0.043140336 0.997526152 -0.139187041 0.022572048 -0.046445270
312.800000000 -0.015339080 -1.221591657 0.033581500 0.048903938 0.028446425 -0.060002463 0.996593654 -0.248328792 0.019637586 -0.020868147
312.900000000 -0.044265638 -1.215922625 0.036681585 0.047730892 0.031168467 -0.075033634 0.995550221 -0.376069100 0.000686433 -0.028262091
313.000000000 -0.090377435 -1.208108499 0.048901393 0.046640535 0.033354504 -0.090001343 0.994289644 -0.515705562 -0.027792918 -0.050103318
313.100000000 -0.138734015 -1.203369191 0.010220838 0.049043933 0.035276548 -0.104612772 0.992676395 -0.651031134 -0.068061798 -0.105704628
313.200000000 -0.218776566 -1.193969575 0.033380237 0.049286944 0.037130383 -0.116455198 0.991277115 -0.821435964 -0.115679824 -0.128554525
313.300000000 -0.305903911 -1.184597739 0.008905669 0.046754384 0.039645314 -0.128695615 0.989787712 -1.020335896 -0.169762900 -0.109440978
313.400000000 -0.427324511 -1.174080846 0.010665097 0.045164486 0.042031125 -0.139923820 0.988238270 -1.241116087 -0.239093025 -0.106399894
313.500000000 -0.560713746 -1.161559134 0.021647969 0.044414778 0.043653846 -0.146425910 0.987259400 -1.480341085 -0.312736730 -0.107621419
313.600000000 -0.721958939 -1.144524262 0.017190167 0.044820764 0.045016270 -0.151438541 0.986423338 -1.711557529 -0.390643701 -0.136570723
313.700000000 -0.912010109 -1.130851392 0.018831007 0.044794311 0.046606077 -0.156398210 0.985576452 -1.954917235 -0.479073019 -0.147222449
313.800000000 -1.122973477 -1.114038952 0.016097936 0.046150532 0.047847693 -0.159548193 0.984949288 -2.185991330 -0.560670115 -0.135421999
313.900000000 -1.365698387 -1.097586121 0.031240268 0.046520944 0.048252366 -0.161737231 0.984555016 -2.414178149 -0.631612145 -0.109543309
314.000000000 -1.625261788 -1.080646288 0.045984095 0.047841375 0.048775955 -0.164660585 0.983981199 -2.631270487 -0.717425562 -0.080494859
314.100000000 -1.906230909 -1.060159673 0.059025000 0.049925203 0.049422959 -0.166734881 0.983495971 -2.839619840 -0.798670231 -0.062896957
314.200000000 -2.213755414 -1.046847574 0.085869828 0.052719028 0.049295521 -0.165037598 0.983642845 -3.057695828 -0.862770708 -0.043383261
314.300000000 -2.540717642 -1.027978306 0.110205817 0.053622027 0.049135250 -0.162683492 0.983994150 -3.269887333 -0.927060344 -0.062712482
314.400000000 -2.890375763 -1.011671131 0.133947189 0.053209914 0.049007913 -0.160430780 0.984392652 -3.466380677 -0.988865682 -0.120876649
314.500000000 -3.263618739 -0.996350468 0.151905635 0.054227000 0.047839109 -0.155669449 0.985158807 -3.642609535 -1.030451252 -0.172249197
314.600000000 -3.649849817 -0.982193356 0.164425904 0.055029142 0.046469820 -0.148557269 0.986277389 -3.801155511 -1.033358240 -0.191564241
314.700000000 -4.045610963 -0.969423053 0.168712392 0.056647019 0.044668252 -0.141267504 0.987339534 -3.952546275 -1.019775879 -0.161572316
314.800000000 -4.456276095 -0.956241863 0.186681694 0.057290102 0.042520519 -0.132256127 0.988644611 -4.082837912 -0.973714058 -0.097851775
314.900000000 -4.903269831 -0.943679844 0.204408446 0.055123659 0.041586514 -0.126970054 0.989500151 -4.189575816 -0.948463252 -0.063566595
315.000000000 -5.324859030 -0.932344185 0.239259818 0.052687764 0.041339590 -0.122840444 0.990164261 -4.290101540 -0.937751890 -0.108705281
315.100000000 -5.767545724 -0.916683496 0.269096473 0.052132551 0.041469069 -0.116265478 0.990981762 -4.370227857 -0.892627560 -0.184020363
315.200000000 -6.231447468 -0.903369524 0.268231845 0.054117388 0.040808780 -0.108236745 0.991811857 -4.428530702 -0.828848769 -0.241471521
315.300000000 -6.676849004 -0.886355317 0.271479639 0.057029971 0.038721510 -0.100733570 0.992522531 -4.449328602 -0.767373480 -0.239583646
315.400000000 -7.126014761 -0.869493455 0.282986986 0.058750045 0.036838522 -0.091548857 0.993383190 -4.444838983 -0.680743013 -0.165414361
315.500000000 -7.574299791 -0.857589347 0.299245490 0.056659842 0.035544987 -0.078650365 0.994655888 -4.452567357 -0.569806973 -0.136738483
315.600000000 -8.020712478 -0.845087687 0.319899560 0.054930925 0.034217545 -0.064480401 0.995818272 -4.432956845 -0.431898882 -0.102461086
315.700000000 -8.474435134 -0.830505122 0.328825983 0.055604563 0.032283964 -0.050168167 0.996668969 -4.392268691 -0.283238320 -0.042403745
315.800000000 -8.899336609 -0.815491573 0.360632982 0.056168274 0.028991741 -0.033404749 0.997441089 -4.325133770 -0.115243574 -0.013289723
315.900000000 -9.334255124 -0.799887651 0.396426242 0.055462895 0.025449696 -0.018281834 0.997968915 -4.219644600 0.033446608 -0.000753274
316.000000000 -9.753623119 -0.780931124 0.407131745 0.053931857 0.022916710 -0.006228881 0.998262180 -4.091784011 0.148462983 -0.006478271
316.100000000 -10.153520482 -0.760491682 0.412970231 0.052462071 0.021597327 0.002629344 0.998385884 -3.948814501 0.234629376 -0.016786896
316.200000000 -10.532703257 -0.738745057 0.444351118 0.053722494 0.020988468 0.013238267 0.998247528 -3.787084450 0.337745840 0.000568868
316.300000000 -10.915998352 -0.716284439 0.462029890 0.055452836 0.020254923 0.023620448 0.997976350 -3.600382572 0.424577833 -0.021264769
316.400000000 -11.265783294 -0.688857377 0.487068345 0.057394040 0.018643934 0.032989912 0.997632194 -3.361603391 0.490399461 -0.069354651
316.500000000 -11.594415731 -0.663572528 0.469401208 0.061193694 0.018170568 0.039150478 0.997192260 -3.098261245 0.516013341 -0.075045657
316.600000000 -11.890151309 -0.632969180 0.487183244 0.063893329 0.017570229 0.045148739 0.996780077 -2.872328340 0.526058834 -0.045828097
316.700000000 -12.167820397 -0.608364718 0.503989198 0.062877126 0.017087222 0.051350164 0.996552886 -2.669848459 0.530951001 0.024056995
316.800000000 -12.435474599 -0.586019180 0.521513966 0.060711982 0.016442598 0.060639898 0.996175938 -2.481118062 0.534009426 0.060773965
316.900000000 -12.676558729 -0.566353826 0.548900212 0.059770473 0.015981493 0.070553585 0.995587402 -2.272890878 0.532276541 0.054376588
317.000000000 -12.895842616 -0.549760009 0.564600281 0.059883233 0.017006470 0.076261441 0.995142689 -2.054792460 0.500690400 0.011084560
317.100000000 -13.095837151 -0.531209612 0.570668568 0.060349161 0.018647008 0.078280602 0.994928347 -1.837448702 0.449791544 -0.043418484
317.200000000 -13.276214597 -0.515519612 0.570186711 0.059964911 0.020674114 0.079192385 0.994839362 -1.618274910 0.392738580 -0.076728726
317.300000000 -13.429568101 -0.503432170 0.570814857 0.058782581 0.022469288 0.079480759 0.994848003 -1.395430596 0.322711345 -0.086440618
317.400000000 -13.560698970 -0.494302949 0.573273574 0.056957494 0.024002348 0.078797307 0.994972721 -1.179284865 0.232473670 -0.091460438
317.500000000 -13.668471405 -0.491725313 0.570916838 0.055422169 0.025578125 0.077129952 0.995150799 -0.965553615 0.168454593 -0.093769083
317.600000000 -13.756693569 -0.499217713 0.561465170 0.054302181 0.026521903 0.075605050 0.995304847 -0.708646103 0.167664131 0.019738081
317.700000000 -13.825431180 -0.490785989 0.557678916 0.053307525 0.027631424 0.073216770 0.995506965 -0.455923488 0.316639397 0.459001610
317.800000000 -13.840636544 -0.464672050 0.626710665 0.052306416 0.028177888 0.070278916 0.995756456 -0.286636822 0.337968604 0.664780334
317.900000000 -13.859546811 -0.403488635 0.839957532 0.051445870 0.028734487 0.067257685 0.995994004 -0.289102859 0.297464520 0.460053527
318.000000000 -13.850878956 -0.440394818 0.823858916 0.051635536 0.029648036 0.062397208 0.996273734 -0.250499187 0.160798587 0.134128534
318.100000000 -13.949929585 -0.404034695 0.726147534 0.054454062 0.031198060 0.052702765 0.996636270 -0.098215848 -0.015034263 -0.238596087
318.200000000 -13.926553744 -0.407653010 0.742855947 0.055618191 0.032528550 0.039368795 0.997145229 0.104639483 -0.007176456 -0.188937876
318.300000000 -13.890436716 -0.410533389 0.716213695 0.055783275 0.035307901 0.023758278 0.997535524 0.266341445 -0.032469014 -0.041265888
318.400000000 -13.859887416 -0.413432346 0.700515552 0.055411784 0.037941748 0.009259310 0.997699465 0.148672742 0.138894136 -0.121334174
318.500000000 -13.852603417 -0.415438694 0.694044594 0.054951689 0.040266232 0.000119514 0.997676765 -0.025921050 0.441952597 -0.253437617
318.600000000 -13.882044808 -0.329413099 0.678087371 0.055375388 0.041676553 -0.004661043 0.997584536 -0.180090687 0.874402584 -0.505080581
318.700000000 -13.907192483 -0.197303332 0.621129074 0.055630276 0.042108317 -0.005591895 0.997547439 -0.288478800 0.823350479 -0.489888178
318.800000000 -13.942670028 -0.033616271 0.550645852 0.055605445 0.042330178 -0.006078579 0.997536586 -0.149937268 0.494144765 0.021187973
318.900000000 -13.985681769 -0.110014430 0.594695898 0.055970550 0.042759845 -0.006712062 0.997493780 -0.011505556 0.107814283 0.463324346
319.000000000 -13.904688786 -0.142973791 0.766426475 0.056044225 0.042796572 -0.006910363 0.997486714 0.093644761 -0.151308095 0.625929469
319.100000000 -13.904688786 -0.142973791 0.766426475 0.056044225 0.042796572 -0.006910363 0.997486714 0.123797155 -0.017212716 0.362491091
319.200000000 -13.904688786 -0.142973791 0.766426475 0.056044225 0.042796572 -0.006910363 0.997486714 0.006874514 -0.001261389 0.018755108
319.300000000 -13.904688786 -0.142973791 0.766426475 0.056044225 0.042796572 -0.006910363 0.997486714 0.000000000 0.000000000 0.000000000
319.400000000 -13.904688786 -0.142973791 0.766426475 0.056044225 0.042796572 -0.006910363 0.997486714 0.000000000 0.000000000 0.000000000
319.500000000 -13.904688786 -0.142973791 0.766426475 0.056044225 0.042796572 -0.006910363 0.997486714 0.000000000 0.000000000 0.000000000
319.600000000 -13.904688786 -0.142973791 0.766426475 0.056044225 0.042796572 -0.006910363 0.997486714 0.000000000 0.000000000 0.000000000
319.700000000 -13.904688786 -0.142973791 0.766426475 0.056044225 0.042796572 -0.006910363 0.997486714 0.000000000 0.000000000 0.000000000
319.800000000 -13.904688786 -0.142973791 0.766426475 0.056044225 0.042796572 -0.006910363 0.997486714 0.000000000 0.000000000 0.000000000
319.900000000 -13.904688786 -0.142973791 0.766426475 0.056044225 0.042796572 -0.006910363 0.997486714 0.000000000 0.000000000 0.000000000
320.000000000 -13.904688786 -0.142973791 0.766426475 0.056044225 0.042796572 -0.006910363 0.997486714 0.000000000 0.000000000 0.000000000
320.100000000 -13.904688786 -0.142973791 0.766426475 0.056044225 0.042796572 -0.006910363 0.997486714 0.000000000 0.000000000 0.000000000
320.200000000 -13.904688786 -0.142973791 0.766426475 0.056044225 0.042796572 -0.006910363 0.997486714 0.000000000 0.000000000 0.000000000
320.300000000 -13.904688786 -0.142973791 0.766426475 0.056044225 0.042796572 -0.006910363 0.997486714 0.000000000 0.000000000 0.000000000
320.400000000 -13.904688786 -0.142973791 0.766426475 0.056044225 0.042796572 -0.006910363 0.997486714 0.000000000 0.000000000 0.000000000
320.500000000 -13.904688786 -0.142973791 0.766426475 0.056044225 0.042796572 -0.006910363 0.997486714 -0.002413539 -0.006080966 0.004015304
320.600000000 -13.904688786 -0.142973791 0.766426475 0.056044225 0.042796572 -0.006910363 0.997486714 -0.015113797 -0.032793319 0.034427811
320.700000000 -13.904688786 -0.142973791 0.766426475 0.056044225 0.042796572 -0.006910363 0.997486714 -0.001970759 -0.043107385 0.125349868
320.800000000 -13.909644200 -0.160924367 0.782148192 0.036545632 0.045035745 -0.016821033 0.998174960 0.040049669 -0.056141230 0.275357751
320.900000000 -13.903732462 -0.161786228 0.818975019 0.020679244 0.045646563 -0.024561012 0.998441544 0.049827799 -0.055317178 0.351218664
321.000000000 -13.877360937 -0.173473535 0.873878599 0.026763264 0.044187957 -0.021365864 0.998436103 0.035953514 -0.022589428 0.384593192
321.100000000 -13.882072469 -0.176556121 0.892705816 0.041626391 0.042547422 -0.016012769 0.998098468 -0.035829665 0.033546806 0.270159592
321.200000000 -13.880582842 -0.176571687 0.945999623 0.049837230 0.041681418 -0.012424307 0.997809875 -0.080906834 0.067974268 0.116082776
321.300000000 -13.903495958 -0.153996972 0.921043143 0.048956047 0.042033611 -0.011909006 0.997845006 -0.116065378 0.047018243 -0.005506314
321.400000000 -13.903495958 -0.153996972 0.921043143 0.048956047 0.042033611 -0.011909006 0.997845006 -0.164032448 -0.008567560 -0.176217346
321.500000000 -13.920667054 -0.159201266 0.923827538 0.049462730 0.042175093 -0.011828259 0.997815009 -0.157102014 -0.044946513 -0.193221244
321.600000000 -13.958767587 -0.165785457 0.862387191 0.049998113 0.042274304 -0.011541705 0.997787483 -0.138545935 0.021812897 -0.154638246
321.700000000 -13.962231383 -0.157402608 0.860122279 0.050159835 0.042397594 -0.011644258 0.997772943 -0.013477358 0.144825455 -0.106406248
321.800000000 -13.979289234 -0.134723273 0.894829881 0.050322448 0.042837483 -0.011447407 0.997748244 0.039381024 0.274000026 -0.081741677
321.900000000 -13.938324279 -0.102343424 0.859502510 0.050257268 0.043105489 -0.011611428 0.997738091 0.049706523 0.392644916 -0.125767953
322.000000000 -13.950180042 -0.060450394 0.839215335 0.049883895 0.043056192 -0.011116190 0.997764597 0.050418899 0.486827399 -0.190464316
322.100000000 -13.944313165 0.002138002 0.834982295 0.048774516 0.043565406 -0.010899732 0.997799728 -0.038255343 0.563091553 -0.153576386
322.200000000 -13.934724049 0.064032785 0.805760502 0.047992003 0.044086370 -0.010815391 0.997815708 -0.032867538 0.585586696 -0.156161629
322.300000000 -13.967493905 0.129773230 0.833696357 0.046859482 0.044593359 -0.010414394 0.997851272 0.030916495 0.596791604 -0.192104287
322.400000000 -13.960788506 0.179785516 0.791480452 0.046273380 0.044703064 -0.010733003 0.997870339 0.102169081 0.627103134 -0.179270941
322.500000000 -13.913659469 0.253074370 0.758792020 0.046242857 0.044932131 -0.011964455 0.997847460 0.067571191 0.680430959 -0.040930522
322.600000000 -13.893924270 0.321683571 0.733056077 0.045445585 0.044666085 -0.012536991 0.997889004 -0.013337533 0.707586234 0.061478791
322.700000000 -13.950211623 0.392241355 0.850356756 0.045797060 0.044671035 -0.014427189 0.997847175 -0.086678240 0.666647830 0.100230061
322.800000000 -13.934397187 0.457337885 0.827069731 0.045717155 0.044327218 -0.014803983 0.997860652 -0.047740016 0.613071555 0.054256858
322.900000000 -13.938615140 0.508298001 0.829996466 0.044253811 0.044170633 -0.014541708 0.997937420 0.031599944 0.597175002 -0.044072971
323.000000000 -13.925113971 0.568135022 0.834541824 0.043852126 0.043655330 -0.014824679 0.997973663 0.006045515 0.601884775 0.011779140
323.100000000 -13.925680652 0.639298006 0.841344015 0.042852608 0.042919886 -0.015008817 0.998046228 -0.003011584 0.582405493 0.048941412
323.200000000 -13.924283919 0.693657455 0.857055984 0.040876726 0.042533207 -0.014106043 0.998158825 -0.004359045 0.544048081 0.101271080
323.300000000 -13.924874829 0.741318762 0.859295188 0.036793907 0.041939310 -0.010848147 0.998383504 0.310040930 0.624844104 0.422709371
323.400000000 -13.917121383 0.784513114 0.894642602 0.033600107 0.041714283 -0.009604839 0.998518251 0.535054947 0.644304822 0.582839767
323.500000000 -13.703587230 0.908870213 1.086087956 0.033202292 0.041240559 -0.009498072 0.998552257 0.458955921 0.590028732 0.617187778
323.600000000 -13.709881681 0.914109971 1.054110757 0.033520073 0.041110711 -0.009677914 0.998545268 0.159701400 0.486701446 0.522519424
323.700000000 -13.771004276 0.946254122 1.104147695 0.034242418 0.041011648 -0.009879698 0.998522856 -0.244260312 0.396822169 0.241124708
323.800000000 -13.801751387 0.973500407 1.139435956 0.034736710 0.040896713 -0.010120502 0.998508085 -0.479144529 0.481055061 -0.208798747
323.900000000 -13.806963631 1.048426239 1.155570520 0.032323765 0.041126079 -0.014277635 0.998528902 -0.604539588 0.547181676 -0.658463972
324.000000000 -13.918809722 1.103267371 0.899241701 0.034377097 0.042391955 -0.021891136 0.998269460 -0.648553663 0.469990514 -0.796676436
324.100000000 -14.037788352 1.179535736 0.879080319 0.037013788 0.041634550 -0.024855419 0.998137642 -0.524158273 0.252129172 -0.565772470
324.200000000 -14.033997639 1.196097238 0.889033222 0.012338615 0.042811381 -0.017883044 0.998846906 -0.222409631 0.057222543 -0.062548036
324.300000000 -14.030017946 1.167310396 0.906249333 0.010805919 0.044654271 -0.018959814 0.998764113 -0.023053474 -0.082111104 0.063866555
324.400000000 -14.030755286 1.153356186 0.915104606 0.009109945 0.044654676 -0.018248837 0.998794247 0.018570274 -0.087245193 0.037250066
324.500000000 -14.030755286 1.153356186 0.915104606 0.009109945 0.044654676 -0.018248837 0.998794247 -0.003025381 -0.027670811 0.009971311
324.600000000 -14.030755286 1.153356186 0.915104606 0.009109945 0.044654676 -0.018248837 0.998794247 0.000000000 0.000000000 0.000000000
324.700000000 -14.030755286 1.153356186 0.915104606 0.009109945 0.044654676 -0.018248837 0.998794247 0.000000000 0.000000000 0.000000000
324.800000000 -14.030755286 1.153356186 0.915104606 0.009109945 0.044654676 -0.018248837 0.998794247 0.000000000 0.000000000 0.000000000
324.900000000 -14.030755286 1.153356186 0.915104606 0.009109945 0.044654676 -0.018248837 0.998794247 0.000000000 0.000000000 0.000000000
325.000000000 -14.030755286 1.153356186 0.915104606 0.009109945 0.044654676 -0.018248837 0.998794247 0.000000000 0.000000000 0.000000000
325.100000000 -14.030755286 1.153356186 0.915104606 0.009109945 0.044654676 -0.018248837 0.998794247 0.000000000 0.000000000 0.000000000
325.200000000 -14.030755286 1.153356186 0.915104606 0.009109945 0.044654676 -0.018248837 0.998794247 0.000000000 0.000000000 0.000000000
325.300000000 -14.030755286 1.153356186 0.915104606 0.009109945 0.044654676 -0.018248837 0.998794247 0.000000000 0.000000000 0.000000000
325.400000000 -14.030755286 1.153356186 0.915104606 0.009109945 0.044654676 -0.018248837 0.998794247 0.000000000 0.000000000 0.000000000
325.500000000 -14.030755286 1.153356186 0.915104606 0.009109945 0.044654676 -0.018248837 0.998794247 0.000000000 0.000000000 0.000000000
325.600000000 -14.030755286 1.153356186 0.915104606 0.009109945 0.044654676 -0.018248837 0.998794247 0.000000000 0.000000000 0.000000000
325.700000000 -14.030755286 1.153356186 0.915104606 0.009109945 0.044654676 -0.018248837 0.998794247 0.000000000 0.000000000 0.000000000
325.800000000 -14.030755286 1.153356186 0.915104606 0.009109945 0.044654676 -0.018248837 0.998794247 -0.000000000 -0.000000000 -0.000000000
325.900000000 -14.030755286 1.153356186 0.915104606 0.009109945 0.044654676 -0.018248837 0.998794247 -0.000000000 -0.000000000 -0.000000000
