284.900000000 -0.062454000 -0.153417000 3.901691000 0.008098002 -0.722753196 -0.000907000 0.691058187 0.000000000 0.000000000 0.000000000
285.000000000 -0.062454000 -0.153417000 3.901691000 0.008098002 -0.722753196 -0.000907000 0.691058187 0.000000000 0.000000000 0.000000000
285.100000000 -0.062454000 -0.153417000 3.901691000 0.008098002 -0.722753196 -0.000907000 0.691058187 0.000000000 0.000000000 0.000000000
285.200000000 -0.062454000 -0.153417000 3.901691000 0.008098002 -0.722753196 -0.000907000 0.691058187 0.000000000 0.000000000 0.000000000
285.300000000 -0.062454000 -0.153417000 3.901691000 0.008098002 -0.722753196 -0.000907000 0.691058187 0.000000000 0.000000000 0.000000000
285.400000000 -0.062454000 -0.153417000 3.901691000 0.008098002 -0.722753196 -0.000907000 0.691058187 0.000000000 0.000000000 0.000000000
285.500000000 -0.062454000 -0.153417000 3.901691000 0.008098002 -0.722753196 -0.000907000 0.691058187 0.000000000 0.000000000 0.000000000
285.600000000 -0.062454000 -0.153417000 3.901691000 0.008098002 -0.722753196 -0.000907000 0.691058187 0.000000000 0.000000000 0.000000000
285.700000000 -0.062454000 -0.153417000 3.901691000 0.008098002 -0.722753196 -0.000907000 0.691058187 0.000000000 0.000000000 0.000000000
285.800000000 -0.062454000 -0.153417000 3.901691000 0.008098002 -0.722753196 -0.000907000 0.691058187 0.000000000 0.000000000 0.000000000
285.900000000 -0.062454000 -0.153417000 3.901691000 0.008098002 -0.722753196 -0.000907000 0.691058187 0.000000000 0.000000000 0.000000000
286.000000000 -0.062454000 -0.153417000 3.901691000 0.008098002 -0.722753196 -0.000907000 0.691058187 0.000000000 0.000000000 0.000000000
286.100000000 -0.062454000 -0.153417000 3.901691000 0.008098002 -0.722753196 -0.000907000 0.691058187 0.000000000 0.000000000 0.000000000
286.200000000 -0.062454000 -0.153417000 3.901691000 0.008098002 -0.722753196 -0.000907000 0.691058187 0.000000000 0.000000000 0.000000000
286.300000000 -0.062454000 -0.153417000 3.901691000 0.008098002 -0.722753196 -0.000907000 0.691058187 0.000000000 0.000000000 0.000000000
286.400000000 -0.062454000 -0.153417000 3.901691000 0.008098002 -0.722753196 -0.000907000 0.691058187 0.000000000 0.000000000 0.000000000
286.500000000 -0.062454000 -0.153417000 3.901691000 0.008098002 -0.722753196 -0.000907000 0.691058187 0.000000000 0.000000000 0.000000000
286.600000000 -0.062454000 -0.153417000 3.901691000 0.008098002 -0.722753196 -0.000907000 0.691058187 0.000000000 0.000000000 0.000000000
286.700000000 -0.062454000 -0.153417000 3.901691000 0.008098002 -0.722753196 -0.000907000 0.691058187 -0.055748912 0.015736281 -0.083954129
286.800000000 -0.062454000 -0.153417000 3.901691000 0.008098002 -0.722753196 -0.000907000 0.691058187 -0.108651176 0.018705523 -0.166609115
286.900000000 0.016003671 -0.139444657 3.846135031 0.007604586 -0.722788668 -0.000445392 0.691027143 -0.108874905 -0.031223166 -0.164789391
287.000000000 0.001370022 -0.145361989 3.865231723 -0.006189854 -0.723605730 0.009583194 0.690119262 -0.053579807 -0.131331050 -0.093901550
287.100000000 -0.012773015 -0.173856197 3.870463423 -0.035423855 -0.724146765 0.018211141 0.688494711 0.051568835 -0.278884932 0.028633778
287.200000000 -0.020100945 -0.207456096 3.882625002 -0.020517305 -0.722730235 0.016019142 0.690639874 0.140398651 -0.398349601 0.105708605
287.300000000 -0.030955586 -0.252187648 3.903378172 0.014573451 -0.720828077 0.015600330 0.692785051 0.197627702 -0.442336514 0.154282786
287.400000000 -0.051041439 -0.302644803 3.924441129 0.042061499 -0.718889545 0.016587364 0.693652299 0.232631596 -0.441473591 0.167335008
287.500000000 -0.077322066 -0.348338931 3.940599219 0.056623509 -0.717562863 0.016492627 0.693992298 0.210012867 -0.428210682 0.132971061
287.600000000 -0.073719993 -0.391037718 3.964810665 0.063348580 -0.717146181 0.013058498 0.693914827 0.176292247 -0.403764158 0.145438222
287.700000000 -0.059463056 -0.433673766 3.983081643 0.064211389 -0.717990251 0.010647829 0.693003261 0.156889144 -0.376436525 0.091552846
287.800000000 -0.096897357 -0.473736040 3.984183049 0.058399950 -0.719861825 0.010597593 0.691575079 0.139545717 -0.361136750 0.071354967
287.900000000 -0.078805851 -0.502590147 4.000171235 0.053882066 -0.721138459 0.012308986 0.690582750 0.135166311 -0.357621684 0.030904491
288.000000000 -0.089022612 -0.543001759 4.009189214 0.051799025 -0.721980452 0.013194725 0.689845626 0.112013687 -0.380613889 -0.042692650
288.100000000 -0.077986543 -0.582248945 4.019178895 0.047707912 -0.722853625 0.016168967 0.689162649 0.082778227 -0.412334873 -0.046052666
288.200000000 -0.066394460 -0.623462375 4.021471995 0.047742822 -0.722959714 0.019081545 0.688974433 0.059424724 -0.417679048 -0.078473474
288.300000000 -0.050898277 -0.667659309 4.031108601 0.045967633 -0.723207590 0.019406654 0.688825915 0.025939318 -0.403088929 -0.071122552
288.400000000 -0.044613979 -0.704759852 4.025438251 0.040635179 -0.723637541 0.020656588 0.688673215 -0.020973312 -0.375553462 -0.033894204
288.500000000 -0.037024428 -0.739050236 4.023518100 0.037991702 -0.723704733 0.022554842 0.688693959 -0.073691281 -0.361812251 -0.004435350
288.600000000 -0.041968992 -0.773101576 4.009558568 0.038755631 -0.723091824 0.023752676 0.689254688 -0.077668621 -0.381425764 -0.036444156
288.700000000 -0.032271782 -0.812470196 3.997650590 0.038953066 -0.722750702 0.023605678 0.689606303 -0.057407825 -0.416402422 -0.078197789
288.800000000 -0.008515448 -0.855919041 3.999696123 0.037680722 -0.723125863 0.023005786 0.689303912 -0.044232456 -0.437184360 -0.090188005
288.900000000 0.006356940 -0.901991186 3.998030581 0.034788853 -0.723943413 0.023937612 0.688565655 -0.056799612 -0.425579689 -0.034267433
289.000000000 0.004765976 -0.943248547 3.988369788 0.034716212 -0.724049724 0.024836605 0.688425686 -0.087606675 -0.394773666 0.041010917
289.100000000 -0.003722829 -0.979739030 3.974068218 0.035695792 -0.723984090 0.024808422 0.688445633 -0.082280896 -0.374945911 0.040250241
289.200000000 -0.005765594 -1.014548153 3.962434929 0.036406219 -0.723900761 0.023845319 0.688530083 -0.021886593 -0.402747144 -0.089199539
289.300000000 0.005109862 -1.052923273 3.964098321 0.037419951 -0.723639902 0.023499399 0.688761800 0.053485353 -0.466150692 -0.246174141
289.400000000 0.061353271 -1.102640692 3.981082150 0.037069146 -0.723385886 0.023176312 0.689058486 0.079779592 -0.516053107 -0.290352879
289.500000000 0.105417135 -1.158227484 3.995494801 0.036786012 -0.723364471 0.022907975 0.689105112 0.028176511 -0.504112714 -0.159385989
289.600000000 0.111486208 -1.208753869 3.991556339 0.035346392 -0.723621935 0.022947904 0.688908791 -0.055459178 -0.435853763 0.047710942
289.700000000 0.082925056 -1.245676356 3.973132145 0.033255326 -0.723717829 0.024705749 0.688851372 -0.081259672 -0.380850011 0.118880430
289.800000000 0.066045488 -1.276935014 3.957913490 0.034841133 -0.722957859 0.024358283 0.689582993 -0.012015096 -0.401990994 -0.026104624
289.900000000 0.080070987 -1.316291768 3.963636644 0.035884031 -0.722551838 0.022031347 0.690033186 0.093790481 -0.491181084 -0.255533358
290.000000000 0.140431615 -1.370802069 3.987025775 0.035687655 -0.722639595 0.021286228 0.689974857 0.134889699 -0.551805902 -0.351743984
290.100000000 0.193030980 -1.434219906 4.009413376 0.035645707 -0.722880344 0.021269481 0.689725309 0.091892746 -0.523093055 -0.282761172
290.200000000 0.209196529 -1.482569000 4.008285399 0.035715944 -0.722971894 0.021363555 0.689622803 0.035621985 -0.403095587 -0.150585206
290.300000000 0.210173980 -1.513636973 4.001839168 0.023674098 -0.722469740 0.005181403 0.690977687 0.002970703 -0.255939909 -0.053289867
290.400000000 0.218341722 -1.525517593 4.006335519 0.020449637 -0.722292200 -0.000557557 0.691285382 0.007433949 -0.160247857 -0.007643108
290.500000000 0.216021983 -1.538220166 4.008309042 0.026819288 -0.722248601 0.005981636 0.691087480 0.006362847 -0.106800610 0.052445652
290.600000000 0.211824353 -1.549821698 4.008426946 0.032961555 -0.722162614 0.015248313 0.690769269 0.006375614 -0.070209544 0.138438080
290.700000000 0.190737016 -1.556154038 4.003162224 0.039016574 -0.721984844 0.023542452 0.690406652 0.038618909 -0.021047221 0.189848483
290.800000000 0.184996319 -1.564110418 3.999932830 0.043740594 -0.721429470 0.026649122 0.690591126 0.040808872 0.017814169 0.213674859
290.900000000 0.146686686 -1.553346576 4.022158027 0.044136875 -0.721386466 0.026645326 0.690610983 0.033008440 0.029448259 0.169972838
291.000000000 0.126996291 -1.553281451 4.013661415 0.043834815 -0.721447953 0.026607924 0.690567432 0.006167800 0.019838127 0.096268749
291.100000000 0.126996291 -1.553281451 4.013661415 0.043834815 -0.721447953 0.026607924 0.690567432 -0.013256892 0.003197009 0.034555187
291.200000000 0.126996291 -1.553281451 4.013661415 0.043834815 -0.721447953 0.026607924 0.690567432 0.000000000 0.000000000 0.000000000
291.300000000 0.126996291 -1.553281451 4.013661415 0.043834815 -0.721447953 0.026607924 0.690567432 -0.166172612 0.003701610 0.108041395
291.400000000 0.126996291 -1.553281451 4.013661415 0.043834815 -0.721447953 0.026607924 0.690567432 -0.351790761 0.007973373 0.218458897
291.500000000 0.051450409 -1.554790543 3.877671681 0.042821018 -0.721541331 0.027015188 0.690517666 -0.403317651 0.009790941 0.246685734
291.600000000 0.051450409 -1.554790543 3.877671681 0.042821018 -0.721541331 0.027015188 0.690517666 -0.321404405 0.007802423 0.192942283
291.700000000 0.051450409 -1.554790543 3.877671681 0.042821018 -0.721541331 0.027015188 0.690517666 -0.089718423 0.000123419 -0.000838288
291.800000000 0.051450409 -1.554790543 3.877671681 0.042821018 -0.721541331 0.027015188 0.690517666 0.033577986 -0.004981971 -0.119489559
291.900000000 0.095528910 -1.552566633 3.892184766 0.042853790 -0.721490632 0.026757008 0.690578658 0.038192256 -0.005603034 -0.135833395
292.000000000 0.095528910 -1.552566633 3.892184766 0.042853790 -0.721490632 0.026757008 0.690578658 0.030140265 -0.004421758 -0.107195933
292.100000000 0.095528910 -1.552566633 3.892184766 0.042853790 -0.721490632 0.026757008 0.690578658 0.047396475 0.021743063 0.060233931
292.200000000 0.095528910 -1.552566633 3.892184766 0.042853790 -0.721490632 0.026757008 0.690578658 0.137700454 0.083750689 0.339092268
292.300000000 0.095528910 -1.552566633 3.892184766 0.042853790 -0.721490632 0.026757008 0.690578658 0.178243982 0.108409637 0.438932148
292.400000000 -0.054353485 -1.532624786 3.945128317 0.042544785 -0.721558483 0.026722408 0.690528211 0.159479168 0.096684594 0.392500072
292.500000000 -0.054353485 -1.532624786 3.945128317 0.042544785 -0.721558483 0.026722408 0.690528211 0.078208806 0.048943352 0.209767108
292.600000000 -0.054353485 -1.532624786 3.945128317 0.042544785 -0.721558483 0.026722408 0.690528211 0.001575825 -0.001323445 0.049376713
292.700000000 -0.054353485 -1.532624786 3.945128317 0.042544785 -0.721558483 0.026722408 0.690528211 0.007590908 -0.001678269 0.068437488
292.800000000 -0.077248107 -1.535480204 3.947161707 0.041501903 -0.721784602 0.026764630 0.690353703 0.010535750 -0.001585314 0.064382392
292.900000000 -0.077248107 -1.535480204 3.947161707 0.041501903 -0.721784602 0.026764630 0.690353703 0.010338839 -0.000796340 0.037235539
293.000000000 -0.077248107 -1.535480204 3.947161707 0.041501903 -0.721784602 0.026764630 0.690353703 0.002820288 -0.000002153 0.001495460
293.100000000 -0.077248107 -1.535480204 3.947161707 0.041501903 -0.721784602 0.026764630 0.690353703 0.000000000 0.000000000 0.000000000
293.200000000 -0.077248107 -1.535480204 3.947161707 0.041501903 -0.721784602 0.026764630 0.690353703 0.000000000 0.000000000 0.000000000
293.300000000 -0.077248107 -1.535480204 3.947161707 0.041501903 -0.721784602 0.026764630 0.690353703 0.001375271 0.013471999 0.048034771
293.400000000 -0.077248107 -1.535480204 3.947161707 0.041501903 -0.721784602 0.026764630 0.690353703 0.003772856 0.036958482 0.131776449
293.500000000 -0.077248107 -1.535480204 3.947161707 0.041501903 -0.721784602 0.026764630 0.690353703 0.004638743 0.045440610 0.162019701
293.600000000 -0.131606442 -1.525780596 3.946547327 0.041789636 -0.721732252 0.026984743 0.690382507 0.003945371 0.038951080 0.138498753
293.700000000 -0.131606442 -1.525780596 3.946547327 0.041789636 -0.721732252 0.026984743 0.690382507 0.016334997 0.022185883 0.074110746
293.800000000 -0.131606442 -1.525780596 3.946547327 0.041789636 -0.721732252 0.026984743 0.690382507 -0.000876388 -0.022543375 -0.093355897
293.900000000 -0.131606442 -1.525780596 3.946547327 0.041789636 -0.721732252 0.026984743 0.690382507 0.010343378 -0.041335412 -0.209372393
294.000000000 -0.055057436 -1.537983533 3.934050910 0.042365586 -0.721567726 0.026949689 0.690520737 0.019541495 -0.044627944 -0.246625342
294.100000000 -0.051271499 -1.531848853 3.959992440 0.042229338 -0.721589337 0.026998896 0.690504577 0.018397820 -0.033990137 -0.203507794
294.200000000 -0.051271499 -1.531848853 3.959992440 0.042229338 -0.721589337 0.026998896 0.690504577 0.029711369 -0.001922520 -0.059994273
294.300000000 -0.051271499 -1.531848853 3.959992440 0.042229338 -0.721589337 0.026998896 0.690504577 0.002659156 0.000647473 -0.000574036
294.400000000 -0.051271499 -1.531848853 3.959992440 0.042229338 -0.721589337 0.026998896 0.690504577 0.000000000 0.000000000 0.000000000
294.500000000 -0.051271499 -1.531848853 3.959992440 0.042229338 -0.721589337 0.026998896 0.690504577 -0.070713294 -0.025628644 0.037077759
294.600000000 -0.051271499 -1.531848853 3.959992440 0.042229338 -0.721589337 0.026998896 0.690504577 -0.105954507 -0.038288690 0.057170005
294.700000000 -0.067959034 -1.545862003 3.922832771 0.041385029 -0.721657822 0.027231521 0.690474990 -0.104943935 -0.037725774 0.057484262
294.800000000 -0.067959034 -1.545862003 3.922832771 0.041385029 -0.721657822 0.027231521 0.690474990 -0.067391533 -0.024152374 0.037988815
294.900000000 -0.067959034 -1.545862003 3.922832771 0.041385029 -0.721657822 0.027231521 0.690474990 -0.000196932 -0.000016680 0.000894835
295.000000000 -0.067959034 -1.545862003 3.922832771 0.041385029 -0.721657822 0.027231521 0.690474990 0.000000000 0.000000000 0.000000000
295.100000000 -0.067959034 -1.545862003 3.922832771 0.041385029 -0.721657822 0.027231521 0.690474990 0.000000000 0.000000000 0.000000000
295.200000000 -0.067959034 -1.545862003 3.922832771 0.041385029 -0.721657822 0.027231521 0.690474990 0.000000000 0.000000000 0.000000000
295.300000000 -0.067959034 -1.545862003 3.922832771 0.041385029 -0.721657822 0.027231521 0.690474990 0.000000000 0.000000000 0.000000000
295.400000000 -0.067959034 -1.545862003 3.922832771 0.041385029 -0.721657822 0.027231521 0.690474990 0.000000000 0.000000000 0.000000000
295.500000000 -0.067959034 -1.545862003 3.922832771 0.041385029 -0.721657822 0.027231521 0.690474990 0.000000000 0.000000000 0.000000000
295.600000000 -0.067959034 -1.545862003 3.922832771 0.041385029 -0.721657822 0.027231521 0.690474990 0.002659891 -0.000818189 -0.002468522
295.700000000 -0.067959034 -1.545862003 3.922832771 0.041385029 -0.721657822 0.027231521 0.690474990 0.020092732 -0.006180573 -0.018647136
295.800000000 -0.067959034 -1.545862003 3.922832771 0.041385029 -0.721657822 0.027231521 0.690474990 0.028071040 -0.008634720 -0.026051435
295.900000000 -0.059417860 -1.548103294 3.932551801 0.041765554 -0.721641985 0.027127436 0.690472726 0.026603548 -0.008172475 -0.024681710
296.000000000 -0.059417860 -1.548103294 3.932551801 0.041765554 -0.721641985 0.027127436 0.690472726 0.016684212 0.001362781 -0.019644341
296.100000000 -0.059417860 -1.548103294 3.932551801 0.041765554 -0.721641985 0.027127436 0.690472726 0.008891027 0.020087043 -0.024177749
296.200000000 -0.057464980 -1.544222266 3.933218440 0.044606798 -0.721372191 0.030120777 0.690452847 0.012772162 0.070103334 -0.022721174
296.300000000 -0.048736877 -1.538723238 3.937508730 0.063479436 -0.717031812 0.057438064 0.691763406 0.020560343 0.096879175 -0.047797813
296.400000000 -0.058474908 -1.515984921 3.937004073 0.060742145 -0.713673784 0.057591784 0.695459063 0.026073428 0.099797445 -0.087398786
296.500000000 -0.042740827 -1.506314327 3.943463304 0.058408687 -0.710498058 0.039666674 0.700148192 0.016439740 0.075022221 -0.139249248
296.600000000 -0.025170533 -1.501009503 3.945848882 0.060965328 -0.708095038 0.019287560 0.703215924 -0.012186943 0.032292593 -0.194374477
296.700000000 -0.002086116 -1.498796455 3.944228964 0.071566266 -0.705483645 0.002181047 0.705100233 -0.084570361 0.023112680 -0.185630167
296.800000000 0.019376784 -1.495147041 3.932878731 0.082472837 -0.702954013 -0.012612851 0.706324856 -0.181495842 0.012263070 -0.168874456
296.900000000 0.020421430 -1.487510122 3.905501816 0.093521169 -0.699915685 -0.026031219 0.707597485 -0.298486082 0.004994388 -0.153877886
297.000000000 0.041811513 -1.480772756 3.872661409 0.103993680 -0.696661031 -0.037229687 0.708846014 -0.445692532 -0.015530129 -0.137775599
297.100000000 0.063146165 -1.473215769 3.826724393 0.116091319 -0.693170822 -0.047917933 0.709747060 -0.601542213 -0.052062213 -0.144845453
297.200000000 0.055116925 -1.459376590 3.748005146 0.125019363 -0.690610470 -0.055468743 0.710176426 -0.778794625 -0.098422920 -0.144423457
297.300000000 0.078021468 -1.447270384 3.669082103 0.136320726 -0.687144303 -0.064158922 0.710727092 -0.963845543 -0.164350813 -0.184266438
297.400000000 0.086370132 -1.433793946 3.560266022 0.144254100 -0.684179219 -0.072684519 0.711200754 -1.153262147 -0.235534482 -0.217025737
297.500000000 0.118881488 -1.419071337 3.434668403 0.151740417 -0.681353178 -0.079148045 0.711665849 -1.368758959 -0.321464867 -0.234322387
297.600000000 0.132421542 -1.401727333 3.281164513 0.154742755 -0.679557309 -0.084053381 0.712173836 -1.601936151 -0.411977112 -0.252779572
297.700000000 0.151889862 -1.384093561 3.108123534 0.157521579 -0.677471461 -0.088027436 0.713071204 -1.866124285 -0.523203898 -0.243876937
297.800000000 0.177457141 -1.365951974 2.904028793 0.157645108 -0.675531839 -0.093235300 0.714221207 -2.118820535 -0.643131050 -0.277280211
297.900000000 0.183199856 -1.351251116 2.656495888 0.156106102 -0.674401999 -0.093679509 0.715567592 -2.362463812 -0.733988733 -0.287883648
298.000000000 0.205873361 -1.338008424 2.398281147 0.156917173 -0.673272873 -0.092979102 0.716544155 -2.575931426 -0.814200444 -0.289721754
298.100000000 0.220942785 -1.320527979 2.119121802 0.159986426 -0.671979230 -0.092161615 0.717185119 -2.772920312 -0.888142599 -0.277612722
298.200000000 0.228311854 -1.304414128 1.815616702 0.161286106 -0.671886330 -0.090072452 0.717246474 -2.989203089 -0.943900381 -0.202296788
298.300000000 0.234011413 -1.285839720 1.488054153 0.158786670 -0.672872274 -0.084775788 0.717525443 -3.206262766 -0.966641498 -0.157115481
298.400000000 0.223700345 -1.265535802 1.146085551 0.159443636 -0.673152837 -0.081323222 0.717516215 -3.414452503 -1.008001354 -0.151318271
298.500000000 0.217735758 -1.244659667 0.779525180 0.156680954 -0.674621976 -0.078100736 0.717102881 -3.616671045 -1.035896151 -0.173326638
298.600000000 0.220990881 -1.222990705 0.395344992 0.155081571 -0.675868337 -0.074662815 0.716642980 -3.794306355 -1.076084485 -0.232035844
298.700000000 0.222730977 -1.198684562 -0.010410759 0.152815648 -0.676950374 -0.073030506 0.716276562 -3.946662043 -1.106341982 -0.229163721
298.800000000 0.243644029 -1.180656142 -0.427999859 0.146072450 -0.679334894 -0.065939366 0.716113777 -4.069103096 -1.056899174 -0.165902948
298.900000000 0.239405532 -1.157923059 -0.862262399 0.139567335 -0.681155299 -0.059069675 0.716281503 -4.176373362 -0.988509086 -0.114827849
299.000000000 0.218812822 -1.138564351 -1.285593109 0.133617012 -0.682190555 -0.053800128 0.716845930 -4.285332586 -0.934220033 -0.112584541
299.100000000 0.211351794 -1.110823721 -1.729568531 0.130729447 -0.682007305 -0.051294631 0.717735821 -4.367032605 -0.925434752 -0.197486628
299.200000000 0.242051021 -1.091727393 -2.180378162 0.123453897 -0.684300069 -0.045124816 0.717256093 -4.438345676 -0.861875221 -0.278783438
299.300000000 0.234864966 -1.064056579 -2.640142302 0.119353993 -0.686305833 -0.037331493 0.716481185 -4.459285436 -0.807749937 -0.319690742
299.400000000 0.254672362 -1.041272260 -3.092494082 0.114917332 -0.688753638 -0.030991584 0.715158692 -4.461187141 -0.750045314 -0.296394480
299.500000000 0.274028470 -1.022569032 -3.545672310 0.106175662 -0.693251773 -0.020069286 0.712548898 -4.477627567 -0.631182074 -0.244160452
299.600000000 0.283699290 -1.005023694 -3.995155539 0.093837009 -0.696089814 -0.009912052 0.711727011 -4.466557679 -0.481783716 -0.210137324
299.700000000 0.300697190 -0.983763813 -4.448822906 0.084744733 -0.698230497 -0.001406052 0.710837905 -4.418106338 -0.354810454 -0.201501465
299.800000000 0.311809711 -0.961780294 -4.888579538 0.077450125 -0.701078906 0.005635203 0.708842782 -4.336773104 -0.242236497 -0.207837035
299.900000000 0.328521979 -0.944242732 -5.313265128 0.067217260 -0.706166610 0.014706781 0.704694451 -4.227478788 -0.094276434 -0.127685206
300.000000000 0.348523397 -0.915531292 -5.735870633 0.056046353 -0.708729257 0.023980115 0.702841803 -4.102359381 0.060570092 -0.039838585
300.100000000 0.334819944 -0.889226390 -6.137963833 0.046138657 -0.710973345 0.033662415 0.700895833 -3.959422537 0.212218684 0.046654147
300.200000000 0.329170481 -0.862022668 -6.521054737 0.037894868 -0.712174928 0.042964333 0.699660573 -3.784626613 0.342955666 0.079106076
300.300000000 0.328380485 -0.827889220 -6.899860930 0.030088249 -0.713321869 0.053009679 0.698180909 -3.592094354 0.452434931 -0.001955958
300.400000000 0.326451641 -0.792208591 -7.250469997 0.023915118 -0.714442277 0.059179414 0.696776934 -3.366496447 0.510438495 -0.086035467
300.500000000 0.369078040 -0.755548350 -7.576236615 0.014994947 -0.716008860 0.066382552 0.694766019 -3.127239240 0.557879328 -0.110565758
300.600000000 0.374173843 -0.720673008 -7.878738279 0.011141764 -0.716059018 0.072110414 0.694215696 -2.918232226 0.557621041 -0.110307933
300.700000000 0.382094070 -0.691359668 -8.163743287 0.006268080 -0.716763055 0.076504509 0.693078995 -2.710317668 0.549915311 -0.053443908
300.800000000 0.392066865 -0.665124642 -8.432073344 -0.000173320 -0.717439726 0.082728861 0.691690787 -2.504375198 0.549806456 -0.018359233
300.900000000 0.395311435 -0.640678032 -8.676629628 -0.005900803 -0.717383757 0.085459772 0.691391606 -2.280145682 0.542485271 0.005879528
301.000000000 0.395367824 -0.616405063 -8.898433632 -0.013918253 -0.717224653 0.088565441 0.691050824 -2.041416089 0.540651185 0.010346240
301.100000000 0.397881479 -0.590333231 -9.094893600 -0.015170938 -0.715939333 0.091377412 0.691990522 -1.817708527 0.499686804 -0.017253377
301.200000000 0.404811039 -0.569306107 -9.270605365 -0.017139093 -0.715020923 0.093625868 0.692593335 -1.592244034 0.427872129 -0.046439448
301.300000000 0.413584837 -0.552937149 -9.425179394 -0.017895557 -0.713761307 0.096261190 0.693511593 -1.366857311 0.310764118 -0.086591277
301.400000000 0.422651625 -0.545580475 -9.551542203 -0.019497089 -0.713020501 0.096365941 0.694215553 -1.070566914 0.193741111 -0.203569016
301.500000000 0.442272080 -0.551449839 -9.654163313 -0.017571659 -0.711572157 0.097403321 0.695606853 -0.807882005 0.132545779 -0.323246272
301.600000000 0.510098764 -0.546416238 -9.691437013 -0.015535913 -0.709779265 0.095286114 0.697776889 -0.614658301 0.117408005 -0.367715504
301.700000000 0.541123426 -0.533035466 -9.758000580 -0.011380787 -0.707498890 0.088789047 0.701022328 -0.472339153 0.133782934 -0.212189553
301.800000000 0.571074994 -0.523558608 -9.801426296 -0.008750100 -0.705857969 0.082188849 0.703514716 -0.484049148 0.147769868 0.069985234
301.900000000 0.556156987 -0.516427024 -9.824273027 -0.006649335 -0.705144748 0.076282806 0.704916736 -0.376783954 0.083876771 0.244816635
302.000000000 0.485806472 -0.507004813 -9.917831436 -0.002822889 -0.704264369 0.073349279 0.706132858 -0.209924758 0.006371673 0.214742414
302.100000000 0.466413113 -0.531647419 -9.904910438 0.004254896 -0.703159915 0.067579381 0.707800154 -0.017497691 -0.060456428 0.071774811
302.200000000 0.457983549 -0.545659428 -9.874029223 0.014240601 -0.701051204 0.060260996 0.710417501 0.191087070 -0.111555154 -0.019909245
302.300000000 0.481305727 -0.546429156 -9.853632520 0.024375524 -0.698833490 0.050897338 0.713054730 0.285537324 -0.123558759 0.059345560
302.400000000 0.483530255 -0.559176067 -9.828374187 0.033687332 -0.696450776 0.043112044 0.715515780 0.394404282 -0.179921544 0.271083955
302.500000000 0.490952096 -0.566403846 -9.817555210 0.040007236 -0.695165295 0.037228943 0.716769586 0.462259481 -0.463354549 0.507977608
302.600000000 0.393557948 -0.608747082 -9.720612170 0.040852769 -0.694806541 0.036238962 0.717120394 0.417235558 -0.899432506 0.675592760
302.700000000 0.330272810 -0.772539114 -9.693473180 0.043298668 -0.694213097 0.035977071 0.717564667 0.270634916 -0.995671865 0.605278719
302.800000000 0.267813985 -0.951935943 -9.668636140 0.044772673 -0.693951545 0.035410140 0.717755378 0.181374802 -0.795487644 0.571227532
302.900000000 0.267813985 -0.951935943 -9.668636140 0.044772673 -0.693951545 0.035410140 0.717755378 0.227635216 -0.391401922 0.668189415
303.000000000 0.260296485 -0.954775986 -9.663339522 0.045311942 -0.693806365 0.035871539 0.717838971 0.261193013 -0.082858824 0.665098660
303.100000000 0.057017382 -1.005278251 -9.576245085 0.046180243 -0.693679385 0.035899972 0.717904929 0.146769156 -0.086833326 0.422600853
303.200000000 0.057017382 -1.005278251 -9.576245085 0.046180243 -0.693679385 0.035899972 0.717904929 0.038580688 -0.056995882 -0.009919099
303.300000000 0.172853790 -1.001256405 -9.640365184 0.046535679 -0.693704241 0.036084006 0.717848731 0.091830719 -0.006555887 -0.196271900
303.400000000 0.185740765 -0.997408619 -9.590985947 0.046699153 -0.693739440 0.036316528 0.717792371 0.195321724 0.006668992 -0.069835429
303.500000000 0.106029925 -1.000384519 -9.526295066 0.046905655 -0.693679122 0.036475983 0.717829115 0.246690398 0.020125057 0.104726444
303.600000000 0.106029925 -1.000384519 -9.526295066 0.046905655 -0.693679122 0.036475983 0.717829115 0.131256350 0.013238517 0.102363946
303.700000000 0.106029925 -1.000384519 -9.526295066 0.046905655 -0.693679122 0.036475983 0.717829115 0.000000000 0.000000000 0.000000000
303.800000000 0.106029925 -1.000384519 -9.526295066 0.046905655 -0.693679122 0.036475983 0.717829115 -0.109285064 0.109804507 -0.043639049
303.900000000 0.106029925 -1.000384519 -9.526295066 0.046905655 -0.693679122 0.036475983 0.717829115 -0.226017317 0.185951915 -0.241574127
304.000000000 0.084137930 -0.954520249 -9.560759924 0.047916776 -0.693942945 0.037350047 0.717462296 -0.257099898 0.194459001 -0.333459142
304.100000000 0.200114652 -0.921020046 -9.614035734 0.048152027 -0.694003066 0.037396014 0.717385994 -0.201606305 0.136731673 -0.318136111
304.200000000 0.200114652 -0.921020046 -9.614035734 0.048152027 -0.694003066 0.037396014 0.717385994 -0.063801201 0.022109560 -0.177011943
304.300000000 0.200114652 -0.921020046 -9.614035734 0.048152027 -0.694003066 0.037396014 0.717385994 0.015607552 0.002256168 0.027075059
304.400000000 0.200114652 -0.921020046 -9.614035734 0.048152027 -0.694003066 0.037396014 0.717385994 0.055514457 0.006641021 0.116687397
304.500000000 0.185833888 -0.920900921 -9.604362804 0.042792163 -0.694713193 0.040970965 0.716842933 0.115859007 0.007001175 0.211389866
304.600000000 0.157631741 -0.922731657 -9.594495573 0.032246883 -0.695468937 0.048185814 0.716213113 0.209337079 -0.005299073 0.287314541
304.700000000 0.123801520 -0.927230574 -9.568842712 0.020047781 -0.696097126 0.056594187 0.715432720 0.303435716 -0.033266034 0.250388806
304.800000000 0.078743436 -0.935370668 -9.518966084 0.010246357 -0.696054578 0.066005424 0.714875038 0.374611191 -0.053376409 0.134744029
304.900000000 0.106716390 -0.938814060 -9.478614739 -0.000483703 -0.696128897 0.075528129 0.713932649 0.468050395 -0.078451570 0.002882698
305.000000000 0.098471442 -0.937250218 -9.440158736 -0.012670633 -0.696068711 0.087796572 0.712474257 0.580861442 -0.087439376 -0.085495366
305.100000000 0.125112571 -0.940615272 -9.372257665 -0.022578510 -0.696369612 0.096672886 0.710784023 0.717290340 -0.096436001 -0.087370045
305.200000000 0.131522875 -0.930208666 -9.289743767 -0.034267298 -0.697477170 0.105300139 0.707999457 0.889645454 -0.115626287 -0.058696973
305.300000000 0.138547062 -0.924547153 -9.197882791 -0.042251929 -0.698228227 0.113512206 0.705554460 1.060012018 -0.138702695 0.014366928
305.400000000 0.136242537 -0.911378967 -9.080404386 -0.050697778 -0.698712902 0.121994687 0.703098366 1.242675302 -0.202188371 0.054575897
305.500000000 0.122579962 -0.901772958 -8.944797782 -0.056909468 -0.698909536 0.127644434 0.701422606 1.439878000 -0.298551562 0.053872235
305.600000000 0.113054245 -0.891392931 -8.787753332 -0.065437224 -0.699593678 0.131608625 0.699260913 1.623777133 -0.420211846 0.021762016
305.700000000 0.123638214 -0.894075031 -8.610155375 -0.069881608 -0.699955359 0.135025886 0.697815926 1.824732420 -0.532718558 -0.026222478
305.800000000 0.133016756 -0.893181729 -8.408986678 -0.068276426 -0.700047544 0.137448588 0.697409242 2.049502351 -0.626976692 -0.059838651
305.900000000 0.136015778 -0.892558484 -8.183067336 -0.065668582 -0.699754982 0.140324405 0.697380573 2.281991554 -0.701754516 -0.070589732
306.000000000 0.152791141 -0.894953682 -7.930666961 -0.068437789 -0.700066536 0.143504927 0.696153323 2.487402182 -0.809652007 -0.109489004
306.100000000 0.166475720 -0.894673536 -7.654691176 -0.067975245 -0.700012240 0.143782421 0.696195982 2.668137086 -0.874791988 -0.098722763
306.200000000 0.188749462 -0.902266222 -7.365565344 -0.068376090 -0.700881984 0.139808451 0.696091052 2.841290881 -0.915763718 -0.066414199
306.300000000 0.184483457 -0.904055942 -7.064071594 -0.066140781 -0.701552900 0.138061742 0.695979800 3.038854742 -0.978254428 -0.061387215
306.400000000 0.194092935 -0.909512449 -6.732589734 -0.065422539 -0.703040286 0.137872482 0.694582916 3.243345816 -1.051133742 -0.158142004
306.500000000 0.209315953 -0.921318129 -6.374147844 -0.060385735 -0.703422918 0.134745096 0.695265072 3.458760574 -1.104033004 -0.258267715
306.600000000 0.268124062 -0.925596650 -6.007573165 -0.057625610 -0.704529755 0.133499338 0.694618630 3.656878859 -1.158132792 -0.264205380
306.700000000 0.288671676 -0.940066975 -5.611266372 -0.055734733 -0.705003621 0.128127795 0.695303388 3.827602143 -1.167630193 -0.212588828
306.800000000 0.292018347 -0.953716859 -5.199154229 -0.053939709 -0.706944541 0.120642131 0.694813212 3.947312104 -1.138047650 -0.196861995
306.900000000 0.307096643 -0.968901144 -4.777229584 -0.045474708 -0.706818350 0.114775141 0.696538971 4.051757393 -1.079053076 -0.208472897
307.000000000 0.350195796 -0.970056109 -4.368302367 -0.036451463 -0.708209994 0.107987843 0.696741359 4.151388662 -1.037064258 -0.232371280
307.100000000 0.363054000 -0.989121164 -3.932911591 -0.034662978 -0.708226854 0.097006901 0.698428853 4.270457546 -1.017708572 -0.157949737
307.200000000 0.386851613 -1.016012604 -3.488661538 -0.032730232 -0.708042312 0.086201840 0.700124317 4.415130529 -1.006594507 -0.066204697
307.300000000 0.372520702 -1.040534069 -3.025830536 -0.028786045 -0.706951794 0.076911380 0.702477874 4.497337896 -0.937307355 0.007543582
307.400000000 0.388985129 -1.071347048 -2.557332923 -0.025869982 -0.707787834 0.071616413 0.702309202 4.541499204 -0.877480334 0.058279327
307.500000000 0.364776190 -1.091840451 -2.102224194 -0.014742806 -0.706400115 0.065206895 0.704648556 4.557901995 -0.754949870 0.110698204
307.600000000 0.341332402 -1.116566615 -1.630314524 -0.004135498 -0.705521185 0.059523290 0.706172594 4.514930734 -0.640500318 0.116474271
307.700000000 0.342687519 -1.138244423 -1.181580250 0.003140646 -0.704668776 0.057461322 0.707198875 4.460373692 -0.587852145 0.091292972
307.800000000 0.353305187 -1.163182708 -0.743826138 0.009925023 -0.703461204 0.049531046 0.708936178 4.378305291 -0.502454319 0.071278158
307.900000000 0.355509084 -1.190633566 -0.303410249 0.016066493 -0.702558861 0.041641281 0.710224555 4.298368492 -0.415483083 0.100449298
308.000000000 0.343664845 -1.218750643 0.124459044 0.029328180 -0.700563030 0.030055885 0.712353805 4.203116095 -0.257689247 0.163506846
308.100000000 0.328962447 -1.243090984 0.539973460 0.043993469 -0.698026189 0.015396425 0.714553682 4.061572807 -0.080215424 0.182281502
308.200000000 0.343349419 -1.268296591 0.925912858 0.055801671 -0.695886264 0.003439669 0.715972520 3.882747449 0.053377617 0.147401219
308.300000000 0.321807015 -1.292688215 1.319119865 0.066583108 -0.694245828 -0.005567359 0.716629908 3.687618472 0.161306722 0.108030811
308.400000000 0.334952604 -1.315106398 1.673374173 0.072760860 -0.693550799 -0.009037308 0.716666919 3.502676617 0.212918426 0.081416775
308.500000000 0.330150966 -1.331471652 2.018807454 0.080854940 -0.692754468 -0.011914928 0.716527571 3.309864644 0.274922534 0.089725176
308.600000000 0.334202321 -1.348142501 2.341890636 0.085865608 -0.692218335 -0.016854660 0.716363591 3.104295884 0.323766799 0.116141317
308.700000000 0.327276128 -1.358693668 2.643886782 0.092705196 -0.691196368 -0.023071679 0.716324665 2.869970756 0.362778566 0.117779822
308.800000000 0.314505581 -1.370114480 2.927720933 0.098794885 -0.690609495 -0.029813650 0.715827662 2.605114042 0.401043847 0.153096487
308.900000000 0.327031559 -1.380243272 3.173784942 0.101495763 -0.690689666 -0.033542355 0.715207177 2.336994981 0.390402214 0.152593492
309.000000000 0.297912297 -1.381797510 3.395425914 0.103325262 -0.690759237 -0.037798070 0.714665567 2.076773961 0.369225778 0.125023466
309.100000000 0.298591671 -1.390056121 3.594791652 0.105693323 -0.690554658 -0.040924455 0.714344717 1.841821983 0.338469998 0.062855399
309.200000000 0.298316474 -1.394191592 3.767035256 0.111028132 -0.690078183 -0.043917934 0.713817953 1.634644923 0.307828858 0.010705933
309.300000000 0.316012235 -1.399257943 3.923930926 0.112753420 -0.690216666 -0.045044302 0.713343277 1.418644274 0.271061756 0.005057698
309.400000000 0.309928728 -1.404782513 4.061799963 0.115428035 -0.690039389 -0.046711790 0.712979676 1.180417124 0.233416658 0.046778203
309.500000000 0.310514605 -1.409313466 4.168217854 0.113429823 -0.690822760 -0.046442543 0.712559247 0.930197106 0.189497261 0.109134058
309.600000000 0.292018033 -1.412784675 4.246110819 0.113722521 -0.691196325 -0.045495438 0.712211340 0.724801945 0.147420475 0.084409230
309.700000000 0.276468854 -1.412244836 4.305759665 0.111933611 -0.692326276 -0.043066602 0.711547934 0.548986969 0.095106945 0.066088986
309.800000000 0.294331047 -1.415619730 4.363855008 0.110029061 -0.693415373 -0.038585622 0.711041402 0.388972121 0.033770222 0.042384001
309.900000000 0.276749833 -1.424726484 4.386423737 0.102888722 -0.694862924 -0.033356595 0.710961860 0.225906987 -0.027207939 0.049901422
310.000000000 0.274422682 -1.433743486 4.401082098 0.097729469 -0.696183104 -0.025829951 0.710711510 0.058896180 -0.064379335 0.081015686
310.100000000 0.265555786 -1.441177009 4.395243905 0.091427897 -0.697989389 -0.016155120 0.710063916 -0.066312863 -0.076047602 0.058518106
310.200000000 0.264174013 -1.448762840 4.382163900 0.085195415 -0.699453174 -0.006164184 0.709555496 -0.175433728 -0.080328830 0.038030943
310.300000000 0.266576683 -1.451989859 4.357688014 0.074236770 -0.701643789 0.004171237 0.708637775 -0.257590439 -0.080071956 0.028606143
310.400000000 0.258075651 -1.457513770 4.326602290 0.063905847 -0.703299798 0.012511313 0.707904587 -0.315525014 -0.076339144 0.039349525
310.500000000 0.247093413 -1.463789881 4.290117675 0.055326342 -0.704586852 0.019657384 0.707184524 -0.332669762 -0.085700805 0.009921790
310.600000000 0.251923382 -1.470160257 4.254021877 0.050703705 -0.705552180 0.024057879 0.706432214 -0.319414684 -0.105557065 -0.040563140
310.700000000 0.266665714 -1.480160136 4.225001023 0.047119874 -0.706420919 0.028769332 0.705635550 -0.292682695 -0.128084672 -0.098937118
310.800000000 0.276209053 -1.493748679 4.194585803 0.046281564 -0.706902971 0.030197493 0.705148437 -0.287310649 -0.089974879 -0.064522841
310.900000000 0.301489732 -1.508356175 4.174018423 0.042927922 -0.707851525 0.032271580 0.704316660 -0.317450120 0.047003525 0.098422502
311.000000000 0.261012302 -1.502786812 4.129420926 0.043118710 -0.708207954 0.033306536 0.703898391 -0.470620509 0.268665735 0.548192699
311.100000000 0.244648710 -1.473676509 4.106815488 0.043230336 -0.708544300 0.034327365 0.703503905 -0.612969165 0.417184802 1.003930815
311.200000000 0.046383537 -1.397857125 4.008713061 0.044036332 -0.708542866 0.034547847 0.703444564 -0.586873855 0.396764635 1.079357881
311.300000000 -0.124412358 -1.387358429 3.922300362 0.044759012 -0.708687675 0.035256316 0.703217891 -0.420454302 0.255305673 0.822206754
311.400000000 -0.124412358 -1.387358429 3.922300362 0.044759012 -0.708687675 0.035256316 0.703217891 -0.158351002 0.080503272 0.319290329
311.500000000 -0.124412358 -1.387358429 3.922300362 0.044759012 -0.708687675 0.035256316 0.703217891 -0.020774878 0.014287143 0.039806364
311.600000000 -0.124412358 -1.387358429 3.922300362 0.044759012 -0.708687675 0.035256316 0.703217891 0.000000000 0.000000000 0.000000000
311.700000000 -0.124412358 -1.387358429 3.922300362 0.044759012 -0.708687675 0.035256316 0.703217891 -0.071324068 0.000834230 -0.054447931
311.800000000 -0.124412358 -1.387358429 3.922300362 0.044759012 -0.708687675 0.035256316 0.703217891 -0.111944490 0.001309339 -0.085457070
311.900000000 -0.094934842 -1.383050194 3.883983502 0.045064803 -0.708619774 0.035180863 0.703270564 -0.113549202 0.001237843 -0.086707459
312.000000000 -0.094934842 -1.383050194 3.883983502 0.045064803 -0.708619774 0.035180863 0.703270564 -0.076324589 0.000832043 -0.058282322
312.100000000 -0.094934842 -1.383050194 3.883983502 0.045064803 -0.708619774 0.035180863 0.703270564 0.010664187 -0.000530604 0.013917335
312.200000000 -0.094934842 -1.383050194 3.883983502 0.045064803 -0.708619774 0.035180863 0.703270564 0.027844072 -0.001379914 0.041377303
312.300000000 -0.094934842 -1.383050194 3.883983502 0.045064803 -0.708619774 0.035180863 0.703270564 0.037227052 -0.005059888 0.021904338
312.400000000 -0.114569291 -1.384997466 3.892144831 0.045662311 -0.708385702 0.034252125 0.703513641 0.026717499 -0.001907231 -0.010672932
312.500000000 -0.096253228 -1.385993376 3.897194565 0.051900478 -0.707013342 0.026888689 0.704780443 -0.008805484 0.007180205 -0.051931394
312.600000000 -0.090892570 -1.382964075 3.893862787 0.062030568 -0.704910393 0.016407975 0.706388226 -0.061947288 0.015334190 -0.077601405
312.700000000 -0.084040163 -1.378721155 3.886062350 0.073183982 -0.702723476 0.004950533 0.707671756 -0.139187041 0.022572048 -0.046445270
312.800000000 -0.082545426 -1.374979474 3.869587468 0.085258657 -0.700191569 -0.006793267 0.708813502 -0.248328792 0.019637586 -0.020868147
312.900000000 -0.084407142 -1.368966960 3.840624079 0.095305860 -0.697433549 -0.018005514 0.710055660 -0.376069100 0.000686433 -0.028262091
313.000000000 -0.094632398 -1.360677043 3.794111678 0.105362094 -0.694889586 -0.029118285 0.710759747 -0.515705562 -0.027792918 -0.050103318
313.100000000 -0.053878472 -1.354929483 3.747602664 0.117572118 -0.692279218 -0.037461541 0.711001346 -0.651031134 -0.068061798 -0.105704628
313.200000000 -0.073530070 -1.344722666 3.666725250 0.126289554 -0.689891096 -0.045453428 0.711361518 -0.821435964 -0.115679824 -0.128554525
313.300000000 -0.045280709 -1.333981125 3.580907985 0.133376428 -0.686975242 -0.055720968 0.712159335 -1.020335896 -0.169762900 -0.109440978
313.400000000 -0.041715115 -1.321909489 3.459671750 0.140382554 -0.684114275 -0.064608689 0.712815624 -1.241116087 -0.239093025 -0.106399894
313.500000000 -0.046848629 -1.307769334 3.326091033 0.144557413 -0.682232065 -0.069629837 0.713312168 -1.480341085 -0.312736730 -0.107621419
313.600000000 -0.035358507 -1.288603052 3.165433939 0.148455334 -0.680646061 -0.072788638 0.713711264 -1.711557529 -0.390643701 -0.136570723
313.700000000 -0.028636493 -1.272485282 2.975686425 0.152016253 -0.678895135 -0.076221534 0.714270770 -1.954917235 -0.479073019 -0.147222449
313.800000000 -0.016642266 -1.252914132 2.765284954 0.155226189 -0.677559543 -0.077407519 0.714720905 -2.185991330 -0.560670115 -0.135421999
313.900000000 -0.021079600 -1.233467569 2.522349759 0.157061473 -0.676977537 -0.078648921 0.714735934 -2.414178149 -0.631612145 -0.109543309
314.000000000 -0.024370484 -1.213311915 2.262618326 0.160082660 -0.676178504 -0.079710022 0.714704474 -2.631270487 -0.717425562 -0.080494859
314.100000000 -0.025039497 -1.189315721 1.981625179 0.163018567 -0.675365778 -0.079631708 0.714818021 -2.839619840 -0.798670231 -0.062896957
314.200000000 -0.038234614 -1.172285351 1.673396314 0.163723620 -0.675576278 -0.076440706 0.714806329 -3.057695828 -0.862770708 -0.043383261
314.300000000 -0.048111867 -1.149421861 1.345932898 0.162648907 -0.675960823 -0.074162853 0.714928087 -3.269887333 -0.927060344 -0.062712482
314.400000000 -0.056352801 -1.128820125 0.995792878 0.160739070 -0.676354708 -0.072905347 0.715116823 -3.466380677 -0.988865682 -0.120876649
314.500000000 -0.057751278 -1.108841984 0.622340785 0.158005812 -0.677755640 -0.068890048 0.714797605 -3.642609535 -1.030451252 -0.172249197
314.600000000 -0.053123994 -1.089805187 0.236144183 0.153427605 -0.679568679 -0.063407470 0.714580907 -3.801155511 -1.033358240 -0.191564241
314.700000000 -0.039830700 -1.071950151 -0.159219985 0.149283918 -0.681641836 -0.057216045 0.714006333 -3.952546275 -1.019775879 -0.161572316
314.800000000 -0.039543167 -1.053626341 -0.570080844 0.143223945 -0.684142851 -0.050542445 0.713358902 -4.082837912 -0.973714058 -0.097851775
314.900000000 -0.037381309 -1.035448431 -1.017227724 0.137912362 -0.685447489 -0.048463604 0.713297413 -4.189575816 -0.948463252 -0.063566595
315.000000000 -0.053449916 -1.018995156 -1.439781457 0.133249481 -0.686129347 -0.047372956 0.713601358 -4.290101540 -0.937751890 -0.108705281
315.100000000 -0.063610280 -0.997894465 -1.883130665 0.128120457 -0.686683462 -0.043230247 0.714270339 -4.370227857 -0.892627560 -0.184020363
315.200000000 -0.042127973 -0.978561879 -2.346323496 0.123695425 -0.687806530 -0.036253478 0.714357966 -4.428530702 -0.828848769 -0.241471521
315.300000000 -0.025620230 -0.955809934 -2.791174486 0.120289108 -0.689826000 -0.028980816 0.713323722 -4.449328602 -0.767373480 -0.239583646
315.400000000 -0.017193289 -0.933243148 -3.240158167 0.114844760 -0.691825236 -0.021406485 0.712551953 -4.444838983 -0.680743013 -0.165414361
315.500000000 -0.013500077 -0.915691819 -3.688537277 0.104087015 -0.693741547 -0.014015207 0.712525180 -4.452567357 -0.569806973 -0.136738483
315.600000000 -0.014287813 -0.897610715 -4.135235858 0.092659055 -0.695612184 -0.005484321 0.712395895 -4.432956845 -0.431898882 -0.102461086
315.700000000 -0.003054948 -0.877238366 -4.588684169 0.082785501 -0.697679756 0.004876710 0.711593800 -4.392268691 -0.283238320 -0.042403745
315.800000000 -0.015972629 -0.857034682 -5.014363978 0.071062510 -0.700649188 0.016841270 0.709758555 -4.325133770 -0.115243574 -0.013289723
315.900000000 -0.032430307 -0.836150280 -5.450221456 0.059645979 -0.703600260 0.026753107 0.707582718 -4.219644600 0.033446608 -0.000753274
316.000000000 -0.024557594 -0.811867342 -5.869377551 0.049876710 -0.705658875 0.033955058 0.705977988 -4.091784011 0.148462983 -0.006478271
316.100000000 -0.012709738 -0.786305919 -6.268847202 0.042458497 -0.706730454 0.039003518 0.705129823 -3.948814501 0.234629376 -0.016786896
316.200000000 -0.027317861 -0.759958325 -6.648754637 0.035660217 -0.707138268 0.047241071 0.704593571 -3.787084450 0.337745840 0.000568868
316.300000000 -0.028061795 -0.732708145 -7.032146112 0.029349368 -0.707534840 0.055660678 0.703871404 -3.600382572 0.424577833 -0.021264769
316.400000000 -0.037708993 -0.700999172 -7.382331985 0.023914795 -0.708477022 0.063525801 0.702462003 -3.361603391 0.490399461 -0.069354651
316.500000000 -0.005619808 -0.671284262 -7.709498668 0.022084016 -0.708539516 0.070525888 0.701790674 -3.098261245 0.516013341 -0.075045657
316.600000000 -0.010469945 -0.637028164 -8.005328507 0.019610476 -0.708707501 0.076617717 0.701055513 -2.872328340 0.526058834 -0.045828097
316.700000000 -0.015090733 -0.608994639 -8.283142675 0.014423843 -0.708926382 0.080165094 0.700563270 -2.669848459 0.530951001 0.024056995
316.800000000 -0.020854091 -0.583356627 -8.551013331 0.006209781 -0.709172678 0.085015097 0.699862832 -2.481118062 0.534009426 0.060773965
316.900000000 -0.037629401 -0.560840216 -8.792818812 -0.001611190 -0.709145389 0.091182353 0.699139471 -2.272890878 0.532276541 0.054376588
317.000000000 -0.043674249 -0.541561976 -9.012361699 -0.005661309 -0.708161978 0.095217015 0.699577217 -2.054792460 0.500690400 0.011084560
317.100000000 -0.040981060 -0.520482217 -9.212179481 -0.006798929 -0.706890128 0.096962603 0.700612857 -1.837448702 0.449791544 -0.043418484
317.200000000 -0.032592535 -0.502451975 -9.392143295 -0.007722344 -0.705432001 0.097331477 0.702020400 -1.618274910 0.392738580 -0.076728726
317.300000000 -0.026484400 -0.488384992 -9.545207362 -0.008746128 -0.704198939 0.096690756 0.703333674 -1.395430596 0.322711345 -0.086440618
317.400000000 -0.023168357 -0.477581915 -9.676192057 -0.009511001 -0.703222456 0.094911665 0.704542046 -1.179284865 0.232473670 -0.091460438
317.500000000 -0.016018665 -0.473584679 -9.783709498 -0.009364043 -0.702247314 0.092662364 0.705814927 -0.965553615 0.168454593 -0.093769083
317.600000000 -0.002551080 -0.479839392 -9.871505415 -0.009033789 -0.701693082 0.090806596 0.706611188 -0.708646103 0.167664131 0.019738081
317.700000000 0.004218779 -0.470480584 -9.939893064 -0.007992374 -0.701052178 0.088446067 0.707558661 -0.455923488 0.316639397 0.459001610
317.800000000 -0.064332620 -0.444855186 -9.957853241 -0.006558339 -0.700830161 0.085696483 0.708131475 -0.286636822 0.337968604 0.664780334
317.900000000 -0.277147576 -0.385541990 -9.985547538 -0.004966993 -0.700591961 0.082990966 0.708702147 -0.289102859 0.297464520 0.460053527
318.000000000 -0.261068068 -0.422396526 -9.976628114 -0.001319904 -0.700123633 0.079776319 0.709549783 -0.250499187 0.160798587 0.134128534
318.100000000 -0.159407818 -0.383792089 -10.070731731 0.007638893 -0.699238551 0.075126217 0.710888984 -0.098215848 -0.015034263 -0.238596087
318.200000000 -0.177106738 -0.387877959 -10.048176309 0.018085872 -0.698580034 0.066763359 0.712180799 0.104639483 -0.007176456 -0.188937876
318.300000000 -0.152078615 -0.390962747 -10.010938921 0.029488187 -0.696815164 0.056117051 0.714443805 0.266341445 -0.032469014 -0.041265888
318.400000000 -0.137733712 -0.394102098 -9.979754572 0.039714357 -0.694995762 0.045850105 0.716450577 0.148672742 0.138894136 -0.121334174
318.500000000 -0.131574549 -0.396138633 -9.972213180 0.046004146 -0.693298570 0.039220283 0.718110354 -0.025921050 0.441952597 -0.253437617
318.600000000 -0.115215948 -0.309585245 -9.999830902 0.049752641 -0.692218968 0.036234374 0.719058165 -0.180090687 0.874402584 -0.505080581
318.700000000 -0.058573386 -0.176604303 -10.020743413 0.050601651 -0.691886476 0.035778852 0.719341679 -0.288478800 0.823350479 -0.489888178
318.800000000 0.011711986 -0.011782750 -10.050972816 0.050936357 -0.691721349 0.035426385 0.719494290 -0.149937268 0.494144765 0.021187973
318.900000000 -0.029568404 -0.088048633 -10.096869870 0.051646561 -0.691388687 0.035256011 0.719771720 -0.011505556 0.107814283 0.463324346
319.000000000 -0.204397201 -0.123750152 -10.024083423 0.051840774 -0.691356661 0.035172526 0.719792606 0.093644761 -0.151308095 0.625929469
319.100000000 -0.204397201 -0.123750152 -10.024083423 0.051840774 -0.691356661 0.035172526 0.719792606 0.123797155 -0.017212716 0.362491091
319.200000000 -0.204397201 -0.123750152 -10.024083423 0.051840774 -0.691356661 0.035172526 0.719792606 0.006874514 -0.001261389 0.018755108
319.300000000 -0.204397201 -0.123750152 -10.024083423 0.051840774 -0.691356661 0.035172526 0.719792606 0.000000000 0.000000000 0.000000000
319.400000000 -0.204397201 -0.123750152 -10.024083423 0.051840774 -0.691356661 0.035172526 0.719792606 0.000000000 0.000000000 0.000000000
319.500000000 -0.204397201 -0.123750152 -10.024083423 0.051840774 -0.691356661 0.035172526 0.719792606 0.000000000 0.000000000 0.000000000
319.600000000 -0.204397201 -0.123750152 -10.024083423 0.051840774 -0.691356661 0.035172526 0.719792606 0.000000000 0.000000000 0.000000000
319.700000000 -0.204397201 -0.123750152 -10.024083423 0.051840774 -0.691356661 0.035172526 0.719792606 0.000000000 0.000000000 0.000000000
319.800000000 -0.204397201 -0.123750152 -10.024083423 0.051840774 -0.691356661 0.035172526 0.719792606 0.000000000 0.000000000 0.000000000
319.900000000 -0.204397201 -0.123750152 -10.024083423 0.051840774 -0.691356661 0.035172526 0.719792606 0.000000000 0.000000000 0.000000000
320.000000000 -0.204397201 -0.123750152 -10.024083423 0.051840774 -0.691356661 0.035172526 0.719792606 0.000000000 0.000000000 0.000000000
320.100000000 -0.204397201 -0.123750152 -10.024083423 0.051840774 -0.691356661 0.035172526 0.719792606 0.000000000 0.000000000 0.000000000
320.200000000 -0.204397201 -0.123750152 -10.024083423 0.051840774 -0.691356661 0.035172526 0.719792606 0.000000000 0.000000000 0.000000000
320.300000000 -0.204397201 -0.123750152 -10.024083423 0.051840774 -0.691356661 0.035172526 0.719792606 0.000000000 0.000000000 0.000000000
320.400000000 -0.204397201 -0.123750152 -10.024083423 0.051840774 -0.691356661 0.035172526 0.719792606 0.000000000 0.000000000 0.000000000
320.500000000 -0.204397201 -0.123750152 -10.024083423 0.051840774 -0.691356661 0.035172526 0.719792606 -0.002413539 -0.006080966 0.004015304
320.600000000 -0.204397201 -0.123750152 -10.024083423 0.051840774 -0.691356661 0.035172526 0.719792606 -0.015113797 -0.032793319 0.034427811
320.700000000 -0.204397201 -0.123750152 -10.024083423 0.051840774 -0.691356661 0.035172526 0.719792606 -0.001970759 -0.043107385 0.125349868
320.800000000 -0.219692955 -0.141789476 -10.029963422 0.045536684 -0.690208752 0.014248514 0.722035504 0.040049669 -0.056141230 0.275357751
320.900000000 -0.256736401 -0.143091732 -10.025721501 0.040168894 -0.689902246 -0.002563039 0.722782665 0.049827799 -0.055317178 0.351218664
321.000000000 -0.312639850 -0.155661762 -10.001988565 0.042062635 -0.690937688 0.004030432 0.721678323 0.035953514 -0.022589428 0.384593192
321.100000000 -0.331204138 -0.158868918 -10.007578406 0.048460732 -0.691884197 0.018459126 0.720143789 -0.035829665 0.033546806 0.270159592
321.200000000 -0.384508144 -0.159430399 -10.008482178 0.051538205 -0.692310581 0.026866621 0.719255210 -0.080906834 0.067974268 0.116082776
321.300000000 -0.358788709 -0.136315142 -10.029968221 0.050557425 -0.692095960 0.026588666 0.719541640 -0.116065378 0.047018243 -0.005506314
321.400000000 -0.358788709 -0.136315142 -10.029968221 0.050557425 -0.692095960 0.026588666 0.719541640 -0.164032448 -0.008567560 -0.176217346
321.500000000 -0.360747429 -0.141323733 -10.047310698 0.050849097 -0.691977621 0.027011846 0.719619137 -0.157102014 -0.044946513 -0.193221244
321.600000000 -0.297598314 -0.146806183 -10.082695024 0.051011838 -0.691891971 0.027597650 0.719667744 -0.138545935 0.021812897 -0.154638246
321.700000000 -0.295268422 -0.138357178 -10.085948606 0.051197711 -0.691795579 0.027644677 0.719745402 -0.013477358 0.144825455 -0.106406248
321.800000000 -0.329413140 -0.115802754 -10.104261890 0.051168011 -0.691475480 0.027901826 0.720045126 0.039381024 0.274000026 -0.081741677
321.900000000 -0.296294542 -0.083609001 -10.061351215 0.051241675 -0.691281547 0.027743548 0.720232191 0.049706523 0.392644916 -0.125767953
322.000000000 -0.275936169 -0.041367428 -10.071759901 0.050625888 -0.691338443 0.027815507 0.720218352 0.050418899 0.486827399 -0.190464316
322.100000000 -0.272624302 0.021178453 -10.064926863 0.049703543 -0.691012684 0.027167376 0.720619846 -0.038255343 0.563091553 -0.153576386
322.200000000 -0.244509383 0.083229498 -10.053262915 0.049102425 -0.690664190 0.026664301 0.721013830 -0.032867538 0.585586696 -0.156161629
322.300000000 -0.271636537 0.149109844 -10.086428847 0.048030713 -0.690341756 0.026126954 0.721414370 0.030916495 0.596791604 -0.192104287
322.400000000 -0.230287999 0.199445739 -10.077210941 0.047856212 -0.690276612 0.025484041 0.721511293 0.102169081 0.627103134 -0.179270941
322.500000000 -0.200508957 0.272437106 -10.027749796 0.048725177 -0.690091778 0.024612851 0.721660171 0.067571191 0.680430959 -0.040930522
322.600000000 -0.176400382 0.341035746 -10.006023257 0.048588113 -0.690300297 0.023638772 0.721502532 -0.013337533 0.707586234 0.061478791
322.700000000 -0.291796003 0.411154520 -10.066631214 0.050196815 -0.690251656 0.022586643 0.721472643 -0.086678240 0.666647830 0.100230061
322.800000000 -0.269921607 0.476267568 -10.048974998 0.050413723 -0.690495871 0.022265708 0.721233767 -0.047740016 0.613071555 0.054256858
322.900000000 -0.273189155 0.527246658 -10.052682533 0.049213387 -0.690660361 0.021387981 0.721185734 0.031599944 0.597175002 -0.044072971
323.000000000 -0.278959260 0.586855853 -10.038651827 0.049140143 -0.691040005 0.020897907 0.720841339 0.006045515 0.601884775 0.011779140
323.100000000 -0.286472715 0.657949516 -10.038633362 0.048582425 -0.691598288 0.020042231 0.720367868 -0.003011584 0.582405493 0.048941412
323.200000000 -0.302798758 0.712128390 -10.037263547 0.046565054 -0.691952404 0.019234792 0.720183025 -0.004359045 0.544048081 0.101271080
323.300000000 -0.305507318 0.759768899 -10.037358370 0.041390214 -0.692547888 0.018530304 0.719945068 0.310040930 0.624844104 0.422709371
323.400000000 -0.341615804 0.802507757 -10.030659496 0.038285395 -0.692807956 0.017079228 0.719902539 0.535054947 0.644304822 0.582839767
323.500000000 -0.543713536 0.922189359 -9.824393485 0.037933161 -0.693160408 0.016861621 0.719586972 0.458955921 0.590028732 0.617187778
323.600000000 -0.511543229 0.927825970 -9.829180594 0.038282573 -0.693243921 0.016965972 0.719485557 0.159701400 0.486701446 0.522519424
323.700000000 -0.559128296 0.960263527 -9.892080351 0.038927324 -0.693295202 0.017347823 0.719392438 -0.244260312 0.396822169 0.241124708
323.800000000 -0.593288254 0.987555961 -9.924036988 0.039442727 -0.693362451 0.017537747 0.719294940 -0.479144529 0.481055061 -0.208798747
323.900000000 -0.609955683 1.062379959 -9.929030788 0.040780199 -0.693183139 0.012922801 0.719490870 -0.604539588 0.547181676 -0.658463972
324.000000000 -0.349466161 1.121196118 -10.028566859 0.047700901 -0.692061041 0.009155967 0.720202963 -0.648553663 0.469990514 -0.796676436
324.100000000 -0.324799423 1.199195454 -10.145557948 0.051663698 -0.692467566 0.009007138 0.719540412 -0.524158273 0.252129172 -0.565772470
324.200000000 -0.335084536 1.215607284 -10.142010916 0.029579222 -0.692201012 -0.003999718 0.721087256 -0.222409631 0.057222543 -0.062548036
324.300000000 -0.352159653 1.186602574 -10.139168060 0.029299280 -0.690857519 -0.005836591 0.722373431 -0.023053474 -0.082111104 0.063866555
324.400000000 -0.360826728 1.172572270 -10.140476461 0.027613647 -0.690883238 -0.006571059 0.722408928 0.018570274 -0.087245193 0.037250066
324.500000000 -0.360826728 1.172572270 -10.140476461 0.027613647 -0.690883238 -0.006571059 0.722408928 -0.003025381 -0.027670811 0.009971311
324.600000000 -0.360826728 1.172572270 -10.140476461 0.027613647 -0.690883238 -0.006571059 0.722408928 0.000000000 0.000000000 0.000000000
324.700000000 -0.360826728 1.172572270 -10.140476461 0.027613647 -0.690883238 -0.006571059 0.722408928 0.000000000 0.000000000 0.000000000
324.800000000 -0.360826728 1.172572270 -10.140476461 0.027613647 -0.690883238 -0.006571059 0.722408928 0.000000000 0.000000000 0.000000000
324.900000000 -0.360826728 1.172572270 -10.140476461 0.027613647 -0.690883238 -0.006571059 0.722408928 0.000000000 0.000000000 0.000000000
325.000000000 -0.360826728 1.172572270 -10.140476461 0.027613647 -0.690883238 -0.006571059 0.722408928 0.000000000 0.000000000 0.000000000
325.100000000 -0.360826728 1.172572270 -10.140476461 0.027613647 -0.690883238 -0.006571059 0.722408928 0.000000000 0.000000000 0.000000000
325.200000000 -0.360826728 1.172572270 -10.140476461 0.027613647 -0.690883238 -0.006571059 0.722408928 0.000000000 0.000000000 0.000000000
325.300000000 -0.360826728 1.172572270 -10.140476461 0.027613647 -0.690883238 -0.006571059 0.722408928 0.000000000 0.000000000 0.000000000
325.400000000 -0.360826728 1.172572270 -10.140476461 0.027613647 -0.690883238 -0.006571059 0.722408928 0.000000000 0.000000000 0.000000000
325.500000000 -0.360826728 1.172572270 -10.140476461 0.027613647 -0.690883238 -0.006571059 0.722408928 0.000000000 0.000000000 0.000000000
325.600000000 -0.360826728 1.172572270 -10.140476461 0.027613647 -0.690883238 -0.006571059 0.722408928 0.000000000 0.000000000 0.000000000
325.700000000 -0.360826728 1.172572270 -10.140476461 0.027613647 -0.690883238 -0.006571059 0.722408928 0.000000000 0.000000000 0.000000000
325.800000000 -0.360826728 1.172572270 -10.140476461 0.027613647 -0.690883238 -0.006571059 0.722408928 0.000000000 0.000000000 0.000000000
325.900000000 -0.360826728 1.172572270 -10.140476461 0.027613647 -0.690883238 -0.006571059 0.722408928 0.000000000 0.000000000 0.000000000
