0.065342000 0.000000000 0.000000000 0.000000000 -0.000000000 -0.000000000 -0.000000000 1.000000000
0.165343000 0.000000000 0.000000000 0.000000000 -0.000000000 -0.000000000 -0.000000000 1.000000000
0.265258000 0.000000000 0.000000000 0.000000000 -0.000000000 -0.000000000 -0.000000000 1.000000000
0.365208000 0.000000000 0.000000000 0.000000000 -0.000000000 -0.000000000 -0.000000000 1.000000000
0.465196000 0.000000000 0.000000000 0.000000000 -0.000000000 -0.000000000 -0.000000000 1.000000000
0.565255000 0.000000000 0.000000000 0.000000000 -0.000000000 -0.000000000 -0.000000000 1.000000000
0.665338000 0.000000000 0.000000000 0.000000000 -0.000000000 -0.000000000 -0.000000000 1.000000000
0.765444000 0.000000000 0.000000000 0.000000000 -0.000000000 -0.000000000 -0.000000000 1.000000000
0.865505000 0.000000000 0.000000000 0.000000000 -0.000000000 -0.000000000 -0.000000000 1.000000000
0.965496000 0.000000000 0.000000000 0.000000000 -0.000000000 -0.000000000 -0.000000000 1.000000000
1.065447000 0.000000000 0.000000000 0.000000000 -0.000000000 -0.000000000 -0.000000000 1.000000000
1.165457000 0.000000000 0.000000000 0.000000000 -0.000000000 -0.000000000 -0.000000000 1.000000000
1.265385000 0.000000000 0.000000000 0.000000000 -0.000000000 -0.000000000 -0.000000000 1.000000000
1.365333000 0.000000000 0.000000000 0.000000000 -0.000000000 -0.000000000 -0.000000000 1.000000000
1.465337000 0.000000000 0.000000000 0.000000000 -0.000000000 -0.000000000 -0.000000000 1.000000000
1.565355000 0.000000000 0.000000000 0.000000000 -0.000000000 -0.000000000 -0.000000000 1.000000000
1.665394000 0.000000000 0.000000000 0.000000000 -0.000000000 -0.000000000 -0.000000000 1.000000000
1.765431000 0.000000000 0.000000000 0.000000000 -0.000000000 -0.000000000 -0.000000000 1.000000000
1.865431000 0.000000000 0.000000000 0.000000000 -0.000000000 -0.000000000 -0.000000000 1.000000000
1.965417000 0.000000000 0.000000000 0.000000000 -0.000000000 -0.000000000 -0.000000000 1.000000000
2.065379000 0.000000000 0.000000000 0.000000000 -0.000000000 -0.000000000 -0.000000000 1.000000000
2.165472000 0.000000000 0.000000000 0.000000000 -0.000000000 -0.000000000 -0.000000000 1.000000000
2.265517000 0.000000000 0.000000000 0.000000000 -0.000000000 -0.000000000 -0.000000000 1.000000000
2.365615000 0.000000000 0.000000000 0.000000000 -0.000000000 -0.000000000 -0.000000000 1.000000000
2.465688000 0.000000000 0.000000000 0.000000000 -0.000000000 -0.000000000 -0.000000000 1.000000000
2.565694000 0.000000000 0.000000000 0.000000000 -0.000000000 -0.000000000 -0.000000000 1.000000000
2.665626000 0.000000000 0.000000000 0.000000000 -0.000000000 -0.000000000 -0.000000000 1.000000000
2.765480000 0.000000000 0.000000000 0.000000000 -0.000000000 -0.000000000 -0.000000000 1.000000000
2.865305000 0.003916922 -0.004926429 0.010370613 -0.000008104 0.000371357 0.000096785 0.999999926
2.965135000 0.006397244 -0.009058130 0.032910217 0.000012510 -0.000053513 0.000024868 0.999999998
3.065036000 -0.006218991 -0.013078953 0.027167343 0.000005110 -0.000552225 -0.000848624 0.999999487
3.165080000 -0.003375359 -0.007884483 0.026532166 0.000060195 -0.000516109 -0.001259887 0.999999071
3.265104000 -0.008260072 -0.000968985 0.001327580 0.000068930 -0.000357939 -0.001284237 0.999999109
3.365186000 -0.008847499 -0.002840353 0.006971865 0.000064983 0.000090895 -0.001241132 0.999999224
3.465288000 -0.010819847 -0.001993142 0.010879097 -0.000050018 -0.000016431 -0.001292516 0.999999163
3.565400000 -0.013672751 -0.013349167 0.016521933 0.000879672 -0.000509846 -0.000044433 0.999999482
3.665486000 -0.004370140 -0.002870754 0.021270913 -0.000142501 0.000020657 -0.001844321 0.999998289
3.765567000 -0.003273140 -0.009703959 0.022267210 0.000349598 -0.000237824 -0.000536774 0.999999767
3.865595000 -0.003140639 -0.013533017 0.024878256 0.000366771 -0.000642071 -0.000612891 0.999999539
3.965591000 -0.003383361 -0.011608014 0.027338571 0.000370707 -0.000638226 -0.000577336 0.999999561
4.065531000 -0.046122563 -0.067998154 0.045191706 0.005861945 -0.005561466 0.004497006 0.999957241
4.165534000 -0.041980190 -0.066658241 0.041054661 0.005773704 -0.005120827 0.004586152 0.999959704
4.265424000 0.004739346 -0.006039645 -0.001079922 0.000183888 0.002515607 -0.000674596 0.999996591
4.365315000 -0.009978503 -0.013577384 0.014552250 0.000663281 0.000423965 -0.000440408 0.999999593
4.465255000 -0.048501793 -0.036912282 0.058142859 0.001910227 -0.005517085 0.000120910 0.999982949
4.565249000 -0.048501793 -0.036912282 0.058142859 0.001910227 -0.005517085 0.000120910 0.999982949
4.665313000 -0.049553467 -0.036245326 0.052250669 0.001910712 -0.005621511 0.000099995 0.999982369
4.765391000 -0.053275846 -0.034968874 0.023107222 0.002053412 -0.006918846 0.000038064 0.999973955
4.865516000 -0.045738130 -0.029367678 0.011075128 0.001985343 -0.006259296 0.000062181 0.999978438
4.965507000 -0.050794782 -0.027342538 0.004644271 0.002037090 -0.006132369 0.000093669 0.999979118
5.065643000 -0.043494697 -0.026519681 -0.031386681 0.002230801 -0.006128368 0.000089419 0.999978729
5.165951000 -0.041160615 -0.028881823 -0.023346756 0.002411782 -0.006233869 0.000049948 0.999977660
5.266121000 -0.039789281 -0.029720308 -0.038442622 0.002665947 -0.006297035 -0.000203805 0.999976599
5.366190000 -0.036949639 -0.029501442 -0.041959693 0.003018045 -0.007603301 -0.000247707 0.999966509
5.466203000 -0.037556107 -0.026733736 -0.024301867 0.003487868 -0.009546750 -0.000540065 0.999948200
5.566125000 -0.035687140 -0.043459615 0.008290600 0.004101332 -0.013413832 -0.001549113 0.999900419
5.666080000 -0.032894097 -0.066670530 0.039167116 0.004812187 -0.021762070 -0.002719130 0.999747899
5.766098000 -0.039566064 -0.092840674 0.084709975 0.005315541 -0.030053450 -0.005065353 0.999521324
5.866079000 -0.041659881 -0.103742978 0.113978286 0.004966908 -0.036369214 -0.006830104 0.999302737
5.966076000 -0.044701912 -0.107524594 0.136844253 0.004849608 -0.044693062 -0.009144212 0.998947143
6.066371000 -0.054987727 -0.122667046 0.181180996 0.006552790 -0.052145481 -0.011273184 0.998554368
6.167130000 -0.066786451 -0.154579949 0.258345561 0.009440390 -0.058143923 -0.013715607 0.998169347
6.267914000 -0.078270443 -0.184542706 0.333237458 0.012288405 -0.060867645 -0.011085286 0.998008638
6.368629000 -0.082047528 -0.193374780 0.319978454 0.009548550 -0.062655406 -0.013653456 0.997896141
6.469516000 -0.085502141 -0.211017987 0.318269013 0.008353482 -0.063938607 -0.015741334 0.997794710
6.570368000 -0.078416324 -0.238957426 0.316922096 0.008026041 -0.062895215 -0.020986442 0.997767179
6.670993000 -0.084026231 -0.283138404 0.340659684 0.004885810 -0.058074916 -0.035483524 0.997669461
6.771279000 -0.085306188 -0.329585541 0.349961238 0.001796023 -0.054499141 -0.040752293 0.997680244
6.871285000 -0.073631518 -0.372831298 0.374165015 0.004000374 -0.055379388 -0.026323996 0.998110298
6.971115000 -0.057594546 -0.424481524 0.400971196 0.004884594 -0.056073264 -0.015832206 0.998289172
7.070994000 -0.044147924 -0.471262383 0.411467906 0.004530497 -0.056350625 -0.012862407 0.998317905
7.171136000 -0.035273086 -0.513721864 0.426413307 0.003209088 -0.056428951 -0.010714503 0.998343966
7.271368000 -0.027662679 -0.559421066 0.444928986 0.003702742 -0.056079215 -0.011773606 0.998350036
7.371613000 -0.023677670 -0.604559530 0.462156770 0.001848823 -0.055518301 -0.012113747 0.998382470
7.471789000 -0.024300371 -0.653897392 0.479690981 -0.026334322 -0.055270437 -0.010605809 0.998067733
7.571761000 -0.025902501 -0.691253655 0.496442362 -0.051224234 -0.054909126 -0.011166071 0.997114028
7.671541000 -0.028365700 -0.720615163 0.512225712 -0.057032941 -0.052866212 -0.017822259 0.996812306
7.771162000 -0.026038042 -0.745505637 0.515593820 -0.048141904 -0.052775842 -0.018349371 0.997276475
7.870738000 -0.028945389 -0.767007644 0.513442823 -0.037376472 -0.053310415 -0.015418162 0.997759129
7.970470000 -0.032269009 -0.784733334 0.488416204 -0.025945903 -0.053200886 -0.013189716 0.998159560
8.070540000 -0.036546294 -0.803870964 0.464749169 -0.011098670 -0.052680946 -0.012456509 0.998472019
8.170917000 -0.037743627 -0.825817663 0.443487420 -0.003079632 -0.052413739 -0.012137687 0.998546941
8.271215000 -0.035483845 -0.863252365 0.445059580 -0.001073437 -0.053146761 -0.012059292 0.998513316
8.371414000 -0.037872351 -0.889046191 0.443570288 0.003532346 -0.051786481 -0.018536557 0.998479884
8.471664000 -0.045483839 -0.915609285 0.419764477 0.014348970 -0.048496831 -0.030004334 0.998269455
8.571804000 -0.051909523 -0.946197916 0.400210273 0.023512876 -0.045729842 -0.040214592 0.997867082
8.671731000 -0.042881526 -0.965700225 0.401866343 0.022195107 -0.046457874 -0.038114480 0.997946055
8.771611000 -0.018648395 -0.996921273 0.420271878 0.020630573 -0.050006075 -0.026136792 0.998193689
8.871588000 -0.002916528 -1.032371510 0.429233728 0.017016252 -0.052922333 -0.018593663 0.998280496
8.971692000 0.008913153 -1.072826724 0.431954087 0.014620526 -0.054476655 -0.015027249 0.998294904
9.071848000 0.016565472 -1.116060654 0.440796165 0.006964811 -0.055678823 -0.013807379 0.998328962
9.171938000 0.025561413 -1.161376639 0.450394696 0.007150629 -0.056099366 -0.013532626 0.998307867
9.271789000 0.032830074 -1.208780901 0.464844260 0.007662688 -0.056153986 -0.013687374 0.998298888
9.371429000 0.038333241 -1.261445615 0.478208004 0.010358776 -0.055918497 -0.014722313 0.998273044
9.471095000 0.043687373 -1.314804638 0.503139751 0.012011299 -0.056055333 -0.013886880 0.998258826
9.570960000 0.049674929 -1.365767553 0.534528489 0.006053681 -0.056062489 -0.013931386 0.998311708
9.670957000 0.052692378 -1.416181039 0.569362810 0.001305094 -0.056239718 -0.013771468 0.998321460
9.770914000 0.056467919 -1.467031170 0.601723669 0.000367610 -0.056154374 -0.013680375 0.998328302
9.870697000 0.059025055 -1.516090449 0.640661315 -0.002247541 -0.054540062 -0.018532486 0.998337056
9.970450000 0.057937594 -1.560730118 0.678574487 -0.004465096 -0.051994493 -0.027647132 0.998254613
10.070385000 0.061416737 -1.607550499 0.719199919 -0.009963219 -0.045503981 -0.048101947 0.997755644
10.170543000 0.069367866 -1.650175349 0.763890753 -0.014410229 -0.037037693 -0.075078077 0.996385386
10.270761000 0.090279110 -1.687422576 0.808531029 -0.016156717 -0.029623811 -0.093800571 0.995019017
10.370965000 0.125972388 -1.707583091 0.854808230 -0.016979570 -0.027805470 -0.085349580 0.995818256
10.471059000 0.170247067 -1.723003893 0.894354968 -0.015215700 -0.026611986 -0.068400911 0.997186843
10.570878000 0.230241310 -1.730421931 0.944456231 -0.013043548 -0.028421901 -0.043769608 0.998552093
10.670534000 0.293360514 -1.732607694 0.990894724 -0.013511810 -0.034039880 -0.019802319 0.999132917
10.770210000 0.357498944 -1.735499800 1.044110578 -0.013372406 -0.038264655 -0.010060323 0.999127512
10.869948000 0.419055594 -1.739912041 1.099725540 -0.013654559 -0.042569074 -0.007348795 0.998973184
10.969808000 0.478292735 -1.744059991 1.152786077 -0.013469387 -0.047354371 -0.007570537 0.998758643
11.069763000 0.534045364 -1.756237440 1.206388460 -0.012955066 -0.051779188 -0.008856311 0.998535251
11.169931000 0.586934802 -1.775302451 1.253390532 -0.013173803 -0.055456831 -0.010460031 0.998319377
11.269947000 0.639308385 -1.796316729 1.302058332 -0.012716269 -0.058403751 -0.011393670 0.998147025
11.369887000 0.689008907 -1.820434027 1.349851098 -0.012449367 -0.059228702 -0.012010965 0.998094540
11.469670000 0.734511817 -1.844090340 1.392147222 -0.012813766 -0.058637246 -0.012258645 0.998121839
11.569473000 0.775549037 -1.867487216 1.429782342 -0.013009863 -0.056899406 -0.010645983 0.998238380
11.669295000 0.816731727 -1.886909604 1.470768786 -0.016846997 -0.058557216 0.008007465 0.998109769
11.769154000 0.852144592 -1.902241348 1.522013533 -0.017624362 -0.053495004 0.008978077 0.998372205
11.869126000 0.881878886 -1.916563534 1.561440604 -0.016200782 -0.045200370 0.004131015 0.998838023
11.969080000 0.907757774 -1.923996456 1.605271728 -0.014160451 -0.036330021 -0.000893599 0.999239117
12.069056000 0.931700280 -1.930451723 1.651705030 -0.013632274 -0.028878132 -0.002951580 0.999485619
12.169159000 0.953688006 -1.933701585 1.701460657 -0.020080525 -0.023166861 -0.002072760 0.999527775
12.269086000 0.977110197 -1.934789641 1.757125280 -0.031194594 -0.019159948 -0.002345358 0.999326920
12.369185000 0.994687962 -1.930774966 1.795542850 -0.041287754 -0.017581984 -0.001314127 0.998991726
12.469487000 1.011458478 -1.928948053 1.833738239 -0.030950574 -0.017155556 -0.002026831 0.999371623
12.569817000 1.026763000 -1.929231292 1.865125203 -0.021726889 -0.017360250 -0.002207566 0.999610770
12.670282000 1.041485932 -1.934704742 1.895104385 -0.016708895 -0.017334479 -0.003128732 0.999705226
12.770842000 1.053741437 -1.946984556 1.917040591 -0.014749126 -0.017967901 -0.002527658 0.999726577
12.871327000 1.066703287 -1.964323725 1.940691814 -0.016072255 -0.018907180 -0.002999796 0.999687552
12.971634000 1.082120456 -1.976808573 1.972218279 -0.015648032 -0.018628977 -0.003602530 0.999697515
13.071809000 1.099067971 -1.996590735 1.999592953 -0.015882895 -0.019879185 -0.003645644 0.999669576
13.171960000 1.111283786 -2.014620697 2.026367241 -0.015489468 -0.021746496 -0.004328766 0.999634147
13.271925000 1.121008557 -2.039572459 2.065348351 -0.015858527 -0.021481490 -0.013496673 0.999552346
13.371883000 1.140850419 -2.066591699 2.127261758 -0.015029235 -0.019714113 -0.020416729 0.999484183
13.471768000 1.152162724 -2.086329535 2.162439808 -0.013183609 -0.022329200 -0.011239629 0.999600555
13.571604000 1.161704393 -2.109309406 2.190636145 -0.013571202 -0.023179520 -0.007376545 0.999611984
13.671390000 1.171623761 -2.133489812 2.216685647 -0.012237061 -0.022462521 -0.005081718 0.999659875
13.771060000 1.176702990 -2.154375555 2.250214193 -0.012806076 -0.021637318 -0.003932364 0.999676131
13.870733000 1.187382029 -2.177809444 2.282541084 -0.011366620 -0.019749020 -0.003679802 0.999733582
13.970369000 1.181314937 -2.193447555 2.282696071 -0.005085841 -0.018014354 -0.002485814 0.999821703
14.070028000 1.182764217 -2.215167935 2.309321041 -0.000786889 -0.014224289 -0.002934732 0.999894213
14.169973000 1.183719817 -2.240909151 2.349033628 0.000810856 -0.010734235 -0.001427097 0.999941039
14.270000000 1.185071775 -2.268866524 2.391396341 -0.003264241 -0.006387884 0.000113619 0.999974263
14.370138000 1.185959506 -2.291182821 2.433728430 -0.010303971 -0.000658248 0.002368319 0.999943891
14.470316000 1.183378184 -2.307035413 2.478597231 -0.012526934 0.006313767 0.002938150 0.999897284
14.570361000 1.181713598 -2.319751358 2.526142371 -0.015056407 0.013209392 0.005839283 0.999782336
14.670168000 1.177133314 -2.328659549 2.573861572 -0.015286174 0.020402564 0.009156375 0.999633047
14.769977000 1.172507603 -2.335243333 2.619343255 -0.015726557 0.029253274 0.010387131 0.999394331
14.869916000 1.167618557 -2.347295626 2.665696381 -0.020626849 0.036541726 0.012608175 0.999039674
14.970099000 1.161595768 -2.357931603 2.723768125 -0.033855259 0.042204892 0.013237678 0.998447461
15.070584000 1.155813406 -2.375918489 2.775658714 -0.041781105 0.046093521 0.014314620 0.997960329
15.171197000 1.148255592 -2.396700996 2.814862900 -0.046338065 0.049857130 0.014433996 0.997576418
15.271608000 1.138974058 -2.417809899 2.841304479 -0.048657708 0.054310008 0.013955124 0.997240244
15.371633000 1.128814380 -2.437329730 2.853067849 -0.046729032 0.058711724 0.020617587 0.996967525
15.471121000 1.119078677 -2.454759589 2.852996424 -0.041436034 0.061297830 0.039158193 0.996489973
15.570258000 1.101580299 -2.467663181 2.847119480 -0.036552090 0.068314817 0.045081021 0.995974263
15.669549000 1.085408146 -2.471574791 2.848895097 -0.036155547 0.076713001 0.050185594 0.995132804
15.769314000 1.063919996 -2.468771981 2.867050768 -0.038706837 0.085942097 0.053279128 0.994121256
15.869533000 1.039043837 -2.455188084 2.869425910 -0.039634746 0.096591968 0.056132719 0.992949242
15.970106000 1.008464052 -2.437155602 2.877921564 -0.042653227 0.105745900 0.059803969 0.991676355
16.070691000 0.972961704 -2.414715667 2.887408803 -0.045066998 0.111249109 0.064124264 0.990697068
16.171177000 0.929702633 -2.393314354 2.877938168 -0.042880191 0.117052939 0.058269725 0.990487021
16.271372000 0.880766291 -2.374026823 2.859642186 -0.033919225 0.123585445 0.047180023 0.990631197
16.371544000 0.833150991 -2.359869366 2.845342930 -0.026149133 0.127257986 0.040726117 0.990688150
16.471676000 0.785678773 -2.349617561 2.820172062 -0.021356731 0.129348695 0.038328537 0.990627947
16.571591000 0.735670281 -2.343923108 2.794770326 -0.019116391 0.131409687 0.037421624 0.990437116
16.671364000 0.689389715 -2.342682939 2.770035882 -0.017686109 0.132747333 0.036784117 0.990309182
16.771007000 0.641424948 -2.345517989 2.746002592 -0.013054656 0.133925527 0.037746597 0.990186207
16.870416000 0.594687045 -2.352910749 2.721255670 -0.011148818 0.135393433 0.039430252 0.989944229
16.969794000 0.546781788 -2.364730141 2.699745249 -0.010565221 0.137283606 0.041214194 0.989617592
17.069148000 0.500365987 -2.380778594 2.678864114 -0.010857680 0.139336326 0.042793727 0.989260429
17.168755000 0.452381216 -2.398038785 2.655081882 -0.011018526 0.141766346 0.044385560 0.988843171
17.268414000 0.403059750 -2.412970740 2.642237073 -0.011398383 0.144805811 0.044773098 0.988380860
17.368390000 0.358773068 -2.428739131 2.620600884 -0.012065792 0.146599366 0.046808642 0.988014167
17.468515000 0.320883056 -2.444961584 2.616374146 -0.015330294 0.138664198 0.065574159 0.988047191
17.568853000 0.274576227 -2.457047064 2.618211462 -0.014713842 0.133873174 0.064070829 0.988815658
17.669235000 0.228760820 -2.469567390 2.616739227 -0.013619716 0.131657582 0.056492757 0.989590498
17.769574000 0.168915634 -2.483709904 2.599975728 -0.013770588 0.128543082 0.046060118 0.990537991
17.869891000 0.103400117 -2.496532445 2.586729693 -0.012485169 0.125328962 0.040205435 0.991221617
17.970157000 0.040908201 -2.499964260 2.577672130 -0.013321323 0.119494296 0.036216262 0.992084693
18.070463000 -0.025255120 -2.500443725 2.571152871 -0.011551743 0.111748268 0.025823523 0.993333795
18.170873000 -0.089955050 -2.517151923 2.558882292 -0.028583882 0.108512400 -0.009313594 0.993640417
18.271137000 -0.145632490 -2.523345675 2.544456541 -0.055586213 0.106743852 -0.051658606 0.991386560
18.371118000 -0.183523922 -2.525394321 2.524666721 -0.062138765 0.100315485 -0.069187887 0.990600128
18.470790000 -0.201657309 -2.525051242 2.502975750 -0.059827905 0.088319192 -0.065226892 0.992152103
18.570396000 -0.203797713 -2.526882616 2.474101267 -0.056764836 0.074934650 -0.056249840 0.993981140
18.670004000 -0.193384567 -2.529249981 2.439357593 -0.048521603 0.063330373 -0.041918380 0.995930604
18.769538000 -0.170261660 -2.532522770 2.399650499 -0.032390882 0.052981180 -0.017346906 0.997919290
18.869150000 -0.142547234 -2.545504553 2.349406641 -0.017888078 0.045759677 0.001411229 0.998791308
18.968958000 -0.114717444 -2.563278632 2.300937211 -0.015050984 0.043154361 0.008330274 0.998920305
19.068969000 -0.099722368 -2.580731398 2.271407827 -0.010451811 0.042414256 0.012056422 0.998972689
19.169051000 -0.085079174 -2.592513239 2.261335995 -0.010237894 0.042932892 0.013613363 0.998932745
19.269261000 -0.078829155 -2.604125661 2.222590893 -0.009888547 0.043402369 0.014680133 0.998900868
19.369589000 -0.055054658 -2.611039321 2.162452445 -0.009412796 0.044523486 0.015657972 0.998841272
19.469752000 -0.035427410 -2.617698605 2.117421508 0.004022781 0.046172768 0.016405376 0.998790647
19.569611000 -0.015401627 -2.612595816 2.082229790 0.024127178 0.047547094 0.017473376 0.998424676
19.669091000 -0.001941398 -2.604193268 2.054552128 0.034535327 0.048374147 0.018089539 0.998068145
19.768578000 0.007078357 -2.594574925 2.039690375 0.040353500 0.050022485 0.012975676 0.997848174
19.868147000 0.016677893 -2.588955771 2.033928481 0.037173230 0.054558398 -0.002790435 0.997814485
19.967863000 0.027196556 -2.588233217 2.040983388 0.020966613 0.060509827 -0.024852055 0.997637879
20.067791000 0.043412249 -2.584595204 2.056611900 0.004474960 0.060929919 -0.024477907 0.997831825
20.168192000 0.068132921 -2.579780052 2.079384772 -0.004018183 0.058575213 -0.014889375 0.998163867
20.268860000 0.098677795 -2.578666787 2.096309858 -0.008032438 0.053981842 0.000960306 0.998509148
20.369665000 0.133173865 -2.579236194 2.117305617 -0.011591308 0.051762093 0.008862236 0.998552847
20.470333000 0.163569098 -2.587011158 2.133392997 -0.011683139 0.050999945 0.011061191 0.998569056
20.570632000 0.192383375 -2.591451749 2.151354861 -0.011378822 0.050354378 0.013663771 0.998573112
20.670779000 0.224712645 -2.600236118 2.169563896 -0.011821536 0.050461962 0.014099676 0.998556479
20.770893000 0.244461255 -2.610794382 2.193032282 -0.010115324 0.052581516 0.006253220 0.998545824
20.870837000 0.267440793 -2.625414550 2.201043683 -0.009062583 0.056870313 -0.006879654 0.998316737
20.970675000 0.298438121 -2.639989902 2.211296369 -0.009097354 0.058892729 -0.011793074 0.998153199
21.070430000 0.333030931 -2.655874864 2.221722889 -0.010432777 0.056031779 0.000561802 0.998374319
21.170198000 0.366370074 -2.669092729 2.237557827 -0.008732104 0.053349195 0.010470440 0.998482841
21.269832000 0.397760366 -2.683883143 2.253774544 -0.007261317 0.052186759 0.014201422 0.998509957
21.369358000 0.429039982 -2.703265833 2.269593833 -0.007709262 0.051480185 0.015302536 0.998527010
21.468779000 0.457371633 -2.721899906 2.290761555 -0.008833534 0.051184913 0.014265162 0.998548235
21.568150000 0.498959114 -2.749153487 2.278400305 -0.007469909 0.050558050 0.015293664 0.998576080
21.667843000 0.527809692 -2.763878526 2.300836597 -0.008143360 0.049691139 0.015441477 0.998612055
21.768285000 0.549135407 -2.779562413 2.328999576 -0.007382874 0.048555796 0.015493130 0.998673015
21.869213000 0.573531789 -2.807245337 2.341138708 -0.006619332 0.047904218 0.014652490 0.998722521
21.970125000 0.599473676 -2.826452943 2.365589770 -0.008221459 0.046831376 0.013718184 0.998774770
22.070867000 0.616271114 -2.838070109 2.381842859 -0.008074436 0.046244728 0.013373365 0.998807980
22.171290000 0.616090538 -2.844727744 2.403093656 -0.008355743 0.044581425 0.013176569 0.998883905
22.271212000 0.632445077 -2.847257679 2.420317171 -0.008122192 0.044014859 0.012865247 0.998915015
22.370789000 0.642786378 -2.849098448 2.452147969 -0.007854533 0.045700525 0.006552965 0.998902812
22.470085000 0.654726812 -2.843776548 2.487368889 -0.007312307 0.048880979 -0.003862810 0.998770373
22.569302000 0.673951751 -2.834547640 2.534153673 -0.006502212 0.049967408 -0.007192978 0.998703780
22.668604000 0.674818277 -2.818882288 2.556611834 -0.005721561 0.047974566 0.000135331 0.998832161
22.768067000 0.688359544 -2.803828452 2.591467404 -0.002560968 0.046703918 0.003604715 0.998898990
22.867767000 0.708353269 -2.786146566 2.618911026 -0.001367199 0.045995232 0.006343898 0.998920580
22.967781000 0.726007216 -2.771658181 2.650700934 -0.001645287 0.045081414 0.009102636 0.998940489
23.068008000 0.742642548 -2.760274300 2.705305660 -0.004116337 0.045305706 0.007608860 0.998935711
23.168587000 0.762430941 -2.751246814 2.732460677 -0.003706961 0.045282402 0.007338901 0.998940390
23.269240000 0.783206778 -2.742571686 2.763818749 -0.001103261 0.045687460 0.006898020 0.998931357
23.369691000 0.812189682 -2.737383870 2.787755350 -0.003379419 0.046202361 0.007186051 0.998900537
23.469929000 0.839234863 -2.734400441 2.819505355 -0.005505876 0.046095738 0.009484166 0.998876829
23.569977000 0.854158636 -2.725934968 2.861161341 -0.004989987 0.046348720 0.009761945 0.998865156
23.669884000 0.877651178 -2.723414076 2.886045487 -0.005117591 0.046464094 0.011380451 0.998842021
23.769756000 0.889718563 -2.724845260 2.907297550 -0.005413527 0.046068765 0.012589817 0.998844262
23.869706000 0.903109002 -2.719441992 2.920681911 -0.004869174 0.045261722 0.012815130 0.998881094
23.969792000 0.904881422 -2.722475191 2.925143838 -0.003308384 0.048630951 -0.004783767 0.998799880
24.070009000 0.913008088 -2.722721604 2.937414650 -0.002288939 0.049268873 -0.005902696 0.998765487
24.170146000 0.942639769 -2.719981022 2.984598764 -0.002939860 0.047662559 0.001197869 0.998858450
24.270024000 0.969415173 -2.722416589 3.026050650 -0.003418187 0.048398269 0.001257222 0.998821477
24.369690000 0.989914204 -2.715557140 3.061015621 -0.003411339 0.049238197 0.007615099 0.998752208
24.469281000 1.007291084 -2.717264805 3.067380053 -0.003307953 0.052231876 0.011401349 0.998564418
24.568896000 1.022752906 -2.720810856 3.091691375 -0.000583645 0.057248091 0.014241427 0.998258232
24.668790000 1.041154380 -2.722719472 3.116843152 0.000180537 0.062400029 0.016600257 0.997913140
24.768864000 1.062895999 -2.725337592 3.152255941 -0.000122860 0.068249826 0.017071770 0.997522181
24.869066000 1.068528983 -2.718294719 3.154887388 0.002490289 0.072204662 0.019416315 0.997197720
24.969190000 1.089063036 -2.721204737 3.188917239 0.002202611 0.076762825 0.019691579 0.996852476
25.069130000 1.107376500 -2.715179427 3.226394011 0.006492704 0.082894683 0.013487756 0.996445882
25.169165000 1.128428755 -2.721564141 3.271073273 0.005781149 0.092437839 0.000480022 0.995701559
25.269221000 1.149932528 -2.720632156 3.314818458 0.004709675 0.099899070 0.001903171 0.994984609
25.369382000 1.177708019 -2.718352261 3.367902695 0.002844023 0.103801669 0.015155269 0.994478478
25.469698000 1.209506404 -2.719115120 3.427416678 0.002608946 0.110565158 0.023030044 0.993598589
25.569802000 1.239561683 -2.724403857 3.477772936 0.003133410 0.117348290 0.028331215 0.992681672
25.669703000 1.267945295 -2.734510967 3.531325010 0.001321103 0.124897286 0.029441841 0.991731869
25.769513000 1.297173847 -2.752290430 3.586167025 0.000885950 0.132273822 0.033194573 0.990656838
25.869272000 1.322386820 -2.769077911 3.632350982 0.000630960 0.140747031 0.036977146 0.989354621
25.969016000 1.349881372 -2.777944106 3.689580102 0.000157117 0.149130324 0.040265707 0.987997366
26.068870000 1.374827173 -2.779036641 3.760222412 0.000489752 0.158220127 0.043559600 0.986442453
26.168953000 1.400401159 -2.781434420 3.824995848 0.000133191 0.167444220 0.049463495 0.984639923
26.268935000 1.425456593 -2.785134256 3.884446536 -0.004292473 0.172033477 0.076510078 0.982106036
26.368785000 1.442875192 -2.789312153 3.940301222 -0.009617840 0.176726638 0.097867379 0.979335065
26.468584000 1.451332182 -2.798085063 3.987905299 -0.019878055 0.180297185 0.116257234 0.976515255
26.568646000 1.445675295 -2.798446973 4.030767013 -0.030682421 0.186035920 0.122560596 0.974386025
26.669111000 1.426558161 -2.795574732 4.056977280 -0.023754813 0.192682638 0.115925903 0.974099736
26.769650000 1.396250905 -2.792165576 4.074312590 -0.013079181 0.201612393 0.098068830 0.974455685
26.869925000 1.356976589 -2.784587951 4.089098839 -0.007786997 0.207459644 0.088684910 0.974184195
26.969909000 1.316369009 -2.774323984 4.107101443 -0.003966054 0.212811741 0.082481953 0.973597535
27.069508000 1.268385216 -2.768474750 4.127503824 0.000205414 0.218826030 0.069345237 0.973296648
27.168870000 1.223851122 -2.760688326 4.141059068 0.001531363 0.223457491 0.062212055 0.972725071
27.268083000 1.179456026 -2.755937313 4.157381509 0.003526369 0.226983989 0.060054453 0.972038732
27.367329000 1.141564892 -2.753573488 4.172662107 0.003351558 0.229512743 0.059806319 0.971460690
27.466795000 1.095566927 -2.749021008 4.193788973 0.004139663 0.231909019 0.059721782 0.970893598
27.566623000 1.051969706 -2.750431309 4.205812129 0.004376876 0.234258398 0.060991491 0.970249393
27.666744000 1.006937393 -2.757368848 4.213566184 0.003737606 0.237209587 0.061925976 0.969475537
27.767213000 0.962463490 -2.765161774 4.225818298 -0.002299034 0.239669073 0.061377308 0.968909839
27.867856000 0.919348028 -2.771091995 4.245979257 -0.005568361 0.242775832 0.060958579 0.968149235
27.968290000 0.876894534 -2.784913743 4.262183011 -0.010622285 0.244958368 0.060764257 0.967569258
28.068615000 0.841451794 -2.802631799 4.254325519 -0.012249015 0.246087726 0.061425978 0.967221610
28.168965000 0.804059084 -2.821745765 4.251127807 -0.013603138 0.247226028 0.061084441 0.966934815
28.269175000 0.768057533 -2.844872396 4.245827614 -0.015237145 0.248839827 0.060333516 0.966543551
28.369304000 0.733949990 -2.869651485 4.244993862 -0.015901431 0.249558043 0.060256443 0.966352466
28.469326000 0.704330836 -2.899555795 4.229265463 -0.019500502 0.250097127 0.059471220 0.966195804
28.569343000 0.675553524 -2.931610073 4.210558276 -0.023045302 0.251242587 0.057718818 0.965926816
28.669172000 0.647015593 -2.964763863 4.191171695 -0.025264080 0.251740886 0.057290158 0.965767099
28.768920000 0.622516756 -2.998495999 4.170810632 -0.031049601 0.252301471 0.055532186 0.965554797
28.868707000 0.600213451 -3.031710007 4.142658916 -0.042232796 0.252865165 0.052710735 0.965141015
28.968623000 0.586597951 -3.055359110 4.096486699 -0.046402781 0.253852646 0.051126336 0.964775473
29.068623000 0.573263197 -3.072465013 4.058075243 -0.049782105 0.254317414 0.051264446 0.964477243
29.168691000 0.561950855 -3.073809123 4.016373290 -0.051936519 0.254912450 0.052170209 0.964157928
29.268514000 0.554669903 -3.067356374 3.961680936 -0.049350920 0.255624095 0.053061196 0.964056699
29.368196000 0.549547400 -3.048765237 3.903499507 -0.045355180 0.256705371 0.053265068 0.963954404
29.467846000 0.548669918 -3.022453957 3.838621738 -0.043039569 0.256873105 0.053045854 0.964027977
29.567521000 0.554802081 -2.996246081 3.763820366 -0.037085160 0.256579157 0.053082660 0.964351626
29.667203000 0.566617471 -2.968388243 3.683836289 -0.021874364 0.255268910 0.056459513 0.964972341
29.767099000 0.578791886 -2.944315025 3.602059518 -0.012185504 0.252570271 0.059713389 0.965657332
29.867306000 0.593767166 -2.921914259 3.515814803 0.003212654 0.249523021 0.065401803 0.966152444
29.967630000 0.602548723 -2.897563812 3.428957307 0.014432043 0.248218975 0.069014027 0.966134629
30.068092000 0.616872762 -2.876061287 3.342400510 0.037146583 0.249833122 0.076465896 0.964549900
30.168721000 0.623108870 -2.854088278 3.262048039 0.045954031 0.254537894 0.081339701 0.962539631
30.269151000 0.623340194 -2.831654946 3.187249581 0.045199417 0.261575477 0.083573425 0.960495063
30.369377000 0.613905215 -2.814872801 3.125222170 0.028899474 0.270386476 0.081585727 0.958853348
30.469662000 0.601510285 -2.788301447 3.067607410 0.017565356 0.279489380 0.079172072 0.956717789
30.569919000 0.586900176 -2.759913950 3.008877509 0.012664375 0.288276769 0.078152886 0.954268434
30.669974000 0.569232943 -2.731775813 2.956169746 0.011166209 0.295124206 0.078023236 0.952202391
30.769957000 0.555058429 -2.702043458 2.898409667 0.013610002 0.300138678 0.078873067 0.950531736
30.869739000 0.534449573 -2.672975918 2.843431296 0.011897459 0.303499955 0.078546028 0.949513954
30.969155000 0.511476389 -2.640557012 2.790934242 0.021303384 0.311422666 0.058314925 0.948241245
31.068472000 0.495768882 -2.611857200 2.745231214 0.025831311 0.318435831 0.040012672 0.946747248
31.167992000 0.479126817 -2.585177349 2.705723948 0.026454580 0.322572911 0.032773017 0.945607107
31.267552000 0.472686261 -2.558351732 2.669118968 0.022668195 0.323132399 0.039463688 0.945258813
31.367457000 0.470796833 -2.535785997 2.642418821 0.018868191 0.322868178 0.047981244 0.945038587
31.467541000 0.476700794 -2.517624271 2.615935209 0.018959827 0.323069561 0.053676595 0.944661530
31.567618000 0.512136607 -2.497465859 2.574161982 0.013030948 0.320226239 0.068561199 0.944767015
31.667712000 0.514090718 -2.483264519 2.547306761 0.010964807 0.318580948 0.077111173 0.944690330
31.767770000 0.536975404 -2.473239183 2.514723854 0.010641053 0.318201964 0.080781862 0.944514991
31.867767000 0.534189711 -2.465255038 2.505144067 0.009297673 0.318970357 0.080926744 0.944257553
31.967730000 0.538715157 -2.465151875 2.487507314 0.010857291 0.319216764 0.082551050 0.944017003
32.067807000 0.552292730 -2.461850201 2.457402243 0.009821485 0.320080514 0.083227208 0.943676446
32.168221000 0.561159971 -2.462311156 2.430505334 0.010202674 0.321875595 0.083207943 0.943063330
32.268576000 0.557450969 -2.464469966 2.407078379 0.010136748 0.323305893 0.083184452 0.942576730
32.368833000 0.554756169 -2.460167212 2.382101097 0.010021578 0.324840117 0.083707965 0.942003951
32.469000000 0.564846350 -2.446102948 2.358672746 0.009962210 0.326844661 0.084569482 0.941233937
32.569043000 0.594850918 -2.438983625 2.336797585 0.010046519 0.329738573 0.084928879 0.940190739
32.668927000 0.573879804 -2.421668652 2.329586864 0.010440624 0.331394125 0.085686027 0.939535434
32.768715000 0.549455350 -2.395657443 2.321470193 0.010414357 0.333157039 0.085390899 0.938938935
32.868423000 0.541520290 -2.364096769 2.303816238 0.010610685 0.334994171 0.085121438 0.938307337
32.968084000 0.528826676 -2.332646791 2.287326565 0.011484481 0.336696967 0.085690430 0.937635542
33.067729000 0.514083430 -2.305709275 2.273621573 0.011486653 0.338463183 0.085126170 0.937050834
33.167481000 0.498075911 -2.286565499 2.258136277 0.013525929 0.340690924 0.081224631 0.936562493
33.267161000 0.484025025 -2.281832204 2.236090695 0.023326998 0.348919657 0.055029916 0.935244691
33.367107000 0.474248178 -2.279932327 2.219934619 0.026371452 0.352122222 0.048391712 0.934330097
33.467447000 0.489942112 -2.283004957 2.199331730 0.020896057 0.350519263 0.059934451 0.934402195
33.568183000 0.497501808 -2.287116548 2.191117180 0.015802376 0.345240094 0.075381213 0.935348724
33.669031000 0.504211282 -2.297546552 2.186030056 0.011983006 0.339427781 0.080399872 0.937113147
33.769642000 0.506588151 -2.313587228 2.180646660 0.012026037 0.331006237 0.081287355 0.940043941
33.869905000 0.509489312 -2.331735584 2.175892027 0.012365937 0.321293869 0.079995838 0.943513646
33.969887000 0.508065482 -2.354169296 2.171065621 0.010468494 0.312015894 0.075574304 0.947008457
34.069727000 0.503073747 -2.379620827 2.166879395 0.014422404 0.303876547 0.065984721 0.950314188
34.169705000 0.503896864 -2.405690149 2.161098668 0.013883835 0.295524534 0.069171424 0.952726510
34.269558000 0.502822337 -2.447644335 2.140046976 0.014385674 0.291986634 0.071064976 0.953670083
34.369427000 0.498525135 -2.475981096 2.134615295 0.015385910 0.293715937 0.072153180 0.953041521
34.469393000 0.503228096 -2.514353667 2.115695587 0.015337184 0.296258507 0.073556159 0.952147656
34.569429000 0.505399193 -2.542134254 2.104109109 0.014554086 0.297590157 0.074259476 0.951689974
34.669642000 0.512897374 -2.580834054 2.086248560 0.014587657 0.293604877 0.073744194 0.952966511
34.770137000 0.504683087 -2.607025872 2.085622347 0.015914907 0.284589378 0.070246193 0.955939890
34.870609000 0.499034136 -2.629048896 2.085073612 0.016856851 0.273026372 0.064649114 0.959683770
34.970743000 0.489569173 -2.644878407 2.086718815 0.017705003 0.261509689 0.059231692 0.963218990
35.070408000 0.479260348 -2.648769565 2.092979032 0.018480051 0.252462739 0.051682668 0.966048630
35.169890000 0.473817277 -2.651965040 2.094474027 0.020498845 0.245776725 0.044144831 0.968103730
35.269209000 0.460918941 -2.650640197 2.094822525 0.023497199 0.245031066 0.030336644 0.968755566
35.368555000 0.450574693 -2.652882664 2.102558085 0.027456906 0.247720659 0.012157571 0.968366040
35.468107000 0.454423060 -2.655454281 2.105533976 0.024580365 0.245048924 0.023092414 0.968923924
35.567968000 0.476680701 -2.658850096 2.107384218 0.023651217 0.243065932 0.032643522 0.969171797
35.668092000 0.497439608 -2.663973586 2.126882972 0.018861724 0.240430019 0.048304877 0.969280290
35.768417000 0.504859099 -2.670022558 2.143152224 0.015655212 0.240482539 0.054864266 0.968975219
35.868847000 0.508137228 -2.678758730 2.141271017 0.015598188 0.240388446 0.057620282 0.968839509
35.969174000 0.517235050 -2.684206105 2.163410609 0.015001730 0.240734967 0.057571741 0.968765771
36.069346000 0.531441629 -2.695152359 2.175542260 0.015468007 0.240721131 0.059055694 0.968672547
36.169436000 0.553012242 -2.698885986 2.196390600 0.014544960 0.241492006 0.059825045 0.968447737
36.269308000 0.573639388 -2.709350020 2.205762161 0.010513008 0.242056475 0.058660806 0.968430198
36.369135000 0.584664249 -2.717729835 2.219916618 0.005151117 0.242389985 0.056597786 0.968512907
36.468894000 0.593226220 -2.722529999 2.236283251 0.004936850 0.242150398 0.056174655 0.968598586
36.568664000 0.592800423 -2.730979571 2.256587668 0.009299877 0.242283643 0.055719690 0.968559479
36.668504000 0.586622410 -2.727309231 2.293657871 0.011988235 0.244784229 0.043202738 0.968540390
36.768525000 0.597346089 -2.722822240 2.299477463 0.011696318 0.244304903 0.045175092 0.968574995
36.868618000 0.597607079 -2.710613319 2.315287814 0.012237363 0.245158159 0.041939015 0.968498241
36.968734000 0.607248967 -2.693280031 2.338541871 0.012173637 0.245989291 0.039684507 0.968383298
37.069014000 0.613812569 -2.683249181 2.363809857 0.011095995 0.247687478 0.034476383 0.968162781
37.169402000 0.632486181 -2.666960929 2.376622327 0.010342599 0.247169377 0.039561418 0.968109097
37.269504000 0.654113863 -2.649971370 2.397128892 0.011710396 0.247052300 0.046967677 0.967792367
37.369410000 0.668728351 -2.628751024 2.422653105 0.013498365 0.247350639 0.053234639 0.967368352
37.469219000 0.686447372 -2.612217625 2.444323498 0.015272593 0.248794792 0.056870918 0.966764500
37.569116000 0.677201968 -2.600195369 2.465235875 0.016354837 0.249957165 0.058182765 0.966368822
37.669107000 0.652093633 -2.589671876 2.504931131 0.018308431 0.250939076 0.060245614 0.965952818
37.769078000 0.643930096 -2.587371866 2.521333665 0.016194116 0.249710976 0.067510416 0.965828413
37.868994000 0.664973827 -2.590659955 2.525810035 0.008651967 0.246123926 0.083519364 0.965594466
37.968835000 0.673168265 -2.598903735 2.534819183 -0.013743941 0.241261410 0.106132113 0.964541347
38.068515000 0.700952901 -2.601840588 2.509819999 -0.027819246 0.239872784 0.111086207 0.964026447
38.168410000 0.700985036 -2.609541630 2.517539934 -0.028362778 0.239035034 0.114010910 0.963877232
38.268396000 0.675323730 -2.605019032 2.497290193 -0.019008115 0.239911803 0.110121011 0.964341424
38.368545000 0.645550791 -2.592463262 2.467214272 -0.000135866 0.244240138 0.096223080 0.964928938
38.468802000 0.607056623 -2.573031400 2.436626155 0.012286090 0.250366678 0.076041496 0.965082001
38.569000000 0.565603094 -2.542106729 2.405343368 0.017113919 0.254212630 0.065107854 0.964802581
38.669053000 0.522352814 -2.510746241 2.377812329 0.020511069 0.256700999 0.059737631 0.964424859
38.769072000 0.484774166 -2.483775015 2.347574501 0.021409216 0.258122839 0.057219246 0.964178512
38.869243000 0.446026505 -2.462155207 2.318627595 0.020551613 0.258610162 0.055819924 0.964148615
38.969533000 0.404770375 -2.439759437 2.293936610 0.020417865 0.258789200 0.055276081 0.964134750
39.069870000 0.368591888 -2.418153459 2.257033022 0.020019483 0.258896898 0.055886737 0.964078985
39.170161000 0.330247801 -2.398447460 2.232505962 0.020754907 0.259077954 0.056395337 0.963985173
39.270186000 0.289104365 -2.383970517 2.205349570 0.021094755 0.259266835 0.057253483 0.963876423
39.369907000 0.249020739 -2.369299363 2.180348744 0.021265618 0.260461578 0.057733390 0.963521871
39.469455000 0.211998093 -2.353613340 2.154014044 0.021381784 0.261807920 0.059145168 0.963068680
39.569145000 0.174995665 -2.338568383 2.121433863 0.021475337 0.262669759 0.060890522 0.962723092
39.669007000 0.136924307 -2.328953275 2.086499181 0.020511827 0.264158551 0.059995781 0.962392867
39.769062000 0.100378181 -2.319472733 2.059754354 0.019729835 0.265484013 0.059686088 0.962063690
39.869220000 0.059618279 -2.316098161 2.037434207 0.020104967 0.266500346 0.060221888 0.961741483
39.969248000 0.017248742 -2.310669970 2.013804029 0.020540884 0.267394243 0.060297264 0.961479397
40.069114000 -0.020905591 -2.301756469 1.985778995 0.020466608 0.268474021 0.060084776 0.961193340
40.168961000 -0.055174745 -2.286866161 1.937137353 0.021057642 0.269789660 0.060633465 0.960777653
40.268704000 -0.096801634 -2.273531876 1.892111321 0.021695795 0.272168633 0.055013182 0.960430673
40.368551000 -0.137759934 -2.267505650 1.873653807 0.028581901 0.279917380 0.028070184 0.959187886
40.468486000 -0.166173575 -2.267541005 1.837257571 0.024573441 0.276937171 0.046844036 0.959430865
40.568502000 -0.194612487 -2.255908669 1.795392402 0.021449183 0.275144925 0.056185253 0.959519890
40.668550000 -0.215199666 -2.247057684 1.763101981 0.020217181 0.274471597 0.060681493 0.959465666
40.768359000 -0.245964825 -2.244967117 1.748095439 0.019784772 0.274647922 0.061713312 0.959358405
40.867924000 -0.277017552 -2.244724650 1.731375530 0.019310179 0.274842570 0.062557266 0.959257665
40.967491000 -0.311226426 -2.245802105 1.720740491 0.020898808 0.275702875 0.062582745 0.958975789
41.067410000 -0.344707525 -2.248861356 1.706799956 0.021643823 0.276349746 0.062278325 0.958792873
41.167816000 -0.379916841 -2.247022980 1.704020657 0.020972833 0.277369291 0.063002947 0.958465985
41.268381000 -0.414809000 -2.250615885 1.695503613 0.020681374 0.278225188 0.063749354 0.958174851
41.368906000 -0.446139291 -2.254922337 1.685570309 0.020176529 0.279575434 0.063784361 0.957790186
41.469271000 -0.483025625 -2.252791449 1.687653020 0.020068577 0.280526206 0.064080103 0.957494668
41.569255000 -0.521235767 -2.250061999 1.687326704 0.018785195 0.280964615 0.064651927 0.957353712
41.668988000 -0.557672793 -2.244214743 1.685202270 0.020261212 0.281746605 0.064958786 0.957072981
41.768679000 -0.600108224 -2.234951564 1.701500951 0.020308744 0.282473001 0.065709800 0.956806553
41.868582000 -0.641432737 -2.224732788 1.708599553 0.020884723 0.283561361 0.066872187 0.956391601
41.968628000 -0.687633404 -2.216604742 1.722678613 0.021092817 0.284168359 0.067527826 0.956160776
42.068741000 -0.731752428 -2.207693063 1.731199951 0.017880362 0.285314461 0.067998517 0.955851533
42.168814000 -0.779318602 -2.195182689 1.749019451 0.011475013 0.287261108 0.064575531 0.955604197
42.268615000 -0.834174075 -2.178979640 1.779472001 -0.004987002 0.288505359 0.060312211 0.955563826
42.368230000 -0.875698208 -2.160995078 1.794269971 -0.010506162 0.288444027 0.058486490 0.955651084
42.467741000 -0.911481581 -2.135649439 1.814841820 -0.001059518 0.287116722 0.061468014 0.955920786
42.567349000 -0.960874226 -2.104792527 1.840778920 0.011612920 0.284461983 0.064966523 0.956413023
42.667217000 -1.018604001 -2.077731929 1.874499710 0.018772667 0.282456759 0.067018685 0.956751934
42.767276000 -1.055819525 -2.049719071 1.890929434 0.012405598 0.282831503 0.064250549 0.956934851
42.867435000 -1.101759629 -2.018388587 1.915484847 0.018200572 0.280821157 0.064449465 0.957420745
42.967615000 -1.140566309 -1.998273318 1.941887586 0.018656455 0.279036574 0.064990088 0.957897080
43.067827000 -1.175317661 -1.969853110 1.942383928 0.022106114 0.276942232 0.065885495 0.958370190
43.168210000 -1.208979901 -1.943022472 1.932857425 0.022875733 0.276136143 0.066085640 0.958570926
43.268481000 -1.240980515 -1.919414269 1.922252262 0.020284137 0.275119633 0.065831075 0.958939003
43.368792000 -1.273364391 -1.897386707 1.909970062 0.019420529 0.276324196 0.056003598 0.959234788
43.469166000 -1.304546033 -1.879554576 1.903017977 0.032885501 0.282536502 0.028916831 0.958256482
43.569629000 -1.315489394 -1.858795628 1.894301593 0.027729211 0.276989556 0.048509946 0.959246924
43.669984000 -1.339011456 -1.838695329 1.897501396 0.025173341 0.273280140 0.058809598 0.959805032
43.770133000 -1.360984859 -1.824014661 1.901683666 0.024019719 0.270961740 0.063260019 0.960208810
43.870173000 -1.380645519 -1.819201937 1.903611018 0.013092758 0.270499977 0.060540804 0.960725327
43.970168000 -1.401188338 -1.815486652 1.899870834 -0.023323132 0.272434146 0.053031032 0.960428747
44.070006000 -1.414460524 -1.805268697 1.887827489 -0.033618746 0.274361020 0.048917159 0.959793166
44.169821000 -1.418546422 -1.796667951 1.853242715 -0.034302038 0.275394622 0.050702871 0.959380212
44.269546000 -1.418588719 -1.781029173 1.813663736 -0.017889483 0.275132319 0.055115784 0.959658493
44.369396000 -1.413660235 -1.763133027 1.776509959 0.005551325 0.275847395 0.060348708 0.959289024
44.469167000 -1.406616242 -1.751110221 1.739752001 0.020757508 0.275628920 0.057793565 0.959300645
44.568919000 -1.399524834 -1.735207569 1.704119154 0.024900697 0.270132897 0.063872931 0.960379311
44.668788000 -1.392979465 -1.723162201 1.668303237 0.027191108 0.263572555 0.066277150 0.961975827
44.768813000 -1.386923989 -1.718765789 1.628287671 0.027339975 0.256613332 0.065351050 0.963914604
44.868986000 -1.383792041 -1.708896863 1.601398931 0.027884362 0.248773106 0.063893330 0.966049712
44.969189000 -1.383305062 -1.705723316 1.576955392 0.028372477 0.239123413 0.061537785 0.968621751
45.069266000 -1.381007728 -1.704370109 1.547011810 0.028232805 0.228606050 0.059195207 0.971307423
45.169179000 -1.380179555 -1.706061643 1.514012816 0.027518844 0.217825121 0.055010215 0.974047641
45.268828000 -1.384634851 -1.708497352 1.501467018 0.027912880 0.206620260 0.052672292 0.976603588
45.368506000 -1.390336323 -1.709480646 1.483597702 0.027478712 0.196619372 0.049651273 0.978836296
45.468131000 -1.397726229 -1.708901056 1.470616108 0.027949807 0.190347410 0.045286773 0.980273319
45.567776000 -1.403883085 -1.704773437 1.462720544 0.029113435 0.186239496 0.039662879 0.981271682
45.667448000 -1.408377436 -1.695229317 1.452231460 0.028532456 0.183094248 0.030930735 0.982194321
45.766920000 -1.411573579 -1.672595076 1.448813315 0.031642942 0.180697072 0.018977117 0.982846459
45.866278000 -1.404985482 -1.646622293 1.431684678 0.034054586 0.176980674 0.010969830 0.983563821
45.965682000 -1.394591429 -1.621223579 1.423168176 0.033996220 0.172019359 0.004193424 0.984497848
46.065404000 -1.382365307 -1.582895838 1.429293861 0.034283335 0.165463781 -0.000254904 0.985619767
46.165512000 -1.360218375 -1.543036320 1.435446627 0.034529544 0.159823778 -0.007059621 0.986516210
46.265836000 -1.325885245 -1.508496020 1.438204500 0.034146749 0.153369920 -0.009675229 0.987531294
46.366343000 -1.284593352 -1.473452110 1.453651305 0.029388443 0.141583901 0.008516742 0.989453275
46.467036000 -1.237415023 -1.436984564 1.463807720 0.026261095 0.131400347 0.023020476 0.990714066
46.567884000 -1.189934701 -1.404725876 1.476959438 0.024812113 0.125796821 0.029116230 0.991318195
46.668621000 -1.149200615 -1.369383214 1.497473051 0.024247809 0.122326712 0.030924231 0.991711607
46.769288000 -1.104964851 -1.337963416 1.506536293 0.023721624 0.118517222 0.032318027 0.992142378
46.869895000 -1.063511779 -1.309539125 1.523320844 0.023958081 0.115341953 0.031724719 0.992529993
46.970326000 -1.022776263 -1.279519860 1.534223355 0.023979235 0.112036297 0.030078666 0.992959283
47.070459000 -0.980000050 -1.254908633 1.539958458 0.024680554 0.108423814 0.029173154 0.993370059
47.170429000 -0.941804316 -1.226854681 1.548720604 0.023896277 0.103718889 0.028681421 0.993905798
47.270158000 -0.904048735 -1.206263074 1.558905713 0.023351261 0.100914468 0.027862073 0.994230704
47.369747000 -0.870917226 -1.198824988 1.576549328 -0.003213565 0.099933986 0.024039633 0.994698430
47.469505000 -0.839854530 -1.186118451 1.590108894 -0.022143754 0.098838585 0.021392378 0.994627043
47.569471000 -0.803478239 -1.175247370 1.588103248 -0.023051217 0.098521626 0.020712864 0.994652255
47.669603000 -0.769906094 -1.164476013 1.580327098 -0.020698372 0.098671430 0.020647114 0.994690516
47.769783000 -0.735714623 -1.149776433 1.563807527 -0.013012087 0.098341473 0.021330943 0.994838998
47.870032000 -0.696780635 -1.134810922 1.537544789 0.004549905 0.097300257 0.024373626 0.994946172
47.970032000 -0.660666326 -1.121242992 1.512994110 0.017358720 0.097158458 0.025928634 0.994779682
48.069910000 -0.625049662 -1.108942346 1.491936493 0.022679083 0.097775849 0.026888559 0.994586622
48.169874000 -0.590363260 -1.098239687 1.472229258 0.024654973 0.098080478 0.028457635 0.994465945
48.269804000 -0.552252166 -1.093270761 1.431524459 0.027053287 0.098888815 0.027958715 0.994337685
48.369722000 -0.508125262 -1.081483043 1.396203357 0.027857578 0.099766195 0.027839966 0.994231159
48.469566000 -0.451797401 -1.056390231 1.340146060 0.026759305 0.100370203 0.028796505 0.994173286
48.569487000 -0.413137846 -1.043036230 1.304284618 0.025910534 0.100879281 0.029051210 0.994136833
48.669436000 -0.378726360 -1.029884836 1.258083347 0.023742449 0.099403736 0.030277879 0.994302994
48.769342000 -0.333747138 -1.004278293 1.198332388 0.021739122 0.098324673 0.030499503 0.994449320
48.869187000 -0.277330850 -0.977513519 1.129351425 0.018832774 0.095730709 0.033962690 0.994649433
48.969029000 -0.226029930 -0.950088020 1.065771778 0.005901452 0.089377445 0.044613822 0.994980629
49.068816000 -0.193030435 -0.929291645 1.028914095 -0.007392201 0.083630400 0.049217290 0.995253219
49.168604000 -0.157054230 -0.899991566 0.960944104 -0.011404457 0.078048025 0.046801238 0.995785162
49.268411000 -0.146402398 -0.885109672 0.934875568 -0.002632561 0.074887744 0.034501401 0.996591465
49.368362000 -0.135032853 -0.873176506 0.906568479 0.004686885 0.070395508 0.026656631 0.997151909
49.468347000 -0.125122028 -0.858478285 0.873524323 0.006619813 0.065026098 0.021701179 0.997625603
49.568317000 -0.106494438 -0.838820800 0.815991547 0.006173561 0.058812451 0.018564502 0.998077323
49.668297000 -0.091582425 -0.824445094 0.771500833 0.004974119 0.054149348 0.014775252 0.998411137
49.768135000 -0.069109343 -0.804725365 0.711032611 0.003705080 0.049110332 0.013806046 0.998691064
49.867884000 -0.057548050 -0.810948975 0.666298325 0.008719911 0.043774555 0.013432684 0.998913067
49.967717000 -0.047853583 -0.814678501 0.633680077 0.013324958 0.038998866 0.013532867 0.999058755
50.067763000 -0.034665297 -0.820840047 0.597483160 0.016102152 0.034537310 0.013976464 0.999175937
50.167982000 -0.034493537 -0.838286724 0.595863411 0.021996201 0.030568222 0.014019636 0.999192274
50.268112000 -0.029316896 -0.848730727 0.593804573 0.022348843 0.028015120 0.012263858 0.999282383
50.368185000 -0.019697527 -0.858954843 0.578216838 0.022514654 0.026173440 0.012850417 0.999321224
50.468238000 -0.025826207 -0.878191550 0.601238197 0.018544542 0.024906784 0.013560110 0.999425773
50.568256000 -0.021445331 -0.886992722 0.614996908 0.015933918 0.023653392 0.014429825 0.999489073
50.668190000 -0.010086298 -0.881633866 0.595558404 0.017140141 0.022532717 0.013166260 0.999512452
50.768079000 0.013507717 -0.884907009 0.552956306 0.019252722 0.020211134 0.013837404 0.999514567
50.867877000 0.029450502 -0.868552930 0.526353553 0.020100902 0.017850796 0.014405053 0.999534790
50.967612000 0.037585431 -0.859890379 0.510979198 0.020727920 0.012690311 0.019287343 0.999518538
51.067357000 0.065886395 -0.807619765 0.460712415 0.013758791 0.006919558 0.026253966 0.999536665
51.167310000 0.080428262 -0.760066065 0.428099348 0.016122220 0.001066232 0.028321229 0.999468281
51.267401000 0.088644173 -0.719942361 0.402481601 0.019019328 -0.002068140 0.021544116 0.999584833
51.367681000 0.094271548 -0.674130256 0.365691856 0.030946869 -0.005310903 0.008654279 0.999469454
51.467974000 0.099936479 -0.626761408 0.327924759 0.035304551 -0.009766521 0.003184883 0.999323802
51.568194000 0.105493859 -0.577908426 0.296448488 0.034805763 -0.014758168 0.001370263 0.999284183
51.668372000 0.129688827 -0.519324316 0.230603931 0.033762937 -0.018497191 0.007279133 0.999232171
51.768346000 0.148059973 -0.467054575 0.175363710 0.032800333 -0.025177349 0.021638566 0.998910412
51.868299000 0.149130863 -0.412849362 0.136681599 0.035751826 -0.028813793 0.012322970 0.998869219
51.968178000 0.146099744 -0.360234883 0.095430644 0.036588160 -0.030997393 0.001493364 0.998848456
52.068025000 0.144792937 -0.307307110 0.053304317 0.040981122 -0.036897777 -0.001023841 0.998477868
52.168102000 0.143082975 -0.264416054 0.007181964 0.036872253 -0.043580763 0.006105162 0.998350580
52.268194000 0.137633114 -0.245277256 -0.005151479 0.021882481 -0.052980325 0.020073909 0.998153936
52.368471000 0.108162872 -0.228008082 -0.062537331 0.027534571 -0.053650188 0.002632169 0.998176626
52.468778000 0.079645604 -0.226166231 -0.087953641 0.033073685 -0.054867002 0.002007798 0.997943742
52.568812000 0.038656232 -0.247898832 -0.076271302 0.035989864 -0.055033888 -0.000768677 0.997835362
52.668737000 -0.011345324 -0.285749539 -0.026761869 0.037207192 -0.056147713 -0.002324769 0.997726242
52.768639000 -0.036300120 -0.300393464 -0.018151055 0.038926108 -0.056435285 -0.006059945 0.997628735
52.868694000 -0.067071014 -0.313294923 -0.007567770 0.033985288 -0.044579423 -0.061434769 0.996535722
52.968728000 -0.071817873 -0.298882974 -0.044314547 0.034822744 -0.047756533 -0.041632582 0.997383285
53.068629000 -0.060577485 -0.277638165 -0.067763028 0.035769589 -0.051848497 -0.019871506 0.997816312
53.168697000 -0.030079473 -0.253236618 -0.152628671 0.036559926 -0.053363595 -0.012264907 0.997830281
53.268685000 0.002414358 -0.242844295 -0.190386474 0.036615898 -0.054568462 -0.008545385 0.997801852
53.368638000 0.024826262 -0.240573706 -0.179965278 0.036312033 -0.054216824 -0.007174438 0.997842923
53.468580000 0.073924016 -0.242026840 -0.171016976 0.036838752 -0.054720441 -0.004903746 0.997809868
53.568413000 0.092824243 -0.238105004 -0.162269964 0.035519376 -0.056219213 0.000686718 0.997786201
53.668323000 0.095383071 -0.210482094 -0.189136506 0.036229973 -0.056371020 -0.007260686 0.997725904
53.768239000 0.098913583 -0.176642571 -0.198070775 0.036455881 -0.057670089 -0.015221217 0.997553730
53.868016000 0.097790054 -0.130949347 -0.233784199 0.036322175 -0.059167391 -0.015457096 0.997467292
53.967777000 0.100123933 -0.120382579 -0.243508686 0.036221636 -0.059171069 -0.014453808 0.997485772
54.067678000 0.100123933 -0.120382579 -0.243508686 0.036221636 -0.059171069 -0.014453808 0.997485772
54.167824000 0.100123933 -0.120382579 -0.243508686 0.036221636 -0.059171069 -0.014453808 0.997485772
54.268077000 0.107292697 -0.209514641 -0.183375745 0.034496886 -0.059462804 -0.019078990 0.997451819
54.368587000 0.109026082 -0.239182578 -0.103250231 0.034232016 -0.055701712 -0.017086593 0.997714156
54.469023000 0.117531544 -0.230280953 -0.075516795 0.035152041 -0.047557363 -0.009186662 0.998207512
54.569235000 0.091526977 -0.176263313 -0.181998157 0.039511229 -0.029017037 -0.007630556 0.998768566
54.668973000 0.089466979 -0.183350390 -0.173597011 0.045812778 -0.032120909 -0.009415126 0.998389098
54.769583000 0.080905090 -0.162440113 -0.220601057 0.046308040 -0.031531330 -0.010119600 0.998378152
54.869942000 0.080316093 -0.137160664 -0.192806816 0.046271495 -0.031443649 -0.010014388 0.998383673
54.969943000 0.075216236 -0.116195030 -0.260577393 0.046810891 -0.031765359 -0.009737910 0.998351078
55.069491000 0.061315870 -0.099596644 -0.302734102 0.047078083 -0.031776625 -0.010065491 0.998334907
55.168727000 0.056490555 -0.096278020 -0.297173545 0.046397432 -0.031664268 -0.010343419 0.998367501
55.267736000 0.065381584 -0.095553229 -0.305669051 0.046507882 -0.032323491 -0.010509936 0.998339496
55.366791000 0.065381584 -0.095553229 -0.305669051 0.046507882 -0.032323491 -0.010509936 0.998339496
55.466039000 0.065381584 -0.095553229 -0.305669051 0.046507882 -0.032323491 -0.010509936 0.998339496
55.565571000 -0.029426158 0.044177668 0.077828253 -0.008500492 -0.024613830 -0.012989213 0.999576501
55.665409000 -0.028973560 0.037348849 0.073649388 -0.008527327 -0.024250273 -0.012946744 0.999585710
55.765523000 -0.023997067 0.031980446 0.086379271 -0.008630205 -0.024256562 -0.012962407 0.999584471
55.865850000 -0.021973980 0.028678663 0.095105951 -0.008637878 -0.024475777 -0.013006684 0.999578486
55.966209000 -0.013369376 0.019206411 0.115398034 -0.008606310 -0.024685971 -0.013014605 0.999573486
56.066512000 -0.019184205 0.020852937 0.124229046 -0.008617563 -0.024650592 -0.013063328 0.999573627
56.166955000 -0.019184205 0.020852937 0.124229046 -0.008617563 -0.024650592 -0.013063328 0.999573627
56.267250000 -0.019184205 0.020852937 0.124229046 -0.008617563 -0.024650592 -0.013063328 0.999573627
56.367372000 -0.024972279 0.033542456 0.110323500 -0.008615149 -0.024897628 -0.013124870 0.999566719
56.467305000 -0.027475748 0.042648305 0.110355923 -0.008595101 -0.025020919 -0.013180835 0.999563076
56.567132000 -0.027475748 0.042648305 0.110355923 -0.008595101 -0.025020919 -0.013180835 0.999563076
56.666955000 -0.027475748 0.042648305 0.110355923 -0.008595101 -0.025020919 -0.013180835 0.999563076
56.766748000 -0.027475748 0.042648305 0.110355923 -0.008595101 -0.025020919 -0.013180835 0.999563076
56.866520000 -0.027475748 0.042648305 0.110355923 -0.008595101 -0.025020919 -0.013180835 0.999563076
56.966354000 -0.027475748 0.042648305 0.110355923 -0.008595101 -0.025020919 -0.013180835 0.999563076
