586.400000000 -0.281335000 -0.149233000 7.053620000 -0.004328998 -0.699163671 -0.010619995 0.714869664 0.000000000 0.000000000 0.000000000
586.500000000 -0.281335000 -0.149233000 7.053620000 -0.004328998 -0.699163671 -0.010619995 0.714869664 0.000000000 0.000000000 0.000000000
586.600000000 -0.281335000 -0.149233000 7.053620000 -0.004328998 -0.699163671 -0.010619995 0.714869664 0.000000000 0.000000000 0.000000000
586.700000000 -0.281335000 -0.149233000 7.053620000 -0.004328998 -0.699163671 -0.010619995 0.714869664 0.000000000 0.000000000 0.000000000
586.800000000 -0.281335000 -0.149233000 7.053620000 -0.004328998 -0.699163671 -0.010619995 0.714869664 0.000000000 0.000000000 0.000000000
586.900000000 -0.281335000 -0.149233000 7.053620000 -0.004328998 -0.699163671 -0.010619995 0.714869664 0.000000000 0.000000000 0.000000000
587.000000000 -0.281335000 -0.149233000 7.053620000 -0.004328998 -0.699163671 -0.010619995 0.714869664 0.000000000 0.000000000 0.000000000
587.100000000 -0.281335000 -0.149233000 7.053620000 -0.004328998 -0.699163671 -0.010619995 0.714869664 0.000000000 0.000000000 0.000000000
587.200000000 -0.281335000 -0.149233000 7.053620000 -0.004328998 -0.699163671 -0.010619995 0.714869664 0.000000000 0.000000000 0.000000000
587.300000000 -0.281335000 -0.149233000 7.053620000 -0.004328998 -0.699163671 -0.010619995 0.714869664 0.000000000 0.000000000 0.000000000
587.400000000 -0.281335000 -0.149233000 7.053620000 -0.004328998 -0.699163671 -0.010619995 0.714869664 0.000000000 0.000000000 0.000000000
587.500000000 -0.281335000 -0.149233000 7.053620000 -0.004328998 -0.699163671 -0.010619995 0.714869664 0.000000000 0.000000000 0.000000000
587.600000000 -0.281335000 -0.149233000 7.053620000 -0.004328998 -0.699163671 -0.010619995 0.714869664 0.000000000 0.000000000 0.000000000
587.700000000 -0.281335000 -0.149233000 7.053620000 -0.004328998 -0.699163671 -0.010619995 0.714869664 0.000000000 0.000000000 0.000000000
587.800000000 -0.281335000 -0.149233000 7.053620000 -0.004328998 -0.699163671 -0.010619995 0.714869664 0.000000000 0.000000000 0.000000000
587.900000000 -0.281335000 -0.149233000 7.053620000 -0.004328998 -0.699163671 -0.010619995 0.714869664 0.000000000 0.000000000 0.000000000
588.000000000 -0.281335000 -0.149233000 7.053620000 -0.004328998 -0.699163671 -0.010619995 0.714869664 0.000000000 0.000000000 0.000000000
588.100000000 -0.281335000 -0.149233000 7.053620000 -0.004328998 -0.699163671 -0.010619995 0.714869664 0.000000000 0.000000000 0.000000000
588.200000000 -0.281335000 -0.149233000 7.053620000 -0.004328998 -0.699163671 -0.010619995 0.714869664 0.000000000 0.000000000 0.000000000
588.300000000 -0.281335000 -0.149233000 7.053620000 -0.004328998 -0.699163671 -0.010619995 0.714869664 0.000000000 0.000000000 0.000000000
588.400000000 -0.281335000 -0.149233000 7.053620000 -0.004328998 -0.699163671 -0.010619995 0.714869664 0.000000000 0.000000000 0.000000000
588.500000000 -0.281335000 -0.149233000 7.053620000 -0.004328998 -0.699163671 -0.010619995 0.714869664 0.005423021 -0.002082407 0.008804311
588.600000000 -0.281335000 -0.149233000 7.053620000 -0.004328998 -0.699163671 -0.010619995 0.714869664 0.307558397 -0.091998608 0.510722893
588.700000000 -0.281335000 -0.149233000 7.053620000 -0.004328998 -0.699163671 -0.010619995 0.714869664 0.525506933 -0.170950195 0.873342691
588.800000000 -0.575960628 -0.199889500 7.237290564 -0.006171310 -0.699102518 -0.005989271 0.714969729 0.573941409 -0.217846922 0.932199139
588.900000000 -0.588414204 -0.205719012 7.246849780 -0.014842171 -0.699511122 0.009005859 0.714410803 0.455171541 -0.250232292 0.686730020
589.000000000 -0.592384632 -0.219247534 7.258035190 -0.024377370 -0.698206826 0.038169569 0.714462075 0.189010671 -0.250741264 0.179035759
589.100000000 -0.603805366 -0.250053561 7.278043475 0.001108374 -0.694760766 0.039057862 0.718178761 0.198944539 -0.311160355 0.101308232
589.200000000 -0.615510926 -0.288859905 7.306374654 0.029824247 -0.692595438 0.012972286 0.720592668 0.248838223 -0.344535107 0.099533455
589.300000000 -0.626604555 -0.329005161 7.338915197 0.045648908 -0.693395185 -0.008626691 0.719058325 0.401203907 -0.405965710 0.381305281
589.400000000 -0.630338759 -0.367100045 7.357893606 0.053773637 -0.694882843 -0.019772536 0.716836995 0.349583118 -0.328235219 0.320449535
589.500000000 -0.783504081 -0.444443233 7.443176388 0.053196801 -0.696623250 -0.024384878 0.715046520 0.245067898 -0.225289606 0.195241665
589.600000000 -0.651136236 -0.408812537 7.392901261 0.046272340 -0.698454775 -0.024019215 0.713752671 0.111332089 -0.161506911 0.044744081
589.700000000 -0.679307729 -0.425937507 7.417600623 0.043786814 -0.698891795 -0.018592103 0.713643684 -0.019259400 -0.134239840 -0.145021379
589.800000000 -0.689318731 -0.456932032 7.420069371 0.045209068 -0.698111579 -0.010891674 0.714477246 0.111908087 -0.269979937 -0.035140436
589.900000000 -0.702191028 -0.489952743 7.435785146 0.043762244 -0.697643495 -0.004489997 0.715093183 0.095594386 -0.341976245 -0.121079624
590.000000000 -0.634315889 -0.532425261 7.456949495 0.039942983 -0.698003406 0.000809216 0.714979124 0.034910700 -0.374065039 -0.173454837
590.100000000 -0.631872850 -0.561486092 7.438456058 0.040413465 -0.698315714 0.003020889 0.714641721 -0.048423700 -0.394301631 -0.070334638
590.200000000 -0.614496336 -0.602816793 7.408527804 0.041769830 -0.698731564 0.000953953 0.714162848 -0.092851635 -0.365424001 0.205865502
590.300000000 -0.662008774 -0.651246501 7.402762062 0.038394124 -0.699558435 0.000533105 0.713542993 -0.081000215 -0.332217280 0.363992969
590.400000000 -0.735636963 -0.673094667 7.411504068 0.035698252 -0.699983402 0.004299570 0.713253381 -0.068014763 -0.297983170 0.419551462
590.500000000 -0.762857141 -0.702062045 7.387705401 0.036316843 -0.700132986 0.009545099 0.713024390 -0.140229724 -0.276472348 0.263356941
590.600000000 -0.775530765 -0.736447714 7.386372961 0.038175363 -0.700171698 0.012833937 0.712837657 -0.349868792 -0.257546070 -0.032800277
590.700000000 -0.781950497 -0.757719352 7.362231544 0.037940084 -0.700144106 0.013357435 0.712867702 -0.375065409 -0.158067195 0.166761510
590.800000000 -0.754190302 -0.760015059 7.280604368 0.036095952 -0.699895492 0.012916495 0.713215638 -0.314196921 -0.106420179 0.341726127
590.900000000 -0.881906598 -0.764993847 7.274380763 0.033780926 -0.699921993 0.013654731 0.713289283 -0.159752691 -0.142933884 0.478766062
591.000000000 -0.896545585 -0.789471104 7.271545393 0.032597983 -0.700405089 0.015384424 0.712834765 0.012159117 -0.234342643 0.474859790
591.100000000 -0.886517812 -0.834425651 7.251836826 0.035614245 -0.700027583 0.015178382 0.713065652 0.030031581 -0.303008015 0.281303770
591.200000000 -0.944960990 -0.863606671 7.280246546 0.038152133 -0.699399598 0.012534782 0.713601777 0.066994753 -0.296174052 0.311623670
591.300000000 -1.009779012 -0.884962262 7.292941213 0.037525473 -0.699528567 0.011985401 0.713518026 0.105384044 -0.263941303 0.288898461
591.400000000 -0.997782539 -0.922136420 7.288774300 0.037314219 -0.699687561 0.013136476 0.713352927 0.130187674 -0.231656545 0.272569196
591.500000000 -0.994332593 -0.946286818 7.298431211 0.038857529 -0.699074891 0.011120329 0.713905265 0.134028687 -0.249118722 0.221333554
591.600000000 -1.055192658 -0.961968271 7.331565745 0.037621591 -0.699491557 0.009932323 0.713580778 0.136720554 -0.284157748 0.215862900
591.700000000 -1.065282948 -1.003200654 7.333401379 0.037883657 -0.699790873 0.011331769 0.713252517 0.086472555 -0.353278216 0.126607723
591.800000000 -1.056349440 -1.045352268 7.336257815 0.041154428 -0.699990730 0.011925177 0.712865402 -0.109221743 -0.491658138 -0.221672546
591.900000000 -1.031831567 -1.091232935 7.327305266 0.043894683 -0.699876478 0.009337150 0.712852713 -0.178857138 -0.513776139 -0.327895924
592.000000000 -0.909527575 -1.163479387 7.239292267 0.042455551 -0.699831710 0.007452993 0.713006000 -0.169960868 -0.501270317 -0.293883129
592.100000000 -0.948326659 -1.186382254 7.267687288 0.042065964 -0.699646642 0.007666488 0.713208424 -0.069895641 -0.463978046 -0.151249316
592.200000000 -0.939219700 -1.230682240 7.266572152 0.045167788 -0.698977271 0.007944160 0.713671869 0.044992391 -0.389186647 -0.020439549
592.300000000 -0.941401558 -1.279303853 7.279107540 0.047915768 -0.697757878 0.004314364 0.714716313 0.025766766 -0.382994563 -0.091627042
592.400000000 -0.906627758 -1.303050676 7.261930139 0.047072852 -0.697330935 0.002665156 0.715196903 0.000817339 -0.369031052 -0.098901874
592.500000000 -0.901689113 -1.338017953 7.268519900 0.045888657 -0.696821425 0.005035700 0.715757483 -0.014306760 -0.351407162 -0.073788665
592.600000000 -0.900560198 -1.384077390 7.260968785 0.048211097 -0.696310649 0.006132542 0.716093263 0.003593198 -0.332670547 -0.032258138
592.700000000 -0.903292166 -1.410016587 7.262815604 0.046606775 -0.696209085 0.007578003 0.716284365 0.032951033 -0.266239472 0.022970256
592.800000000 -0.877282413 -1.434703976 7.257118964 0.046376652 -0.695636038 0.008471986 0.716845824 0.325396929 0.020876214 0.524720940
592.900000000 -0.835834044 -1.478818148 7.228039268 0.046277535 -0.695416739 0.006903737 0.717081785 0.482811558 0.134153507 0.819294579
593.000000000 -1.151277580 -1.380820516 7.427630443 0.045281365 -0.695321807 0.007134324 0.717235166 0.402709064 0.042176936 0.681831371
593.100000000 -1.177891417 -1.414572021 7.442729545 0.046392823 -0.695065159 0.006805596 0.717416068 0.193781802 -0.169188197 0.316537101
593.200000000 -1.109315862 -1.458040199 7.401060782 0.045349074 -0.695208722 0.006743898 0.717344278 -0.049745318 -0.435479053 -0.111562763
593.300000000 -1.080296154 -1.510608533 7.384495640 0.047073506 -0.694861848 0.006891926 0.717567836 -0.004872461 -0.408000233 -0.002170337
593.400000000 -1.122953453 -1.547162521 7.408377359 0.047128041 -0.694835083 0.006700577 0.717591985 0.053240691 -0.332049776 0.139662285
593.500000000 -1.124478961 -1.578909831 7.404960195 0.043894101 -0.694540624 0.002415482 0.718109180 0.017423919 -0.254952736 0.076816743
593.600000000 -1.116987501 -1.604962554 7.395710536 0.022379223 -0.693769355 -0.016278423 0.719665384 -0.027783036 -0.162670414 0.016941850
593.700000000 -1.112351357 -1.609690515 7.393462030 0.020231767 -0.693311172 -0.018984434 0.720104080 -0.014867927 -0.085627026 0.064748882
593.800000000 -1.137092180 -1.611832631 7.397896294 0.029772678 -0.692643921 -0.008340680 0.720616694 0.001388526 -0.025500605 0.119893709
593.900000000 -1.145428092 -1.618819110 7.397439218 0.040066044 -0.692210124 0.001693941 0.720581006 -0.012538560 -0.009214133 0.082294602
594.000000000 -1.165843067 -1.614031960 7.398290859 0.045861758 -0.691795114 0.008998054 0.720579804 -0.024769741 -0.004691546 0.014421164
594.100000000 -1.141861285 -1.615802499 7.388178603 0.047858707 -0.691515891 0.009715660 0.720708625 -0.026262968 -0.000459748 -0.031001027
594.200000000 -1.141861285 -1.615802499 7.388178603 0.047858707 -0.691515891 0.009715660 0.720708625 -0.017195979 -0.005415286 -0.036129283
594.300000000 -1.141861285 -1.615802499 7.388178603 0.047858707 -0.691515891 0.009715660 0.720708625 0.000000000 0.000000000 0.000000000
594.400000000 -1.141861285 -1.615802499 7.388178603 0.047858707 -0.691515891 0.009715660 0.720708625 -0.138103953 0.072627951 -0.035883976
594.500000000 -1.141861285 -1.615802499 7.388178603 0.047858707 -0.691515891 0.009715660 0.720708625 -0.220277542 0.135308911 0.021320046
594.600000000 -1.122800098 -1.550084803 7.280449539 0.048103531 -0.691505579 0.009688933 0.720702580 -0.128775870 0.123600456 0.192054879
594.700000000 -1.122800098 -1.550084803 7.280449539 0.048103531 -0.691505579 0.009688933 0.720702580 -0.010997968 0.075235181 0.277114938
594.800000000 -1.230730796 -1.585161232 7.367549085 0.047835536 -0.691521372 0.009821620 0.720703468 0.133041707 -0.010052384 0.276320083
594.900000000 -1.230730796 -1.585161232 7.367549085 0.047835536 -0.691521372 0.009821620 0.720703468 -0.076865550 -0.017352879 -0.112360867
595.000000000 -1.230730796 -1.585161232 7.367549085 0.047835536 -0.691521372 0.009821620 0.720703468 -0.412683418 0.029978753 -0.588192411
595.100000000 -1.124917906 -1.570795312 7.283105916 0.047368448 -0.691608310 0.009529219 0.720654821 -0.488011065 0.039165910 -0.696772503
595.200000000 -1.005704498 -1.544974801 7.195393913 0.046253187 -0.691556183 0.009295755 0.720780325 -0.397294191 0.036401023 -0.569126860
595.300000000 -1.005704498 -1.544974801 7.195393913 0.046253187 -0.691556183 0.009295755 0.720780325 -0.141662835 0.018279757 -0.205809447
595.400000000 -1.005704498 -1.544974801 7.195393913 0.046253187 -0.691556183 0.009295755 0.720780325 0.000000000 0.000000000 0.000000000
595.500000000 -1.005704498 -1.544974801 7.195393913 0.046253187 -0.691556183 0.009295755 0.720780325 0.000000000 0.000000000 0.000000000
595.600000000 -1.005704498 -1.544974801 7.195393913 0.046253187 -0.691556183 0.009295755 0.720780325 0.000000000 0.000000000 0.000000000
595.700000000 -1.005704498 -1.544974801 7.195393913 0.046253187 -0.691556183 0.009295755 0.720780325 0.000000000 0.000000000 0.000000000
595.800000000 -1.005704498 -1.544974801 7.195393913 0.046253187 -0.691556183 0.009295755 0.720780325 0.000000000 0.000000000 0.000000000
595.900000000 -1.005704498 -1.544974801 7.195393913 0.046253187 -0.691556183 0.009295755 0.720780325 0.002421921 0.008879478 -0.136887015
596.000000000 -1.005704498 -1.544974801 7.195393913 0.046253187 -0.691556183 0.009295755 0.720780325 -0.019127275 0.025514940 -0.352182836
596.100000000 -0.956134237 -1.541796398 7.218762024 0.045872357 -0.691507044 0.009369340 0.720850852 -0.030543174 0.031886547 -0.426311558
596.200000000 -0.867705069 -1.523026838 7.180553884 0.045780191 -0.691481083 0.009405099 0.720881148 -0.032033003 0.027610897 -0.359748272
596.300000000 -0.867705069 -1.523026838 7.180553884 0.045780191 -0.691481083 0.009405099 0.720881148 -0.052153263 0.024491789 -0.192412250
596.400000000 -0.867705069 -1.523026838 7.180553884 0.045780191 -0.691481083 0.009405099 0.720881148 -0.068602360 0.030180185 -0.081292167
596.500000000 -0.846056997 -1.513712887 7.163700583 0.046086543 -0.691438258 0.009321479 0.720903791 -0.144455368 0.061198604 -0.150543800
596.600000000 -0.845004077 -1.513027799 7.163159303 0.046046132 -0.691441288 0.009335020 0.720903292 -0.146300375 0.068197970 -0.125591756
596.700000000 -0.812282692 -1.490958089 7.121053164 0.045109489 -0.691523269 0.009956951 0.720875552 -0.060610861 0.051653653 0.023626016
596.800000000 -0.812282692 -1.490958089 7.121053164 0.045109489 -0.691523269 0.009956951 0.720875552 0.013552147 0.027658322 0.113176263
596.900000000 -0.867516958 -1.495759786 7.148425602 0.044966537 -0.691480830 0.009963085 0.720925107 0.068707018 0.002307915 0.154356931
597.000000000 -0.867516958 -1.495759786 7.148425602 0.044966537 -0.691480830 0.009963085 0.720925107 0.035902764 0.001205998 0.080659017
597.100000000 -0.867516958 -1.495759786 7.148425602 0.044966537 -0.691480830 0.009963085 0.720925107 0.000000000 0.000000000 0.000000000
597.200000000 -0.867516958 -1.495759786 7.148425602 0.044966537 -0.691480830 0.009963085 0.720925107 0.000000000 0.000000000 0.000000000
597.300000000 -0.867516958 -1.495759786 7.148425602 0.044966537 -0.691480830 0.009963085 0.720925107 -0.007595636 -0.008727139 0.031655742
597.400000000 -0.867516958 -1.495759786 7.148425602 0.044966537 -0.691480830 0.009963085 0.720925107 -0.012108877 -0.013912705 0.050465224
597.500000000 -0.884740841 -1.501731349 7.144687823 0.044679896 -0.691515466 0.009890152 0.720910710 -0.012394618 -0.014263256 0.051647359
597.600000000 -0.884740841 -1.501731349 7.144687823 0.044679896 -0.691515466 0.009890152 0.720910710 -0.008444588 -0.009717712 0.035187907
597.700000000 -0.884740841 -1.501731349 7.144687823 0.044679896 -0.691515466 0.009890152 0.720910710 -0.000272971 -0.000314125 0.001137448
597.800000000 -0.884740841 -1.501731349 7.144687823 0.044679896 -0.691515466 0.009890152 0.720910710 0.000000000 0.000000000 0.000000000
597.900000000 -0.884740841 -1.501731349 7.144687823 0.044679896 -0.691515466 0.009890152 0.720910710 0.000000000 0.000000000 0.000000000
598.000000000 -0.884740841 -1.501731349 7.144687823 0.044679896 -0.691515466 0.009890152 0.720910710 0.000000000 0.000000000 0.000000000
598.100000000 -0.884740841 -1.501731349 7.144687823 0.044679896 -0.691515466 0.009890152 0.720910710 -0.024021411 -0.004011887 -0.014841094
598.200000000 -0.884740841 -1.501731349 7.144687823 0.044679896 -0.691515466 0.009890152 0.720910710 -0.055415299 -0.011366750 -0.044633205
598.300000000 -0.889210780 -1.501153513 7.121486711 0.044442933 -0.691539766 0.009749976 0.720903958 -0.065268585 -0.014032904 -0.055938667
598.400000000 -0.867019504 -1.503879905 7.122365534 0.044188236 -0.691620265 0.009628010 0.720844026 -0.053549490 -0.012049168 -0.048715153
598.500000000 -0.867019504 -1.503879905 7.122365534 0.044188236 -0.691620265 0.009628010 0.720844026 -0.020195151 -0.005468374 -0.022947595
598.600000000 -0.867019504 -1.503879905 7.122365534 0.044188236 -0.691620265 0.009628010 0.720844026 -0.002818783 -0.000017666 -0.004823417
598.700000000 -0.867019504 -1.503879905 7.122365534 0.044188236 -0.691620265 0.009628010 0.720844026 -0.063267303 0.001698975 -0.067226862
598.800000000 -0.867019504 -1.503879905 7.122365534 0.044188236 -0.691620265 0.009628010 0.720844026 -0.126115436 0.010585121 -0.028987208
598.900000000 -0.821456066 -1.501546806 7.085556986 0.048781611 -0.690977742 0.009717392 0.721162733 -0.141248299 0.013676739 0.007132321
599.000000000 -0.871262479 -1.496873856 7.075282467 0.050937411 -0.690816500 0.009001222 0.721177454 -0.108731367 0.023934282 0.058729500
599.100000000 -0.871262479 -1.496873856 7.075282467 0.050937411 -0.690816500 0.009001222 0.721177454 -0.058134075 0.047235697 0.071700647
599.200000000 -0.878308739 -1.495136591 7.081053676 0.050612224 -0.690840588 0.009038691 0.721176807 -0.056511008 0.066253045 -0.027194570
599.300000000 -0.878323370 -1.477237472 7.066003831 0.047627540 -0.691175387 0.008360887 0.721067470 -0.106745052 0.090140091 -0.042949986
599.400000000 -0.858693349 -1.468962503 7.053454891 0.043427782 -0.691615695 0.008295760 0.720911186 -0.132507695 0.119728334 -0.045532663
599.500000000 -0.868800088 -1.458259897 7.034939903 0.018490165 -0.694011055 0.016731216 0.719532373 -0.141292143 0.192000539 0.000221390
599.600000000 -0.858636756 -1.440111813 7.026561085 -0.005785907 -0.694880776 -0.064310712 0.716220192 -0.204673511 0.286612113 0.103600773
599.700000000 -0.879437366 -1.401010201 7.007836396 0.076167875 -0.695549345 -0.176828486 0.692200296 -0.419923246 0.288527806 0.153719850
599.800000000 -0.903164677 -1.345363562 6.980608983 0.164561810 -0.706214570 -0.222550530 0.651653016 -0.747064480 0.185779014 0.268743190
599.900000000 -0.893270918 -1.292941750 6.912972495 0.210538505 -0.720876437 -0.242415532 0.614203069 -1.132387846 0.006234088 0.482806109
600.000000000 -0.945697820 -1.203227968 6.801672829 0.229828863 -0.736407914 -0.267614975 0.577290485 -1.557936197 -0.269210683 0.804243155
600.100000000 -0.973377951 -1.111007696 6.633927267 0.237127821 -0.752450150 -0.296104495 0.538434115 -1.947426059 -0.626608055 1.218279530
600.200000000 -1.065450434 -0.979591589 6.395963698 0.233064948 -0.770191914 -0.317279750 0.501815410 -2.290504362 -1.049089549 1.610999074
600.300000000 -1.121833459 -0.846713504 6.095758038 -0.219659609 0.790959470 0.331861632 -0.464758680 -2.578142290 -1.505759028 2.083019873
600.400000000 -1.154295224 -0.714855319 5.740694220 -0.203138815 0.810968923 0.345086016 -0.426590752 -2.852521134 -1.989783674 2.532901254
600.500000000 -1.240133275 -0.576400404 5.286527809 -0.182903084 0.828917510 0.355911716 -0.390856846 -3.041718748 -2.461090399 2.989582243
600.600000000 -1.232505228 -0.411971708 4.770424716 -0.158377191 0.847609874 0.358243628 -0.357960430 -3.167446877 -2.828897092 3.498206818
600.700000000 -1.266650874 -0.273620446 4.203930274 -0.126125319 0.868265695 0.349155832 -0.329085538 -3.222377354 -3.022295166 4.097114633
600.800000000 -1.295017031 -0.145293412 3.611907761 -0.102834837 0.886627776 0.335004372 -0.301808305 -3.104722123 -3.135410784 4.591510010
600.900000000 -1.357615097 -0.004377288 2.939607040 -0.086266706 0.904413411 0.315395205 -0.274080832 -2.985608124 -3.171060950 5.069609376
601.000000000 -1.363707038 0.083843724 2.287171533 -0.079104498 0.921615930 0.290472820 -0.244932840 -2.802455866 -3.187218374 5.667058594
601.100000000 -1.401679358 0.178122997 1.593662259 -0.082423770 0.935781677 0.267497169 -0.214392725 -2.550886137 -3.241417904 6.322289550
601.200000000 -1.461756524 0.274888224 0.772741522 -0.088093365 0.947238886 0.248504949 -0.182272711 -2.174571312 -3.239668909 6.967195202
601.300000000 -1.512715198 0.350790138 -0.066539345 -0.089209172 0.955335681 0.238498838 -0.149979212 -1.732788450 -3.272752266 7.300871308
601.400000000 -1.545410477 0.410728231 -0.838452476 -0.087381996 0.961818645 0.230096399 -0.119686795 -1.324188595 -3.246935004 7.442984746
601.500000000 -1.584873239 0.458728442 -1.681412659 -0.085143732 0.968578559 0.216793312 -0.087216860 -0.898933004 -3.130691495 7.598696677
601.600000000 -1.611210611 0.507063382 -2.520103495 -0.084350137 0.974914056 0.198926538 -0.053440341 -0.473318633 -2.931772765 7.779559122
601.700000000 -1.620048348 0.535336889 -3.343532830 -0.082413341 0.980124809 0.179257489 -0.020740134 -0.048931099 -2.641567936 7.743006634
601.800000000 -1.620019243 0.562627244 -4.176816768 -0.082293102 0.984207500 0.156099702 0.014011600 0.478468248 -2.233761560 7.459831743
601.900000000 -1.626180863 0.561882713 -4.941714255 -0.083727615 0.985883830 0.136012333 0.050233509 0.918591334 -1.871247962 7.138907596
602.000000000 -1.654542186 0.565651625 -5.602956075 -0.085003316 0.986038173 0.114887282 0.085463848 1.286870753 -1.516685268 6.891344402
602.100000000 -1.621086378 0.567496891 -6.344772073 -0.086534379 0.984432694 0.092815592 0.121611422 1.600910407 -1.151125458 6.614788992
602.200000000 -1.597488618 0.569285655 -7.057048491 -0.089659602 0.980914882 0.066536780 0.159185446 1.846720654 -0.743413818 5.997295669
602.300000000 -1.573844275 0.554914256 -7.661621027 -0.095265517 0.975287744 0.042355580 0.194792976 2.029087774 -0.434194673 5.131529522
602.400000000 -1.567798822 0.539669481 -8.069749806 -0.101863298 0.967166146 0.025373436 0.231451299 2.216189923 -0.245383496 4.614727666
602.500000000 -1.553946937 0.505539169 -8.564568166 -0.108702932 0.956884548 0.009016821 0.269210569 2.376744055 -0.035845467 4.277153807
602.600000000 -1.517150768 0.499228463 -9.150380549 -0.116629717 0.945365674 -0.010102271 0.304268296 2.530739489 0.223906503 4.177789691
602.700000000 -1.478027901 0.483364206 -9.581177373 -0.124348565 0.932007543 -0.032382843 0.338896336 2.648013434 0.496787582 3.892039245
602.800000000 -1.404402298 0.485948704 -10.057286317 -0.135129617 0.916264994 -0.052752286 0.373384042 2.639284346 0.704878922 3.459962327
602.900000000 -1.397151953 0.459708897 -10.483065050 -0.149028027 0.899255169 -0.070194159 0.405220395 2.586623685 0.863974814 3.058311281
603.000000000 -1.331048130 0.466998717 -10.883605822 -0.168199823 0.880123694 -0.089139125 0.434908404 2.331218219 0.988646732 2.625301587
603.100000000 -1.266917567 0.469844922 -11.217907686 -0.187106246 0.857824866 -0.109918665 0.465881572 2.012150249 1.091637582 2.307766428
603.200000000 -1.196145849 0.482457215 -11.500633539 -0.200219994 0.834625802 -0.127984793 0.496922144 1.708098306 1.135186572 1.991404280
603.300000000 -1.107325701 0.506823454 -11.770928885 -0.212859863 0.808616524 -0.140183682 0.530262700 1.399592872 1.117118941 1.669806857
603.400000000 -1.018387725 0.544268911 -11.979229815 -0.229469100 0.778805504 -0.146568011 0.565087372 0.987068192 0.960270725 1.304509280
603.500000000 -0.943878467 0.573649506 -12.109554722 -0.245846181 0.746783540 -0.153093176 0.598695648 0.463326417 0.707544503 1.046166338
603.600000000 -0.878230706 0.617980143 -12.173151086 -0.255145063 0.713300058 -0.152798930 0.634631003 -0.067382898 0.383113201 0.945693886
603.700000000 -0.770459976 0.673126067 -12.169166498 -0.264056700 0.677603150 -0.145689473 0.670747798 -0.590467474 0.027049659 0.998188890
603.800000000 -0.671734865 0.723732738 -12.091271634 -0.275797190 0.641779379 -0.138127462 0.702122456 -1.081365457 -0.357938019 1.124817676
603.900000000 -0.574650731 0.778463023 -11.941681335 -0.283082777 0.605154140 -0.130019724 0.732630520 -1.530033675 -0.757795145 1.277094034
604.000000000 -0.466645811 0.837442988 -11.720250623 -0.288691158 0.566519714 -0.122081037 0.762108292 -1.925019110 -1.160745884 1.601663618
604.100000000 -0.392894350 0.877586097 -11.450977255 -0.288583026 0.530614098 -0.110146560 0.789326454 -2.280791882 -1.529833117 2.031921372
604.200000000 -0.250328730 0.943191095 -11.087188713 -0.291915734 0.493161433 -0.096717042 0.813770741 -2.529876423 -1.923643605 2.594485620
604.300000000 -0.120976174 1.003086588 -10.644047603 -0.290521095 0.456013800 -0.080155738 0.837391166 -2.671177394 -2.203498679 2.950584533
604.400000000 0.013013463 1.051387321 -10.174985204 -0.287011672 0.420907954 -0.064830971 0.858054625 -2.790166984 -2.304816591 2.802561602
604.500000000 0.046207765 1.066103093 -9.706721052 -0.280392805 0.385086985 -0.050028789 0.877829716 -2.951791573 -2.495405332 2.938995499
604.600000000 -0.047778356 1.060192745 -9.304187180 -0.269491947 0.351624702 -0.033397587 0.895889927 -3.120379829 -2.743864756 3.449313359
604.700000000 0.037568686 1.063281520 -8.690712867 -0.260378710 0.321683804 -0.018329691 0.910157393 -3.106436300 -3.051239221 4.268361989
604.800000000 0.149832118 1.067149999 -7.983804772 -0.254131890 0.290691143 -0.010371037 0.922392586 -2.924559657 -3.433168513 5.167138270
604.900000000 0.215739564 1.047195902 -7.313513009 -0.238663685 0.258994052 -0.007760291 0.935896097 -2.716986381 -3.523144335 5.689501670
605.000000000 0.298667766 1.013480004 -6.582595869 -0.222537590 0.229185717 -0.003291340 0.947597011 -2.531508592 -3.569183735 6.150808477
605.100000000 0.380951065 0.976722318 -5.797072581 -0.215617545 0.196966292 -0.000452033 0.956406373 -2.232165783 -3.716663373 6.553800577
605.200000000 0.447648139 0.924576128 -4.976586362 -0.203564024 0.164971478 0.004107085 0.965054004 -1.879369863 -3.752810853 6.883870074
605.300000000 0.501218505 0.859257324 -4.209919312 -0.185891691 0.135009340 0.009978995 0.973199454 -1.525918377 -3.711763705 7.266170785
605.400000000 0.579782749 0.770214187 -3.366443160 -0.168280199 0.104004073 0.014511978 0.980129752 -1.128963909 -3.661076153 7.635507524
605.500000000 0.649035462 0.671979555 -2.466683756 -0.146211762 0.071730751 0.015014263 0.986535043 -0.729998787 -3.446460664 7.858240143
605.600000000 0.694447834 0.562558904 -1.630030300 -0.114113960 0.040143014 0.016076585 0.992526113 -0.337515246 -2.973713219 7.920068992
605.700000000 0.704975045 0.448376540 -0.815199523 -0.083252051 0.008301200 0.016610623 0.996355495 0.025764832 -2.478118188 7.720276006
605.800000000 0.737291443 0.330023879 -0.003619159 -0.063300295 -0.024248324 0.012457942 0.997622118 0.388828592 -2.167929525 7.333366541
605.900000000 0.731810451 0.211159195 0.687612675 -0.042552401 -0.055921281 0.008513090 0.997491670 0.777954930 -1.880720049 6.970229899
606.000000000 0.719545733 0.072898221 1.405435778 -0.020404233 -0.089850437 0.001827014 0.995744560 1.147570656 -1.612170560 6.617809752
606.100000000 0.732742037 -0.061722919 2.096110449 0.000776429 -0.125203134 -0.005899745 0.992113282 1.576500783 -1.304696004 6.165212696
606.200000000 0.713901569 -0.210632960 2.711517035 0.024346656 -0.159520885 -0.013675792 0.986799524 1.925182353 -0.938845195 5.673779981
606.300000000 0.735665040 -0.316899531 3.238427536 0.047519883 -0.195658140 -0.020858834 0.979298045 2.204703973 -0.605250686 5.183465579
606.400000000 0.727304990 -0.427171202 3.793975030 0.069835436 -0.230391887 -0.026963066 0.970214194 2.454097338 -0.318730249 4.772174667
606.500000000 0.732488160 -0.526900649 4.269674063 0.095116465 -0.260103340 -0.036332879 0.960197392 2.629701240 -0.028459992 4.494511827
606.600000000 0.729895628 -0.649223001 4.808032528 0.123120593 -0.288986513 -0.050255002 0.948051976 2.737684614 0.281124676 4.125030639
606.700000000 0.724874378 -0.741246487 5.278336118 0.155825468 -0.318070256 -0.067110634 0.932762509 2.791378572 0.670116293 3.818118634
606.800000000 0.709478189 -0.840332272 5.731105845 0.184297027 -0.345801465 -0.086113643 0.915991481 2.789598511 1.017101780 3.574088771
606.900000000 0.675856840 -0.908873554 6.171242892 0.207492864 -0.374441322 -0.108199857 0.897236423 2.737533400 1.292103780 3.310224902
607.000000000 0.627166967 -0.988595673 6.628696198 0.225496438 -0.403736243 -0.132563655 0.876684253 2.551998877 1.459733961 2.893848767
607.100000000 0.565301309 -1.045257320 7.012683055 0.238460604 -0.431541466 -0.155830591 0.855935354 2.190750271 1.450048909 2.370655046
607.200000000 0.512082655 -1.085140272 7.310931386 0.249707432 -0.460357744 -0.178914439 0.832890490 1.721308971 1.358595537 1.843550390
607.300000000 0.437110915 -1.101308830 7.572178392 0.261990724 -0.492344784 -0.199308188 0.805750408 1.255953014 1.224940161 1.453166815
607.400000000 0.379064009 -1.099151940 7.747333553 0.268927975 -0.525763603 -0.215987655 0.777560101 0.784574462 1.006332419 1.165639467
607.500000000 0.291542632 -1.085657960 7.877045733 0.268760541 -0.563320443 -0.230247652 0.746608243 0.299052830 0.722290720 0.961152470
607.600000000 0.214217053 -1.057257579 7.934848901 0.259421241 -0.601525060 -0.245152714 0.714680606 -0.197722271 0.387877231 0.905338615
607.700000000 0.118285542 -1.014401735 7.920772896 0.249698307 -0.635128686 -0.259941805 0.683149007 -0.710480548 0.010693877 0.944272877
607.800000000 0.009859390 -0.959573765 7.842845467 0.245650972 -0.667584896 -0.274771043 0.646905620 -1.186385861 -0.386667475 1.144311462
607.900000000 -0.113522247 -0.895142151 7.692999248 0.235368487 -0.701632815 -0.283467682 0.609884532 -1.593475352 -0.770556839 1.434839587
608.000000000 -0.230297221 -0.823795176 7.469978938 0.222354366 -0.730873726 -0.291213764 0.575826950 -1.924790972 -1.135844012 1.807002332
608.100000000 -0.353608898 -0.748277579 7.205757853 0.209998812 -0.758492965 -0.298195248 0.540063436 -2.173179520 -1.480934465 2.213497214
608.200000000 -0.499518150 -0.660763152 6.861906768 0.196784193 -0.785306475 -0.302096761 0.503296402 -2.356965739 -1.748307399 2.559881234
608.300000000 -0.664878111 -0.577829211 6.465234219 -0.186883758 0.808158332 0.304711457 -0.468087064 -2.527791080 -1.971105166 2.771224486
608.400000000 -0.784528358 -0.476671375 6.035208250 -0.179841787 0.828072968 0.309922152 -0.431161629 -2.670508165 -2.265797584 3.069370057
608.500000000 -0.814087358 -0.387028372 5.595129890 -0.169813167 0.847174418 0.313691132 -0.393772609 -2.774788081 -2.594465887 3.533015667
608.600000000 -0.924776056 -0.291152753 5.063320682 -0.151636366 0.864963674 0.312822608 -0.361920256 -2.880156583 -2.901922629 4.139247619
608.700000000 -1.009613025 -0.191460054 4.456119913 -0.134196031 0.881787612 0.309055388 -0.330040603 -2.879099961 -3.142885660 4.796649810
608.800000000 -1.102407489 -0.078298874 3.780165951 -0.121037719 0.897223003 0.303148880 -0.297391172 -2.792406991 -3.273643815 5.251674129
608.900000000 -1.180924521 0.018335764 3.116357873 -0.110630966 0.910838879 0.294457866 -0.267259968 -2.628762148 -3.341139862 5.621320740
609.000000000 -1.246072670 0.107747008 2.415845849 -0.102857690 0.924375437 0.281409922 -0.236133018 -2.413484158 -3.361421710 6.017032367
609.100000000 -1.321536818 0.191935696 1.655903345 -0.096786254 0.937887816 0.263736128 -0.203573380 -2.127639711 -3.312641084 6.455803319
609.200000000 -1.375062452 0.265629117 0.908683317 -0.092259851 0.948493829 0.248780973 -0.173076872 -1.839897419 -3.261726584 6.805067310
609.300000000 -1.428844874 0.320613990 0.130732286 -0.089872489 0.956562804 0.238222776 -0.141987487 -1.516737493 -3.251928000 7.151493284
609.400000000 -1.464288912 0.376696564 -0.669386667 -0.088983834 0.963629157 0.226832214 -0.109762800 -1.115980537 -3.196184415 7.487152282
609.500000000 -1.511086761 0.438999437 -1.508458434 -0.087636920 0.968999829 0.217224933 -0.078564819 -0.711312049 -3.130111444 7.683639002
609.600000000 -1.554646588 0.487415099 -2.373828143 -0.085158208 0.974073919 0.204422115 -0.046256666 -0.285963001 -2.971811964 7.749671344
609.700000000 -1.565374076 0.510215668 -3.204132801 -0.080520767 0.979427607 0.184649392 -0.011940302 0.136914692 -2.664331469 7.548180788
609.800000000 -1.564958996 0.538900126 -3.977942111 -0.076801765 0.983858806 0.160214594 0.021321904 0.539769444 -2.316282860 7.400071859
609.900000000 -1.566297806 0.536444484 -4.716634488 -0.075075008 0.985441393 0.141754271 0.056344745 0.951656978 -2.046329954 7.304190957
610.000000000 -1.562597846 0.529570484 -5.552443586 -0.076424316 0.984651852 0.126949227 0.092216851 1.329435575 -1.823563591 7.162700023
610.100000000 -1.531203883 0.536677876 -6.257861916 -0.077466089 0.983308835 0.104591379 0.127135297 1.656834982 -1.414338091 6.746918112
610.200000000 -1.496676558 0.524831613 -6.950161498 -0.079716323 0.980410896 0.076775901 0.162927114 1.940746422 -0.969646391 6.009280188
610.300000000 -1.493157060 0.508996679 -7.499365212 -0.084045441 0.975145090 0.046537343 0.199656436 2.144727367 -0.603380461 5.168936956
610.400000000 -1.490605672 0.467908020 -8.071188349 -0.089923862 0.967730984 0.020447530 0.234504457 2.275201118 -0.333888933 4.592533959
610.500000000 -1.477264377 0.435241958 -8.465382780 -0.098885577 0.957292521 -0.003434631 0.271663164 2.400852997 -0.055322415 4.283823782
610.600000000 -1.431347168 0.402871837 -9.040604984 -0.110052807 0.944470754 -0.026398702 0.308490654 2.549859178 0.283913232 4.052989596
610.700000000 -1.397715840 0.391046651 -9.466442177 -0.122461928 0.930599613 -0.045032981 0.341993372 2.724905113 0.581896357 3.831321516
610.800000000 -1.355790142 0.384572101 -9.965427837 -0.137172466 0.914590752 -0.062336616 0.375262065 2.784069997 0.820217590 3.520423830
610.900000000 -1.318014346 0.368890162 -10.436939386 -0.153480367 0.896080011 -0.080989814 0.408564609 2.743130242 1.047346305 3.190433074
611.000000000 -1.259465630 0.368262835 -10.834643210 -0.173730257 0.876432491 -0.102026639 0.437349346 2.471896886 1.222847772 2.781037051
611.100000000 -1.202776120 0.384136317 -11.187833413 -0.193770896 0.854520328 -0.121492922 0.466355356 2.126291555 1.319621991 2.375839610
611.200000000 -1.126985321 0.411002707 -11.509160890 -0.209457146 0.829333076 -0.141367535 0.498346840 1.771577369 1.313344485 1.968587422
611.300000000 -1.048108612 0.431020004 -11.769482318 -0.223217121 0.802447224 -0.158683052 0.530162483 1.362696159 1.213746827 1.604411674
611.400000000 -0.962298385 0.458469446 -11.973306763 -0.240288247 0.772217586 -0.168367742 0.563554666 0.906470423 1.014960281 1.269486483
611.500000000 -0.877549271 0.505570391 -12.107654874 -0.254969932 0.738907506 -0.169892796 0.600118713 0.387327162 0.738245241 1.048267095
611.600000000 -0.806630466 0.548519691 -12.165683411 -0.264802228 0.705626771 -0.166387987 0.635834631 -0.150701469 0.411584583 0.957780704
611.700000000 -0.712058959 0.603428277 -12.155253305 -0.271810384 0.671042390 -0.156027025 0.671920229 -0.673068200 0.039048562 0.998063821
611.800000000 -0.612593714 0.665101153 -12.071556272 -0.281401349 0.634500484 -0.144074787 0.705311897 -1.161138116 -0.353285367 1.167972229
611.900000000 -0.495197071 0.735204822 -11.910679553 -0.287882163 0.598375987 -0.135674612 0.735297517 -1.617348231 -0.753448714 1.370286626
612.000000000 -0.392472001 0.795776877 -11.695642732 -0.290914616 0.561359857 -0.123703016 0.764814592 -2.003854201 -1.130190251 1.705862029
612.100000000 -0.312621445 0.857985456 -11.389574170 -0.293151741 0.523415381 -0.111595898 0.792240337 -2.309188075 -1.511036986 2.185765098
612.200000000 -0.171466098 0.932793844 -11.033823802 -0.295397034 0.487555534 -0.100127082 0.815478241 -2.511009588 -1.865615697 2.684009140
612.300000000 -0.036392872 0.997987418 -10.610819771 -0.297573058 0.450148208 -0.088483723 0.837249961 -2.558650586 -1.999459348 2.647563588
612.400000000 0.103384192 1.063878518 -10.126705431 -0.298231973 0.410524697 -0.078430303 0.858123447 -2.687447516 -1.953463549 2.112253868
612.500000000 0.013158145 1.077408320 -9.811239552 -0.295733962 0.375216448 -0.064331763 0.876136670 -2.986223385 -2.009662158 1.831349357
612.600000000 -0.170002519 1.079996755 -9.481464424 -0.290580702 0.341114803 -0.049916867 0.892587168 -3.267204736 -2.424357412 2.445511054
612.700000000 -0.187474337 1.096543067 -8.906755601 -0.278302247 0.308931066 -0.034722985 0.908792479 -3.264737515 -3.088324270 4.019991443
612.800000000 -0.132895096 1.104434783 -8.234099101 -0.262702835 0.280431190 -0.022623575 0.922948396 -3.067548923 -3.559092757 5.411503230
612.900000000 -0.003674373 1.115911145 -7.434459074 -0.245832865 0.252074045 -0.011186891 0.935895150 -2.874091545 -3.690053186 6.162604303
613.000000000 0.047801126 1.104035105 -6.661062418 -0.234594349 0.220710646 -0.006039769 0.946686761 -2.621257576 -3.702528674 6.445656323
613.100000000 0.104191845 1.082887260 -5.878083991 -0.226898459 0.188971091 -0.005187847 0.955395260 -2.279553933 -3.677272453 6.499035340
613.200000000 0.165175406 1.052800658 -5.062820105 -0.209560455 0.158039845 0.000623007 0.964939084 -1.890719102 -3.559057904 6.759435859
613.300000000 0.197233701 1.003567292 -4.322850542 -0.196528906 0.125783681 0.003996207 0.972388238 -1.499748668 -3.534232290 7.050669133
613.400000000 0.250700665 0.951940888 -3.524045678 -0.184783113 0.095210062 0.003374313 0.978150734 -1.113147598 -3.583393662 7.427923566
613.500000000 0.282804930 0.886166242 -2.671020379 -0.158693614 0.063776434 0.003087430 0.985261067 -0.710442959 -3.313478262 7.759616586
613.600000000 0.325191416 0.799433846 -1.742562447 -0.134980111 0.030473442 0.001355701 0.990378666 -0.244299804 -2.947083886 7.711893987
613.700000000 0.333401094 0.723374783 -0.954093836 -0.113874993 -0.001372359 0.001332189 0.993493245 0.121378518 -2.624016813 7.502200288
613.800000000 0.357236793 0.642191954 -0.238256102 -0.087456797 -0.033377666 0.004331913 0.995599555 0.426827284 -2.252764477 7.371202791
613.900000000 0.329645504 0.530730095 0.575491479 -0.060865592 -0.067449770 0.005474115 0.995849357 0.854797425 -1.911296335 7.285078167
614.000000000 0.292932404 0.431846194 1.310968851 -0.035729529 -0.099167098 0.003272509 0.994423742 1.214821164 -1.546168119 6.918617011
614.100000000 0.295591189 0.328339060 1.990401761 -0.012391344 -0.132777221 -0.001991567 0.991066445 1.599893195 -1.185646162 6.252042453
614.200000000 0.263872889 0.219354676 2.621964893 0.012794847 -0.169824048 -0.010472286 0.985335687 1.953593224 -0.852767299 5.616005559
614.300000000 0.287217072 0.122741835 3.120525882 0.035250393 -0.205201793 -0.020358870 0.977872768 2.192996044 -0.553646723 5.118580682
614.400000000 0.281336154 0.019954733 3.694775313 0.055860980 -0.239255560 -0.027139914 0.968968396 2.394630962 -0.275970753 4.769643134
614.500000000 0.261537287 -0.062422751 4.216753543 0.078821741 -0.273048772 -0.035241274 0.958117714 2.534914611 0.013407755 4.438026261
614.600000000 0.239641626 -0.136680200 4.677787156 0.106196791 -0.301997965 -0.047333693 0.946191837 2.611551712 0.326239949 4.115895834
614.700000000 0.213765100 -0.220672483 5.155817600 0.138910323 -0.330174611 -0.062598383 0.931541782 2.704403098 0.698867579 3.888046550
614.800000000 0.176087575 -0.294621726 5.623549718 0.168458346 -0.360046791 -0.079978969 0.914106918 2.785474262 1.070733743 3.646446449
614.900000000 0.119934939 -0.350510268 6.101972874 0.190238393 -0.387844144 -0.099577764 0.896365184 2.743281704 1.347550760 3.328590928
615.000000000 0.060345899 -0.404077770 6.545799129 0.211240206 -0.415672295 -0.124125455 0.875892111 2.551413537 1.513615150 2.871879639
615.100000000 0.001586980 -0.440786733 6.927226773 0.230561537 -0.444106180 -0.149884138 0.852728458 2.212338477 1.519136751 2.319069623
615.200000000 -0.058294743 -0.476480543 7.240171334 0.242832103 -0.471947113 -0.172001747 0.829887879 1.783230400 1.413853349 1.883617678
615.300000000 -0.119417101 -0.489202738 7.489859888 0.251103431 -0.503480545 -0.190313180 0.804509354 1.350562087 1.260989624 1.566665971
615.400000000 -0.199790974 -0.477394404 7.691111526 0.256921831 -0.538420999 -0.207532396 0.775257574 0.887560341 1.055752353 1.294154063
615.500000000 -0.314095893 -0.469562531 7.839831755 0.261133532 -0.572042419 -0.225532340 0.744118211 0.402858075 0.762117967 1.106522813
615.600000000 -0.401283626 -0.444936201 7.905062538 0.233495497 -0.610525826 -0.227117075 0.721911284 0.003978253 0.349255942 1.007016687
615.700000000 -0.507008869 -0.417411252 7.896256569 0.152995218 -0.652934535 -0.186963252 0.717853536 -0.322886946 0.017530827 1.022118270
615.800000000 -0.615980224 -0.404295661 7.854612543 0.075837276 -0.683648991 -0.120555044 0.715778769 -0.596608545 -0.107264763 1.116061331
615.900000000 -0.726869697 -0.399542236 7.776991198 0.037054659 -0.699392381 -0.060090378 0.711242853 -0.723016136 -0.088217873 1.143636491
616.000000000 -0.882740436 -0.390726642 7.685523809 0.031691929 -0.707280744 -0.014202214 0.706079222 -0.745263219 0.017194860 1.107964966
616.100000000 -0.968117015 -0.401940189 7.622760982 0.047865130 -0.719282025 0.122212905 0.682206936 -0.637590693 0.403784481 0.956407313
616.200000000 -1.066158166 -0.390463812 7.563967680 0.067249413 -0.717169127 0.188636220 0.667504559 -0.492483233 0.546915709 0.718752495
616.300000000 -1.128933698 -0.355032796 7.487801770 0.075837523 -0.718761817 0.152202612 0.674139811 -0.411582501 0.449098165 0.534373440
616.400000000 -1.178707148 -0.336667626 7.453118310 0.072274002 -0.721782886 0.096327842 0.681562089 -0.312120289 0.280835876 0.363614658
616.500000000 -1.199034786 -0.320276516 7.431397517 0.062563628 -0.722792736 0.052532332 0.686219212 -0.213114443 0.166848269 0.240060148
616.600000000 -1.215333887 -0.309868078 7.413619614 0.051098065 -0.722592945 0.029777624 0.688739222 -0.145730551 0.160224090 0.172271507
616.700000000 -1.246375763 -0.297159546 7.405855627 0.042707496 -0.721689781 0.024785504 0.690453191 -0.017596135 -0.117719814 0.306757712
616.800000000 -1.256063270 -0.298153863 7.397382059 0.039041603 -0.719862285 0.026026160 0.692529193 0.192371866 -0.384480834 0.524030335
616.900000000 -1.308748137 -0.410384830 7.410925434 0.037678896 -0.718668689 0.029049404 0.693723107 0.499560598 -0.479899634 0.868852050
617.000000000 -1.418101777 -0.478223910 7.484647307 0.036652504 -0.718136018 0.029381593 0.694315473 0.617033279 -0.397948688 0.933258755
617.100000000 -1.591573229 -0.478626029 7.591535951 0.035205511 -0.717453095 0.027107963 0.695188310 0.507983881 -0.128920118 0.583522628
617.200000000 -1.562079863 -0.497164562 7.596778754 0.034347587 -0.716854532 0.023067231 0.695994057 0.322798591 -0.060507241 0.213435000
617.300000000 -1.524312378 -0.505075080 7.601695480 0.034393282 -0.715655897 0.018238005 0.697367274 0.143281754 -0.097413480 -0.139067613
617.400000000 -1.537363642 -0.508899223 7.631455267 0.037527189 -0.714152208 0.014463580 0.698834128 0.143968112 -0.110195316 -0.180447988
617.500000000 -1.524819228 -0.525398939 7.647267681 0.042453947 -0.712728301 0.012076453 0.700050135 0.181883629 -0.067812644 -0.125989148
617.600000000 -1.495293388 -0.532055408 7.655036144 0.045507089 -0.711543842 0.010299669 0.701090852 0.198361339 -0.002739636 -0.142237142
617.700000000 -1.476498135 -0.531699835 7.679341683 0.047534151 -0.710211671 0.007593080 0.702340539 0.232404372 0.050140728 -0.146157278
617.800000000 -1.482215128 -0.511265009 7.709982604 0.048462207 -0.709220171 0.004909555 0.703302253 0.265609712 0.037939920 -0.158899812
617.900000000 -1.467470073 -0.513691287 7.746929726 0.047731045 -0.709376293 0.002223662 0.703208417 0.268609531 0.029252112 -0.150496399
618.000000000 -1.487143848 -0.513387086 7.792723478 0.046237665 -0.709798997 -0.000654505 0.702884794 0.222863094 0.039854870 -0.217258666
618.100000000 -1.451581115 -0.504001766 7.803102728 0.046494964 -0.709240230 -0.002556006 0.703427310 0.147786836 0.133222808 -0.217221498
618.200000000 -1.390950635 -0.490216773 7.803470555 0.046756551 -0.708557450 -0.004516424 0.704087897 0.159240259 0.268597025 0.062475958
618.300000000 -1.344159193 -0.455272653 7.789913740 0.046462447 -0.707841357 -0.005890066 0.704817112 0.256531929 0.350089898 0.399189440
618.400000000 -1.437235538 -0.432215354 7.832209781 0.046713879 -0.707387573 -0.006397380 0.705251522 0.292299047 0.342898016 0.587560121
618.500000000 -1.579453037 -0.385970707 7.899267318 0.046905572 -0.707114213 -0.006150344 0.705515081 0.233729234 0.233451703 0.467292563
618.600000000 -1.579453037 -0.385970707 7.899267318 0.046905572 -0.707114213 -0.006150344 0.705515081 0.076996778 0.101942411 0.135608320
618.700000000 -1.579453037 -0.385970707 7.899267318 0.046905572 -0.707114213 -0.006150344 0.705515081 -0.039611821 0.011481714 -0.075881934
618.800000000 -1.580753715 -0.385559339 7.899429134 0.046864542 -0.707118160 -0.006163469 0.705513738 -0.030506392 -0.007070467 -0.085619535
618.900000000 -1.550034340 -0.386269366 7.889158279 0.045184032 -0.707182218 -0.006568746 0.705555501 -0.085560271 -0.014847780 -0.140985980
619.000000000 -1.550034340 -0.386269366 7.889158279 0.045184032 -0.707182218 -0.006568746 0.705555501 -0.110150503 -0.011142724 -0.104752568
619.100000000 -1.467715105 -0.384726477 7.836947022 0.045546500 -0.707076454 -0.005678440 0.705645917 -0.099458324 0.002336913 -0.028375558
619.200000000 -1.540615487 -0.382553246 7.856504251 0.045994688 -0.706944370 -0.005003402 0.705754286 -0.070614500 0.004851165 -0.001236706
619.300000000 -1.540615487 -0.382553246 7.856504251 0.045994688 -0.706944370 -0.005003402 0.705754286 -0.023546859 0.009090010 0.023349855
619.400000000 -1.540615487 -0.382553246 7.856504251 0.045994688 -0.706944370 -0.005003402 0.705754286 -0.036906219 0.006276008 -0.030280312
619.500000000 -1.535412616 -0.380694971 7.850186982 0.045902724 -0.706919340 -0.005108120 0.705784594 -0.044317212 0.007545999 -0.036363557
619.600000000 -1.528857836 -0.378353845 7.842228237 0.045786863 -0.706887786 -0.005240050 0.705822756 -0.037095979 0.006326685 -0.030441248
619.700000000 -1.528857836 -0.378353845 7.842228237 0.045786863 -0.706887786 -0.005240050 0.705822756 -0.015223864 0.002596416 -0.012492821
619.800000000 -1.528857836 -0.378353845 7.842228237 0.045786863 -0.706887786 -0.005240050 0.705822756 0.000000000 0.000000000 0.000000000
619.900000000 -1.528857836 -0.378353845 7.842228237 0.045786863 -0.706887786 -0.005240050 0.705822756 0.000000000 0.000000000 0.000000000
620.000000000 -1.528857836 -0.378353845 7.842228237 0.045786863 -0.706887786 -0.005240050 0.705822756 0.000000000 0.000000000 0.000000000
620.100000000 -1.528857836 -0.378353845 7.842228237 0.045786863 -0.706887786 -0.005240050 0.705822756 -0.045676052 0.010310378 -0.053196524
620.200000000 -1.528857836 -0.378353845 7.842228237 0.045786863 -0.706887786 -0.005240050 0.705822756 -0.088589741 0.019997211 -0.103175867
620.300000000 -1.491443280 -0.366518068 7.810421650 0.046043818 -0.706873451 -0.005138666 0.705821143 -0.098682717 0.022195125 -0.114943109
620.400000000 -1.491443280 -0.366518068 7.810421650 0.046043818 -0.706873451 -0.005138666 0.705821143 -0.075897323 0.017070371 -0.088403263
620.500000000 -1.491443280 -0.366518068 7.810421650 0.046043818 -0.706873451 -0.005138666 0.705821143 -0.020340840 0.004574940 -0.023692491
620.600000000 -1.491443280 -0.366518068 7.810421650 0.046043818 -0.706873451 -0.005138666 0.705821143 0.000000000 0.000000000 0.000000000
620.700000000 -1.491443280 -0.366518068 7.810421650 0.046043818 -0.706873451 -0.005138666 0.705821143 0.000000000 0.000000000 0.000000000
620.800000000 -1.491443280 -0.366518068 7.810421650 0.046043818 -0.706873451 -0.005138666 0.705821143 0.000000000 0.000000000 0.000000000
620.900000000 -1.491443280 -0.366518068 7.810421650 0.046043818 -0.706873451 -0.005138666 0.705821143 0.000000000 0.000000000 0.000000000
621.000000000 -1.491443280 -0.366518068 7.810421650 0.046043818 -0.706873451 -0.005138666 0.705821143 -0.017474358 0.002800950 0.096059122
621.100000000 -1.491443280 -0.366518068 7.810421650 0.046043818 -0.706873451 -0.005138666 0.705821143 -0.035389074 0.029331753 0.169463060
621.200000000 -1.551333701 -0.368213871 7.799790469 0.042842855 -0.706744321 -0.009705619 0.706103927 -0.058390178 0.104091762 0.141836741
621.300000000 -1.551899555 -0.356580863 7.797498873 0.028881880 -0.705628414 -0.032779773 0.707233953 -0.066129086 0.210941229 0.095750698
621.400000000 -1.519683153 -0.315485335 7.782838269 0.028659103 -0.705498923 -0.036739793 0.707177568 -0.060075669 0.321136872 0.005632932
621.500000000 -1.542216935 -0.281288423 7.792432418 0.037460389 -0.706051724 -0.027262818 0.706643064 -0.089483244 0.453446244 -0.075789217
621.600000000 -1.554623123 -0.245087630 7.787825264 0.044727378 -0.706423381 -0.017213397 0.706165113 -0.168642520 0.482214878 -0.255510759
621.700000000 -1.511667393 -0.162026425 7.772645857 0.047744143 -0.706651174 -0.011696582 0.705852537 -0.218287336 0.498211056 -0.316586280
621.800000000 -1.445293050 -0.125073473 7.747071097 0.048469550 -0.706869213 -0.008407467 0.705631585 -0.205876319 0.511043019 -0.238909493
621.900000000 -1.459340118 -0.070706863 7.731624710 0.048409795 -0.706952998 -0.006425028 0.705572583 -0.133601997 0.510297931 -0.012951112
622.000000000 -1.476254952 -0.014588610 7.732624816 0.047817121 -0.707311234 -0.005466316 0.705261980 -0.051191540 0.574010267 0.157861053
622.100000000 -1.499068973 0.040614004 7.730031889 0.047426393 -0.707659308 -0.005030373 0.704942364 -0.029490088 0.589851118 0.142842169
622.200000000 -1.505729207 0.097722549 7.732541868 0.046619523 -0.707993750 -0.004344686 0.704664880 -0.044615191 0.606444763 0.116457850
622.300000000 -1.518486353 0.159917488 7.732738344 0.045907190 -0.708474832 -0.003377492 0.704233296 -0.078888088 0.622986858 0.127711723
622.400000000 -1.533201897 0.222570382 7.725375244 0.047025624 -0.708878473 -0.003022253 0.703754764 -0.109200044 0.628070428 0.116312297
622.500000000 -1.566344468 0.288159276 7.714255578 0.049491878 -0.708311253 -0.002837965 0.704157418 -0.118980716 0.610862026 0.043907337
622.600000000 -1.566726772 0.348826812 7.707741886 0.050258294 -0.707440099 -0.002977018 0.704977835 -0.074420426 0.614825270 -0.002168005
622.700000000 -1.559261085 0.405826878 7.709538066 0.051834624 -0.706733797 -0.003057392 0.705571516 -0.001333459 0.642078892 -0.002892284
622.800000000 -1.554366849 0.473625790 7.718357325 0.053248505 -0.706011986 -0.001996849 0.706192385 0.043078614 0.678562732 0.094450451
622.900000000 -1.594747961 0.547344210 7.736404694 0.054708780 -0.705455217 -0.001827285 0.706637493 0.056556494 0.684440966 0.192809844
623.000000000 -1.624981721 0.610864232 7.747089167 0.054799109 -0.704978916 -0.002581144 0.707103333 0.034914224 0.657389472 0.213240748
623.100000000 -1.650766425 0.668042280 7.751165823 0.054002065 -0.704767809 -0.003004173 0.707373371 -0.004304116 0.634334647 0.164683025
623.200000000 -1.666491818 0.730999977 7.755776859 0.053505187 -0.704444687 -0.003891742 0.707728572 -0.025950617 0.619596226 0.117343581
623.300000000 -1.677761806 0.794241886 7.757281950 0.051314573 -0.703873139 -0.006488256 0.708440062 -0.016068664 0.601445257 0.123915168
623.400000000 -1.691837211 0.852139733 7.756180870 0.049396289 -0.703202184 -0.008430556 0.709221842 0.034856434 0.567203440 0.166520900
623.500000000 -1.738947961 0.901933249 7.778541284 0.046361632 -0.702608694 -0.007212416 0.710027889 0.081887772 0.533718685 0.123577160
623.600000000 -1.751407725 0.947017084 7.786547253 0.044412453 -0.701173834 -0.003498213 0.711597183 0.094795762 0.411915142 0.064781262
623.700000000 -1.723734578 1.005886175 7.801212104 0.044907293 -0.697777632 -0.006274478 0.714877851 0.084137479 0.271347870 0.062149609
623.800000000 -1.730312468 1.001057028 7.800852928 0.018355839 -0.692681900 -0.016736262 0.720815335 0.072261048 0.145636314 0.142073354
623.900000000 -1.763763749 1.007502759 7.815273393 0.054706661 -0.693145332 0.001198433 0.718717812 0.089091474 0.118030173 0.233542005
624.000000000 -1.795836700 1.019922005 7.822526497 0.036085204 -0.694241967 0.003600804 0.718827507 0.095661452 0.161784944 0.195400751
624.100000000 -1.813345054 1.043400768 7.841646069 -0.084185375 -0.694392901 0.009291152 0.714594288 0.115883865 0.144225849 0.129567843
624.200000000 -1.804805230 1.057274455 7.843157836 -0.065448874 -0.710620093 0.037406627 0.699525749 0.102046054 0.138937198 0.081822209
624.300000000 -1.810119318 1.075914946 7.854049242 -0.069443556 -0.715146500 0.083405848 0.690497314 0.028085249 0.141750473 0.028052426
624.400000000 -1.833588097 1.083837506 7.855766038 -0.063787074 -0.715031461 0.077059076 0.691898199 -0.088323585 0.171201582 -0.075845242
624.500000000 -1.812889364 1.105439880 7.828294732 -0.064181354 -0.714853154 0.078290107 0.691907784 -0.177117469 0.178472217 -0.188843442
624.600000000 -1.749058804 1.126207407 7.784178288 -0.063852992 -0.714901193 0.077661259 0.691959398 -0.175088940 0.149385482 -0.230142418
624.700000000 -1.749058804 1.126207407 7.784178288 -0.063852992 -0.714901193 0.077661259 0.691959398 -0.095662062 0.073229971 -0.140257901
624.800000000 -1.749058804 1.126207407 7.784178288 -0.063852992 -0.714901193 0.077661259 0.691959398 -0.022122483 0.015070506 -0.033729487
624.900000000 -1.749058804 1.126207407 7.784178288 -0.063852992 -0.714901193 0.077661259 0.691959398 0.000000000 0.000000000 0.000000000
625.000000000 -1.749058804 1.126207407 7.784178288 -0.063852992 -0.714901193 0.077661259 0.691959398 0.000000000 0.000000000 0.000000000
625.100000000 -1.749058804 1.126207407 7.784178288 -0.063852992 -0.714901193 0.077661259 0.691959398 0.000000000 0.000000000 0.000000000
625.200000000 -1.749058804 1.126207407 7.784178288 -0.063852992 -0.714901193 0.077661259 0.691959398 0.000000000 0.000000000 0.000000000
