586.400000000 0.255229118 -0.804116058 6.599349938 -0.064108629 -0.696364407 -0.017579695 0.714603143 0.000000000 0.000000000 0.000000000
586.500000000 0.255229118 -0.804116058 6.599349938 -0.064108629 -0.696364407 -0.017579695 0.714603143 0.000000000 0.000000000 0.000000000
586.600000000 0.255229118 -0.804116058 6.599349938 -0.064108629 -0.696364407 -0.017579695 0.714603143 0.000000000 0.000000000 0.000000000
586.700000000 0.255229118 -0.804116058 6.599349938 -0.064108629 -0.696364407 -0.017579695 0.714603143 0.000000000 0.000000000 0.000000000
586.800000000 0.255229118 -0.804116058 6.599349938 -0.064108629 -0.696364407 -0.017579695 0.714603143 0.000000000 0.000000000 0.000000000
586.900000000 0.255229118 -0.804116058 6.599349938 -0.064108629 -0.696364407 -0.017579695 0.714603143 0.000000000 0.000000000 0.000000000
587.000000000 0.255229118 -0.804116058 6.599349938 -0.064108629 -0.696364407 -0.017579695 0.714603143 0.000000000 0.000000000 0.000000000
587.100000000 0.255229118 -0.804116058 6.599349938 -0.064108629 -0.696364407 -0.017579695 0.714603143 0.000000000 0.000000000 0.000000000
587.200000000 0.255229118 -0.804116058 6.599349938 -0.064108629 -0.696364407 -0.017579695 0.714603143 0.000000000 0.000000000 0.000000000
587.300000000 0.255229118 -0.804116058 6.599349938 -0.064108629 -0.696364407 -0.017579695 0.714603143 0.000000000 0.000000000 0.000000000
587.400000000 0.255229118 -0.804116058 6.599349938 -0.064108629 -0.696364407 -0.017579695 0.714603143 0.000000000 0.000000000 0.000000000
587.500000000 0.255229118 -0.804116058 6.599349938 -0.064108629 -0.696364407 -0.017579695 0.714603143 0.000000000 0.000000000 0.000000000
587.600000000 0.255229118 -0.804116058 6.599349938 -0.064108629 -0.696364407 -0.017579695 0.714603143 0.000000000 0.000000000 0.000000000
587.700000000 0.255229118 -0.804116058 6.599349938 -0.064108629 -0.696364407 -0.017579695 0.714603143 0.000000000 0.000000000 0.000000000
587.800000000 0.255229118 -0.804116058 6.599349938 -0.064108629 -0.696364407 -0.017579695 0.714603143 0.000000000 0.000000000 0.000000000
587.900000000 0.255229118 -0.804116058 6.599349938 -0.064108629 -0.696364407 -0.017579695 0.714603143 0.000000000 0.000000000 0.000000000
588.000000000 0.255229118 -0.804116058 6.599349938 -0.064108629 -0.696364407 -0.017579695 0.714603143 0.000000000 0.000000000 0.000000000
588.100000000 0.255229118 -0.804116058 6.599349938 -0.064108629 -0.696364407 -0.017579695 0.714603143 0.000000000 0.000000000 0.000000000
588.200000000 0.255229118 -0.804116058 6.599349938 -0.064108629 -0.696364407 -0.017579695 0.714603143 0.000000000 0.000000000 0.000000000
588.300000000 0.255229118 -0.804116058 6.599349938 -0.064108629 -0.696364407 -0.017579695 0.714603143 0.000000000 0.000000000 0.000000000
588.400000000 0.255229118 -0.804116058 6.599349938 -0.064108629 -0.696364407 -0.017579695 0.714603143 0.000000000 0.000000000 0.000000000
588.500000000 0.255229118 -0.804116058 6.599349938 -0.064108629 -0.696364407 -0.017579695 0.714603143 0.005423021 -0.002082407 0.008804311
588.600000000 0.255229118 -0.804116058 6.599349938 -0.064108629 -0.696364407 -0.017579695 0.714603143 0.307558397 -0.091998608 0.510722893
588.700000000 0.255229118 -0.804116058 6.599349938 -0.064108629 -0.696364407 -0.017579695 0.714603143 0.525506933 -0.170950195 0.873342691
588.800000000 -0.041287877 -0.812999705 6.786710473 -0.065937318 -0.696041700 -0.012959913 0.714849818 0.573941409 -0.217846922 0.932199139
588.900000000 -0.054150189 -0.816901565 6.796699957 -0.074554128 -0.695477823 0.002070591 0.714666350 0.455171541 -0.250232292 0.686730020
589.000000000 -0.059270671 -0.829118100 6.808883370 -0.083942377 -0.692626099 0.031152687 0.715718013 0.189010671 -0.250741264 0.179035759
589.100000000 -0.073345491 -0.857125277 6.831182997 -0.058480153 -0.690336063 0.031673417 0.720425559 0.198944539 -0.311160355 0.101308232
589.200000000 -0.088379998 -0.892421330 6.862388133 -0.029869547 -0.690499406 0.005370834 0.722696018 0.248838223 -0.344535107 0.099533455
589.300000000 -0.102894835 -0.928786833 6.897891187 -0.014105224 -0.692859093 -0.016125180 0.720754672 0.401203907 -0.405965710 0.381305281
589.400000000 -0.110004947 -0.964826996 6.919706259 -0.006007754 -0.695151309 -0.027110234 0.718326945 0.349583118 -0.328235219 0.320449535
589.500000000 -0.268993894 -1.020852888 7.010801547 -0.006608378 -0.697040433 -0.031563182 0.716306309 0.245067898 -0.225289606 0.195241665
589.600000000 -0.134306480 -1.001654434 6.957800593 -0.013556116 -0.698533960 -0.031051590 0.714774326 0.111332089 -0.161506911 0.044744081
589.700000000 -0.163743928 -1.014158688 6.983762805 -0.016040323 -0.698648800 -0.025606679 0.714826455 -0.019259400 -0.134239840 -0.145021379
589.800000000 -0.176579599 -1.043805943 6.988585794 -0.014597059 -0.697643141 -0.017992190 0.716070705 0.111908087 -0.269979937 -0.035140436
589.900000000 -0.192341994 -1.074199219 7.006774931 -0.016027175 -0.696864484 -0.011645160 0.716929153 0.095594386 -0.341976245 -0.121079624
590.000000000 -0.128546876 -1.121122254 7.031009013 -0.019839205 -0.696844808 -0.006327369 0.716919580 0.034910700 -0.374065039 -0.173454837
590.100000000 -0.128978391 -1.151594131 7.014767520 -0.019366071 -0.697095687 -0.004093245 0.716704823 -0.048423700 -0.394301631 -0.070334638
590.200000000 -0.115781488 -1.196505806 6.988034513 -0.018018503 -0.697653613 -0.006121571 0.716182446 -0.092851635 -0.365424001 0.205865502
590.300000000 -0.167648202 -1.240572598 6.986016096 -0.021404332 -0.698338472 -0.006473198 0.715418291 -0.081000215 -0.332217280 0.363992969
590.400000000 -0.242916680 -1.254713621 6.996483324 -0.024095121 -0.698494716 -0.002677416 0.715204438 -0.068014763 -0.297983170 0.419551462
590.500000000 -0.272916901 -1.282716253 6.974983023 -0.023463295 -0.698475032 0.002573470 0.715245049 -0.140229724 -0.276472348 0.263356941
590.600000000 -0.288751446 -1.315767206 6.976276133 -0.021594936 -0.698476629 0.005862043 0.715282947 -0.349868792 -0.257546070 -0.032800277
590.700000000 -0.297328007 -1.338102257 6.953824148 -0.021828367 -0.698418197 0.006382711 0.715328460 -0.375065409 -0.158067195 0.166761510
590.800000000 -0.270586970 -1.349127152 6.872569836 -0.023671753 -0.698099599 0.005921346 0.715584751 -0.314196921 -0.106420179 0.341726127
590.900000000 -0.398258863 -1.342586267 6.866906047 -0.025984817 -0.697989627 0.006661401 0.715605265 -0.159752691 -0.142933884 0.478766062
591.000000000 -0.415139072 -1.365729827 6.865952330 -0.027166831 -0.698352150 0.008430363 0.715188903 0.012159117 -0.234342643 0.474859790
591.100000000 -0.409510914 -1.412781662 6.849693676 -0.024147617 -0.698123686 0.008192309 0.715522954 0.030031581 -0.303008015 0.281303770
591.200000000 -0.470179960 -1.434142228 6.880308088 -0.021611638 -0.697714315 0.005498521 0.716028937 0.066994753 -0.296174052 0.311623670
591.300000000 -0.536597940 -1.448321043 6.894667928 -0.022241355 -0.697834722 0.004960451 0.715896234 0.105384044 -0.263941303 0.288898461
591.400000000 -0.528154346 -1.486662531 6.893314186 -0.022450631 -0.697940386 0.006123689 0.715777680 0.130187674 -0.231656545 0.272569196
591.500000000 -0.526889981 -1.510233581 6.904768738 -0.020907237 -0.697475989 0.004058443 0.716291604 0.134028687 -0.249118722 0.221333554
591.600000000 -0.588667338 -1.517610297 6.939074642 -0.022151021 -0.697879813 0.002906531 0.715866364 0.136720554 -0.284157748 0.215862900
591.700000000 -0.602541612 -1.557461536 6.944042156 -0.021887627 -0.698138686 0.004329487 0.715614814 0.086472555 -0.353278216 0.126607723
591.800000000 -0.597552738 -1.599928813 6.950072654 -0.018616059 -0.698469688 0.004939579 0.715380415 -0.109221743 -0.491658138 -0.221672546
591.900000000 -0.577494380 -1.648446015 6.944590577 -0.015881214 -0.698581811 0.002345889 0.715350080 -0.178857138 -0.513776139 -0.327895924
592.000000000 -0.463198747 -1.738243961 6.862147010 -0.017325999 -0.698540719 0.000459768 0.715360372 -0.169960868 -0.501270317 -0.293883129
592.100000000 -0.503724808 -1.755211341 6.892245745 -0.017713363 -0.698329191 0.000657345 0.715557228 -0.069895641 -0.463978046 -0.151249316
592.200000000 -0.498796760 -1.800126789 6.894478649 -0.014602717 -0.697794528 0.000879996 0.716148576 0.044992391 -0.389186647 -0.020439549
592.300000000 -0.505396566 -1.847247993 6.910664827 -0.011850978 -0.696840741 -0.002844868 0.717122335 0.025766766 -0.382994563 -0.091627042
592.400000000 -0.473132855 -1.875370905 6.895291259 -0.012694565 -0.696436379 -0.004527683 0.717491963 0.000817339 -0.369031052 -0.098901874
592.500000000 -0.471420341 -1.910050830 6.904505148 -0.013868250 -0.695781332 -0.002204084 0.718116392 -0.014306760 -0.351407162 -0.073788665
592.600000000 -0.474653206 -1.956451096 6.900464179 -0.011536180 -0.695337824 -0.001149890 0.718589525 0.003593198 -0.332670547 -0.032258138
592.700000000 -0.479775749 -1.981807684 6.904274603 -0.013136572 -0.695106226 0.000284046 0.718786953 0.032951033 -0.266239472 0.022970256
592.800000000 -0.456229187 -2.009179476 6.900431351 -0.013358550 -0.694488265 0.001129011 0.719379124 0.325396929 0.020876214 0.524720940
592.900000000 -0.419318463 -2.059043325 6.874724324 -0.013459949 -0.694323499 -0.000455491 0.719537005 0.482811558 0.134153507 0.819294579
593.000000000 -0.722571323 -1.917202001 7.066723123 -0.014455116 -0.694173036 -0.000233681 0.719662971 0.402709064 0.042176936 0.681831371
593.100000000 -0.752088224 -1.947081218 7.084370452 -0.013341308 -0.693980856 -0.000582676 0.719869600 0.193781802 -0.169188197 0.316537101
593.200000000 -0.688214556 -1.999790619 7.046026632 -0.014387313 -0.694077834 -0.000632945 0.719755906 -0.049745318 -0.435479053 -0.111562763
593.300000000 -0.664361266 -2.055941717 7.033454766 -0.012657883 -0.693806126 -0.000512943 0.720050397 -0.004872461 -0.408000233 -0.002170337
593.400000000 -0.710038930 -2.086440217 7.060092486 -0.012603572 -0.693789144 -0.000706220 0.720067549 0.053240691 -0.332049776 0.139662285
593.500000000 -0.714545800 -2.118072230 7.059092585 -0.015847804 -0.693504813 -0.005011053 0.720260238 0.017423919 -0.254952736 0.076816743
593.600000000 -0.709593262 -2.145334030 7.051833858 -0.037391665 -0.692431963 -0.023720967 0.720123014 -0.027783036 -0.162670414 0.016941850
593.700000000 -0.705437027 -2.150630978 7.049944073 -0.039536935 -0.691975475 -0.026454733 0.720351942 -0.014867927 -0.085627026 0.064748882
593.800000000 -0.730231815 -2.150108233 7.054559795 -0.029975767 -0.691351815 -0.015902614 0.721721018 0.001388526 -0.025500605 0.119893709
593.900000000 -0.739186235 -2.156298425 7.054644142 -0.019655158 -0.691020766 -0.005925856 0.722543327 -0.012538560 -0.009214133 0.082294602
594.000000000 -0.759058215 -2.149571260 7.055156939 -0.013832829 -0.690601282 0.001335330 0.723102164 -0.024769741 -0.004691546 0.014421164
594.100000000 -0.735431400 -2.154334937 7.045176990 -0.011829579 -0.690388529 0.002030209 0.723339214 -0.026262968 -0.000459748 -0.031001027
594.200000000 -0.735431400 -2.154334937 7.045176990 -0.011829579 -0.690388529 0.002030209 0.723339214 -0.017195979 -0.005415286 -0.036129283
594.300000000 -0.735431400 -2.154334937 7.045176990 -0.011829579 -0.690388529 0.002030209 0.723339214 0.000000000 0.000000000 0.000000000
594.400000000 -0.735431400 -2.154334937 7.045176990 -0.011829579 -0.690388529 0.002030209 0.723339214 -0.138103953 0.072627951 -0.035883976
594.500000000 -0.735431400 -2.154334937 7.045176990 -0.011829579 -0.690388529 0.002030209 0.723339214 -0.220277542 0.135308911 0.021320046
594.600000000 -0.711229543 -2.098990758 6.932753738 -0.011584552 -0.690390716 0.002002831 0.723341169 -0.128775870 0.123600456 0.192054879
594.700000000 -0.711229543 -2.098990758 6.932753738 -0.011584552 -0.690390716 0.002002831 0.723341169 -0.010997968 0.075235181 0.277114938
594.800000000 -0.821227154 -2.117152430 7.022399718 -0.011852513 -0.690388919 0.002136482 0.723338160 0.133041707 -0.010052384 0.276320083
594.900000000 -0.821227154 -2.117152430 7.022399718 -0.011852513 -0.690388919 0.002136482 0.723338160 -0.076865550 -0.017352879 -0.112360867
595.000000000 -0.821227154 -2.117152430 7.022399718 -0.011852513 -0.690388919 0.002136482 0.723338160 -0.412683418 0.029978753 -0.588192411
595.100000000 -0.715246431 -2.119153026 6.936974427 -0.012321687 -0.690465027 0.001851307 0.723258456 -0.488011065 0.039165910 -0.696772503
595.200000000 -0.594883592 -2.111282266 6.847404516 -0.013437799 -0.690369348 0.001613121 0.723330482 -0.397294191 0.036401023 -0.569126860
595.300000000 -0.594883592 -2.111282266 6.847404516 -0.013437799 -0.690369348 0.001613121 0.723330482 -0.141662835 0.018279757 -0.205809447
595.400000000 -0.594883592 -2.111282266 6.847404516 -0.013437799 -0.690369348 0.001613121 0.723330482 0.000000000 0.000000000 0.000000000
595.500000000 -0.594883592 -2.111282266 6.847404516 -0.013437799 -0.690369348 0.001613121 0.723330482 0.000000000 0.000000000 0.000000000
595.600000000 -0.594883592 -2.111282266 6.847404516 -0.013437799 -0.690369348 0.001613121 0.723330482 0.000000000 0.000000000 0.000000000
595.700000000 -0.594883592 -2.111282266 6.847404516 -0.013437799 -0.690369348 0.001613121 0.723330482 0.000000000 0.000000000 0.000000000
595.800000000 -0.594883592 -2.111282266 6.847404516 -0.013437799 -0.690369348 0.001613121 0.723330482 0.000000000 0.000000000 0.000000000
595.900000000 -0.594883592 -2.111282266 6.847404516 -0.013437799 -0.690369348 0.001613121 0.723330482 0.002421921 0.008879478 -0.136887015
596.000000000 -0.594883592 -2.111282266 6.847404516 -0.013437799 -0.690369348 0.001613121 0.723330482 -0.019127275 0.025514940 -0.352182836
596.100000000 -0.545039021 -2.111005920 6.870400691 -0.013818129 -0.690299525 0.001682335 0.723389794 -0.030543174 0.031886547 -0.426311558
596.200000000 -0.455568178 -2.103525646 6.830766236 -0.013909974 -0.690267873 0.001715853 0.723418158 -0.032033003 0.027610897 -0.359748272
596.300000000 -0.455568178 -2.103525646 6.830766236 -0.013909974 -0.690267873 0.001715853 0.723418158 -0.052153263 0.024491789 -0.192412250
596.400000000 -0.455568178 -2.103525646 6.830766236 -0.013909974 -0.690267873 0.001715853 0.723418158 -0.068602360 0.030180185 -0.081292167
596.500000000 -0.433287973 -2.097574414 6.813227772 -0.013603233 -0.690242568 0.001628963 0.723448337 -0.144455368 0.061198604 -0.150543800
596.600000000 -0.432180343 -2.097033592 6.812634782 -0.013643661 -0.690243190 0.001642715 0.723446951 -0.146300375 0.068197970 -0.125591756
596.700000000 -0.397897743 -2.081357225 6.768935319 -0.014579885 -0.690257734 0.002270183 0.723413114 -0.060610861 0.051653653 0.023626016
596.800000000 -0.397897743 -2.081357225 6.768935319 -0.014579885 -0.690257734 0.002270183 0.723413114 0.013552147 0.027658322 0.113176263
596.900000000 -0.453108031 -2.078893445 6.796664091 -0.014722453 -0.690208332 0.002272728 0.723457354 0.068707018 0.002307915 0.154356931
597.000000000 -0.453108031 -2.078893445 6.796664091 -0.014722453 -0.690208332 0.002272728 0.723457354 0.035902764 0.001205998 0.080659017
597.100000000 -0.453108031 -2.078893445 6.796664091 -0.014722453 -0.690208332 0.002272728 0.723457354 0.000000000 0.000000000 0.000000000
597.200000000 -0.453108031 -2.078893445 6.796664091 -0.014722453 -0.690208332 0.002272728 0.723457354 0.000000000 0.000000000 0.000000000
597.300000000 -0.453108031 -2.078893445 6.796664091 -0.014722453 -0.690208332 0.002272728 0.723457354 -0.007595636 -0.008727139 0.031655742
597.400000000 -0.453108031 -2.078893445 6.796664091 -0.014722453 -0.690208332 0.002272728 0.723457354 -0.012108877 -0.013912705 0.050465224
597.500000000 -0.470844261 -2.083491379 6.793411731 -0.015009825 -0.690232289 0.002202605 0.723428808 -0.012394618 -0.014263256 0.051647359
597.600000000 -0.470844261 -2.083491379 6.793411731 -0.015009825 -0.690232289 0.002202605 0.723428808 -0.008444588 -0.009717712 0.035187907
597.700000000 -0.470844261 -2.083491379 6.793411731 -0.015009825 -0.690232289 0.002202605 0.723428808 -0.000272971 -0.000314125 0.001137448
597.800000000 -0.470844261 -2.083491379 6.793411731 -0.015009825 -0.690232289 0.002202605 0.723428808 0.000000000 0.000000000 0.000000000
597.900000000 -0.470844261 -2.083491379 6.793411731 -0.015009825 -0.690232289 0.002202605 0.723428808 0.000000000 0.000000000 0.000000000
598.000000000 -0.470844261 -2.083491379 6.793411731 -0.015009825 -0.690232289 0.002202605 0.723428808 0.000000000 0.000000000 0.000000000
598.100000000 -0.470844261 -2.083491379 6.793411731 -0.015009825 -0.690232289 0.002202605 0.723428808 -0.024021411 -0.004011887 -0.014841094
598.200000000 -0.470844261 -2.083491379 6.793411731 -0.015009825 -0.690232289 0.002202605 0.723428808 -0.055415299 -0.011366750 -0.044633205
598.300000000 -0.475434930 -2.084246832 6.770239313 -0.015247579 -0.690250779 0.002064492 0.723406602 -0.065268585 -0.014032904 -0.055938667
598.400000000 -0.453587858 -2.088964067 6.771293572 -0.015503607 -0.690323976 0.001949214 0.723331630 -0.053549490 -0.012049168 -0.048715153
598.500000000 -0.453587858 -2.088964067 6.771293572 -0.015503607 -0.690323976 0.001949214 0.723331630 -0.020195151 -0.005468374 -0.022947595
598.600000000 -0.453587858 -2.088964067 6.771293572 -0.015503607 -0.690323976 0.001949214 0.723331630 -0.002818783 -0.000017666 -0.004823417
598.700000000 -0.453587858 -2.088964067 6.771293572 -0.015503607 -0.690323976 0.001949214 0.723331630 -0.063267303 0.001698975 -0.067226862
598.800000000 -0.453587858 -2.088964067 6.771293572 -0.015503607 -0.690323976 0.001949214 0.723331630 -0.126115436 0.010585121 -0.028987208
598.900000000 -0.408315058 -2.093684217 6.734355337 -0.010900351 -0.689893371 0.001988096 0.723826199 -0.141248299 0.013676739 0.007132321
599.000000000 -0.457553243 -2.085157803 6.723820519 -0.008743210 -0.689860348 0.001261220 0.723888573 -0.108731367 0.023934282 0.058729500
599.100000000 -0.457553243 -2.085157803 6.723820519 -0.008743210 -0.689860348 0.001261220 0.723888573 -0.058134075 0.047235697 0.071700647
599.200000000 -0.464358316 -2.082339025 6.729452587 -0.009068819 -0.689867761 0.001300349 0.723877433 -0.056511008 0.066253045 -0.027194570
599.300000000 -0.462830327 -2.065701656 6.713089833 -0.012061252 -0.690088224 0.000648781 0.723624452 -0.106745052 0.090140091 -0.042949986
599.400000000 -0.442620136 -2.060268832 6.699924677 -0.016268232 -0.690334085 0.000617907 0.723307551 -0.132507695 0.119728334 -0.045532663
599.500000000 -0.451839813 -2.050092372 6.680665032 -0.041200073 -0.691242505 0.009253539 0.721388055 -0.141292143 0.192000539 0.000221390
599.600000000 -0.440099486 -2.033657910 6.670922135 -0.065543523 -0.694049516 -0.071394691 0.713373755 -0.204673511 0.286612113 0.103600773
599.700000000 -0.457320522 -1.994303103 6.649315410 0.016866914 -0.702866960 -0.182757441 0.687235958 -0.419923246 0.288527806 0.153719850
599.800000000 -0.475984276 -1.938889582 6.617980579 0.106025123 -0.719476654 -0.226309753 0.647993760 -0.747064480 0.185779014 0.268743190
599.900000000 -0.461813421 -1.892867437 6.546553859 0.152601448 -0.737105278 -0.243943002 0.611457618 -1.132387846 0.006234088 0.482806109
600.000000000 -0.506578850 -1.807279639 6.428844286 0.172465944 -0.754553944 -0.266828678 0.574200575 -1.557936197 -0.269210683 0.804243155
600.100000000 -0.526944991 -1.725770737 6.254629300 0.180402502 -0.772080612 -0.292859177 0.534396827 -1.947426059 -0.626608055 1.218279530
600.200000000 -0.608354827 -1.604612241 6.007511409 -0.176851359 0.790489962 0.311601578 -0.496743066 -2.290504362 -1.049089549 1.610999074
600.300000000 -0.654616609 -1.490030211 5.698173607 -0.163865670 0.811234082 0.323604978 -0.458614353 -2.578142290 -1.505759028 2.083019873
600.400000000 -0.677616426 -1.382831094 5.334181821 -0.147850981 0.831027036 0.334222505 -0.419320247 -2.852521134 -1.989783674 2.532901254
600.500000000 -0.753972876 -1.271551842 4.870941405 -0.128138217 0.848492402 0.342628575 -0.382422411 -3.041718748 -2.461090399 2.989582243
600.600000000 -0.735370725 -1.147898797 4.343853869 -0.104021460 0.866171206 0.342650502 -0.348593764 -3.167446877 -2.828897092 3.498206818
600.700000000 -0.761211637 -1.050020241 3.768549615 -0.071976338 0.885006581 0.331368608 -0.319026023 -3.222377354 -3.022295166 4.097114633
600.800000000 -0.782446572 -0.964556879 3.168542770 -0.048935452 0.901776172 0.315215467 -0.291623501 -3.104722123 -3.135410784 4.591510010
600.900000000 -0.837261618 -0.869438261 2.487578828 -0.032661929 0.918079444 0.293631537 -0.264279878 -2.985608124 -3.171060950 5.069609376
601.000000000 -0.840564472 -0.830425120 1.830342785 -0.025871146 0.934043108 0.266722394 -0.236121410 -2.802455866 -3.187218374 5.667058594
601.100000000 -0.875386845 -0.785507586 1.131733160 -0.029732865 0.947542930 0.241831592 -0.206871538 -2.550886137 -3.241417904 6.322289550
601.200000000 -0.933051856 -0.745649592 0.305918581 -0.036117510 0.958603650 0.220951252 -0.175940650 -2.174571312 -3.239668909 6.967195202
601.300000000 -0.983736951 -0.728740005 -0.536634294 -0.038098674 0.966437455 0.209148735 -0.144235720 -1.732788450 -3.272752266 7.300871308
601.400000000 -1.017163017 -0.724313918 -1.310827129 -0.037138101 0.972578509 0.199094549 -0.114337944 -1.324188595 -3.246935004 7.442984746
601.500000000 -1.059034430 -0.736456940 -2.154949473 -0.035848482 0.978796605 0.184035258 -0.082481000 -0.898933004 -3.130691495 7.598696677
601.600000000 -1.087771126 -0.749174448 -2.994857033 -0.036081251 0.984489117 0.164378989 -0.049586997 -0.473318633 -2.931772765 7.779559122
601.700000000 -1.100827355 -0.782296378 -3.818049501 -0.035189148 0.988934637 0.143013865 -0.017805695 -0.048931099 -2.641567936 7.743006634
601.800000000 -1.105229806 -0.817966358 -4.651005176 -0.036249154 0.992212081 0.118117435 0.015794178 0.478468248 -2.233761560 7.459831743
601.900000000 -1.117836730 -0.875738223 -5.413638878 -0.039021877 0.993280014 0.096311886 0.050952200 0.918591334 -1.871247962 7.138907596
602.000000000 -1.151257471 -0.919144788 -6.073228324 -0.041672273 0.992779628 0.073574136 0.085081595 1.286870753 -1.516685268 6.891344402
602.100000000 -1.123986237 -0.976314798 -6.813094218 -0.044696901 0.990500959 0.049915763 0.120076865 1.600910407 -1.151125458 6.614788992
602.200000000 -1.106287769 -1.030393519 -7.523488479 -0.049466423 0.986232266 0.022067384 0.156243466 1.846720654 -0.743413818 5.997295669
602.300000000 -1.089147769 -1.092407863 -8.125264173 -0.056731334 0.980048752 -0.003509365 0.190456515 2.029087774 -0.434194673 5.131529522
602.400000000 -1.087966397 -1.138846816 -8.531072105 -0.065125360 0.971696667 -0.021852497 0.226023767 2.216189923 -0.245383496 4.614727666
602.500000000 -1.081499027 -1.211294262 -9.021899471 -0.073902004 0.961226152 -0.039540424 0.262715309 2.376744055 -0.035845467 4.277153807
602.600000000 -1.050356482 -1.265124154 -9.605596667 -0.083726170 0.949460400 -0.059809971 0.296542821 2.530739489 0.223906503 4.177789691
602.700000000 -1.016490391 -1.316980937 -10.034003178 -0.093420218 0.935728330 -0.083146062 0.329805832 2.648013434 0.496787582 3.892039245
602.800000000 -0.946932549 -1.357164257 -10.509033853 -0.106272535 0.919831418 -0.104470292 0.362908073 2.639284346 0.704878922 3.459962327
602.900000000 -0.945724266 -1.415960713 -10.931609458 -0.122188432 0.902919741 -0.122692722 0.393385847 2.586623685 0.863974814 3.058311281
603.000000000 -0.882583981 -1.445077332 -11.331636074 -0.143389751 0.884074911 -0.142221963 0.421454439 2.331218219 0.988646732 2.625301587
603.100000000 -0.821268039 -1.473431839 -11.665275016 -0.164527436 0.861989750 -0.163523364 0.450737733 2.012150249 1.091637582 2.307766428
603.200000000 -0.751997966 -1.488827974 -11.948234783 -0.179921063 0.838837810 -0.182099382 0.480436630 1.708098306 1.135186572 1.991404280
603.300000000 -0.663558942 -1.493308124 -12.219713648 -0.195045986 0.813086167 -0.194821226 0.512730572 1.399592872 1.117118941 1.669806857
603.400000000 -0.573264421 -1.480145598 -12.430367512 -0.214353030 0.783949006 -0.201655035 0.546636973 0.987068192 0.960270725 1.304509280
603.500000000 -0.497434344 -1.467766341 -12.562639896 -0.233486094 0.752585781 -0.208489415 0.579336732 0.463326417 0.707544503 1.046166338
603.600000000 -0.428474654 -1.434690241 -12.629496940 -0.245693742 0.719696209 -0.208587456 0.614949775 -0.067382898 0.383113201 0.945693886
603.700000000 -0.316002987 -1.389729304 -12.629841138 -0.257608781 0.684837436 -0.201808325 0.651082792 -0.590467474 0.027049659 0.998188890
603.800000000 -0.212341676 -1.342861553 -12.556131987 -0.272172937 0.649990032 -0.194343952 0.682396717 -1.081365457 -0.357938019 1.124817676
603.900000000 -0.109329577 -1.286346633 -12.411243884 -0.282293660 0.614152743 -0.186274748 0.713041665 -1.530033675 -0.757795145 1.277094034
604.000000000 0.005552895 -1.221224068 -12.195058019 -0.290795645 0.576222553 -0.178254116 0.742718609 -1.925019110 -1.160745884 1.601663618
604.100000000 0.084976803 -1.167992993 -11.929695646 -0.293368651 0.540894502 -0.166256318 0.770536702 -2.280791882 -1.529833117 2.031921372
604.200000000 0.236077524 -1.088805855 -11.572107832 -0.299340051 0.504233054 -0.152569548 0.795529443 -2.529876423 -1.923643605 2.594485620
604.300000000 0.374155206 -1.008073775 -11.134945982 -0.300539660 0.467771424 -0.135741111 0.820024487 -2.671177394 -2.203498679 2.950584533
604.400000000 0.515985748 -0.937334153 -10.671064833 -0.299423898 0.433194988 -0.120091000 0.841585161 -2.790166984 -2.304816591 2.802561602
604.500000000 0.554325963 -0.890563451 -10.205304958 -0.295205440 0.397737325 -0.104901426 0.862354022 -2.951791573 -2.495405332 2.938995499
604.600000000 0.463571049 -0.857317866 -9.803359542 -0.286533093 0.364498791 -0.087905532 0.881653013 -3.120379829 -2.743864756 3.449313359
604.700000000 0.553966772 -0.816033974 -9.191993331 -0.279340636 0.334790554 -0.072421584 0.897016838 -3.106436300 -3.051239221 4.268361989
604.800000000 0.672015549 -0.769457901 -8.487555786 -0.274998901 0.303892640 -0.063892158 0.909913545 -2.924559657 -3.433168513 5.167138270
604.900000000 0.741384593 -0.744951468 -7.817764494 -0.261546407 0.271660846 -0.060755930 0.924176703 -2.716986381 -3.523144335 5.689501670
605.000000000 0.826924310 -0.731133980 -7.086501376 -0.247276143 0.241349553 -0.055753596 0.936747799 -2.531508592 -3.569183735 6.150808477
605.100000000 0.911995511 -0.716163159 -6.300557823 -0.242202553 0.208993598 -0.052129153 0.946013822 -2.232165783 -3.716663373 6.553800577
605.200000000 0.980407076 -0.712377481 -5.478565798 -0.231984013 0.176686358 -0.046801374 0.955392579 -1.879369863 -3.752810853 6.883870074
605.300000000 1.034071097 -0.724494028 -4.709223185 -0.216039580 0.146193685 -0.040230203 0.964539184 -1.525918377 -3.711763705 7.266170785
605.400000000 1.111050691 -0.756717175 -3.861526982 -0.200161940 0.114609018 -0.034899056 0.972410421 -1.128963909 -3.661076153 7.635507524
605.500000000 1.178373954 -0.792954780 -2.957000930 -0.179884657 0.081396282 -0.033529529 0.979740744 -0.729998787 -3.446460664 7.858240143
605.600000000 1.220390515 -0.842819211 -2.114521069 -0.149547108 0.048418843 -0.031631810 0.987061653 -0.337515246 -2.973713219 7.920068992
605.700000000 1.227048486 -0.895789744 -1.293395364 -0.120374574 0.015220389 -0.030147676 0.992153929 0.025764832 -2.478118188 7.720276006
605.800000000 1.254984040 -0.955184331 -0.475222842 -0.102039868 -0.018357593 -0.033168676 0.994057696 0.388828592 -2.167929525 7.333366541
605.900000000 1.244232950 -1.020614178 0.223034741 -0.082816089 -0.051093364 -0.035951957 0.994604655 0.777954930 -1.880720049 6.970229899
606.000000000 1.225142405 -1.102662239 0.949285520 -0.062245594 -0.086254393 -0.041313862 0.993468082 1.147570656 -1.612170560 6.617809752
606.100000000 1.231513162 -1.185524323 1.648157313 -0.042638672 -0.122835051 -0.047570202 0.990368906 1.576500783 -1.304696004 6.165212696
606.200000000 1.204025709 -1.285242589 2.273101420 -0.020534554 -0.158500374 -0.053841967 0.985675913 1.925182353 -0.938845195 5.673779981
606.300000000 1.220198344 -1.353091333 2.806520489 0.001172375 -0.195946180 -0.059349638 0.978816296 2.204703973 -0.605250686 5.183465579
606.400000000 1.206246055 -1.419940220 3.368836512 0.022151337 -0.231913905 -0.063757458 0.970391800 2.454097338 -0.318730249 4.772174667
606.500000000 1.206091864 -1.483604573 3.850717436 0.046352769 -0.263133020 -0.071578502 0.960983326 2.629701240 -0.028459992 4.494511827
606.600000000 1.196614535 -1.564251245 4.396799491 0.073380643 -0.293830171 -0.083881935 0.949338155 2.737684614 0.281124676 4.125030639
606.700000000 1.186973893 -1.619716824 4.872729768 0.105203221 -0.325066069 -0.098970240 0.934595755 2.791378572 0.670116293 3.818118634
606.800000000 1.166198736 -1.682543206 5.331725084 0.132914313 -0.354838669 -0.116173645 0.918110554 2.789598511 1.017101780 3.574088771
606.900000000 1.130020001 -1.714292119 5.775833211 0.155384362 -0.385392907 -0.136314687 0.899303238 2.737533400 1.292103780 3.310224902
607.000000000 1.077941573 -1.754426512 6.238074397 0.172703417 -0.416448629 -0.158607749 0.878400621 2.551998877 1.459733961 2.893848767
607.100000000 1.014279884 -1.775967601 6.625330100 0.185072004 -0.445740552 -0.179840913 0.857158655 2.190750271 1.450048909 2.370655046
607.200000000 0.960073620 -1.788118252 6.925811355 0.195766391 -0.475959975 -0.200741489 0.833570919 1.721308971 1.358595537 1.843550390
607.300000000 0.886110652 -1.777477280 7.187628908 0.207508486 -0.509301012 -0.218647775 0.806068147 1.255953014 1.224940161 1.453166815
607.400000000 0.829985831 -1.756711612 7.362191841 0.213895982 -0.543683102 -0.232730272 0.777492003 0.784574462 1.006332419 1.165639467
607.500000000 0.745192349 -1.725355182 7.490621464 0.213108437 -0.581778431 -0.244094714 0.746013687 0.299052830 0.722290720 0.961152470
607.600000000 0.671337520 -1.685570405 7.546206254 0.203170730 -0.620118017 -0.256010696 0.713185686 -0.197722271 0.387877231 0.905338615
607.700000000 0.579704255 -1.635107289 7.529047267 0.193050641 -0.653841668 -0.268002619 0.680732781 -0.710480548 0.010693877 0.944272877
607.800000000 0.476212726 -1.576398492 7.447329450 0.188827731 -0.686698443 -0.279871321 0.643786751 -1.186385861 -0.386667475 1.144311462
607.900000000 0.358124571 -1.512172654 7.293191266 0.178350784 -0.720622144 -0.285506853 0.606119262 -1.593475352 -0.770556839 1.434839587
608.000000000 0.246646182 -1.447211030 7.065556909 0.165262220 -0.749576620 -0.290507492 0.571339379 -1.924790972 -1.135844012 1.807002332
608.100000000 0.128703674 -1.380600344 6.796532672 0.152973301 -0.776918375 -0.294728066 0.534913428 -2.173179520 -1.480934465 2.213497214
608.200000000 -0.011285465 -1.305962354 6.447227555 -0.139909998 0.803301552 0.295855718 -0.497595422 -2.356965739 -1.748307399 2.559881234
608.300000000 -0.171509088 -1.238029706 6.045625000 -0.130284385 0.825832860 0.295929694 -0.462008314 -2.527791080 -1.971105166 2.771224486
608.400000000 -0.284804032 -1.158794948 5.609325180 -0.123708124 0.845668401 0.298632730 -0.424687825 -2.670508165 -2.265797584 3.069370057
608.500000000 -0.309560738 -1.100179957 5.163758178 -0.114209711 0.864499064 0.299898523 -0.386857061 -2.774788081 -2.594465887 3.533015667
608.600000000 -0.415277899 -1.034693784 4.626356467 -0.096441010 0.881449816 0.296824205 -0.354458383 -2.880156583 -2.901922629 4.139247619
608.700000000 -0.495532085 -0.973515738 4.013457428 -0.079460649 0.897361837 0.290893485 -0.322193606 -2.879099961 -3.142885660 4.796649810
608.800000000 -0.583028850 -0.903400287 3.330992657 -0.066853808 0.912009081 0.282854250 -0.289419209 -2.792406991 -3.273643815 5.251674129
608.900000000 -0.657749770 -0.850113070 2.661872639 -0.056990106 0.924857388 0.272228886 -0.259388460 -2.628762148 -3.341139862 5.621320740
609.000000000 -0.720141095 -0.808012480 1.956684288 -0.049807034 0.937587273 0.257217288 -0.228667076 -2.413484158 -3.361421710 6.017032367
609.100000000 -0.793787470 -0.774607293 1.192645357 -0.044389249 0.950201069 0.237526237 -0.196796368 -2.127639711 -3.312641084 6.455803319
609.200000000 -0.846463491 -0.752716280 0.442059250 -0.040565024 0.960083942 0.220759132 -0.166909283 -1.839897419 -3.261726584 6.805067310
609.300000000 -0.901396413 -0.751688854 -0.337751630 -0.039006451 0.967702274 0.208454444 -0.136299485 -1.516737493 -3.251928000 7.151493284
609.400000000 -0.938154690 -0.752957485 -1.139773510 -0.039035748 0.974361173 0.195307350 -0.104649674 -1.115980537 -3.196184415 7.487152282
609.500000000 -0.985963162 -0.749922102 -1.981092862 -0.038643786 0.979371023 0.184051393 -0.073919829 -0.711312049 -3.130111444 7.683639002
609.600000000 -1.032062519 -0.762957063 -2.847586490 -0.037185696 0.983913645 0.169562242 -0.042187789 -0.285963001 -2.971811964 7.749671344
609.700000000 -1.047567940 -0.801853270 -3.677217394 -0.033652570 0.988375476 0.148006077 -0.008696266 0.136914692 -2.664331469 7.548180788
609.800000000 -1.050958291 -0.831695947 -4.450975585 -0.031050764 0.991780497 0.121882748 0.023492369 0.539769444 -2.316282860 7.400071859
609.900000000 -1.058703720 -0.889644198 -5.187356098 -0.030623031 0.992665622 0.101753289 0.057649473 0.951656978 -2.046329954 7.304190957
610.000000000 -1.062657335 -0.959764853 -6.020245798 -0.033400055 0.991467210 0.085329945 0.092714656 1.329435575 -1.823563591 7.162700023
610.100000000 -1.036643681 -1.008776543 -6.724214732 -0.035878183 0.989413833 0.061432323 0.126487520 1.656834982 -1.414338091 6.746918112
610.200000000 -1.009167442 -1.075909813 -7.413670577 -0.039681582 0.985660491 0.032107878 0.160834864 1.940746422 -0.969646391 6.009280188
610.300000000 -1.011736886 -1.133323523 -7.960099817 -0.045712211 0.979551421 0.000415517 0.195931709 2.144727367 -0.603380461 5.168936956
610.400000000 -1.017813665 -1.217421093 -8.527168737 -0.053308617 0.971522872 -0.026962569 0.229291344 2.275201118 -0.333888933 4.592533959
610.500000000 -1.010875826 -1.280788473 -8.917771799 -0.064206312 0.960708839 -0.052123215 0.264951403 2.400852997 -0.055322415 4.283823782
610.600000000 -0.972992861 -1.360545047 -9.488946527 -0.077402271 0.947652954 -0.076256420 0.300246108 2.549859178 0.283913232 4.052989596
610.700000000 -0.944176169 -1.407504539 -9.912706624 -0.091750675 0.933763499 -0.095869427 0.332380195 2.724905113 0.581896357 3.831321516
610.800000000 -0.907215059 -1.455437657 -10.409820963 -0.108484261 0.917897663 -0.114056795 0.364261024 2.784069997 0.820217590 3.520423830
610.900000000 -0.875013954 -1.510053865 -10.878837202 -0.126933910 0.899558236 -0.133494325 0.396058111 2.743130242 1.047346305 3.190433074
611.000000000 -0.820109893 -1.546109582 -11.275425411 -0.149206391 0.880167396 -0.155047231 0.423087656 2.471896886 1.222847772 2.781037051
611.100000000 -0.765146064 -1.562257381 -11.628875851 -0.171380528 0.858566197 -0.174957612 0.450424948 2.126291555 1.319621991 2.375839610
611.200000000 -0.689873324 -1.566879690 -11.951412739 -0.189475365 0.833483902 -0.195301864 0.480895886 1.771577369 1.313344485 1.968587422
611.300000000 -0.611656003 -1.573995530 -12.212604027 -0.205714049 0.806712377 -0.213023825 0.511388033 1.362696159 1.213746827 1.604411674
611.400000000 -0.525369848 -1.570126768 -12.418032855 -0.225455510 0.777050618 -0.223068027 0.543693669 0.906470423 1.014960281 1.269486483
611.500000000 -0.437726668 -1.541416796 -12.555672736 -0.243056270 0.744518650 -0.225005018 0.579645040 0.387327162 0.738245241 1.048267095
611.600000000 -0.363601230 -1.509785973 -12.616880097 -0.255770806 0.711977369 -0.221894438 0.615168578 -0.150701469 0.411584583 0.957780704
611.700000000 -0.264239016 -1.463339951 -12.610762308 -0.265724721 0.678263010 -0.211914948 0.651491916 -0.673068200 0.039048562 0.998063821
611.800000000 -0.158760669 -1.405118398 -12.532107103 -0.278242553 0.642769214 -0.200140710 0.685107667 -1.161138116 -0.353285367 1.167972229
611.900000000 -0.033997655 -1.334392321 -12.377156056 -0.287516059 0.607403907 -0.191776053 0.715274042 -1.617348231 -0.753448714 1.370286626
612.000000000 0.075723034 -1.267676644 -12.167459521 -0.293362807 0.571121260 -0.179799140 0.745272460 -2.003854201 -1.130190251 1.705862029
612.100000000 0.163584198 -1.190339390 -11.867087504 -0.298379641 0.533874809 -0.167555900 0.773222024 -2.309188075 -1.511036986 2.185765098
612.200000000 0.314071479 -1.102488935 -11.518210267 -0.303150172 0.498675300 -0.155832735 0.796956132 -2.511009588 -1.865615697 2.684009140
612.300000000 0.458170034 -1.018549164 -11.101536401 -0.307868058 0.461930937 -0.143808358 0.819241249 -2.558650586 -1.999459348 2.647563588
612.400000000 0.607528354 -0.929754517 -10.623986863 -0.311145132 0.422841096 -0.133248818 0.840618146 -2.687447516 -1.953463549 2.112253868
612.500000000 0.521600356 -0.884119098 -10.310336894 -0.310951097 0.388057132 -0.118688610 0.859438242 -2.986223385 -2.009662158 1.831349357
612.600000000 0.342245521 -0.839570784 -9.981469967 -0.307990280 0.354361543 -0.103791587 0.876810807 -3.267204736 -2.424357412 2.445511054
612.700000000 0.331203706 -0.778224164 -9.409644866 -0.297816307 0.322275906 -0.088195334 0.894240052 -3.264737515 -3.088324270 4.019991443
612.800000000 0.391909825 -0.724835309 -8.739590885 -0.284084988 0.293590016 -0.075739488 0.909595598 -3.067548923 -3.559092757 5.411503230
612.900000000 0.528326915 -0.665309158 -7.943286364 -0.269034589 0.264959151 -0.063897067 0.923760902 -2.874091545 -3.690053186 6.162604303
613.000000000 0.584943479 -0.623667055 -7.171280111 -0.259679739 0.233347748 -0.058104580 0.935274890 -2.621257576 -3.702528674 6.445656323
613.100000000 0.645669588 -0.590967939 -6.389023460 -0.253810253 0.201359047 -0.056479232 0.944375448 -2.279553933 -3.677272453 6.499035340
613.200000000 0.710405376 -0.565141047 -5.573902823 -0.238297945 0.169915739 -0.049996950 0.954904726 -1.890719102 -3.559057904 6.759435859
613.300000000 0.743927738 -0.561286189 -4.832371972 -0.227072900 0.137254092 -0.045789342 0.963069337 -1.499748668 -3.534232290 7.050669133
613.400000000 0.799034228 -0.557379308 -4.032021284 -0.216998400 0.106176834 -0.045551221 0.969310714 -1.113147598 -3.583393662 7.427923566
613.500000000 0.832006784 -0.561435290 -3.176506522 -0.192696655 0.073585983 -0.045043919 0.977458003 -0.710442959 -3.313478262 7.759616586
613.600000000 0.873894213 -0.581578201 -2.244201336 -0.170782144 0.039180829 -0.045809123 0.983463190 -0.244299804 -2.947083886 7.711893987
613.700000000 0.881577963 -0.598470124 -1.452247578 -0.151323181 0.006412050 -0.044824326 0.987446687 0.121378518 -2.624016813 7.502200288
613.800000000 0.903733519 -0.627381374 -0.732347776 -0.126522779 -0.026652563 -0.040781427 0.990766624 0.426827284 -2.252764477 7.371202791
613.900000000 0.872684849 -0.674165357 0.087540868 -0.101580622 -0.061863098 -0.038428031 0.992158062 0.854797425 -1.911296335 7.285078167
614.000000000 0.833071714 -0.713503834 0.828443106 -0.077925487 -0.094785633 -0.039419572 0.991659921 1.214821164 -1.546168119 6.918617011
614.100000000 0.831757519 -0.765337760 1.513761566 -0.056087838 -0.129633970 -0.043301676 0.989026872 1.599893195 -1.185646162 6.252042453
614.200000000 0.795305839 -0.822997467 2.151807230 -0.032484298 -0.168126695 -0.050157966 0.983952419 1.953593224 -0.852767299 5.616005559
614.300000000 0.813714845 -0.883545505 2.656224811 -0.011466213 -0.204883001 -0.058393079 0.976975808 2.192996044 -0.553646723 5.118580682
614.400000000 0.803085064 -0.941787470 3.236618698 0.007834262 -0.240117388 -0.063506485 0.968632640 2.394630962 -0.275970753 4.769643134
614.500000000 0.780063430 -0.982401982 3.763363212 0.029563292 -0.275256316 -0.069862297 0.958373221 2.534914611 0.013407755 4.438026261
614.600000000 0.755200982 -1.019349164 4.228725808 0.055956259 -0.305920168 -0.080345598 0.947009151 2.611551712 0.326239949 4.115895834
614.700000000 0.725609951 -1.064307993 4.711779095 0.087809572 -0.336189272 -0.093910109 0.932977569 2.704403098 0.698867579 3.888046550
614.800000000 0.685119718 -1.098967744 5.183817931 0.116524052 -0.368089535 -0.109384568 0.915951557 2.785474262 1.070733743 3.646446449
614.900000000 0.628008566 -1.113163374 5.665172442 0.137587973 -0.397639984 -0.127118570 0.898216489 2.743281704 1.347550760 3.328590928
615.000000000 0.567402850 -1.127338891 6.111858100 0.157965011 -0.427378639 -0.149661649 0.877494128 2.551413537 1.513615150 2.871879639
615.100000000 0.508672809 -1.129555281 6.495046143 0.176735159 -0.457695641 -0.173260653 0.853967289 2.212338477 1.519136751 2.319069623
615.200000000 0.448346254 -1.135816694 6.809872552 0.188491665 -0.486952328 -0.193245685 0.830665051 1.783230400 1.413853349 1.883617678
615.300000000 0.388396385 -1.123920956 7.059885903 0.196188680 -0.519569820 -0.209163308 0.804865153 1.350562087 1.260989624 1.566665971
615.400000000 0.311160754 -1.089518768 7.259767780 0.201427025 -0.555441429 -0.223674626 0.775165553 0.887560341 1.055752353 1.294154063
615.500000000 0.199332598 -1.059845279 7.407614346 0.205192837 -0.589955337 -0.238922969 0.743481281 0.402858075 0.762117967 1.106522813
615.600000000 0.115369269 -1.022324848 7.470904066 0.176640959 -0.627189522 -0.237942768 0.720287800 0.003978253 0.349255942 1.007016687
615.700000000 0.012600247 -0.985768138 7.460174200 0.094553351 -0.664245369 -0.195872458 0.715172521 -0.322886946 0.017530827 1.022118270
615.800000000 -0.095018751 -0.965685897 7.417796673 0.016337627 -0.688786296 -0.128138786 0.713363141 -0.596608545 -0.107264763 1.116061331
615.900000000 -0.205628125 -0.956435442 7.340181347 -0.022793237 -0.700409616 -0.066882079 0.710234909 -0.723016136 -0.088217873 1.143636491
616.000000000 -0.360758551 -0.939985488 7.248510004 -0.028208880 -0.706308841 -0.020524145 0.707043732 -0.745263219 0.017194860 1.107964966
616.100000000 -0.447331067 -0.947854918 7.186887379 -0.011393138 -0.713940817 0.117175272 0.690238120 -0.637590693 0.403784481 0.956407313
616.200000000 -0.544364201 -0.931714548 7.127519996 0.008771867 -0.710260773 0.184039043 0.679398498 -0.492483233 0.546915709 0.718752495
616.300000000 -0.604198915 -0.896401793 7.048969462 0.016930645 -0.713614973 0.147400613 0.684645954 -0.411582501 0.449098165 0.534373440
616.400000000 -0.652332234 -0.876123792 7.013058397 0.012816199 -0.718560184 0.091402935 0.689313071 -0.312120289 0.280835876 0.363614658
616.500000000 -0.671224504 -0.859584946 6.990184331 0.002794013 -0.720759851 0.047530732 0.691547728 -0.213114443 0.166848269 0.240060148
616.600000000 -0.686630613 -0.849065495 6.971689925 -0.008791805 -0.720878939 0.024719603 0.692564222 -0.145730551 0.160224090 0.172271507
616.700000000 -0.716416544 -0.834128689 6.963025373 -0.017201825 -0.719769608 0.019642479 0.693721833 -0.017596135 -0.117719814 0.306757712
616.800000000 -0.726225149 -0.834847396 6.954664001 -0.020851118 -0.717721947 0.020723472 0.695708973 0.192371866 -0.384480834 0.524030335
616.900000000 -0.789027441 -0.940315067 6.976740022 -0.022193371 -0.716349473 0.023643502 0.696987713 0.499560598 -0.479899634 0.868852050
617.000000000 -0.903607832 -0.991876530 7.055531032 -0.023214590 -0.715755745 0.023929701 0.697554418 0.617033279 -0.397948688 0.933258755
617.100000000 -1.075460543 -0.967990899 7.162366472 -0.024665535 -0.715090286 0.021597019 0.698262890 0.507983881 -0.128920118 0.583522628
617.200000000 -1.047780896 -0.988760457 7.168960820 -0.025534164 -0.714603622 0.017505349 0.698844212 0.322798591 -0.060507241 0.213435000
617.300000000 -1.010875446 -0.999777859 7.174414084 -0.025496119 -0.713588716 0.012575174 0.699987826 0.143281754 -0.097413480 -0.139067613
617.400000000 -1.023976785 -1.000111502 7.204394879 -0.022362187 -0.712373655 0.008674489 0.701390377 0.143968112 -0.110195316 -0.180447988
617.500000000 -1.012893157 -1.016474770 7.221395820 -0.017429542 -0.711270222 0.006169001 0.702675477 0.181883629 -0.067812644 -0.125989148
617.600000000 -0.984052402 -1.025261126 7.229608230 -0.014370204 -0.710295473 0.004294545 0.703743842 0.198361339 -0.002739636 -0.142237142
617.700000000 -0.965103045 -1.024836479 7.253792702 -0.012338332 -0.709159952 0.001479086 0.704938111 0.232404372 0.050140728 -0.146157278
617.800000000 -0.968633534 -1.001706842 7.282804557 -0.011408456 -0.708312890 -0.001284327 0.705805248 0.265609712 0.037939920 -0.158899812
617.900000000 -0.953870095 -1.002712744 7.319810263 -0.012148543 -0.708536381 -0.003953279 0.705558630 0.268609531 0.029252112 -0.150496399
618.000000000 -0.973045814 -0.997120548 7.365474656 -0.013653706 -0.708998142 -0.006791472 0.705045450 0.222863094 0.039854870 -0.217258666
618.100000000 -0.936677412 -0.990349611 7.375067087 -0.013395862 -0.708523068 -0.008736670 0.705506402 0.147786836 0.133222808 -0.217221498
618.200000000 -0.875024970 -0.982310857 7.374311198 -0.013132545 -0.707926350 -0.010750906 0.706082317 0.159240259 0.268597025 0.062475958
618.300000000 -0.825294950 -0.953019826 7.358085341 -0.013423529 -0.707248011 -0.012182557 0.706733079 0.256531929 0.350089898 0.399189440
618.400000000 -0.915459292 -0.918233341 7.398632744 -0.013168988 -0.706824960 -0.012727055 0.707151381 0.292299047 0.342898016 0.587560121
618.500000000 -1.052180301 -0.853963588 7.462176920 -0.012974229 -0.706551079 -0.012503606 0.707432613 0.233729234 0.233451703 0.467292563
618.600000000 -1.052180301 -0.853963588 7.462176920 -0.012974229 -0.706551079 -0.012503606 0.707432613 0.076996778 0.101942411 0.135608320
618.700000000 -1.052180301 -0.853963588 7.462176920 -0.012974229 -0.706551079 -0.012503606 0.707432613 -0.039611821 0.011481714 -0.075881934
618.800000000 -1.053435568 -0.853421287 7.462308778 -0.013015350 -0.706553599 -0.012516395 0.707429115 -0.030506392 -0.007070467 -0.085619535
618.900000000 -1.023003203 -0.857774616 7.452081645 -0.014698369 -0.706554151 -0.012916400 0.707388405 -0.085560271 -0.014847780 -0.140985980
619.000000000 -1.023003203 -0.857774616 7.452081645 -0.014698369 -0.706554151 -0.012916400 0.707388405 -0.110150503 -0.011142724 -0.104752568
619.100000000 -0.941338546 -0.867879131 7.399797470 -0.014332877 -0.706431629 -0.012036820 0.707533771 -0.099458324 0.002336913 -0.028375558
619.200000000 -1.013552627 -0.857426258 7.419227799 -0.013881790 -0.706294948 -0.011374159 0.707690166 -0.070614500 0.004851165 -0.001236706
619.300000000 -1.013552627 -0.857426258 7.419227799 -0.013881790 -0.706294948 -0.011374159 0.707690166 -0.023546859 0.009090010 0.023349855
619.400000000 -1.013552627 -0.857426258 7.419227799 -0.013881790 -0.706294948 -0.011374159 0.707690166 -0.036906219 0.006276008 -0.030280312
619.500000000 -1.008252251 -0.856544146 7.412781186 -0.013973816 -0.706269550 -0.011480830 0.707711979 -0.044317212 0.007545999 -0.036363557
619.600000000 -1.001574628 -0.855432828 7.404659488 -0.014089754 -0.706237533 -0.011615220 0.707739438 -0.037095979 0.006326685 -0.030441248
619.700000000 -1.001574628 -0.855432828 7.404659488 -0.014089754 -0.706237533 -0.011615220 0.707739438 -0.015223864 0.002596416 -0.012492821
619.800000000 -1.001574628 -0.855432828 7.404659488 -0.014089754 -0.706237533 -0.011615220 0.707739438 0.000000000 0.000000000 0.000000000
619.900000000 -1.001574628 -0.855432828 7.404659488 -0.014089754 -0.706237533 -0.011615220 0.707739438 0.000000000 0.000000000 0.000000000
620.000000000 -1.001574628 -0.855432828 7.404659488 -0.014089754 -0.706237533 -0.011615220 0.707739438 0.000000000 0.000000000 0.000000000
620.100000000 -1.001574628 -0.855432828 7.404659488 -0.014089754 -0.706237533 -0.011615220 0.707739438 -0.045676052 0.010310378 -0.053196524
620.200000000 -1.001574628 -0.855432828 7.404659488 -0.014089754 -0.706237533 -0.011615220 0.707739438 -0.088589741 0.019997211 -0.103175867
620.300000000 -0.963487239 -0.849579770 7.371999329 -0.013832289 -0.706231413 -0.011515108 0.707752260 -0.098682717 0.022195125 -0.114943109
620.400000000 -0.963487239 -0.849579770 7.371999329 -0.013832289 -0.706231413 -0.011515108 0.707752260 -0.075897323 0.017070371 -0.088403263
620.500000000 -0.963487239 -0.849579770 7.371999329 -0.013832289 -0.706231413 -0.011515108 0.707752260 -0.020340840 0.004574940 -0.023692491
620.600000000 -0.963487239 -0.849579770 7.371999329 -0.013832289 -0.706231413 -0.011515108 0.707752260 0.000000000 0.000000000 0.000000000
620.700000000 -0.963487239 -0.849579770 7.371999329 -0.013832289 -0.706231413 -0.011515108 0.707752260 0.000000000 0.000000000 0.000000000
620.800000000 -0.963487239 -0.849579770 7.371999329 -0.013832289 -0.706231413 -0.011515108 0.707752260 0.000000000 0.000000000 0.000000000
620.900000000 -0.963487239 -0.849579770 7.371999329 -0.013832289 -0.706231413 -0.011515108 0.707752260 0.000000000 0.000000000 0.000000000
621.000000000 -0.963487239 -0.849579770 7.371999329 -0.013832289 -0.706231413 -0.011515108 0.707752260 -0.017474358 0.002800950 0.096059122
621.100000000 -0.963487239 -0.849579770 7.371999329 -0.013832289 -0.706231413 -0.011515108 0.707752260 -0.035389074 0.029331753 0.169463060
621.200000000 -1.023361841 -0.846459137 7.361604431 -0.017043151 -0.706124887 -0.016084144 0.707699424 -0.058390178 0.104091762 0.141836741
621.300000000 -1.022859977 -0.835030010 7.358438731 -0.031025166 -0.705228222 -0.039177737 0.707216868 -0.066129086 0.210941229 0.095750698
621.400000000 -0.987076830 -0.798351243 7.340664964 -0.031248929 -0.705238527 -0.043132292 0.706966569 -0.060075669 0.321136872 0.005632932
621.500000000 -1.006243585 -0.761570545 7.347669508 -0.022446325 -0.705844786 -0.033647886 0.707210804 -0.089483244 0.453446244 -0.075789217
621.600000000 -1.015259279 -0.724817863 7.340348691 -0.015167513 -0.706176646 -0.023597863 0.707479775 -0.168642520 0.482214878 -0.255510759
621.700000000 -0.964876290 -0.647521435 7.318864059 -0.012141705 -0.706337168 -0.018075115 0.707540582 -0.218287336 0.498211056 -0.316586280
621.800000000 -0.895562669 -0.618973938 7.290477355 -0.011411497 -0.706464823 -0.014775137 0.707501891 -0.205876319 0.511043019 -0.238909493
621.900000000 -0.904609377 -0.564849799 7.270974179 -0.011468035 -0.706470788 -0.012790221 0.707533688 -0.133601997 0.510297931 -0.012951112
622.000000000 -0.916210302 -0.507479629 7.267741183 -0.012062320 -0.706765119 -0.011803728 0.707246943 -0.051191540 0.574010267 0.157861053
622.100000000 -0.933799953 -0.450737005 7.261002469 -0.012455475 -0.707078558 -0.011339506 0.706934361 -0.029490088 0.589851118 0.142842169
622.200000000 -0.935086338 -0.393229675 7.259186747 -0.013264369 -0.707349367 -0.010627473 0.706659739 -0.044615191 0.606444763 0.116457850
622.300000000 -0.941988091 -0.330276449 7.254686645 -0.013979245 -0.707760694 -0.009621914 0.706248398 -0.078888088 0.622986858 0.127711723
622.400000000 -0.950860236 -0.267254667 7.242616530 -0.012862759 -0.708203645 -0.009232364 0.705830652 -0.109200044 0.628070428 0.116312297
622.500000000 -0.977836276 -0.199876580 7.226601952 -0.010389234 -0.707744893 -0.009094680 0.706333149 -0.118980716 0.610862026 0.043907337
622.600000000 -0.972616061 -0.140103184 7.215510750 -0.009614832 -0.706914454 -0.009306684 0.707172465 -0.074420426 0.614825270 -0.002168005
622.700000000 -0.959854620 -0.084079286 7.212973287 -0.008030977 -0.706284790 -0.009445228 0.707819247 -0.001333459 0.642078892 -0.002892284
622.800000000 -0.948587894 -0.016565141 7.216623803 -0.006606819 -0.705588805 -0.008446392 0.708540363 0.043078614 0.678562732 0.094450451
622.900000000 -0.981768718 0.061757779 7.229085758 -0.005139579 -0.705093874 -0.008322562 0.709046506 0.056556494 0.684440966 0.192809844
623.000000000 -1.005859053 0.128451965 7.234965629 -0.005046581 -0.704650062 -0.009115089 0.709478497 0.034914224 0.657389472 0.213240748
623.100000000 -1.026166367 0.187936058 7.234731473 -0.005843543 -0.704417403 -0.009556045 0.709697582 -0.004304116 0.634334647 0.164683025
623.200000000 -1.035915279 0.252256792 7.234579271 -0.006339990 -0.704104346 -0.010469646 0.709991028 -0.025950617 0.619596226 0.117343581
623.300000000 -1.041227850 0.316208791 7.231302775 -0.008533093 -0.703527876 -0.013111062 0.710495471 -0.016068664 0.601445257 0.123915168
623.400000000 -1.049853507 0.374921685 7.225836134 -0.010450786 -0.702839996 -0.015107161 0.711110748 0.034856434 0.567203440 0.166520900
623.500000000 -1.091928580 0.430447594 7.244420181 -0.013479722 -0.702057559 -0.013944059 0.711856056 0.081887772 0.533718685 0.123577160
623.600000000 -1.100063964 0.476973980 7.249003228 -0.015408627 -0.700389766 -0.010359598 0.713519046 0.094795762 0.411915142 0.064781262
623.700000000 -1.066901812 0.533931472 7.259129762 -0.014886649 -0.697119996 -0.013414022 0.716674377 0.084137479 0.271347870 0.062149609
623.800000000 -1.073904003 0.529725837 7.259146000 -0.041401492 -0.691172786 -0.024263192 0.721094580 0.072261048 0.145636314 0.142073354
623.900000000 -1.106486870 0.540341534 7.273079746 -0.005015564 -0.692662510 -0.006333328 0.721216597 0.089091474 0.118030173 0.233542005
624.000000000 -1.137200609 0.556218678 7.279412353 -0.023652869 -0.692794760 -0.003853898 0.720736505 0.095661452 0.161784944 0.195400751
624.100000000 -1.152283392 0.582605958 7.296720556 -0.143538269 -0.687113364 0.002320884 0.712226512 0.115883865 0.144225849 0.129567843
624.200000000 -1.142475108 0.595693837 7.297165765 -0.124956758 -0.703160274 0.031659032 0.699248985 0.102046054 0.138937198 0.081822209
624.300000000 -1.145937050 0.615516963 7.306620330 -0.128703030 -0.705772800 0.078178114 0.692248847 0.028085249 0.141750473 0.028052426
624.400000000 -1.168549907 0.625707785 7.307762165 -0.123119798 -0.706159387 0.071759281 0.693564014 -0.088323585 0.171201582 -0.075845242
624.500000000 -1.146158242 0.643147587 7.278706366 -0.123502404 -0.705916352 0.072981836 0.693615825 -0.177117469 0.178472217 -0.188843442
624.600000000 -1.081041240 0.654468432 7.233060931 -0.123180360 -0.706003337 0.072352738 0.693650465 -0.175088940 0.149385482 -0.230142418
624.700000000 -1.081041240 0.654468432 7.233060931 -0.123180360 -0.706003337 0.072352738 0.693650465 -0.095662062 0.073229971 -0.140257901
624.800000000 -1.081041240 0.654468432 7.233060931 -0.123180360 -0.706003337 0.072352738 0.693650465 -0.022122483 0.015070506 -0.033729487
624.900000000 -1.081041240 0.654468432 7.233060931 -0.123180360 -0.706003337 0.072352738 0.693650465 0.000000000 0.000000000 0.000000000
625.000000000 -1.081041240 0.654468432 7.233060931 -0.123180360 -0.706003337 0.072352738 0.693650465 0.000000000 0.000000000 0.000000000
625.100000000 -1.081041240 0.654468432 7.233060931 -0.123180360 -0.706003337 0.072352738 0.693650465 0.000000000 0.000000000 0.000000000
625.200000000 -1.081041240 0.654468432 7.233060931 -0.123180360 -0.706003337 0.072352738 0.693650465 0.000000000 0.000000000 0.000000000
