586.400000000 0.000000000 0.000000000 0.000000000 0.000000000 0.000000000 0.000000000 1.000000000 0.000000000 0.000000000 0.000000000
586.500000000 0.000000000 0.000000000 0.000000000 0.000000000 0.000000000 0.000000000 1.000000000 0.000000000 0.000000000 0.000000000
586.600000000 0.000000000 0.000000000 0.000000000 0.000000000 0.000000000 0.000000000 1.000000000 0.000000000 0.000000000 0.000000000
586.700000000 0.000000000 0.000000000 0.000000000 0.000000000 0.000000000 0.000000000 1.000000000 0.000000000 0.000000000 0.000000000
586.800000000 0.000000000 0.000000000 0.000000000 0.000000000 0.000000000 0.000000000 1.000000000 0.000000000 0.000000000 0.000000000
586.900000000 0.000000000 0.000000000 0.000000000 0.000000000 0.000000000 0.000000000 1.000000000 0.000000000 0.000000000 0.000000000
587.000000000 0.000000000 0.000000000 0.000000000 0.000000000 0.000000000 0.000000000 1.000000000 0.000000000 0.000000000 0.000000000
587.100000000 0.000000000 0.000000000 0.000000000 0.000000000 0.000000000 0.000000000 1.000000000 0.000000000 0.000000000 0.000000000
587.200000000 0.000000000 0.000000000 0.000000000 0.000000000 0.000000000 0.000000000 1.000000000 0.000000000 0.000000000 0.000000000
587.300000000 0.000000000 0.000000000 0.000000000 0.000000000 0.000000000 0.000000000 1.000000000 0.000000000 0.000000000 0.000000000
587.400000000 0.000000000 0.000000000 0.000000000 0.000000000 0.000000000 0.000000000 1.000000000 0.000000000 0.000000000 0.000000000
587.500000000 0.000000000 0.000000000 0.000000000 0.000000000 0.000000000 0.000000000 1.000000000 0.000000000 0.000000000 0.000000000
587.600000000 0.000000000 0.000000000 0.000000000 0.000000000 0.000000000 0.000000000 1.000000000 0.000000000 0.000000000 0.000000000
587.700000000 0.000000000 0.000000000 0.000000000 0.000000000 0.000000000 0.000000000 1.000000000 0.000000000 0.000000000 0.000000000
587.800000000 0.000000000 0.000000000 0.000000000 0.000000000 0.000000000 0.000000000 1.000000000 0.000000000 0.000000000 0.000000000
587.900000000 0.000000000 0.000000000 0.000000000 0.000000000 0.000000000 0.000000000 1.000000000 0.000000000 0.000000000 0.000000000
588.000000000 0.000000000 0.000000000 0.000000000 0.000000000 0.000000000 0.000000000 1.000000000 0.000000000 0.000000000 0.000000000
588.100000000 0.000000000 0.000000000 0.000000000 0.000000000 0.000000000 0.000000000 1.000000000 0.000000000 0.000000000 0.000000000
588.200000000 0.000000000 0.000000000 0.000000000 0.000000000 0.000000000 0.000000000 1.000000000 0.000000000 0.000000000 0.000000000
588.300000000 0.000000000 0.000000000 0.000000000 0.000000000 0.000000000 0.000000000 1.000000000 0.000000000 0.000000000 0.000000000
588.400000000 0.000000000 0.000000000 0.000000000 0.000000000 0.000000000 0.000000000 1.000000000 0.000000000 0.000000000 0.000000000
588.500000000 0.000000000 0.000000000 0.000000000 0.000000000 0.000000000 0.000000000 1.000000000 0.005423021 -0.002082407 0.008804311
588.600000000 0.000000000 0.000000000 0.000000000 0.000000000 0.000000000 0.000000000 1.000000000 0.307558397 -0.091998608 0.510722893
588.700000000 0.000000000 0.000000000 0.000000000 0.000000000 0.000000000 0.000000000 1.000000000 0.525506933 -0.170950195 0.873342691
588.800000000 0.177564932 -0.055309442 0.297517694 0.001920405 0.000074067 0.004599769 0.999987574 0.573941409 -0.217846922 0.932199139
588.900000000 0.186899230 -0.061319108 0.310055962 0.006207839 -0.000765811 0.021373979 0.999751984 0.455171541 -0.250232292 0.686730020
589.000000000 0.198117155 -0.074831516 0.313989356 0.019767992 -0.000025075 0.048895086 0.998608280 0.189010671 -0.250741264 0.179035759
589.100000000 0.218148419 -0.105698694 0.325202816 0.038587531 0.005303794 0.031765783 0.998736105 0.198944539 -0.311160355 0.101308232
589.200000000 0.246566943 -0.144498050 0.336718270 0.040865005 0.008957324 -0.006924090 0.999100533 0.248838223 -0.344535107 0.099533455
589.300000000 0.279219383 -0.184586514 0.347687791 0.037078206 0.007574412 -0.033448328 0.998723708 0.401203907 -0.405965710 0.381305281
589.400000000 0.298457602 -0.222586311 0.351042012 0.035099741 0.005092392 -0.047126701 0.998259059 0.349583118 -0.328235219 0.320449535
589.500000000 0.381034938 -0.302423328 0.504410104 0.031473329 0.002610233 -0.050047170 0.998247413 0.245067898 -0.225289606 0.195241665
589.600000000 0.333376160 -0.264426313 0.371732868 0.026792750 0.000321199 -0.044966107 0.998629108 0.111332089 -0.161506911 0.044744081
589.700000000 0.357601805 -0.281931143 0.400081681 0.028814531 -0.000117303 -0.039351689 0.998809869 -0.019259400 -0.134239840 -0.145021379
589.800000000 0.360131450 -0.313108738 0.409490925 0.035210440 0.001005014 -0.034829044 0.998772323 0.111908087 -0.269979937 -0.035140436
589.900000000 0.375859553 -0.346258022 0.422012935 0.038649665 0.001727196 -0.029232545 0.998823647 0.095594386 -0.341976245 -0.121079624
590.000000000 0.398906680 -0.387094589 0.353748129 0.039627737 0.001326660 -0.022776779 0.998954003 0.034910700 -0.374065039 -0.173454837
590.100000000 0.380737903 -0.416256062 0.350282355 0.041512248 0.000862923 -0.021529600 0.998905634 -0.048423700 -0.394301631 -0.070334638
590.200000000 0.351579862 -0.457466068 0.331376945 0.041039089 0.000254186 -0.023962397 0.998870128 -0.092851635 -0.365424001 0.205865502
590.300000000 0.345207230 -0.506942003 0.377719513 0.038337755 -0.000804327 -0.021913240 0.999024214 -0.081000215 -0.332217280 0.363992969
590.400000000 0.352517949 -0.530272364 0.451048381 0.039047193 -0.001355544 -0.017340768 0.999085971 -0.068014763 -0.297983170 0.419551462
590.500000000 0.328388612 -0.560016319 0.477115522 0.043157486 -0.001638718 -0.014026474 0.998968470 -0.140229724 -0.276472348 0.263356941
590.600000000 0.327090237 -0.594673635 0.489030011 0.046785124 -0.001791449 -0.012976944 0.998819074 -0.349868792 -0.257546070 -0.032800277
590.700000000 0.303007980 -0.616285101 0.494460757 0.046982778 -0.001755483 -0.012437774 0.998816719 -0.375065409 -0.158067195 0.166761510
590.800000000 0.222039041 -0.618697620 0.464844794 0.045355041 -0.001352168 -0.011458868 0.998904293 -0.314196921 -0.106420179 0.341726127
590.900000000 0.213038261 -0.626441334 0.592257489 0.044216847 -0.001347404 -0.009311876 0.998977649 -0.159752691 -0.142933884 0.478766062
591.000000000 0.210103454 -0.651247600 0.606311366 0.044583699 -0.002030588 -0.007255218 0.998977243 0.012159117 -0.234342643 0.474859790
591.100000000 0.191032747 -0.696148054 0.594902926 0.046592866 -0.001566368 -0.009507286 0.998867490 0.030031581 -0.303008015 0.281303770
591.200000000 0.218408314 -0.726316513 0.653338288 0.046554468 -0.000704205 -0.013163102 0.998828773 0.066994753 -0.296174052 0.311623670
591.300000000 0.229860899 -0.748933091 0.717959651 0.045723387 -0.000859233 -0.013119148 0.998867620 0.105384044 -0.263941303 0.288898461
591.400000000 0.226299896 -0.785878789 0.705093756 0.046378132 -0.001095551 -0.012151020 0.998849449 0.130187674 -0.231656545 0.272569196
591.500000000 0.236250842 -0.809865929 0.701352694 0.046067665 -0.000246280 -0.014662810 0.998830672 0.134028687 -0.249118722 0.221333554
591.600000000 0.268173164 -0.826548779 0.762593209 0.044356540 -0.000778994 -0.014653207 0.998907991 0.136720554 -0.284157748 0.215862900
591.700000000 0.270161600 -0.867968707 0.771852184 0.045524083 -0.001225749 -0.013840794 0.998866602 0.086472555 -0.353278216 0.126607723
591.800000000 0.273599644 -0.909894771 0.762099730 0.048277594 -0.001607110 -0.015708365 0.998709136 -0.109221743 -0.491658138 -0.221672546
591.900000000 0.265610777 -0.955320216 0.736428408 0.048425796 -0.001494002 -0.019473994 0.998635806 -0.178857138 -0.513776139 -0.327895924
592.000000000 0.180987338 -1.025712543 0.610698943 0.046079858 -0.001361953 -0.019812910 0.998740327 -0.169960868 -0.501270317 -0.293883129
592.100000000 0.208725313 -1.049187442 0.649631209 0.045949533 -0.001093187 -0.019384953 0.998755060 -0.069895641 -0.463978046 -0.151249316
592.200000000 0.208216374 -1.093292027 0.639571608 0.048355968 -0.000258911 -0.021347317 0.998601985 0.044992391 -0.389186647 -0.020439549
592.300000000 0.221143860 -1.141838619 0.641009038 0.047774166 0.001387930 -0.025847065 0.998522725 0.025766766 -0.382994563 -0.091627042
592.400000000 0.204957210 -1.164989469 0.605368859 0.046016071 0.002027337 -0.026429745 0.998588944 0.000817339 -0.369031052 -0.098901874
592.500000000 0.211973569 -1.199785592 0.599843810 0.046823940 0.002760670 -0.023899010 0.998613406 -0.014306760 -0.351407162 -0.073788665
592.600000000 0.204870126 -1.245874338 0.597577943 0.049247083 0.003380489 -0.024732900 0.998474627 0.003593198 -0.332670547 -0.032258138
592.700000000 0.206892836 -1.271848736 0.599804067 0.049110565 0.003563410 -0.022575431 0.998531824 0.032951033 -0.266239472 0.022970256
592.800000000 0.201998434 -1.296026595 0.573160079 0.049567442 0.004359302 -0.021767012 0.998524042 0.325396929 0.020876214 0.524720940
592.900000000 0.174246465 -1.339500772 0.530154494 0.048398816 0.004686784 -0.022815352 0.998556482 0.482811558 0.134153507 0.819294579
593.000000000 0.365909786 -1.246499412 0.851963002 0.047847558 0.004850309 -0.021951987 0.998601620 0.402709064 0.042176936 0.681831371
593.100000000 0.380724175 -1.280676470 0.878190962 0.048410329 0.005173485 -0.022961043 0.998550182 0.193781802 -0.169188197 0.316537101
593.200000000 0.340980756 -1.323037751 0.807803765 0.047622261 0.005009846 -0.022276781 0.998604410 -0.049745318 -0.435479053 -0.111562763
593.300000000 0.325542093 -1.375119429 0.777322236 0.048955785 0.005431792 -0.023372745 0.998512665 -0.004872461 -0.408000233 -0.002170337
593.400000000 0.348807375 -1.412362885 0.819723029 0.048860806 0.005469217 -0.023547291 0.998513012 0.053240691 -0.332049776 0.139662285
593.500000000 0.345647321 -1.444163838 0.820503658 0.043552090 0.006025527 -0.024342755 0.998736371 0.017423919 -0.254952736 0.076816743
593.600000000 0.336803855 -1.470130720 0.812261288 0.015100203 0.007517363 -0.022644174 0.999601278 -0.027783036 -0.162670414 0.016941850
593.700000000 0.334701688 -1.474778453 0.807477702 0.011670140 0.008140533 -0.023070553 0.999632577 -0.014867927 -0.085627026 0.064748882
593.800000000 0.338607104 -1.477407026 0.832260720 0.025927507 0.009031179 -0.022123982 0.999378172 0.001388526 -0.025500605 0.119893709
593.900000000 0.338029602 -1.484572657 0.840435527 0.040297003 0.009382211 -0.022145785 0.998898238 -0.012538560 -0.009214133 0.082294602
594.000000000 0.338385818 -1.480212947 0.860960617 0.049542541 0.009707980 -0.020974665 0.998504559 -0.024769741 -0.004691546 0.014421164
594.100000000 0.328822974 -1.481561296 0.836727327 0.051469416 0.010015756 -0.021855288 0.998385161 -0.026262968 -0.000459748 -0.031001027
594.200000000 0.328822974 -1.481561296 0.836727327 0.051469416 0.010015756 -0.021855288 0.998385161 -0.017195979 -0.005415286 -0.036129283
594.300000000 0.328822974 -1.481561296 0.836727327 0.051469416 0.010015756 -0.021855288 0.998385161 -0.000000000 0.000000000 0.000000000
594.400000000 0.328822974 -1.481561296 0.836727327 0.051469416 0.010015756 -0.021855288 0.998385161 -0.138103953 0.072627951 -0.035883976
594.500000000 0.328822974 -1.481561296 0.836727327 0.051469416 0.010015756 -0.021855288 0.998385161 -0.220277542 0.135308911 0.021320046
594.600000000 0.220946248 -1.416389111 0.816655109 0.051625611 0.010021617 -0.022045586 0.998372854 -0.128775870 0.123600456 0.192054879
594.700000000 0.220946248 -1.416389111 0.816655109 0.051625611 0.010021617 -0.022045586 0.998372854 -0.010997968 0.075235181 0.277114938
594.800000000 0.305954265 -1.452994097 0.925739638 0.051526971 0.010007527 -0.021763418 0.998384282 0.133041707 -0.010052384 0.276320083
594.900000000 0.305954265 -1.452994097 0.925739638 0.051526971 0.010007527 -0.021763418 0.998384282 -0.076865550 -0.017352879 -0.112360867
595.000000000 0.305954265 -1.452994097 0.925739638 0.051526971 0.010007527 -0.021763418 0.998384282 -0.412683418 0.029978753 -0.588192411
595.100000000 0.223744127 -1.437116142 0.818395426 0.050989340 0.009907671 -0.021646769 0.998415416 -0.488011065 0.039165910 -0.696772503
595.200000000 0.138457853 -1.409530330 0.697825092 0.050028834 0.010021849 -0.021032357 0.998475998 -0.397294191 0.036401023 -0.569126860
595.300000000 0.138457853 -1.409530330 0.697825092 0.050028834 0.010021849 -0.021032357 0.998475998 -0.141662835 0.018279757 -0.205809447
595.400000000 0.138457853 -1.409530330 0.697825092 0.050028834 0.010021849 -0.021032357 0.998475998 -0.000000000 0.000000000 0.000000000
595.500000000 0.138457853 -1.409530330 0.697825092 0.050028834 0.010021849 -0.021032357 0.998475998 -0.000000000 0.000000000 0.000000000
595.600000000 0.138457853 -1.409530330 0.697825092 0.050028834 0.010021849 -0.021032357 0.998475998 -0.000000000 0.000000000 0.000000000
595.700000000 0.138457853 -1.409530330 0.697825092 0.050028834 0.010021849 -0.021032357 0.998475998 -0.000000000 0.000000000 0.000000000
595.800000000 0.138457853 -1.409530330 0.697825092 0.050028834 0.010021849 -0.021032357 0.998475998 -0.000000000 0.000000000 0.000000000
595.900000000 0.138457853 -1.409530330 0.697825092 0.050028834 0.010021849 -0.021032357 0.998475998 0.002421921 0.008879478 -0.136887015
596.000000000 0.138457853 -1.409530330 0.697825092 0.050028834 0.010021849 -0.021032357 0.998475998 -0.019127275 0.025514940 -0.352182836
596.100000000 0.162886489 -1.405097642 0.648866184 0.049807822 0.010101924 -0.020712529 0.998492926 -0.030543174 0.031886547 -0.426311558
596.200000000 0.126473500 -1.384785949 0.560021344 0.049766792 0.010140531 -0.020622092 0.998496452 -0.032033003 0.027610897 -0.359748272
596.300000000 0.126473500 -1.384785949 0.560021344 0.049766792 0.010140531 -0.020622092 0.998496452 -0.052153263 0.024491789 -0.192412250
596.400000000 0.126473500 -1.384785949 0.560021344 0.049766792 0.010140531 -0.020622092 0.998496452 -0.068602360 0.030180185 -0.081292167
596.500000000 0.110018725 -1.375160669 0.538203535 0.049926973 0.010190592 -0.020895634 0.998482259 -0.144455368 0.061198604 -0.150543800
596.600000000 0.109494630 -1.374458088 0.537153452 0.049907582 0.010187590 -0.020857719 0.998484052 -0.146300375 0.068197970 -0.125591756
596.700000000 0.067922662 -1.352063950 0.503972701 0.049673586 0.010096950 -0.019758902 0.998518989 -0.060610861 0.051653653 0.023626016
596.800000000 0.067922662 -1.352063950 0.503972701 0.049673586 0.010096950 -0.019758902 0.998518989 0.013552147 0.027658322 0.113176263
596.900000000 0.094109614 -1.357800335 0.559690457 0.049575446 0.010160390 -0.019653860 0.998525296 0.068707018 0.002307915 0.154356931
597.000000000 0.094109614 -1.357800335 0.559690457 0.049575446 0.010160390 -0.019653860 0.998525296 0.035902764 0.001205998 0.080659017
597.100000000 0.094109614 -1.357800335 0.559690457 0.049575446 0.010160390 -0.019653860 0.998525296 -0.000000000 -0.000000000 -0.000000000
597.200000000 0.094109614 -1.357800335 0.559690457 0.049575446 0.010160390 -0.019653860 0.998525296 -0.000000000 -0.000000000 -0.000000000
597.300000000 0.094109614 -1.357800335 0.559690457 0.049575446 0.010160390 -0.019653860 0.998525296 -0.007595636 -0.008727139 0.031655742
597.400000000 0.094109614 -1.357800335 0.559690457 0.049575446 0.010160390 -0.019653860 0.998525296 -0.012108877 -0.013912705 0.050465224
597.500000000 0.090046527 -1.364168486 0.576697240 0.049319849 0.010122836 -0.019505892 0.998541236 -0.012394618 -0.014263256 0.051647359
597.600000000 0.090046527 -1.364168486 0.576697240 0.049319849 0.010122836 -0.019505892 0.998541236 -0.008444588 -0.009717712 0.035187907
597.700000000 0.090046527 -1.364168486 0.576697240 0.049319849 0.010122836 -0.019505892 0.998541236 -0.000272971 -0.000314125 0.001137448
597.800000000 0.090046527 -1.364168486 0.576697240 0.049319849 0.010122836 -0.019505892 0.998541236 -0.000000000 -0.000000000 0.000000000
597.900000000 0.090046527 -1.364168486 0.576697240 0.049319849 0.010122836 -0.019505892 0.998541236 -0.000000000 -0.000000000 0.000000000
598.000000000 0.090046527 -1.364168486 0.576697240 0.049319849 0.010122836 -0.019505892 0.998541236 -0.000000000 -0.000000000 0.000000000
598.100000000 0.090046527 -1.364168486 0.576697240 0.049319849 0.010122836 -0.019505892 0.998541236 -0.024021411 -0.004011887 -0.014841094
598.200000000 0.090046527 -1.364168486 0.576697240 0.049319849 0.010122836 -0.019505892 0.998541236 -0.055415299 -0.011366750 -0.044633205
598.300000000 0.066747928 -1.363886673 0.580659784 0.049052674 0.010098834 -0.019440600 0.998555913 -0.065268585 -0.014032904 -0.055938667
598.400000000 0.068142148 -1.366133457 0.558441179 0.048785920 0.009997208 -0.019350700 0.998571750 -0.053549490 -0.012049168 -0.048715153
598.500000000 0.068142148 -1.366133457 0.558441179 0.048785920 0.009997208 -0.019350700 0.998571750 -0.020195151 -0.005468374 -0.022947595
598.600000000 0.068142148 -1.366133457 0.558441179 0.048785920 0.009997208 -0.019350700 0.998571750 -0.002818783 -0.000017666 -0.004823417
598.700000000 0.068142148 -1.366133457 0.558441179 0.048785920 0.009997208 -0.019350700 0.998571750 -0.063267303 0.001698975 -0.067226862
598.800000000 0.068142148 -1.366133457 0.558441179 0.048785920 0.009997208 -0.019350700 0.998571750 -0.126115436 0.010585121 -0.028987208
598.900000000 0.032330458 -1.363152127 0.512127315 0.052126634 0.010727752 -0.022492158 0.998329521 -0.141248299 0.013676739 0.007132321
599.000000000 0.020914758 -1.359627141 0.561779477 0.053165381 0.010879306 -0.024510529 0.998225584 -0.108731367 0.023934282 0.058729500
599.100000000 0.020914758 -1.359627141 0.561779477 0.053165381 0.010879306 -0.024510529 0.998225584 -0.058134075 0.047235697 0.071700647
599.200000000 0.026512626 -1.357989991 0.568987690 0.052959364 0.010858018 -0.024256496 0.998242972 -0.056511008 0.066253045 -0.027194570
599.300000000 0.011303338 -1.340226237 0.569043250 0.050354891 0.010513473 -0.022656865 0.998419009 -0.106745052 0.090140091 -0.042949986
599.400000000 -0.000883451 -1.331645243 0.549316683 0.047311076 0.010045123 -0.019770670 0.998634006 -0.132507695 0.119728334 -0.045532663
599.500000000 -0.019714366 -1.321320447 0.559230911 0.035401164 0.007067382 0.003670045 0.999341453 -0.141292143 0.192000539 0.000221390
599.600000000 -0.028031727 -1.303033865 0.549267314 -0.038619737 0.004222907 -0.037330364 0.998547509 -0.204673511 0.286612113 0.103600773
599.700000000 -0.047568072 -1.264546457 0.570463212 -0.058798686 -0.011691434 -0.175322999 0.982684014 -0.419923246 0.288527806 0.153719850
599.800000000 -0.075820495 -1.209654171 0.594742900 -0.027638000 -0.046528191 -0.270286912 0.961257642 -0.747064480 0.185779014 0.268743190
599.900000000 -0.143697459 -1.157621825 0.584448239 -0.008665955 -0.082618889 -0.317094223 0.944748789 -1.132387846 0.006234088 0.482806109
600.000000000 -0.256943802 -1.070008996 0.636255733 -0.012489249 -0.119215857 -0.349054905 0.929404256 -1.557936197 -0.269210683 0.804243155
600.100000000 -0.426095500 -0.979853656 0.662121922 -0.027188123 -0.157650081 -0.375006466 0.913114127 -1.947426059 -0.626608055 1.218279530
600.200000000 -0.667227001 -0.852488455 0.751608792 -0.044867622 -0.195887078 -0.387769095 0.899583391 -2.290504362 -1.049089549 1.610999074
600.300000000 -0.969806862 -0.723442788 0.804065566 -0.064585681 -0.236721133 -0.389304159 0.887825471 -2.578142290 -1.505759028 2.083019873
600.400000000 -1.326690852 -0.595383853 0.831367377 -0.085594633 -0.277829115 -0.387699095 0.874742221 -2.852521134 -1.989783674 2.532901254
600.500000000 -1.783889701 -0.462721803 0.909948901 -0.107593558 -0.315811903 -0.381747165 0.861948705 -3.041718748 -2.461090399 2.989582243
600.600000000 -2.301177676 -0.302644274 0.894273384 -0.126700658 -0.352424857 -0.366696844 0.851632015 -3.167446877 -2.828897092 3.498206818
600.700000000 -2.869528290 -0.169960909 0.918679392 -0.143308321 -0.387761208 -0.338046987 0.845475136 -3.222377354 -3.022295166 4.097114633
600.800000000 -3.463180330 -0.047397491 0.936528374 -0.149986871 -0.420267559 -0.312015852 0.838764106 -3.104722123 -3.135410784 4.591510010
600.900000000 -4.137959573 0.086329436 0.987067607 -0.148052057 -0.452628853 -0.286785478 0.831241120 -2.985608124 -3.171060950 5.069609376
601.000000000 -4.791148538 0.168747193 0.980461651 -0.135690767 -0.485489581 -0.264345687 0.822197811 -2.802455866 -3.187218374 5.667058594
601.100000000 -5.486159854 0.256188833 1.004932486 -0.117235948 -0.517032993 -0.250627464 0.810011414 -2.550886137 -3.241417904 6.322289550
601.200000000 -6.309057702 0.344542832 1.048708440 -0.099921628 -0.547702558 -0.241405190 0.794834015 -2.174571312 -3.239668909 6.967195202
601.300000000 -7.149918279 0.412073641 1.082521752 -0.092181873 -0.576100619 -0.235410264 0.777298261 -1.732788450 -3.272752266 7.300871308
601.400000000 -7.922880757 0.464616157 1.099246875 -0.087675672 -0.601970229 -0.228475890 0.760094459 -1.324188595 -3.246935004 7.442984746
601.500000000 -8.766910612 0.504464878 1.120900580 -0.080043476 -0.629585844 -0.217775098 0.741477385 -0.898933004 -3.130691495 7.598696677
601.600000000 -9.606385134 0.544963962 1.129537327 -0.068197929 -0.657815988 -0.204833964 0.721574816 -0.473318633 -2.931772765 7.779559122
601.700000000 -10.430032353 0.565910711 1.120600957 -0.055916822 -0.684509510 -0.189788853 0.701641099 -0.048931099 -2.641567936 7.743006634
601.800000000 -11.263326290 0.585977525 1.102561444 -0.039918776 -0.711826779 -0.173536724 0.679407193 0.478468248 -2.233761560 7.459831743
601.900000000 -12.028134286 0.578477640 1.091645115 -0.024987930 -0.738421903 -0.160571766 0.654465740 0.918591334 -1.871247962 7.138907596
602.000000000 -12.689848438 0.575916303 1.105324829 -0.009456974 -0.763241914 -0.146736846 0.629158680 1.286870753 -1.516685268 6.891344402
602.100000000 -13.430729069 0.572046804 1.055378970 0.006895727 -0.787446564 -0.132405865 0.601954354 1.600910407 -1.151125458 6.614788992
602.200000000 -14.142296068 0.568167299 1.015944151 0.027303028 -0.811282751 -0.116188789 0.572341688 1.846720654 -0.743413818 5.997295669
602.300000000 -14.746041436 0.549065683 0.978524871 0.048003238 -0.832200717 -0.103175627 0.542671582 2.029087774 -0.434194673 5.131529522
602.400000000 -15.153780500 0.530418547 0.963059086 0.064348145 -0.852028448 -0.096002689 0.510578421 2.216189923 -0.245383496 4.614727666
602.500000000 -15.647839259 0.492305821 0.937459771 -0.080400892 0.871076527 0.089448359 -0.476193629 2.376744055 -0.035845467 4.277153807
602.600000000 -16.232612593 0.481704564 0.887482847 -0.099160789 0.887351706 0.081645268 -0.442840985 2.530739489 0.223906503 4.177789691
602.700000000 -16.662276058 0.462944256 0.838436603 -0.119964758 0.902027529 0.071424223 -0.408476895 2.648013434 0.496787582 3.892039245
602.800000000 -17.136644099 0.462968147 0.754281410 -0.141596897 0.914859895 0.064698556 -0.372553068 2.639284346 0.704878922 3.459962327
602.900000000 -17.561901030 0.433201596 0.736986324 -0.163408708 0.924886813 0.062211620 -0.337656174 2.586623685 0.863974814 3.058311281
603.000000000 -17.960931835 0.438424317 0.662133757 -0.190027980 0.931845487 0.062305128 -0.302772895 2.331218219 0.988646732 2.625301587
603.100000000 -18.293745759 0.439736374 0.590637347 -0.217701012 0.937449214 0.060901553 -0.264738061 2.012150249 1.091637582 2.307766428
603.200000000 -18.574940737 0.451399683 0.513858669 -0.239326064 0.942506288 0.057384504 -0.226079524 1.708098306 1.135186572 1.991404280
603.300000000 -18.843416950 0.475304804 0.419564581 -0.256470394 0.947142123 0.057742708 -0.183876360 1.399592872 1.117118941 1.669806857
603.400000000 -19.050033306 0.512825131 0.326810553 -0.272340175 0.950030522 0.065032106 -0.137998773 0.987068192 0.960270725 1.304509280
603.500000000 -19.178941411 0.542651634 0.250047865 -0.288124249 0.950491001 0.072036020 -0.091444448 0.463326417 0.707544503 1.046166338
603.600000000 -19.241472546 0.587813982 0.183945286 -0.294054853 0.951579342 0.078984492 -0.042307789 -0.067382898 0.383113201 0.945693886
603.700000000 -19.235609284 0.645268657 0.077474339 -0.294919387 0.951186837 0.090526548 0.008432069 -0.590467474 0.027049659 0.998188890
603.800000000 -19.156015499 0.698633298 -0.018402337 -0.297508955 0.947356111 0.104319042 0.055878056 -1.081365457 -0.357938019 1.124817676
603.900000000 -19.004820742 0.756706565 -0.110953037 -0.296527535 0.942391498 0.115374281 0.103239817 -1.530033675 -0.757795145 1.277094034
604.000000000 -18.781603428 0.819882522 -0.212727731 -0.294448448 0.935288779 0.125116389 0.151264339 -1.925019110 -1.160745884 1.601663618
604.100000000 -18.511142671 0.863913492 -0.279594363 -0.285527851 0.928600377 0.133706004 0.195698467 -2.280791882 -1.529833117 2.031921372
604.200000000 -18.144904466 0.935679657 -0.412599137 -0.278017305 0.918823631 0.145733933 0.239230295 -2.529876423 -1.923643605 2.594485620
604.300000000 -17.699576481 1.002144475 -0.530747397 -0.264944497 0.908725575 0.156688062 0.281906178 -2.671177394 -2.203498679 2.950584533
604.400000000 -17.228126214 1.057340563 -0.653196388 -0.251258921 0.898047540 0.165257086 0.321044649 -2.790166984 -2.304816591 2.802561602
604.500000000 -16.759396383 1.076813002 -0.675621849 -0.235712121 0.886272454 0.171265987 0.360040129 -2.951791573 -2.495405332 2.938995499
604.600000000 -16.359002254 1.072394510 -0.572826618 -0.215857944 0.875022098 0.175580586 0.396122626 -3.120379829 -2.743864756 3.449313359
604.700000000 -15.743844325 1.082608237 -0.644386327 -0.198428506 0.863625106 0.180002430 0.427056121 -3.106436300 -3.051239221 4.268361989
604.800000000 -15.034691228 1.094982311 -0.740749528 -0.188016334 0.850055684 0.181320052 0.457360068 -2.924559657 -3.433168513 5.167138270
604.900000000 -14.362951622 1.082238475 -0.792096403 -0.174738165 0.836990529 0.172377778 0.489080085 -2.716986381 -3.523144335 5.689501670
605.000000000 -13.630101932 1.056623001 -0.859393455 -0.159718363 0.824014222 0.164292939 0.518168348 -2.531508592 -3.569183735 6.150808477
605.100000000 -12.842648215 1.028425781 -0.924892033 -0.152405987 0.807201917 0.161438507 0.546932435 -2.232165783 -3.716663373 6.553800577
605.200000000 -12.020445755 0.984815907 -0.974355709 -0.140224500 0.790484177 0.156223631 0.575383379 -1.879369863 -3.752810853 6.883870074
605.300000000 -11.252217081 0.927291988 -1.012176315 -0.123132200 0.774922417 0.148022226 0.602015889 -1.525918377 -3.711763705 7.266170785
605.400000000 -10.406431943 0.847246012 -1.073765136 -0.107013705 0.757770515 0.138888781 0.628523524 -1.128963909 -3.661076153 7.635507524
605.500000000 -9.504501665 0.758300671 -1.124984913 -0.090515998 0.739409836 0.123746713 0.655565939 -0.729998787 -3.446460664 7.858240143
605.600000000 -8.666084360 0.657119398 -1.154018349 -0.066466119 0.721353739 0.101991400 0.681783538 -0.337515246 -2.973713219 7.920068992
605.700000000 -7.850211487 0.550247798 -1.148769916 -0.043675759 0.701593798 0.080698466 0.706644414 0.025764832 -2.478118188 7.720276006
605.800000000 -7.037068158 0.439641587 -1.165460662 -0.031965099 0.679440572 0.063652842 0.730265059 0.388828592 -2.167929525 7.333366541
605.900000000 -6.345070113 0.326678453 -1.147066674 -0.019555354 0.656944751 0.046188116 0.752268463 0.777954930 -1.880720049 6.970229899
606.000000000 -5.626461334 0.194410368 -1.121707179 -0.008044198 0.631732468 0.025757815 0.774716667 1.147570656 -1.612170560 6.617809752
606.100000000 -4.934463385 0.066086750 -1.122325642 0.002054671 0.604179428 0.005233834 0.796828466 1.576500783 -1.304696004 6.165212696
606.200000000 -4.318289996 -0.077854269 -1.092901719 0.013809033 0.576215501 -0.017009466 0.817004092 1.925182353 -0.938845195 5.673779981
606.300000000 -3.790078768 -0.179067178 -1.105139160 0.025704052 0.545414506 -0.038582387 0.836883335 2.204703973 -0.605250686 5.183465579
606.400000000 -3.233868351 -0.284675850 -1.086712821 0.037718454 0.514496722 -0.058795174 0.854642363 2.454097338 -0.318730249 4.772174667
606.500000000 -2.757280288 -0.380149010 -1.083382379 0.049512235 0.486562568 -0.083403945 0.868244890 2.629701240 -0.028459992 4.494511827
606.600000000 -2.218016403 -0.497831579 -1.071357752 0.060051856 0.457780903 -0.113189937 0.879783188 2.737684614 0.281124676 4.125030639
606.700000000 -1.747118266 -0.585864248 -1.057785891 0.071889414 0.426720271 -0.148393855 0.889224936 2.791378572 0.670116293 3.818118634
606.800000000 -1.293913930 -0.681329551 -1.034383611 0.079178558 0.395555009 -0.182182966 0.896703049 2.789598511 1.017101780 3.574088771
606.900000000 -0.854020588 -0.746754847 -0.992403841 0.080541644 0.362310340 -0.214512577 0.903453715 2.737533400 1.292103780 3.310224902
607.000000000 -0.397047095 -0.823528078 -0.935211670 0.076599712 0.327295627 -0.244862044 0.909424343 2.551998877 1.459733961 2.893848767
607.100000000 -0.014020952 -0.878163004 -0.866003237 0.069805474 0.293150042 -0.270899666 0.914222959 2.190750271 1.450048909 2.370655046
607.200000000 0.283329237 -0.916582583 -0.806996939 0.061912370 0.256657399 -0.295634465 0.918092643 1.721308971 1.358595537 1.843550390
607.300000000 0.542991104 -0.932076444 -0.726574076 0.056656968 0.215034208 -0.319228068 0.921218605 1.255953014 1.224940161 1.453166815
607.400000000 0.716792740 -0.929635874 -0.664602623 0.050187392 0.171580349 -0.336446038 0.924578538 0.784574462 1.006332419 1.165639467
607.500000000 0.844409069 -0.916880728 -0.573945537 0.040362490 0.123151642 -0.347014305 0.928862538 0.299052830 0.722290720 0.961152470
607.600000000 0.900226346 -0.889629368 -0.494769606 0.023532548 0.073483017 -0.351644242 0.932948441 -0.197722271 0.387877231 0.905338615
607.700000000 0.883641575 -0.848944023 -0.398295463 0.006462292 0.027375820 -0.355898927 0.934101042 -0.710480548 0.010693877 0.944272877
607.800000000 0.802838030 -0.797108062 -0.290504734 -0.006611302 -0.021144986 -0.364195557 0.931058954 -1.186385861 -0.386667475 1.144311462
607.900000000 0.649717860 -0.736611477 -0.169167488 -0.019840988 -0.071440163 -0.363763938 0.928535640 -1.593475352 -0.770556839 1.434839587
608.000000000 0.423527510 -0.669694795 -0.055920293 -0.034397064 -0.116260104 -0.360690652 0.924771693 -1.924790972 -1.135844012 1.807002332
608.100000000 0.155965541 -0.599104245 0.063029386 -0.047972379 -0.161109804 -0.357542321 0.918643441 -2.173179520 -1.480934465 2.213497214
608.200000000 -0.191812910 -0.517689597 0.203042448 -0.060021311 -0.206107593 -0.351598754 0.911205476 -2.356965739 -1.748307399 2.559881234
608.300000000 -0.592786030 -0.441724789 0.361222634 -0.068836666 -0.247154605 -0.347018745 0.902083203 -2.527791080 -1.971105166 2.771224486
608.400000000 -1.026258556 -0.346859004 0.473354144 -0.077462243 -0.287260126 -0.346298581 0.889695742 -2.670508165 -2.265797584 3.069370057
608.500000000 -1.467683114 -0.261678802 0.494970299 -0.087225533 -0.327146405 -0.342461025 0.876405946 -2.774788081 -2.594465887 3.533015667
608.600000000 -2.002663331 -0.172785060 0.595763282 -0.099561303 -0.362330210 -0.329546865 0.866142730 -2.880156583 -2.901922629 4.139247619
608.700000000 -2.612476676 -0.080179183 0.669115554 -0.109354303 -0.396847753 -0.315071538 0.855151112 -2.879099961 -3.142885660 4.796649810
608.800000000 -3.291322484 0.025127174 0.749171559 -0.114608581 -0.430874652 -0.302062898 0.842597124 -2.792406991 -3.273643815 5.251674129
608.900000000 -3.957559248 0.114319743 0.814880021 -0.115957449 -0.461823015 -0.288952868 0.830529718 -2.628762148 -3.341139862 5.621320740
609.000000000 -4.660127849 0.196256846 0.866255306 -0.112382670 -0.493401759 -0.274579665 0.817637357 -2.413484158 -3.361421710 6.017032367
609.100000000 -5.422290369 0.272238964 0.926506391 -0.104363530 -0.525966853 -0.258104556 0.803647411 -2.127639711 -3.312641084 6.455803319
609.200000000 -6.171153063 0.338304675 0.964892208 -0.097162601 -0.554983632 -0.244618659 0.789122493 -1.839897419 -3.261726584 6.805067310
609.300000000 -6.950572824 0.385395148 1.002455684 -0.091536239 -0.582559526 -0.235766867 0.772437376 -1.516737493 -3.251928000 7.151493284
609.400000000 -7.751758636 0.433780496 1.021218085 -0.084272100 -0.610200125 -0.227375601 0.754224341 -1.115980537 -3.196184415 7.487152282
609.500000000 -8.592193992 0.487806017 1.050591073 -0.078595926 -0.635907845 -0.219920506 0.735580631 -0.711312049 -3.130111444 7.683639002
609.600000000 -9.458721357 0.527788983 1.075848862 -0.071502592 -0.662205592 -0.209400212 0.715906896 -0.285963001 -2.971811964 7.749671344
609.700000000 -10.289233752 0.543164554 1.068532868 -0.061085087 -0.690160382 -0.192410578 0.694928362 0.136914692 -2.664331469 7.548180788
609.800000000 -11.063074278 0.565148404 1.051463345 -0.046756699 -0.716729111 -0.172715118 0.674004956 0.539769444 -2.316282860 7.400071859
609.900000000 -11.801562387 0.556267242 1.036274921 -0.035219125 -0.742445406 -0.158689901 0.649886103 0.951656978 -2.046329954 7.304190957
610.000000000 -12.636987644 0.542234775 1.013791157 -0.024067071 -0.767011222 -0.149427155 0.623527134 1.329435575 -1.823563591 7.162700023
610.100000000 -13.341574669 0.543897466 0.966828658 -0.007855969 -0.790550572 -0.134537597 0.597384058 1.656834982 -1.414338091 6.746918112
610.200000000 -14.032804352 0.526791651 0.916628078 0.013014508 -0.813599777 -0.116594002 0.569466298 1.940746422 -0.969646391 6.009280188
610.300000000 -14.581628440 0.506279033 0.900528271 0.037036040 -0.835600147 -0.098371405 0.539188086 2.144727367 -0.603380461 5.168936956
610.400000000 -15.152856308 0.460302869 0.884360315 0.059249800 -0.854715012 -0.084168558 0.508790097 2.275201118 -0.333888933 4.592533959
610.500000000 -15.546344603 0.424514656 0.861546356 -0.082082081 0.873241102 0.073711068 -0.474635847 2.400852997 -0.055322415 4.283823782
610.600000000 -16.120091145 0.388146266 0.802140593 -0.105825246 0.889804468 0.065438075 -0.439052257 2.549859178 0.283913232 4.052989596
610.700000000 -16.544954722 0.373350296 0.758778900 -0.127432216 0.903261177 0.061088751 -0.405152368 2.724905113 0.581896357 3.831321516
610.800000000 -17.042811253 0.363446172 0.705607894 -0.149732372 0.914995871 0.059287992 -0.369929328 2.784069997 0.820217590 3.520423830
610.900000000 -17.513209243 0.344486899 0.657003870 -0.174091284 0.924954593 0.057628819 -0.332911618 2.743130242 1.047346305 3.190433074
611.000000000 -17.909498705 0.341658678 0.589599557 -0.202942234 0.930910434 0.056968858 -0.298286378 2.471896886 1.222847772 2.781037051
611.100000000 -18.261479063 0.355672968 0.525393525 -0.230520523 0.935397479 0.057277875 -0.261937185 2.126291555 1.319621991 2.375839610
611.200000000 -18.581283766 0.381358891 0.443037101 -0.255223775 0.939678610 0.054268087 -0.221178458 1.771577369 1.313344485 1.968587422
611.300000000 -18.839969104 0.400791426 0.358812724 -0.276743487 0.942631899 0.051731717 -0.179393351 1.362696159 1.213746827 1.604411674
611.400000000 -19.042088158 0.428290714 0.269074501 -0.295252707 0.944228879 0.056967698 -0.134210076 0.906470423 1.014960281 1.269486483
611.500000000 -19.174953659 0.476015527 0.182359871 -0.306302422 0.945831449 0.066386495 -0.084702597 0.387327162 0.738245241 1.048267095
611.600000000 -19.231789381 0.519957066 0.111083841 -0.310372741 0.946891742 0.076001591 -0.035896347 -0.150701469 0.411584583 0.957780704
611.700000000 -19.219772176 0.576949974 0.017944671 -0.307615151 0.947278877 0.088541690 0.014000600 -0.673068200 0.039048562 0.998063821
611.800000000 -19.134462554 0.641443880 -0.078309558 -0.305582243 0.944348822 0.103988066 0.063334650 -1.161138116 -0.353285367 1.167972229
611.900000000 -18.971675769 0.715415617 -0.190588048 -0.303828634 0.939384180 0.114686310 0.109966242 -1.617348231 -0.753448714 1.370286626
612.000000000 -18.754981815 0.780015740 -0.287194480 -0.297105447 0.933475709 0.125517850 0.156833426 -2.003854201 -1.130190251 1.705862029
612.100000000 -18.447802984 0.846554582 -0.358872454 -0.289718146 0.925449268 0.135863978 0.202849765 -2.309188075 -1.511036986 2.185765098
612.200000000 -18.089715872 0.927422149 -0.490453256 -0.282823230 0.915987756 0.145724063 0.244421661 -2.511009588 -1.865615697 2.684009140
612.300000000 -17.664441064 0.999130740 -0.614657141 -0.275746675 0.904394876 0.155638223 0.286025214 -2.558650586 -1.999459348 2.647563588
612.400000000 -17.177975786 1.072165839 -0.742185043 -0.268677564 0.890612695 0.163335944 0.328546441 -2.687447516 -1.953463549 2.112253868
612.500000000 -16.864719071 1.086508151 -0.644680970 -0.256581673 0.877931586 0.171706495 0.365949252 -2.986223385 -2.009662158 1.831349357
612.600000000 -16.539112529 1.088062236 -0.454197037 -0.242386018 0.865047271 0.178435373 0.401376451 -3.267204736 -2.424357412 2.445511054
612.700000000 -15.965105680 1.109210633 -0.423567666 -0.222573569 0.853434881 0.180745146 0.435248324 -3.264737515 -3.088324270 4.019991443
612.800000000 -15.291506779 1.124085187 -0.462953058 -0.202598605 0.843071774 0.178515064 0.465098012 -3.067548923 -3.559092757 5.411503230
612.900000000 -14.489342753 1.145228409 -0.574037325 -0.182185462 0.831981661 0.174910669 0.493985051 -2.874091545 -3.690053186 6.162604303
613.000000000 -13.714920684 1.141146991 -0.608489547 -0.170172911 0.817203092 0.170711463 0.523524482 -2.621257576 -3.702528674 6.445656323
613.100000000 -12.930726232 1.127983580 -0.647836052 -0.163700947 0.800680155 0.165894874 0.551898704 -2.279553933 -3.677272453 6.499035340
613.200000000 -12.114072378 1.106260922 -0.691241249 -0.146873991 0.785400015 0.157894228 0.580210531 -1.890719102 -3.559057904 6.759435859
613.300000000 -11.373156150 1.064130130 -0.707816897 -0.134824906 0.767673033 0.151133914 0.607995806 -1.499748668 -3.534232290 7.050669133
613.400000000 -10.572926166 1.020571156 -0.744529303 -0.126513363 0.749973240 0.142405954 0.633446961 -1.113147598 -3.583393662 7.427923566
613.500000000 -9.718834518 0.962883575 -0.758977456 -0.107698744 0.732751892 0.123899476 0.660397278 -0.710442959 -3.313478262 7.759616586
613.600000000 -8.788913088 0.885115436 -0.782461577 -0.091581610 0.712781966 0.105992075 0.687255671 -0.244299804 -2.947083886 7.711893987
613.700000000 -7.999794170 0.816079571 -0.774682555 -0.076158955 0.692418208 0.091114552 0.711656502 0.121378518 -2.624016813 7.502200288
613.800000000 -7.282892990 0.741624093 -0.784249884 -0.054827076 0.671278816 0.074672139 0.735392966 0.426827284 -2.252764477 7.371202791
613.900000000 -6.468970824 0.636653371 -0.740867793 -0.034656317 0.647373808 0.056752215 0.759266276 0.854797425 -1.911296335 7.285078167
614.000000000 -5.733613031 0.543385688 -0.689849193 -0.017895924 0.623979790 0.037451687 0.780337317 1.214821164 -1.546168119 6.918617011
614.100000000 -5.053370745 0.445846741 -0.679531189 -0.004550209 0.597876272 0.017190195 0.801391138 1.599893195 -1.185646162 6.252042453
614.200000000 -4.421694765 0.341687317 -0.636035134 0.007893853 0.567690072 -0.006702920 0.823177223 1.953593224 -0.852767299 5.616005559
614.300000000 -3.921878120 0.249913637 -0.650281707 0.017377706 0.537463070 -0.029703047 0.842584828 2.192996044 -0.553646723 5.118580682
614.400000000 -3.346984631 0.152002190 -0.633758757 0.027693633 0.507141691 -0.049202766 0.860011311 2.394630962 -0.275970753 4.769643134
614.500000000 -2.824841522 0.073746700 -0.604060787 0.038755319 0.475676461 -0.071309038 0.875868113 2.534914611 0.013407755 4.438026261
614.600000000 -2.363746094 0.003036744 -0.573455406 0.050126145 0.446986492 -0.099345155 0.887592804 2.611551712 0.326239949 4.115895834
614.700000000 -1.885657852 -0.077342820 -0.538696770 0.063075356 0.417014574 -0.133407092 0.896840505 2.704403098 0.698867579 3.888046550
614.800000000 -1.418217663 -0.148021798 -0.492161064 0.072288234 0.383859076 -0.166805325 0.905319062 2.785474262 1.070733743 3.646446449
614.900000000 -0.940662971 -0.200944592 -0.426540503 0.074373767 0.351899362 -0.196352479 0.912184787 2.743281704 1.347550760 3.328590928
615.000000000 -0.497792464 -0.251919575 -0.358207930 0.072431379 0.318021139 -0.228922475 0.917175420 2.551413537 1.513615150 2.871879639
615.100000000 -0.117438274 -0.286563253 -0.291742057 0.068435769 0.281816134 -0.261214437 0.920686282 2.212338477 1.519136751 2.319069623
615.200000000 0.194418336 -0.320809014 -0.225659917 0.061940590 0.246170253 -0.285967869 0.924005383 1.783230400 1.413853349 1.883617678
615.300000000 0.442799869 -0.332663404 -0.159265201 0.055275844 0.206051328 -0.305247196 0.928068737 1.350562087 1.260989624 1.566665971
615.400000000 0.642108634 -0.320822072 -0.074192190 0.047640628 0.160758009 -0.322086616 0.931744302 0.887560341 1.055752353 1.294154063
615.500000000 0.788186958 -0.314131723 0.043540651 0.038288795 0.115074214 -0.338375146 0.933163519 0.402858075 0.762117967 1.106522813
615.600000000 0.851246083 -0.290798536 0.132660352 0.017735773 0.071750662 -0.320586947 0.944331136 0.003978253 0.349255942 1.007016687
615.700000000 0.839853231 -0.265602401 0.238718603 -0.011304526 0.037568194 -0.235826007 0.971003055 -0.322886946 0.017530827 1.022118270
615.800000000 0.795691500 -0.255165179 0.346985892 -0.019714985 0.013053861 -0.134561760 0.990623061 -0.596608545 -0.107264763 1.116061331
615.900000000 0.715596680 -0.253440254 0.456192063 -0.005017245 -0.002045581 -0.064338332 0.997913434 -0.723016136 -0.088217873 1.143636491
616.000000000 0.620627941 -0.248729423 0.610135013 0.023293860 -0.011550557 -0.027873837 0.999273251 -0.745263219 0.017194860 1.107964966
616.100000000 0.556097383 -0.262296761 0.693835735 0.130256197 -0.037239326 0.058032002 0.989079796 -0.637590693 0.403784481 0.956407313
616.200000000 0.495047970 -0.253414722 0.790760992 0.190468116 -0.046089932 0.091816236 0.976302921 -0.492483233 0.546915709 0.718752495
616.300000000 0.417192096 -0.219985866 0.852553747 0.171180079 -0.042340444 0.059830032 0.982509560 -0.411582501 0.449098165 0.534373440
616.400000000 0.381250154 -0.202982965 0.901916652 0.129631231 -0.039106690 0.022444085 0.990536558 -0.312120289 0.280835876 0.363614658
616.500000000 0.358936380 -0.187215990 0.922095159 0.092100235 -0.036486044 -0.002029769 0.995078990 -0.213114443 0.166848269 0.240060148
616.600000000 0.340708081 -0.177310409 0.938209088 0.068003374 -0.034604579 -0.010252487 0.997032071 -0.145730551 0.160224090 0.172271507
616.700000000 0.332143798 -0.165331705 0.969330593 0.058512730 -0.032828086 -0.007932709 0.997715215 -0.017596135 -0.117719814 0.306757712
616.800000000 0.323467498 -0.166604884 0.978803641 0.056749095 -0.030114502 -0.004452784 0.997924260 0.192371866 -0.384480834 0.524030335
616.900000000 0.336866604 -0.279807909 1.029404503 0.057881172 -0.028454055 -0.001320957 0.997917026 0.499560598 -0.479899634 0.868852050
617.000000000 0.408768448 -0.349313010 1.138923632 0.057376597 -0.027671442 -0.000357272 0.997968982 0.617033279 -0.397948688 0.933258755
617.100000000 0.511793888 -0.352473317 1.314688987 0.054749072 -0.026578510 -0.000958711 0.998145883 0.507983881 -0.128920118 0.583522628
617.200000000 0.517856694 -0.370335210 1.284936374 0.051307766 -0.025578885 -0.003236330 0.998350019 0.322798591 -0.060507241 0.213435000
617.300000000 0.523679458 -0.377398989 1.247129868 0.047957228 -0.023740523 -0.006700773 0.998544737 0.143281754 -0.097413480 -0.139067613
617.400000000 0.553177017 -0.381241552 1.260758266 0.047549003 -0.021590389 -0.011568021 0.998568540 0.143968112 -0.110195316 -0.180447988
617.500000000 0.569412971 -0.397333570 1.248225264 0.049392142 -0.019659637 -0.016700038 0.998446305 0.181883629 -0.067812644 -0.125989148
617.600000000 0.577892944 -0.403293961 1.218746515 0.050324405 -0.018045155 -0.020088673 0.998367804 0.198361339 -0.002739636 -0.142237142
617.700000000 0.602603931 -0.402328816 1.200509663 0.049872403 -0.016185847 -0.023421741 0.998349730 0.232404372 0.050140728 -0.146157278
617.800000000 0.632923071 -0.381755400 1.207337287 0.048653253 -0.014783185 -0.025974469 0.998368492 0.265609712 0.037939920 -0.158899812
617.900000000 0.670207853 -0.383547902 1.193372143 0.046253940 -0.014956536 -0.027385003 0.998442255 0.268609531 0.029252112 -0.150496399
618.000000000 0.715550638 -0.383264982 1.214064399 0.043177147 -0.015488380 -0.028403667 0.998543477 0.222863094 0.039854870 -0.217258666
618.100000000 0.726627686 -0.373036985 1.178947336 0.042028036 -0.014698663 -0.029934706 0.998559716 0.147786836 0.133222808 -0.217221498
618.200000000 0.728210372 -0.357964812 1.118643595 0.040839992 -0.013737441 -0.031509070 0.998574262 0.159240259 0.268597025 0.062475958
618.300000000 0.715373163 -0.322153579 1.072307006 0.039664897 -0.012712864 -0.032274574 0.998610750 0.256531929 0.350089898 0.399189440
618.400000000 0.755388212 -0.300712703 1.166768028 0.039487004 -0.012079878 -0.032806452 0.998608327 0.292299047 0.342898016 0.587560121
618.500000000 0.818859214 -0.256919742 1.311387205 0.039794996 -0.011699224 -0.032759896 0.998602161 0.233729234 0.233451703 0.467292563
618.600000000 0.818859214 -0.256919742 1.311387205 0.039794996 -0.011699224 -0.032759896 0.998602161 0.076996778 0.101942411 0.135608320
618.700000000 0.818859214 -0.256919742 1.311387205 0.039794996 -0.011699224 -0.032759896 0.998602161 -0.039611821 0.011481714 -0.075881934
618.800000000 0.818988463 -0.256534703 1.312699535 0.039756525 -0.011703363 -0.032740623 0.998604277 -0.030506392 -0.007070467 -0.085619535
618.900000000 0.809406383 -0.256681105 1.281750595 0.038272685 -0.011736050 -0.031855225 0.998690498 -0.085560271 -0.014847780 -0.140985980
619.000000000 0.809406383 -0.256681105 1.281750595 0.038272685 -0.011736050 -0.031855225 0.998690498 -0.110150503 -0.011142724 -0.104752568
619.100000000 0.759016454 -0.253842590 1.198338065 0.039153540 -0.011597231 -0.031470779 0.998670163 -0.099458324 0.002336913 -0.028375558
619.200000000 0.776936068 -0.253048746 1.271686078 0.039944965 -0.011425203 -0.031299849 0.998646176 -0.070614500 0.004851165 -0.001236706
619.300000000 0.776936068 -0.253048746 1.271686078 0.039944965 -0.011425203 -0.031299849 0.998646176 -0.023546859 0.009090010 0.023349855
619.400000000 0.776936068 -0.253048746 1.271686078 0.039944965 -0.011425203 -0.031299849 0.998646176 -0.036906219 0.006276008 -0.030280312
619.500000000 0.770718700 -0.251135179 1.266383858 0.039805873 -0.011386643 -0.031309981 0.998651852 -0.044317212 0.007545999 -0.036363557
619.600000000 0.762885815 -0.248724393 1.259703913 0.039630637 -0.011338064 -0.031322746 0.998658974 -0.037095979 0.006326685 -0.030441248
619.700000000 0.762885815 -0.248724393 1.259703913 0.039630637 -0.011338064 -0.031322746 0.998658974 -0.015223864 0.002596416 -0.012492821
619.800000000 0.762885815 -0.248724393 1.259703913 0.039630637 -0.011338064 -0.031322746 0.998658974 0.000000000 -0.000000000 -0.000000000
619.900000000 0.762885815 -0.248724393 1.259703913 0.039630637 -0.011338064 -0.031322746 0.998658974 0.000000000 -0.000000000 -0.000000000
620.000000000 0.762885815 -0.248724393 1.259703913 0.039630637 -0.011338064 -0.031322746 0.998658974 0.000000000 -0.000000000 -0.000000000
620.100000000 0.762885815 -0.248724393 1.259703913 0.039630637 -0.011338064 -0.031322746 0.998658974 -0.045676052 0.010310378 -0.053196524
620.200000000 0.762885815 -0.248724393 1.259703913 0.039630637 -0.011338064 -0.031322746 0.998658974 -0.088589741 0.019997211 -0.103175867
620.300000000 0.731807681 -0.236372623 1.221846590 0.039885051 -0.011326654 -0.031429878 0.998645609 -0.098682717 0.022195125 -0.114943109
620.400000000 0.731807681 -0.236372623 1.221846590 0.039885051 -0.011326654 -0.031429878 0.998645609 -0.075897323 0.017070371 -0.088403263
620.500000000 0.731807681 -0.236372623 1.221846590 0.039885051 -0.011326654 -0.031429878 0.998645609 -0.020340840 0.004574940 -0.023692491
620.600000000 0.731807681 -0.236372623 1.221846590 0.039885051 -0.011326654 -0.031429878 0.998645609 -0.000000000 0.000000000 -0.000000000
620.700000000 0.731807681 -0.236372623 1.221846590 0.039885051 -0.011326654 -0.031429878 0.998645609 -0.000000000 0.000000000 -0.000000000
620.800000000 0.731807681 -0.236372623 1.221846590 0.039885051 -0.011326654 -0.031429878 0.998645609 -0.000000000 0.000000000 -0.000000000
620.900000000 0.731807681 -0.236372623 1.221846590 0.039885051 -0.011326654 -0.031429878 0.998645609 -0.000000000 0.000000000 -0.000000000
621.000000000 0.731807681 -0.236372623 1.221846590 0.039885051 -0.011326654 -0.031429878 0.998645609 -0.017474358 0.002800950 0.096059122
621.100000000 0.731807681 -0.236372623 1.221846590 0.039885051 -0.011326654 -0.031429878 0.998645609 -0.035389074 0.029331753 0.169463060
621.200000000 0.719870564 -0.239431959 1.281436069 0.034403585 -0.011050855 -0.032453095 0.998819838 -0.058390178 0.104091762 0.141836741
621.300000000 0.717460896 -0.227833876 1.282195301 0.008283738 -0.009511431 -0.039170270 0.999152942 -0.066129086 0.210941229 0.095750698
621.400000000 0.703141725 -0.186191946 1.250531705 0.005354160 -0.009443507 -0.041845448 0.999065119 -0.060075669 0.321136872 0.005632932
621.500000000 0.711922565 -0.152399490 1.273988358 0.018275446 -0.010159950 -0.041232255 0.998930771 -0.089483244 0.453446244 -0.075789217
621.600000000 0.706711839 -0.116511594 1.287047609 0.030498464 -0.010726131 -0.039135729 0.998710763 -0.168642520 0.482214878 -0.255510759
621.700000000 0.691728345 -0.032691447 1.245521103 0.036513281 -0.011099359 -0.037305443 0.998574929 -0.218287336 0.498211056 -0.316586280
621.800000000 0.667291361 0.005439889 1.179385050 0.039332841 -0.011416245 -0.035464623 0.998531350 -0.205876319 0.511043019 -0.238909493
621.900000000 0.651042355 0.059360098 1.194224866 0.040676807 -0.011526609 -0.034006648 0.998526956 -0.133601997 0.510297931 -0.012951112
622.000000000 0.651155722 0.115113027 1.212334756 0.040925879 -0.012010308 -0.032911768 0.998547766 -0.051191540 0.574010267 0.157861053
622.100000000 0.647554985 0.169794158 1.236241661 0.040953668 -0.012488636 -0.032331844 0.998559704 -0.029490088 0.589851118 0.142842169
622.200000000 0.649395528 0.226767975 1.244156282 0.040858619 -0.012933262 -0.031281927 0.998591380 -0.044615191 0.606444763 0.116457850
622.300000000 0.648741958 0.288677329 1.258220367 0.041028862 -0.013590673 -0.030099138 0.998612021 -0.078888088 0.622986858 0.127711723
622.400000000 0.640483485 0.350937455 1.274082964 0.042078981 -0.014203456 -0.030633986 0.998543529 -0.109200044 0.628070428 0.116312297
622.500000000 0.628035204 0.415708935 1.308341915 0.043966598 -0.013491053 -0.032219828 0.998422161 -0.118980716 0.610862026 0.043907337
622.600000000 0.620961000 0.476295979 1.309855184 0.044411565 -0.012285944 -0.032842599 0.998397732 -0.074420426 0.614825270 -0.002168005
622.700000000 0.622401330 0.533455158 1.303632324 0.045477310 -0.011348862 -0.033992806 0.998322346 -0.001333459 0.642078892 -0.002892284
622.800000000 0.630707263 0.601416557 1.300363543 0.047224566 -0.010388347 -0.034213472 0.998244139 0.043078614 0.678562732 0.094450451
622.900000000 0.647183364 0.674414311 1.342679181 0.048383039 -0.009664353 -0.035106089 0.998164938 0.056556494 0.684440966 0.192809844
623.000000000 0.656616199 0.737368082 1.374473455 0.047917500 -0.008993938 -0.035701146 0.998172555 0.034914224 0.657389472 0.213240748
623.100000000 0.659599403 0.794018802 1.401539959 0.047050878 -0.008660857 -0.035442511 0.998225943 -0.004304116 0.634334647 0.164683025
623.200000000 0.663286523 0.856665911 1.418685400 0.046073225 -0.008182958 -0.035724437 0.998265527 -0.025950617 0.619596226 0.117343581
623.300000000 0.663964522 0.919664877 1.431314240 0.042688844 -0.007288951 -0.036038978 0.998411601 -0.016068664 0.601445257 0.123915168
623.400000000 0.662023848 0.977239035 1.446576616 0.039955794 -0.006274678 -0.036075068 0.998530296 0.034856434 0.567203440 0.166520900
623.500000000 0.682881381 1.026212615 1.495211551 0.038635275 -0.005324353 -0.033071405 0.998691769 0.081887772 0.533718685 0.123577160
623.600000000 0.690197877 1.071089319 1.508792558 0.039830257 -0.003238200 -0.029030562 0.998779401 0.094795762 0.411915142 0.064781262
623.700000000 0.704933013 1.130657635 1.482698069 0.038221074 0.001500639 -0.031311660 0.998777491 0.084137479 0.271347870 0.062149609
623.800000000 0.704472563 1.125686952 1.489163253 0.011897332 0.009058009 -0.020141545 0.999685313 0.072261048 0.145636314 0.142073354
623.900000000 0.718090281 1.131545470 1.523056040 0.050418561 0.007568610 -0.032760032 0.998162044 0.089091474 0.118030173 0.233542005
624.000000000 0.724518630 1.143343129 1.555536972 0.038798418 0.006653194 -0.018026786 0.999062287 0.095661452 0.161784944 0.195400751
624.100000000 0.743031164 1.166609480 1.573957498 -0.043217609 0.002283676 0.070084281 0.996601835 0.115883865 0.144225849 0.129567843
624.200000000 0.744604681 1.180673973 1.565747302 -0.010059032 -0.019774756 0.076853025 0.996795560 0.102046054 0.138937198 0.081822209
624.300000000 0.755205253 1.199291033 1.571693989 0.019255261 -0.029564455 0.112413932 0.993034887 0.028085249 0.141750473 0.028052426
624.400000000 0.756330215 1.206727968 1.595356711 0.018866319 -0.028415222 0.103937386 0.993998821 -0.088323585 0.171201582 -0.075845242
624.500000000 0.729127280 1.228526316 1.574509526 0.019443300 -0.028290571 0.105093953 0.993869641 -0.177117469 0.178472217 -0.188843442
624.600000000 0.686245444 1.250261873 1.510161993 0.019239102 -0.028282617 0.104415170 0.993945382 -0.175088940 0.149385482 -0.230142418
624.700000000 0.686245444 1.250261873 1.510161993 0.019239102 -0.028282617 0.104415170 0.993945382 -0.095662062 0.073229971 -0.140257901
624.800000000 0.686245444 1.250261873 1.510161993 0.019239102 -0.028282617 0.104415170 0.993945382 -0.022122483 0.015070506 -0.033729487
624.900000000 0.686245444 1.250261873 1.510161993 0.019239102 -0.028282617 0.104415170 0.993945382 0.000000000 -0.000000000 0.000000000
625.000000000 0.686245444 1.250261873 1.510161993 0.019239102 -0.028282617 0.104415170 0.993945382 -0.000000000 -0.000000000 -0.000000000
625.100000000 0.686245444 1.250261873 1.510161993 0.019239102 -0.028282617 0.104415170 0.993945382 0.000000000 0.000000000 0.000000000
625.200000000 0.686245444 1.250261873 1.510161993 0.019239102 -0.028282617 0.104415170 0.993945382 0.000000000 0.000000000 0.000000000
