1750921983.200000048 -0.013815024 -0.024033766 -0.102351216 0.005153805 0.033422735 -0.004175536 0.999419293 -0.128880476 -0.292112733 -1.723244663
1750921983.299999952 -0.048028430 -0.042980739 -0.261247650 0.009122841 0.091825682 -0.009397190 0.995688963 -0.200749685 -0.257219707 -1.760109199
1750921983.400000095 -0.112085645 -0.059162963 -0.432041707 0.013533328 0.158444494 -0.013232865 0.987186448 -0.142120736 -0.182399069 -1.603973824
1750921983.500000000 -0.185818565 -0.063595012 -0.578006185 0.011258167 0.217520280 -0.014238956 0.975886998 -0.104479546 -0.100125490 -1.719836737
1750921983.599999905 -0.271742108 -0.064828649 -0.712600985 0.012517248 0.273850655 -0.016551440 0.961548328 -0.071685485 0.094962761 -1.670138739
1750921983.700000048 -0.372636251 -0.045093539 -0.862091538 0.007295734 0.340624974 -0.020854298 0.939939624 -0.169237819 -0.028081731 -1.620226250
1750921983.799998999 -0.488620741 -0.046128965 -0.961173946 0.009872018 0.391006364 -0.025051733 0.919994009 -0.209893765 -0.053632200 -1.500225209
1750921983.899998903 -0.620514748 -0.050907931 -1.046828772 0.011617198 0.437111222 -0.026802758 0.898932941 -0.213662863 -0.121863026 -1.691762899
1750921983.999999046 -0.779388891 -0.051947244 -1.136876815 0.014685890 0.486873299 -0.031715218 0.872773086 -0.188632735 -0.205228023 -1.632158926
1750921984.099998951 -0.932662976 -0.061171931 -1.202902055 0.018265979 0.527679147 -0.035753565 0.848494405 -0.199854092 -0.218129836 -1.639680180
1750921984.199999094 -1.085830355 -0.056436135 -1.250053069 0.019692623 0.567072162 -0.038328654 0.822540138 -0.245231295 -0.070592302 -1.657897195
1750921984.299998999 -1.269338800 -0.057508912 -1.285930810 0.021780292 0.609109022 -0.039018199 0.791826621 -0.170930303 -0.141062253 -1.710069750
1750921984.399998903 -1.431331225 -0.055897890 -1.300608033 0.025048073 0.645808976 -0.040297834 0.762023258 -0.101356530 -0.170694797 -1.770608979
1750921984.499999046 -1.596269098 -0.054803215 -1.304444740 0.027897070 0.683738088 -0.044986550 0.727805050 -0.101196796 -0.144540446 -1.701068970
1750921984.599998951 -1.779669959 -0.048842735 -1.284819387 0.033177343 0.726735431 -0.047738355 0.684453013 -0.056198286 -0.233400099 -1.717876508
1750921984.699999094 -1.978065903 -0.056129686 -1.282181617 0.038622706 0.766558258 -0.051943764 0.638904194 0.470978585 -0.337284697 -2.051629737
1750921984.799998999 -2.166973672 -0.068355559 -1.284773764 0.042171541 0.806991749 -0.050781559 0.586862089 1.152841011 -0.486752386 -1.957005575
1750921984.899997950 -2.344329293 -0.051181514 -1.235407417 0.043427064 0.845364059 -0.048709303 0.530189685 -0.098460860 -0.102519221 -1.725697555
1750921984.999998093 -2.478914038 -0.042359387 -1.141490136 0.043091843 0.874025517 -0.049942125 0.481381628 -0.201125020 -0.084861701 -1.657950389
1750921985.099997997 -2.592610047 -0.030557949 -1.038519571 0.042389402 0.900292676 -0.049165797 0.430417193 -0.212438996 0.010730302 -1.471163316
1750921985.199997902 -2.713868570 -0.015132437 -0.907468100 0.040607983 0.926213851 -0.046424487 0.371918890 -0.138469313 0.018990337 -1.621328247
1750921985.299998045 -2.795087862 -0.013652472 -0.778717125 0.039750809 0.945318581 -0.049163299 0.319961910 -0.422241283 -0.217167050 -1.513588488
1750921985.399997950 -2.872410599 -0.013486439 -0.642185741 0.038320746 0.962486222 -0.048903229 0.264121689 -0.115807805 -0.206008275 -1.719571931
1750921985.499998093 -2.934829939 -0.011702678 -0.483337173 0.039053969 0.977025009 -0.051122971 0.203183071 -0.096310679 -0.120121371 -1.588795215
1750921985.599997997 -2.982600327 -0.014516042 -0.330231501 0.038047078 0.986657330 -0.054959605 0.148455968 -0.038313999 -0.206318022 -1.707923467
1750921985.699997902 -3.014977720 -0.009363641 -0.178876203 0.036977126 0.993530778 -0.054746608 0.092369332 0.014346764 -0.294435123 -1.706778240
1750921985.799998045 -3.025275112 -0.008715653 -0.004942722 0.037240819 0.997333139 -0.055508196 0.029301373 -0.098286302 -0.084753834 -1.603698703
1750921985.899996996 -3.009101941 -0.015997182 0.158679083 0.039061331 0.997251503 -0.057818155 -0.024914126 -0.206147274 -0.224894614 -1.654821178
1750921985.999996901 -2.966167320 -0.026728667 0.322961919 0.038564723 0.994357550 -0.062074160 -0.076893581 -0.384129788 -0.391821940 -1.873176484
1750921986.099997044 -2.899929815 -0.042881229 0.519206033 0.037482220 0.987314517 -0.066035937 -0.139443114 -0.031005259 -0.175501416 -1.778537979
1750921986.199996948 -2.852531862 -0.024659680 0.676376877 0.040067446 0.976623888 -0.063383450 -0.201452028 0.104277190 0.120125146 -1.549396816
1750921986.299997091 -2.793522960 -0.013735824 0.822650373 0.039573402 0.961959646 -0.061618937 -0.263193259 0.277621290 -0.118965855 -1.679008563
1750921986.399996996 -2.697548868 -0.017959307 0.975994149 0.038038284 0.940967528 -0.061462306 -0.330689559 -0.138771432 -0.168670307 -1.707930385
1750921986.499996901 -2.581362587 -0.014709188 1.087140261 0.037651751 0.920275154 -0.058279572 -0.385070744 -0.142514645 -0.113650001 -1.570227386
1750921986.599997044 -2.448910797 -0.019660177 1.177418995 0.040110726 0.898283444 -0.055803488 -0.434009164 -0.183715322 -0.164533702 -1.663727468
1750921986.699996948 -2.291931628 -0.023146096 1.268269318 0.041908705 0.869785212 -0.050561683 -0.489040757 -0.113417395 -0.041074728 -1.677962134
1750921986.799997091 -2.143001986 -0.026879088 1.328079955 -0.039633833 -0.840949384 0.050559333 0.537286745 -0.195408918 -0.094572543 -1.671884975
1750921986.899996996 -1.983911055 -0.035446180 1.371827883 -0.040025404 -0.809667614 0.047151655 0.583620633 -0.152991697 -0.107461224 -1.772781592
1750921986.999995947 -1.796005500 -0.048317881 1.402935275 -0.041919407 -0.771935313 0.044609874 0.632746865 -0.231061276 -0.212516938 -1.710025742
1750921987.099996090 -1.623841279 -0.055509095 1.409475400 -0.043951481 -0.736752426 0.038502256 0.673633213 -0.187446473 -0.053664169 -1.814735767
1750921987.199995995 -1.453498158 -0.066557752 1.404935637 -0.042973839 -0.698331134 0.035349518 0.713608638 -0.009387443 -0.014369717 -1.787066994
1750921987.299995899 -1.251762978 -0.080746938 1.380331605 -0.041509146 -0.651413143 0.029544182 0.757010600 0.116250023 -0.192430964 -2.003954054
1750921987.399996042 -1.072354365 -0.096448121 1.356677009 -0.037658463 -0.605431867 0.022157336 0.794696890 0.184325799 -0.118788927 -2.103830064
1750921987.499995947 -0.899775761 -0.122564506 1.278103702 -0.038487867 -0.559176568 0.017508171 0.827969633 -0.125623835 -0.223998377 -2.095364553
1750921987.599996090 -0.721017769 -0.148895989 1.187237468 -0.031984510 -0.504223605 0.015924875 0.862833672 -0.174514212 -0.176181818 -1.788382703
1750921987.699995995 -0.584786216 -0.165065739 1.092494808 -0.031489081 -0.453057982 0.011145654 0.890855026 -0.135702113 -0.034149681 -1.580253663
1750921987.799995899 -0.460486268 -0.172917628 0.984465711 -0.024851865 -0.400603106 0.007554777 0.915883432 -0.437881287 0.409613939 -1.051553549
1750921987.899996042 -0.347423133 -0.163191916 0.869604171 -0.023181272 -0.341516903 0.003720333 0.939582350 0.168405132 -0.176700900 -1.510667841
1750921987.999994993 -0.265771290 -0.168063316 0.724918323 -0.022889616 -0.290674659 0.001234675 0.956547324 0.118010082 0.182503527 -1.480516426
1750921988.099994898 -0.190206767 -0.176846066 0.595707543 -0.020067466 -0.236842480 -0.001751460 0.971339214 0.428118695 -0.448608392 -1.541672984
1750921988.199995041 -0.107812234 -0.192704341 0.446271359 -0.018988071 -0.172719724 -0.004687755 0.984776815 0.208203580 -0.061072679 -1.619737618
1750921988.299994946 -0.060520957 -0.201864781 0.304237815 -0.016752618 -0.115821791 -0.008147917 0.993095300 -0.300570611 -0.189300311 -2.164712980
1750921988.399995089 -0.042552308 -0.228209026 0.123249648 -0.012451868 -0.060755934 -0.014352980 0.997971773 -0.089632967 -0.162333507 -1.813573170
1750921988.499994993 -0.050572177 -0.274157920 -0.080526144 -0.007826088 -0.001893571 -0.018638963 0.999793857 -0.184796018 -0.849849433 -1.818126089
1750921988.599994898 -0.048029421 -0.292744017 -0.250411196 -0.002468903 0.056794871 -0.027150982 0.998013563 -0.008152280 -0.437089217 -1.762984160
1750921988.699995041 -0.059633627 -0.324891130 -0.412577610 0.001223775 0.127920804 -0.030468872 0.991315499 0.325588695 0.155008338 -1.645150789
1750921988.799994946 -0.087534493 -0.328255908 -0.601711487 0.005146652 0.206854953 -0.038302665 0.977608023 0.353689946 -0.020895713 -1.790500149
1750921988.899995089 -0.171125392 -0.346098511 -0.757680767 0.008857464 0.266924198 -0.042231784 0.962751003 -0.051001343 -0.319659296 -1.890941474
1750921988.999994993 -0.281683541 -0.353795126 -0.904838928 0.012264442 0.323753631 -0.045812727 0.944952043 -0.101377025 -0.245310336 -2.018994547
1750921989.099993944 -0.428397434 -0.356984679 -1.047083636 0.018443899 0.378892330 -0.047046219 0.924060105 -0.200390568 -0.429683720 -1.718455301
1750921989.199994087 -0.565064539 -0.345852626 -1.178895106 0.021503477 0.435130306 -0.045071786 0.898981508 0.040901676 0.036259861 -2.008841389
1750921989.299993992 -0.718514665 -0.331818880 -1.286463690 0.020393848 0.485852165 -0.045903061 0.872596513 -0.163842020 0.103645655 -1.735505106
1750921989.399993896 -0.897764755 -0.314932952 -1.367321441 0.013168066 0.539068182 -0.048833348 0.840742173 -0.154740423 -0.221073211 -1.804440751
1750921989.499994040 -1.063796971 -0.311967947 -1.420241318 0.014003600 0.583506357 -0.053077394 0.810251208 -0.164264207 -0.150631828 -1.788843982
1750921989.599993944 -1.230205334 -0.306310979 -1.455019644 0.016650651 0.626328904 -0.055596217 0.777395601 -0.170772000 0.005719177 -1.702207254
1750921989.699994087 -1.414268470 -0.295296155 -1.467160834 0.020719297 0.671498433 -0.056962530 0.738522739 -0.178888963 -0.161353268 -1.709132543
1750921989.799993992 -1.585781561 -0.288679367 -1.462370937 0.023036648 0.709869069 -0.057241892 0.701625672 -0.110543935 -0.075930849 -1.648462123
1750921989.899993896 -1.754374612 -0.276952774 -1.443111318 0.021519245 0.747697572 -0.061759450 0.660810890 -0.167468984 -0.170640037 -1.677431619
1750921989.999994040 -1.934690677 -0.266534333 -1.392202811 0.028258030 0.788548133 -0.066980227 0.610661096 -0.091417687 -0.168839390 -1.768087444
1750921990.099992990 -2.098951929 -0.252589461 -1.329100372 0.030800006 0.823647253 -0.070360091 0.561877228 -0.202599686 -0.126169485 -1.852723918
1750921990.199992895 -2.256951459 -0.225599616 -1.263313066 0.028452637 0.856292646 -0.066402856 0.511413740 -0.264483542 -0.187004225 -1.865090061
1750921990.299993038 -2.418265794 -0.210113457 -1.152771429 0.030834134 0.886222781 -0.067551252 0.457269359 0.027463170 -0.105256291 -1.760530208
1750921990.399992943 -2.558430883 -0.171045254 -1.084753168 0.028874166 0.912081957 -0.063904832 0.403966531 -0.092418365 -0.087279635 -1.799274773
1750921990.499993086 -2.659472399 -0.165109397 -0.949959485 0.025513023 0.930405489 -0.063267083 0.360127738 -0.102892414 -0.152226250 -1.846057883
1750921990.599992990 -2.769103647 -0.153619484 -0.789046514 0.025548035 0.948502859 -0.061780286 0.309633363 -0.148996475 -0.239457546 -1.885959308
1750921990.699992895 -2.854571156 -0.145333673 -0.626612274 0.024923403 0.962431833 -0.062686071 0.263009976 -0.189836537 -0.122862319 -1.839932602
1750921990.799993038 -2.918679356 -0.135878431 -0.458869669 0.026294651 0.973500584 -0.064439105 0.217836648 -0.187710596 -0.149271849 -1.830048014
1750921990.899992943 -2.980022928 -0.122381883 -0.264904010 0.024235591 0.983413648 -0.065303992 0.167468269 -0.190529828 -0.133297688 -1.802756050
1750921990.999993086 -3.016378935 -0.111621346 -0.099944705 0.025170739 0.989802740 -0.069215944 0.121926715 -0.019406757 0.033561103 -1.563598679
1750921991.099992990 -3.044356353 -0.103655170 0.076675435 0.021939719 0.994662725 -0.068711466 0.073779722 -0.214136181 -0.207732497 -1.953180260
1750921991.199991941 -3.042033806 -0.089541460 0.276235367 0.023524965 0.997073131 -0.070087248 0.019481418 -0.164754074 -0.121921822 -1.817533510
1750921991.299992085 -3.019608134 -0.096382878 0.461636231 0.026772503 0.996444738 -0.073209649 -0.031960357 -0.128461763 -0.144311800 -1.692053764
1750921991.399991989 -2.993235147 -0.086736334 0.630599279 0.027848161 0.992980678 -0.072577243 -0.089142563 -0.080912275 -0.072687598 -1.800849523
1750921991.499991894 -2.943971861 -0.119502384 0.823817070 0.027644378 0.983632924 -0.085751657 -0.156040738 -0.608156812 -0.296806005 -2.002204672
1750921991.599992037 -2.847786916 -0.145491720 0.999915809 0.027939984 0.972501196 -0.092702175 -0.211818526 -0.110706590 -0.289798027 -1.748863223
1750921991.699991941 -2.771903221 -0.145299811 1.152150645 0.029023677 0.956904150 -0.095530646 -0.272701244 -0.096561302 -0.339313290 -1.636081261
1750921991.799992085 -2.657729606 -0.122571339 1.288302670 0.030730576 0.936238988 -0.095736472 -0.336670041 -0.191151084 -0.030231457 -1.562221101
1750921991.899991989 -2.536051199 -0.109826406 1.403255066 0.033430089 0.914567753 -0.097006507 -0.391200704 -0.241917556 -0.218071198 -1.829629038
1750921991.999991894 -2.399656481 -0.099908234 1.499152605 0.037171370 0.890386995 -0.096556047 -0.443290218 -0.204932999 -0.102774963 -1.705057599
1750921992.099992037 -2.234978892 -0.093290215 1.576081461 0.041240487 0.861792401 -0.093986556 -0.496769170 -0.321430561 -0.190446936 -1.623954764
1750921992.199990988 -2.080634264 -0.090022135 1.630955479 -0.044402217 -0.833648324 0.089797754 0.543134678 -0.270359913 -0.146534393 -1.664974003
1750921992.299990892 -1.920864433 -0.088524349 1.672283047 -0.046307128 -0.801728750 0.088629144 0.589263555 -0.218484406 -0.218474569 -1.767546280
1750921992.399991035 -1.736723870 -0.092231239 1.694923380 -0.047834858 -0.763980453 0.082882935 0.638103528 -0.162221770 -0.197607970 -1.771488659
1750921992.499990940 -1.570067084 -0.098374843 1.696979179 -0.051807996 -0.727899105 0.077289858 0.679341668 -0.232157649 -0.192340554 -1.698166175
1750921992.599991083 -1.397204006 -0.108780656 1.683283648 -0.055350408 -0.691056238 0.066331542 0.717619492 -0.081325420 -0.139265881 -1.766331652
1750921992.699990988 -1.211453223 -0.125721340 1.643182243 -0.058355751 -0.644233689 0.066377492 0.759704935 -0.163272819 -0.125420905 -1.689449772
1750921992.799990892 -1.051032838 -0.137277086 1.598166923 -0.057386309 -0.601212534 0.058936773 0.794843858 -0.140041768 -0.092692074 -1.645795681
1750921992.899991035 -0.878519770 -0.152282995 1.539669074 -0.057001135 -0.555235153 0.050243787 0.828215164 0.084654631 -0.210424549 -2.054718284
1750921992.999990940 -0.702319852 -0.176628786 1.439479618 -0.060199725 -0.503001194 0.042179648 0.861154266 -0.682526708 0.121457702 -1.510608142
1750921993.099991083 -0.571908263 -0.197958549 1.330248407 -0.060173848 -0.455124770 0.036696857 0.887633873 -0.216738219 -0.092606338 -1.748861279
1750921993.199990988 -0.462417676 -0.214148845 1.214997767 -0.062126722 -0.404620236 0.032427295 0.911795594 -0.103625283 0.131966086 -1.316863474
1750921993.299989939 -0.375144366 -0.231991183 1.077640959 -0.062889123 -0.348225351 0.025231524 0.934958520 -0.142076124 -0.086798356 -1.585785815
1750921993.399990082 -0.315283343 -0.223911885 0.955738832 -0.061015989 -0.295201338 0.016628704 0.953339764 -0.105873428 0.455430649 -1.459431476
1750921993.499989986 -0.242849852 -0.220270546 0.837913322 -0.060944676 -0.240912893 0.011516258 0.968562905 -0.065779989 0.070533940 -1.234803398
1750921993.599989891 -0.178091835 -0.230153673 0.691781826 -0.060750697 -0.178976338 0.004960860 0.981963448 0.006301206 0.091897750 -1.349427366
1750921993.699990034 -0.139308566 -0.247634117 0.549080810 -0.063474496 -0.122871105 0.002946898 0.990386286 -0.064022583 0.097997882 -1.562932553
1750921993.799989939 -0.111263182 -0.266590361 0.412683288 -0.063098135 -0.064390548 -0.000638728 0.995927746 0.084130326 0.145813611 -1.510614963
1750921993.899990082 -0.097919285 -0.291110760 0.237889337 -0.064916204 0.002794446 -0.004438693 0.997876934 -0.176609595 -0.033484172 -1.916875993
1750921993.999989986 -0.126057122 -0.328699033 0.074397232 -0.061099230 0.058385032 -0.011182247 0.996359890 -0.199096503 -0.138724655 -1.735386961
1750921994.099989891 -0.170597426 -0.374131788 -0.086351198 -0.058933897 0.114166727 -0.018545123 0.991538619 -0.208875493 -0.199735549 -1.721483448
1750921994.199990034 -0.242472885 -0.414011992 -0.255159700 -0.055315310 0.176841680 -0.026392489 0.982329208 -0.253448772 -0.172362992 -1.710705394
1750921994.299988985 -0.315690346 -0.447992460 -0.389163769 -0.052106091 0.233177967 -0.033016080 0.970475620 -0.028666890 -0.220096889 -1.622688194
1750921994.399988890 -0.409215423 -0.477592971 -0.512593161 -0.044175334 0.287327845 -0.042062874 0.955888050 -0.272470987 -0.303517623 -1.521452186
1750921994.499989033 -0.522485212 -0.503248912 -0.627954565 -0.042846817 0.349384589 -0.049637074 0.934682149 -0.263535045 -0.140820259 -1.593200084
1750921994.599988937 -0.638938533 -0.522780126 -0.718559266 -0.037748884 0.401035536 -0.056061556 0.913565883 -0.070856564 -0.271949115 -1.559735465
1750921994.699989080 -0.764558077 -0.536578380 -0.793349068 -0.032889211 0.451168563 -0.063287292 0.889584142 -0.184788497 -0.120805313 -1.517974409
1750921994.799988985 -0.907938857 -0.540548518 -0.854824298 -0.029476003 0.504512941 -0.069729369 0.860078876 -0.242499423 -0.099451889 -1.436823019
1750921994.899988890 -1.043259065 -0.545844203 -0.918717418 -0.027259425 0.555475675 -0.076510859 0.827556516 0.092306952 -0.122058260 -1.581803125
1750921994.999989033 -1.192072019 -0.552644702 -0.962518893 -0.020103822 0.601854734 -0.080671128 0.794266255 -0.103588123 -0.165292756 -1.634811110
1750921995.099988937 -1.358418763 -0.551908332 -0.975322953 -0.014362543 0.645979805 -0.084055686 0.758576595 -0.198205970 -0.131310601 -1.494139029
1750921995.199989080 -1.514018407 -0.543332957 -0.978471520 -0.013623856 0.683436624 -0.086220772 0.724772205 -0.106863746 -0.019775254 -1.606624457
1750921995.299988985 -1.666729364 -0.536258179 -0.961209817 -0.009911712 0.717741837 -0.089465240 0.690466787 -0.163639632 -0.238021376 -1.708213468
1750921995.399987936 -1.839468067 -0.525801159 -0.926746187 -0.004645462 0.754679849 -0.095416151 0.649101304 -0.138404359 -0.203098957 -1.718066580
1750921995.499988079 -1.998162757 -0.515587034 -0.881203521 -0.001444004 0.787049357 -0.098114555 0.609035926 -0.121170206 -0.331827746 -1.879197712
1750921995.599987984 -2.169356004 -0.509058583 -0.824206302 0.002220503 0.818728260 -0.101490768 0.565136027 0.041704669 -0.149219883 -1.898966012
1750921995.699987888 -2.357205046 -0.502672637 -0.737997829 0.008846322 0.852775186 -0.105983792 0.511335174 -0.284674243 -0.322828103 -1.951484243
1750921995.799988031 -2.507549079 -0.484898737 -0.639082028 0.013218270 0.880488694 -0.108177770 0.461370249 -0.108264915 -0.200243717 -1.920559997
1750921995.899987936 -2.634929050 -0.452063644 -0.527000228 0.016746106 0.905897506 -0.107217015 0.409357776 -0.128108601 -0.037951088 -1.745230075
1750921995.999988079 -2.760226614 -0.426371687 -0.379469361 0.018553083 0.931305461 -0.108622102 0.347170218 -0.205592647 -0.249899366 -1.873506485
1750921996.099987984 -2.854351967 -0.395870690 -0.245100981 0.022223442 0.950923523 -0.106405778 0.289703957 -0.088803453 -0.009835965 -1.659958006
1750921996.199987888 -2.919914145 -0.388884222 -0.088376126 0.025196236 0.966115932 -0.109936494 0.232161845 -0.139344641 -0.123941857 -1.735040839
1750921996.299988031 -2.988239064 -0.363194942 0.084410727 0.026369662 0.979924089 -0.111177714 0.163379731 -0.027472034 -0.155884638 -1.665558062
1750921996.399986982 -3.028060938 -0.340220375 0.235734725 0.028046201 0.988178324 -0.111380129 0.101545444 0.032529892 -0.169299051 -1.647894882
1750921996.499986887 -3.063616726 -0.318374119 0.399512551 0.027970210 0.992415760 -0.112911418 0.039744663 0.319500588 -0.219774652 -1.824629094
1750921996.599987030 -3.067460346 -0.287048820 0.585515336 0.031541763 0.993395242 -0.107831769 -0.023309229 0.290170129 -0.020567842 -1.893354653
1750921996.699986935 -3.052463215 -0.256699129 0.749745933 0.036885701 0.989903437 -0.111159372 -0.079838741 -0.111807980 -0.073406718 -1.651297339
1750921996.799987078 -3.002483026 -0.247378807 0.914052367 0.042101073 0.983704575 -0.112762522 -0.133556811 -0.143234519 -0.124683033 -1.681304382
1750921996.899986982 -2.886271021 -0.282768155 1.102616866 0.043917330 0.973344323 -0.126879685 -0.185939891 -0.774615664 -0.911851505 -2.134891645
1750921996.999986887 -2.792515587 -0.294877502 1.287152887 0.045702221 0.959979202 -0.135254187 -0.240951330 0.119663705 -0.462629919 -1.981624703
1750921997.099987030 -2.710255582 -0.267807580 1.459018307 0.050719319 0.942988393 -0.131935066 -0.301319729 0.709272421 -0.411052824 -1.994828890
1750921997.199986935 -2.639024320 -0.237079030 1.638184403 0.054840781 0.915227832 -0.130426731 -0.377278905 0.456852230 -0.207871094 -1.686376084
1750921997.299987078 -2.545637196 -0.209876713 1.776590639 0.059817922 0.885357081 -0.128545017 -0.442764988 0.025953086 -0.093334714 -1.775195260
1750921997.399986982 -2.393757266 -0.196648627 1.862387501 0.063923177 0.858763347 -0.128597311 -0.491835413 -0.128438549 -0.151912340 -1.855374276
1750921997.499985933 -2.205149364 -0.181252047 1.938274972 -0.071870476 -0.826003762 0.124667837 0.544986559 -0.178952445 -0.061260456 -1.910986934
1750921997.599986076 -2.037671898 -0.173179779 1.982365202 -0.076807326 -0.793766658 0.119494063 0.591401976 -0.194178853 -0.085891652 -1.722210271
1750921997.699985981 -1.863861935 -0.174440639 2.014318827 -0.080614703 -0.758049344 0.114607848 0.636967427 -0.127893343 -0.068383890 -1.809904869
1750921997.799985886 -1.665591771 -0.175671772 2.024121252 -0.083822287 -0.715396824 0.105861620 0.685546881 -0.127797742 -0.120513483 -1.795951077
1750921997.899986029 -1.492179298 -0.184401820 2.010606196 -0.088435697 -0.674984108 0.097853454 0.725947851 -0.059698279 -0.044356246 -1.861726999
1750921997.999985933 -1.312988737 -0.202168647 1.979903508 -0.093366091 -0.632572393 0.088381871 0.763756234 -0.068625575 0.030373550 -1.739947490
1750921998.099986076 -1.126722279 -0.224516098 1.926132744 -0.097088537 -0.583804726 0.078078039 0.802277806 -0.200160867 -0.087607961 -1.695963244
1750921998.199985981 -0.960302564 -0.248869045 1.867082313 -0.098939658 -0.535552191 0.071750732 0.835611529 0.058929394 -0.173833759 -1.733780127
1750921998.299985886 -0.804239887 -0.274094149 1.789332091 -0.097979112 -0.484763621 0.063995271 0.866780786 0.055108989 -0.098583593 -1.834398073
1750921998.399986029 -0.622601002 -0.311774980 1.674327398 -0.099944074 -0.426732904 0.051716011 0.897349244 0.077347896 -0.146350192 -2.185280721
1750921998.499984980 -0.498800582 -0.336671893 1.556942360 -0.101397494 -0.374397418 0.043043801 0.920702098 -0.169932590 0.007680793 -1.842357807
1750921998.599984884 -0.392725616 -0.374290264 1.420661398 -0.100346103 -0.320540167 0.035113546 0.941250073 -0.030472766 0.017725893 -1.586569813
1750921998.699985027 -0.293533254 -0.412673700 1.262800160 -0.102472124 -0.258391363 0.027606729 0.960193333 -0.168563321 -0.027414724 -1.980280045
1750921998.799984932 -0.205842251 -0.422253717 1.138396551 -0.100430258 -0.199982265 0.016600587 0.974497449 0.113282817 0.130330549 -1.537451347
1750921998.899985075 -0.141657803 -0.447648380 0.989007761 -0.096729020 -0.141561545 0.007686082 0.985162296 -0.342547041 0.104020683 -1.698501412
1750921998.999984980 -0.120859849 -0.484261187 0.803071840 -0.094811789 -0.081239791 0.000254393 0.992174761 -0.218701717 0.015784286 -1.853228342
1750921999.099984884 -0.102055970 -0.515512564 0.650182839 -0.092334808 -0.025948726 -0.006143343 0.995370889 -0.170973415 -0.010395894 -1.673173522
1750921999.199985027 -0.112957283 -0.549897293 0.485976409 -0.090785908 0.028276018 -0.013052542 0.995383352 -0.204304989 0.169022367 -1.661075230
1750921999.299984932 -0.132719034 -0.569102305 0.301198466 -0.092643878 0.092350928 -0.021427396 0.991175708 0.022054353 -0.124348244 -1.899313992
1750921999.399985075 -0.189846790 -0.613377479 0.138860151 -0.089724413 0.147053662 -0.028189702 0.984647191 -0.160667885 -0.179994656 -1.936683034
1750921999.499984980 -0.259052003 -0.665577938 -0.017240313 -0.085816894 0.202284198 -0.037385971 0.974842989 -0.038064226 -0.839201738 -2.007194861
1750921999.599983931 -0.363926743 -0.729316716 -0.187044174 -0.077796114 0.264760181 -0.049217849 0.959910107 -0.147461044 -0.295765630 -1.986461764
1750921999.699984074 -0.470912735 -0.762835628 -0.324338350 -0.071898504 0.320007897 -0.058847636 0.942848083 0.145732750 -0.287063069 -1.764826412
1750921999.799983978 -0.598297938 -0.798193317 -0.438596483 -0.068273660 0.371176190 -0.064256824 0.923817084 -0.172000987 -0.407591181 -1.809241358
1750921999.899983883 -0.755793732 -0.819498106 -0.556371512 -0.059169479 0.426798704 -0.075055306 0.899282236 -0.119260450 -0.080495903 -1.779246775
1750921999.999984026 -0.902947303 -0.832946690 -0.646846045 -0.054153034 0.473865694 -0.084128972 0.874894891 -0.125007529 -0.070949081 -1.778797924
1750922000.099983931 -1.059090674 -0.843831832 -0.727195619 -0.048102115 0.522004384 -0.092451332 0.846552042 -0.086067863 -0.242779662 -1.857341150
1750922000.199984074 -1.241859250 -0.846007401 -0.797746152 -0.042466606 0.576166315 -0.099638601 0.810124135 -0.148746063 -0.219779621 -1.797087592
1750922000.299983978 -1.416162558 -0.840371318 -0.847532093 -0.041711329 0.622378128 -0.106695798 0.774287826 -0.040031631 0.027768362 -1.896775826
1750922000.399983883 -1.592039435 -0.828042291 -0.864091235 -0.037756254 0.663907222 -0.113076940 0.738251496 -0.118459785 -0.112024354 -1.789545811
1750922000.499984026 -1.790436448 -0.812875953 -0.865239189 -0.035177328 0.709314687 -0.118304819 0.694002306 -0.001270216 -0.045662591 -1.941210433
1750922000.599982977 -1.964651419 -0.799033070 -0.843231145 -0.029757997 0.746091318 -0.121049971 0.654071183 -0.049410284 -0.108197742 -1.761658325
1750922000.699982882 -2.132944077 -0.778825443 -0.806786391 -0.025260526 0.779575445 -0.126997065 0.612777102 -0.057689991 -0.091859907 -1.753992416
1750922000.799983025 -2.308329725 -0.755903290 -0.745083804 -0.019292454 0.815124375 -0.133783813 0.563295611 0.004164123 -0.132288951 -1.715220523
1750922000.899982929 -2.472145121 -0.737720058 -0.667804103 -0.009370694 0.844719056 -0.140879122 0.516250888 -0.056761647 -0.243235710 -1.833315792
1750922000.999983072 -2.602487530 -0.704522848 -0.569004735 -0.003376818 0.871202172 -0.143011986 0.469620000 -0.184807214 -0.035162050 -1.703931386
1750922001.099982977 -2.747572592 -0.667968898 -0.441397778 0.002670477 0.900164664 -0.142772606 0.411475915 -0.060627785 -0.072193606 -1.783878273
1750922001.199982882 -2.874024959 -0.634923740 -0.320767628 0.006807205 0.922798474 -0.144122221 0.357247007 -0.001886834 -0.170202851 -1.812423190
1750922001.299983025 -3.004870574 -0.595161688 -0.216354134 0.012608070 0.944070956 -0.143683145 0.296523557 0.740084959 0.215985051 -1.704334023
1750922001.399982929 -3.111275783 -0.543694734 -0.062314916 0.018162976 0.963043210 -0.140508369 0.229074835 -0.134218170 -0.076763168 -1.787814691
1750922001.499983072 -3.169526135 -0.507269153 0.099485900 0.020040606 0.975132433 -0.137673843 0.172513838 -0.127662428 -0.151189231 -1.819497509
1750922001.599982977 -3.204422640 -0.469582111 0.271363964 0.026169663 0.983114262 -0.138780721 0.116367559 -0.145654764 -0.237693508 -1.917746035
1750922001.699981928 -3.225125528 -0.435464062 0.465524188 0.031565680 0.988474696 -0.137526518 0.054843786 -0.313195340 -0.134688360 -1.512931034
1750922001.799982071 -3.227861070 -0.401899009 0.629220341 0.035563443 0.989178392 -0.142341969 -0.000338233 -0.030288311 -0.090921621 -1.605154068
1750922001.899981976 -3.207173015 -0.367765376 0.786986697 0.038603528 0.987880099 -0.140057570 -0.054649386 -0.212403474 -0.077860175 -1.694307319
1750922001.999982119 -3.164016030 -0.346013407 0.974912209 0.044422835 0.981917648 -0.142013420 -0.117032187 -0.098801579 -0.355575784 -1.792834183
1750922002.099982023 -3.105389250 -0.318044242 1.136996465 0.050072925 0.973387596 -0.143146347 -0.171809238 -0.118457893 -0.283596134 -1.873919932
1750922002.199981928 -3.034045988 -0.292193719 1.283179459 0.054740617 0.961730212 -0.143098171 -0.227159366 -0.072057082 0.067187463 -1.540444047
1750922002.299982071 -2.947951195 -0.268550872 1.465227293 0.060513356 0.942963635 -0.147931291 -0.292017208 0.171730410 -0.297435962 -2.086524326
1750922002.399981976 -2.877483148 -0.256410131 1.702936027 0.063453675 0.915621109 -0.154129683 -0.365862893 1.353082102 -0.576585848 -2.358168894
1750922002.499982119 -2.784148533 -0.199660543 1.844619680 0.070002255 0.889117202 -0.142437417 -0.429280640 0.198116500 0.009111657 -1.976418620
1750922002.599982023 -2.613340776 -0.186040821 1.953827288 0.073540686 0.858761568 -0.142924085 -0.486511093 -0.041303040 -0.209148835 -1.914175991
1750922002.699980974 -2.450297115 -0.168574086 2.031010115 -0.078386355 -0.828197043 0.140504468 0.536846096 -0.066450920 -0.217955750 -1.923020686
1750922002.799981117 -2.277525683 -0.164697407 2.092500880 -0.084118291 -0.794618091 0.137247585 0.585379623 -0.036721998 -0.124782845 -1.848603795
1750922002.899981022 -2.073715828 -0.165582781 2.127486147 -0.091690504 -0.755050845 0.133152331 0.635422325 -0.198278286 -0.113820040 -1.836408689
1750922002.999980927 -1.897696352 -0.169681934 2.131769350 -0.095634608 -0.718179062 0.128264669 0.677215647 -0.119960167 -0.139675631 -1.859837288
1750922003.099981070 -1.723494666 -0.180896323 2.120237774 -0.099189776 -0.678692517 0.124224483 0.717011948 -0.194011464 -0.068150718 -1.767377853
1750922003.199980974 -1.530126247 -0.194992523 2.081128665 -0.103469448 -0.632520058 0.114011804 0.759087451 -0.182322564 -0.036626738 -1.854908096
1750922003.299981117 -1.359717545 -0.223943760 2.027529768 -0.107606440 -0.588585521 0.110171280 0.793631040 -0.154826350 -0.210716260 -1.890208733
1750922003.399981022 -1.190782902 -0.257986437 1.957968021 -0.114012993 -0.545010126 0.100342772 0.824558262 -0.077908986 -0.183828918 -1.993541251
1750922003.499980927 -1.026761982 -0.298915009 1.863058173 -0.116498332 -0.493595193 0.094948167 0.856607711 -0.184424949 -0.061689620 -1.605292902
1750922003.599981070 -0.884365890 -0.336805034 1.764035016 -0.118185577 -0.446040438 0.084680586 0.883124734 -0.104477043 -0.135680043 -1.810770988
1750922003.699980021 -0.743192362 -0.378327696 1.648269506 -0.122084543 -0.395147143 0.074317959 0.907430956 0.071821884 -0.203712039 -2.100742791
1750922003.799979925 -0.575469412 -0.431333883 1.493537076 -0.124496337 -0.337703864 0.061632628 0.930944779 0.549208606 -0.085669265 -2.317595128
1750922003.899980068 -0.454080131 -0.469126266 1.363976246 -0.126482948 -0.281183576 0.047672425 0.950086944 0.470290939 0.097369170 -1.707088216
1750922003.999979973 -0.369557989 -0.511841241 1.227427586 -0.126790722 -0.224236973 0.038260329 0.965493677 -0.098777113 0.021130383 -1.759237884
1750922004.099980116 -0.316633061 -0.548684223 1.067955278 -0.127501563 -0.162508881 0.027198296 0.978056475 -0.127295921 0.011154411 -1.605129166
1750922004.199980021 -0.281064970 -0.571872346 0.923190229 -0.126556925 -0.105742562 0.017355875 0.986154465 -0.101683708 0.087502214 -1.413967944
1750922004.299979925 -0.280584655 -0.583093828 0.780128934 -0.126100449 -0.052485360 0.007720276 0.990597982 -0.420989987 0.532719281 -1.313869775
1750922004.399980068 -0.307545035 -0.595099425 0.611131117 -0.129837271 0.006193469 -0.003115711 0.991511077 0.166146357 0.549895908 -1.988746069
1750922004.499979973 -0.315663572 -0.644943974 0.469803074 -0.130461101 0.062367461 -0.012199585 0.989414661 0.174440873 -0.394019785 -1.745111900
1750922004.599980116 -0.340604726 -0.694445316 0.317111209 -0.125036865 0.119238084 -0.021695975 0.984721964 -0.187966357 0.128333874 -1.663705983
1750922004.699980021 -0.402076970 -0.736678346 0.149174728 -0.123637064 0.182073779 -0.031631309 0.974967936 -0.097829767 -0.060319281 -1.808941677
1750922004.799978971 -0.497638305 -0.800465352 0.007799067 -0.120408104 0.233994559 -0.040240070 0.963913467 -0.349658044 -0.414373116 -1.993596565
1750922004.899979115 -0.601434308 -0.861239147 -0.136211737 -0.115636290 0.287675905 -0.053666854 0.949205294 -0.019690850 -0.579252112 -1.909777424
1750922004.999979019 -0.716061088 -0.929765642 -0.287379076 -0.108692163 0.353098772 -0.068634164 0.926712805 0.154268903 -0.102778671 -1.810796894
1750922005.099978924 -0.852632647 -0.971903974 -0.397743230 -0.100882460 0.405577741 -0.081390388 0.904823204 -0.163361241 -0.248011123 -1.824563606
1750922005.199979067 -0.998986553 -1.002491543 -0.490113049 -0.095396858 0.459783392 -0.092274046 0.878057044 -0.129926312 -0.248895394 -1.902924214
1750922005.299978971 -1.176842002 -1.031948473 -0.573812631 -0.088234259 0.516269026 -0.103117832 0.845604944 -0.119828983 -0.122851829 -1.802583755
1750922005.399979115 -1.333453367 -1.044052422 -0.653577669 -0.082158607 0.569560861 -0.113857236 0.809868458 0.278585946 0.179852412 -1.769329747
1750922005.499979019 -1.500496374 -1.053358011 -0.714236530 -0.070695051 0.622033859 -0.121139051 0.770325528 0.388447718 0.152786781 -1.842610894
1750922005.599978924 -1.694616733 -1.048812829 -0.731512245 -0.064786170 0.668592904 -0.129977478 0.729309355 -0.202775394 -0.176759277 -1.771872973
1750922005.699979067 -1.865145734 -1.038139251 -0.724524929 -0.060737245 0.707372133 -0.136181442 0.690934344 -0.160625974 -0.035655099 -1.764573747
1750922005.799978018 -2.032988748 -1.022081929 -0.698528221 -0.054643926 0.743504993 -0.143164943 0.650936376 -0.198420182 -0.113500502 -1.778341584
1750922005.899977922 -2.214424363 -0.998000139 -0.647396778 -0.047669262 0.779970987 -0.150988204 0.605454757 -0.155200579 -0.032214501 -1.819110512
1750922005.999978065 -2.369464666 -0.970895466 -0.585993599 -0.043093344 0.810184409 -0.156983238 0.563116729 -0.129507327 -0.115310899 -1.759860946
1750922006.099977970 -2.518107514 -0.939872899 -0.509313792 -0.036555107 0.838831221 -0.161454841 0.518611840 -0.159795174 -0.173618937 -1.808432646
1750922006.199978113 -2.675085953 -0.902102741 -0.402611903 -0.026541331 0.867734553 -0.168221539 0.466940913 -0.104098272 -0.132214896 -1.712044029
1750922006.299978018 -2.819972005 -0.867169625 -0.285806831 -0.015496139 0.891842911 -0.176106696 0.416368254 -0.003122631 -0.353860803 -2.124201706
1750922006.399977922 -2.944664035 -0.827802885 -0.154016576 -0.004465089 0.913400388 -0.181922518 0.364120847 -0.039437507 -0.404336105 -2.095160508
1750922006.499978065 -3.067696814 -0.757379254 -0.018477190 -0.003448145 0.937052589 -0.178760213 0.299942231 -0.138852001 -0.011974365 -1.746734143
1750922006.599977970 -3.148831712 -0.703617862 0.130823096 0.004035790 0.952394615 -0.178697211 0.246972704 -0.128412239 0.091351336 -1.797751170
1750922006.699978113 -3.215603641 -0.643369780 0.275910701 0.008516317 0.965057697 -0.178623993 0.191532199 -0.248262342 0.037715523 -1.585742068
1750922006.799978018 -3.264756171 -0.582782951 0.453290122 0.015793415 0.976365307 -0.174803161 0.126115860 -0.128339423 -0.222093756 -1.901092381
1750922006.899976969 -3.280178053 -0.539124585 0.610141355 0.021041792 0.981686294 -0.176109829 0.069531223 -0.109343570 -0.076314351 -1.659175721
1750922006.999977112 -3.280117924 -0.494379360 0.784053252 0.026231532 0.984317486 -0.173974981 0.012794495 -0.154365940 -0.153582091 -1.936782715
1750922007.099977016 -3.252844770 -0.443069399 0.971776339 0.032777561 0.982664660 -0.175447581 -0.050139252 -0.160431733 -0.052859827 -1.735626932
1750922007.199976921 -3.217182877 -0.402957102 1.137246617 0.039101742 0.978016185 -0.176468147 -0.103992251 -0.017287069 -0.155366902 -1.727460967
1750922007.299977064 -3.159079394 -0.367840472 1.296162861 0.043693638 0.970687013 -0.177037178 -0.156574030 0.248615643 -0.738593757 -2.157297016
1750922007.399976969 -3.089916964 -0.332205382 1.483986670 0.048128250 0.957357492 -0.181761164 -0.219347175 0.087395558 -0.146842485 -1.809193589
1750922007.499977112 -3.001846524 -0.295780355 1.625248465 0.057294922 0.944025307 -0.181839629 -0.269198555 -0.154082701 -0.283089526 -1.628025139
1750922007.599977016 -2.889230049 -0.267795292 1.754986966 0.065679762 0.928969341 -0.177849386 -0.317917800 -0.119766878 -0.253512340 -1.835705375
1750922007.699976921 -2.742474368 -0.246068050 1.898714690 0.074178663 0.905793673 -0.180381543 -0.376161996 0.121130024 -0.540819922 -1.970751778
1750922007.799977064 -2.583216182 -0.243069646 2.017734801 0.076609976 0.882172077 -0.183544136 -0.426866359 -0.203134473 -0.193866243 -1.978925387
1750922007.899976015 -2.442902060 -0.197486088 2.117716115 0.087721598 0.854657970 -0.173065956 -0.481573308 0.145090659 -0.006790148 -1.777665663
1750922007.999975920 -2.296203720 -0.149973188 2.235613008 -0.096075760 -0.813621110 0.163910743 0.549475573 0.367952877 -0.007779050 -1.713197313
1750922008.099976063 -2.137953180 -0.131929157 2.303720944 -0.101556276 -0.774669763 0.157839781 0.603870586 -0.129936556 -0.176155463 -1.884110479
1750922008.199975967 -1.956580464 -0.136146069 2.332971733 -0.106073988 -0.738724075 0.152525450 0.647897398 -0.085693097 -0.153636786 -1.958068272
1750922008.299976110 -1.753937032 -0.137650952 2.337086949 -0.114420534 -0.695943361 0.141219322 0.694714246 -0.080153801 -0.025902539 -1.825196764
1750922008.399976015 -1.586687267 -0.151435551 2.313723231 -0.120688650 -0.656449087 0.133685725 0.732555099 -0.319387039 -0.226060216 -1.766362755
1750922008.499975920 -1.419413349 -0.171509044 2.271604833 -0.127840990 -0.614663761 0.124532577 0.768333768 -0.168091448 -0.144892136 -1.762863523
1750922008.599976063 -1.239227882 -0.201762202 2.205862932 -0.133043915 -0.565537333 0.112918260 0.806049818 -0.144629374 -0.127490505 -1.821422462
1750922008.699975967 -1.091975001 -0.232805698 2.127330059 -0.138589909 -0.519823334 0.101740116 0.836794770 -0.169494252 -0.135545298 -1.886461148
1750922008.799976110 -0.941016648 -0.277841130 2.035956603 -0.144032626 -0.471209289 0.093476322 0.865146569 -0.214826826 -0.138400168 -1.826270787
1750922008.899976015 -0.788404051 -0.329388960 1.919519753 -0.147857624 -0.417288910 0.080043475 0.893085176 -0.125457724 -0.212498472 -1.701044786
1750922008.999974966 -0.648823073 -0.386180205 1.794536538 -0.150941537 -0.367482383 0.069209845 0.915086525 -0.025792744 -0.206854470 -2.157374034
1750922009.099975109 -0.513215384 -0.444301674 1.660737259 -0.153333685 -0.314026116 0.055044531 0.935332283 0.512040896 -0.135712403 -2.133484334
1750922009.199975014 -0.416493632 -0.506868721 1.501762284 -0.158120507 -0.254528642 0.041688392 0.953139630 -0.081134218 -0.106963762 -1.834865738
1750922009.299974918 -0.351732739 -0.572365000 1.352773284 -0.157324700 -0.201542092 0.029464881 0.966313378 -0.117739756 -0.053199794 -1.785474207
1750922009.399975061 -0.295442805 -0.629868386 1.197052077 -0.157268948 -0.145950788 0.018981089 0.976526786 -0.104711947 -0.188151485 -2.099894067
1750922009.499974966 -0.245911296 -0.671969028 1.023229606 -0.155422580 -0.082302981 0.003264427 0.984408139 -0.101709244 0.013302682 -1.648112947
1750922009.599975109 -0.237961605 -0.703511384 0.885577351 -0.157258883 -0.026868761 -0.006958219 0.987167309 -0.165751076 -0.072374576 -1.461439970
1750922009.699975014 -0.244183994 -0.748530770 0.737679858 -0.154317610 0.027060131 -0.017194255 0.987500978 -0.263506780 0.437341900 -1.670995589
1750922009.799974918 -0.278251510 -0.803197160 0.568624724 -0.151541765 0.088906451 -0.026975782 0.984074715 -0.160168780 -0.202237010 -1.679958843
1750922009.899975061 -0.331222715 -0.860151463 0.421233798 -0.151450531 0.144043979 -0.037733871 0.977184846 -0.267102586 -0.195445558 -2.036127055
1750922009.999974012 -0.378753335 -0.889352661 0.293691026 -0.148226570 0.200378234 -0.046146846 0.967340641 0.004171344 0.265752004 -1.392809343
1750922010.099973917 -0.483163580 -0.945287828 0.150245142 -0.141717474 0.259980955 -0.059363606 0.953311084 -0.235431270 -0.122874894 -1.638079101
1750922010.199974060 -0.595294145 -1.004653161 0.034167487 -0.136552278 0.311210891 -0.070306281 0.937847687 -0.167761111 -0.419438651 -1.785802785
1750922010.299973965 -0.715087031 -1.047388792 -0.068431556 -0.133466385 0.362751666 -0.081084871 0.918707351 -0.015226031 -0.100652443 -1.673321579
1750922010.399974108 -0.839965380 -1.125762451 -0.170173886 -0.117904326 0.427191760 -0.096491067 0.891232430 0.212569515 -0.856858393 -1.509174437
1750922010.499974012 -0.970452554 -1.164179754 -0.243230714 -0.107444469 0.478876306 -0.110213576 0.864283598 -0.041244248 -0.214347708 -1.587751219
1750922010.599973917 -1.099484715 -1.183921754 -0.309795808 -0.101973512 0.530483931 -0.124078325 0.832341739 -0.506124671 0.034025561 -1.475624092
1750922010.699974060 -1.275927709 -1.193693938 -0.335792152 -0.095031475 0.576338455 -0.133339797 0.800639434 -0.226093910 -0.078223932 -1.619238385
1750922010.799973965 -1.437431183 -1.203654256 -0.369868332 -0.085205948 0.620518228 -0.144279693 0.766081226 0.028962245 -0.218660051 -1.741232523
1750922010.899974108 -1.599595256 -1.202816249 -0.383179621 -0.074521864 0.662468452 -0.155657716 0.728939447 -0.049032501 -0.134364580 -1.586608381
1750922010.999974012 -1.778279209 -1.184052461 -0.389989890 -0.070879614 0.711404672 -0.162733715 0.679997949 0.125285636 0.158431606 -1.531960909
1750922011.099972963 -1.931839852 -1.161974896 -0.351862538 -0.062684368 0.745511605 -0.170478097 0.641264637 -0.227035984 -0.090205681 -1.670026012
1750922011.199973106 -2.087767998 -1.133997982 -0.304438054 -0.055605109 0.779646736 -0.177504566 0.597955825 -0.242128346 -0.105178539 -1.663194438
1750922011.299973011 -2.246038582 -1.093906949 -0.233666364 -0.044864730 0.815651445 -0.183166609 0.546945948 -0.180936706 -0.086234051 -1.630407646
1750922011.399972916 -2.390159308 -1.053432526 -0.158026289 -0.039723697 0.845622736 -0.185734645 0.498845526 -0.091134212 -0.087563607 -1.672809137
1750922011.499973059 -2.517391622 -1.011430155 -0.068319783 -0.030776855 0.871326992 -0.190801422 0.451039772 -0.110494385 -0.119255842 -1.705523016
1750922011.599972963 -2.642794104 -0.960543740 0.047297570 -0.019756202 0.897281370 -0.195291197 0.395420262 -0.145339912 -0.130483392 -1.573243852
1750922011.699973106 -2.732223122 -0.915281559 0.166045960 -0.009887935 0.917079039 -0.199121559 0.345280857 -0.206407658 -0.117287946 -1.613602453
1750922011.799973011 -2.807450986 -0.864005426 0.291771560 -0.001865018 0.935111380 -0.198897776 0.293262516 -0.226644578 -0.027998597 -1.603833538
1750922011.899972916 -2.883788974 -0.816477228 0.461022596 0.008966724 0.950428016 -0.204055238 0.234451795 -0.019921404 -0.377936472 -1.861211350
1750922011.999973059 -2.961753557 -0.766567489 0.602034593 0.020199757 0.963310190 -0.203378277 0.173961845 0.398671342 -0.233710246 -1.882350796
1750922012.099972010 -3.055431930 -0.702299923 0.722389931 0.032643013 0.973460715 -0.199508041 0.107262348 0.251653429 0.067577752 -1.689802393
1750922012.199971914 -3.066112394 -0.637578456 0.896346241 0.040153443 0.978586113 -0.197142274 0.043495342 -0.201400066 -0.079825708 -1.658539695
1750922012.299972057 -3.052238698 -0.584954300 1.045280404 0.048056805 0.980098038 -0.192280352 -0.011253675 -0.189875660 -0.175352062 -1.693646276
1750922012.399971962 -3.022917992 -0.537810418 1.203846157 0.053701818 0.977955036 -0.190203311 -0.067400018 -0.224438413 -0.170751155 -1.717474302
1750922012.499972105 -2.971623158 -0.488038776 1.373710228 0.058735959 0.972093067 -0.186327957 -0.129873200 -0.022762425 -0.099308739 -1.637706354
1750922012.599972010 -2.906775257 -0.451664053 1.513357946 0.065026179 0.963279195 -0.185010166 -0.183401274 -0.115711684 -0.138404781 -1.593221614
1750922012.699971914 -2.828580665 -0.420922140 1.650728617 0.070651265 0.951031672 -0.184256597 -0.237900533 -0.075537356 -0.227484271 -1.590893771
1750922012.799972057 -2.730079713 -0.391429469 1.788113626 0.076924694 0.934042846 -0.181378528 -0.297906668 0.027951493 -0.134821870 -1.412370699
1750922012.899971962 -2.622042155 -0.366404582 1.904270461 0.084686115 0.916002998 -0.179348395 -0.348713238 -0.249974385 -0.226151106 -1.759175793
1750922012.999972105 -2.497582986 -0.362141934 2.013801536 0.090947814 0.895068711 -0.177356073 -0.398905153 -0.149236306 -0.657601173 -1.830527466
1750922013.099972010 -2.369095115 -0.364621318 2.156021154 0.096605604 0.862572200 -0.179629788 -0.463000752 0.773477030 -0.423077655 -1.239022947
1750922013.199970961 -2.231974549 -0.370853177 2.242267563 -0.099237803 -0.833038557 0.180588593 0.513406642 -0.247009513 -0.298798046 -1.688547944
1750922013.299971104 -2.098421514 -0.366108730 2.285343738 -0.106465916 -0.804754943 0.175183809 0.557086280 -0.173172442 -0.159551416 -1.278627975
1750922013.399971008 -1.965956157 -0.358986731 2.321084207 -0.113655033 -0.769343828 0.168398256 0.605668750 -0.006672222 -0.115513704 -1.208588367
1750922013.499970913 -1.878543759 -0.349944059 2.334869896 -0.121121718 -0.735054949 0.159727961 0.647696480 -0.086065170 -0.118240575 -0.887108126
1750922013.599971056 -1.822055291 -0.337551565 2.344100207 -0.127983541 -0.702642410 0.151206037 0.683410998 0.089102047 0.026284460 -0.542856828
1750922013.699970961 -1.781231152 -0.326043814 2.349780010 -0.131095222 -0.675408926 0.143916164 0.711284025 0.225624908 0.032084644 -0.389468091
1750922013.799971104 -1.768841459 -0.316811899 2.347292326 -0.133443749 -0.658242997 0.138651444 0.727794408 -0.021864797 0.298352885 -0.075007115
1750922013.899971008 -1.768921911 -0.309885406 2.342088047 -0.134739157 -0.640578988 0.134103688 0.743989328 -0.061371437 0.090918272 0.108717827
1750922013.999970913 -1.782487107 -0.313584517 2.335638972 -0.135332577 -0.618880908 0.130889420 0.762587355 -0.088089623 -0.084257887 0.132698650
1750922014.099971056 -1.802683426 -0.316131373 2.323942516 -0.136277362 -0.602769092 0.128116616 0.775682948 -0.197949564 0.010105630 0.192081352
1750922014.199970007 -1.827116018 -0.322210892 2.311514068 -0.137256430 -0.588646305 0.125935902 0.786636097 -0.207158658 0.048490022 0.255491812
1750922014.299969912 -1.855399354 -0.322930088 2.301386345 -0.138245705 -0.574221268 0.122991034 0.797515684 -0.181978008 0.049415549 0.248820519
1750922014.399970055 -1.914292137 -0.353849417 2.319979429 -0.136980689 -0.567666447 0.122354557 0.802508853 0.540843396 -0.971036334 2.497682423
1750922014.499969959 -1.878916610 -0.177849668 2.312493909 -0.144377933 -0.562474656 0.127529682 0.804060603 0.550759911 0.049760804 0.405563690
1750922014.599970102 -1.878916610 -0.177849668 2.312493909 -0.144377933 -0.562474656 0.127529682 0.804060603 0.000000000 0.000000000 0.000000000
1750922014.699970007 -1.878916610 -0.177849668 2.312493909 -0.144377933 -0.562474656 0.127529682 0.804060603 0.000000000 0.000000000 0.000000000
1750922014.799969912 -1.878916610 -0.177849668 2.312493909 -0.144377933 -0.562474656 0.127529682 0.804060603 0.000000000 0.000000000 0.000000000
1750922014.899970055 -1.878916610 -0.177849668 2.312493909 -0.144377933 -0.562474656 0.127529682 0.804060603 0.000000000 0.000000000 0.000000000
1750922014.999969959 -1.878916610 -0.177849668 2.312493909 -0.144377933 -0.562474656 0.127529682 0.804060603 0.000000000 0.000000000 0.000000000
1750922015.099970102 -1.878916610 -0.177849668 2.312493909 -0.144377933 -0.562474656 0.127529682 0.804060603 0.000000000 0.000000000 0.000000000
1750922015.199970007 -1.878916610 -0.177849668 2.312493909 -0.144377933 -0.562474656 0.127529682 0.804060603 0.000000000 0.000000000 0.000000000
1750922015.299968958 -1.878916610 -0.177849668 2.312493909 -0.144377933 -0.562474656 0.127529682 0.804060603 0.000000000 0.000000000 0.000000000
1750922015.399969101 -1.878916610 -0.177849668 2.312493909 -0.144377933 -0.562474656 0.127529682 0.804060603 0.000000000 0.000000000 0.000000000
1750922015.499969006 -1.878916610 -0.177849668 2.312493909 -0.144377933 -0.562474656 0.127529682 0.804060603 0.000000000 0.000000000 0.000000000
