1750921983.200000048 -0.300329656 0.929783212 0.524712982 0.015661573 -0.845570042 0.094007916 0.525288998 -0.128880476 -0.292112733 -1.723244663
1750921983.299999952 -0.145053155 0.935815657 0.576000794 0.016762097 -0.812930415 0.095234733 0.574276517 -0.200749685 -0.257219707 -1.760109199
1750921983.400000095 0.035207717 0.944531584 0.607078948 0.016075660 -0.772070177 0.097198247 0.627854852 -0.142120736 -0.182399069 -1.603973824
1750921983.500000000 0.197831422 0.959909633 0.615959346 0.010281235 -0.733185804 0.094445466 0.673359434 -0.104479546 -0.100125490 -1.719836737
1750921983.599999905 0.356557012 0.975658347 0.608323752 0.007581305 -0.692701913 0.093783035 0.715060365 -0.071685485 0.094962761 -1.670138739
1750921983.700000048 0.533247093 1.013520554 0.592088089 0.002337942 -0.641324609 0.086006243 0.762430460 -0.169237819 -0.028081731 -1.620226250
1750921983.799998999 0.676834082 1.021353958 0.541174320 0.002391481 -0.598810143 0.084958674 0.796368456 -0.209893765 -0.053632200 -1.500225209
1750921983.899998903 0.817428439 1.022127660 0.470546810 0.000297037 -0.557562320 0.084252632 0.825848452 -0.213662863 -0.121863026 -1.691762899
1750921983.999999046 0.975032286 1.025464670 0.378348029 0.001190704 -0.509937327 0.082700235 0.856226124 -0.188632735 -0.205228023 -1.632158926
1750921984.099998951 1.110184703 1.017056816 0.280365865 0.002424726 -0.468346409 0.082082415 0.879720546 -0.199854092 -0.218129836 -1.639680180
1750921984.199999094 1.227583698 1.019170758 0.171192155 0.001434595 -0.426225403 0.080161486 0.901057148 -0.245231295 -0.070592302 -1.657897195
1750921984.299998999 1.351377666 1.011566493 0.031260238 -0.001156021 -0.378647196 0.079345992 0.922132950 -0.170930303 -0.141062253 -1.710069750
1750921984.399998903 1.445845131 1.004479034 -0.100971483 -0.002152957 -0.334388806 0.079272279 0.939092859 -0.101356530 -0.170694797 -1.770608979
1750921984.499999046 1.532598077 0.994837804 -0.240976460 -0.000582728 -0.285704833 0.076757284 0.955238571 -0.101196796 -0.144540446 -1.701068970
1750921984.599998951 1.608109421 0.984717959 -0.409060318 -0.000054743 -0.226423175 0.076532473 0.971017674 -0.056198286 -0.233400099 -1.717876508
1750921984.699999094 1.707227593 0.963430190 -0.579774778 0.002072064 -0.166787832 0.075488229 0.983096665 0.470978585 -0.337284697 -2.051629737
1750921984.799998999 1.806561381 0.938830594 -0.739054390 -0.001513099 -0.101484924 0.074886528 0.992013371 1.152841011 -0.486752386 -1.957005575
1750921984.899997950 1.852330080 0.935094001 -0.918158450 -0.006892255 -0.033429129 0.072308565 0.996798105 -0.098460860 -0.102519221 -1.725697555
1750921984.999998093 1.839281159 0.918520842 -1.081150460 -0.009223166 0.022914024 0.067312626 0.997426133 -0.201125020 -0.084861701 -1.657950389
1750921985.099997997 1.807572692 0.904777067 -1.231066021 -0.013279198 0.079871232 0.062770205 0.994738232 -0.212438996 0.010730302 -1.471163316
1750921985.199997902 1.755289574 0.889300111 -1.401779240 -0.019630014 0.143036669 0.057579939 0.987846002 -0.138469313 0.018990337 -1.621328247
1750921985.299998045 1.686245224 0.863265483 -1.534935739 -0.020087421 0.197325137 0.050978481 0.978805640 -0.422241283 -0.217167050 -1.513588488
1750921985.399997950 1.608723597 0.834884970 -1.668369603 -0.023289778 0.253914029 0.044992463 0.965899027 -0.115807805 -0.206008275 -1.719571931
1750921985.499998093 1.504392286 0.805327598 -1.800178414 -0.023101814 0.313827363 0.039144439 0.948391483 -0.096310679 -0.120121371 -1.588795215
1750921985.599997997 1.398060980 0.773237360 -1.915915796 -0.021856199 0.365804874 0.031497020 0.929901628 -0.038313999 -0.206318022 -1.707923467
1750921985.699997902 1.284529517 0.750336367 -2.018723483 -0.023902752 0.417529776 0.025646728 0.907986669 0.014346764 -0.294435123 -1.706778240
1750921985.799998045 1.141015363 0.720690621 -2.112979143 -0.024253399 0.473890286 0.019788110 0.880027386 -0.098286302 -0.084753834 -1.603698703
1750921985.899996996 0.993788693 0.686827884 -2.178280826 -0.022029062 0.520842948 0.015263840 0.853231715 -0.206147274 -0.224894614 -1.654821178
1750921985.999996901 0.832820731 0.651306105 -2.220410568 -0.018990426 0.564282388 0.007942188 0.825325192 -0.384129788 -0.391821940 -1.873176484
1750921986.099997044 0.633333500 0.606627412 -2.257406834 -0.016250664 0.614728951 -0.000755922 0.788570644 -0.031005259 -0.175501416 -1.778537979
1750921986.199996948 0.472930895 0.601084099 -2.296413767 -0.017059852 0.663149838 -0.003001170 0.748286207 0.104277190 0.120125146 -1.549396816
1750921986.299997091 0.316776804 0.591020154 -2.319039716 -0.018265121 0.709097239 -0.008370665 0.704824392 0.277621290 -0.118965855 -1.679008563
1750921986.399996996 0.137545287 0.567411983 -2.311172347 -0.018094039 0.756796281 -0.016041663 0.653203383 -0.138771432 -0.168670307 -1.707930385
1750921986.499996901 -0.016703476 0.559718469 -2.266323687 -0.019827551 0.793390171 -0.020018311 0.608060994 -0.142514645 -0.113650001 -1.570227386
1750921986.599997044 -0.160440028 0.548632242 -2.196073150 -0.019351625 0.824909509 -0.021409125 0.564527648 -0.183715322 -0.164533702 -1.663727468
1750921986.699996948 -0.317261012 0.540579778 -2.105239625 -0.021073845 0.858363424 -0.022635362 0.512109134 -0.113417395 -0.041074728 -1.677962134
1750921986.799997091 -0.443444914 0.537007055 -2.006062288 -0.020179235 0.885486597 -0.029363096 0.463296983 -0.195408918 -0.094572543 -1.671884975
1750921986.899996996 -0.560507371 0.532113784 -1.889573500 -0.020653165 0.909945674 -0.031954958 0.412978446 -0.152991697 -0.107461224 -1.772781592
1750921986.999995947 -0.680886962 0.527124446 -1.741500178 -0.019080194 0.933760942 -0.034015623 0.355765917 -0.231061276 -0.212516938 -1.710025742
1750921987.099996090 -0.772928530 0.530811108 -1.595727189 -0.020645871 0.951697044 -0.033402959 0.304517201 -0.187446473 -0.053664169 -1.814735767
1750921987.199995995 -0.854144002 0.532464118 -1.445524740 -0.020848002 0.967001692 -0.036812601 0.251232803 -0.009387443 -0.014369717 -1.787066994
1750921987.299995899 -0.933768615 0.536605267 -1.258050619 -0.022849165 0.980968465 -0.039745293 0.188677233 0.116250023 -0.192430964 -2.003954054
1750921987.399996042 -1.002718997 0.537559620 -1.090007614 -0.027413617 0.990228931 -0.043419053 0.129653166 0.184325799 -0.118788927 -2.103830064
1750921987.499995947 -1.020099302 0.537142257 -0.899385067 -0.027211269 0.996005166 -0.044012682 0.072774589 -0.125623835 -0.223998377 -2.095364553
1750921987.599996090 -1.030080664 0.539029506 -0.697391874 -0.027228756 0.998206638 -0.052712217 0.007970259 -0.174514212 -0.176181818 -1.788382703
1750921987.699995995 -1.016335911 0.548633616 -0.531513873 -0.027282250 0.996889867 -0.053967247 -0.050535226 -0.135702113 -0.034149681 -1.580253663
1750921987.799995899 -0.986121885 0.567850933 -0.370578413 -0.029203587 0.991804016 -0.060856723 -0.108482270 -0.437881287 0.409613939 -1.051553549
1750921987.899996042 -0.946346698 0.604734582 -0.218497624 -0.028247779 0.982728930 -0.063300102 -0.171577999 0.168405132 -0.176700900 -1.510667841
1750921987.999994993 -0.863521271 0.630174473 -0.076661419 -0.026111031 0.972076378 -0.064504664 -0.224109077 0.118010082 0.182503527 -1.480516426
1750921988.099994898 -0.790397869 0.648718651 0.052921146 -0.025362288 0.957826583 -0.067484286 -0.278156183 0.428118695 -0.448608392 -1.541672984
1750921988.199995041 -0.702655076 0.664217026 0.199319642 -0.022749224 0.937459111 -0.068989942 -0.340431016 0.208203580 -0.061072679 -1.619737618
1750921988.299994946 -0.604199750 0.682621148 0.310951820 -0.021757331 0.916147286 -0.070675520 -0.393961596 -0.300570611 -0.189300311 -2.164712980
1750921988.399995089 -0.455658686 0.688735076 0.418987834 -0.024284019 0.892550873 -0.072444094 -0.444426685 -0.089632967 -0.162333507 -1.813573170
1750921988.499994993 -0.272267796 0.677660109 0.518714055 -0.024930691 0.864427762 -0.075214792 -0.496473403 -0.184796018 -0.849849433 -1.818126089
1750921988.599994898 -0.126269262 0.688449347 0.606923239 0.029558933 -0.833161650 0.076188022 0.546958243 -0.008152280 -0.437089217 -1.762984160
1750921988.699995041 0.021825109 0.683620207 0.681157846 0.027680536 -0.791693617 0.078010246 0.605284567 0.325588695 0.155008338 -1.645150789
1750921988.799994946 0.197996359 0.710546594 0.750440340 0.029013842 -0.740221364 0.077247758 0.667280535 0.353689946 -0.020895713 -1.790500149
1750921988.899995089 0.375673369 0.713763239 0.757703010 0.028578696 -0.697189969 0.077898750 0.712068248 -0.051001343 -0.319659296 -1.890941474
1750921988.999994993 0.558348276 0.723596617 0.735999332 0.027950924 -0.653259513 0.078151138 0.752571030 -0.101377025 -0.245310336 -2.018994547
1750921989.099993944 0.754642655 0.734532826 0.680163746 0.026788624 -0.607274986 0.081658478 0.789829952 -0.200390568 -0.429683720 -1.718455301
1750921989.199994087 0.935319551 0.758466196 0.625765796 0.021155652 -0.557455920 0.083696939 0.825705854 0.040901676 0.036259861 -2.008841389
1750921989.299993992 1.103456550 0.779973224 0.544634515 0.016361914 -0.509592725 0.080555325 0.856480229 -0.163842020 0.103645655 -1.735505106
1750921989.399993896 1.261519985 0.797964065 0.427818483 0.010047581 -0.456302180 0.070624520 0.886960847 -0.154740423 -0.221073211 -1.804440751
1750921989.499994040 1.390568828 0.798431309 0.310676777 0.009687222 -0.407793682 0.067014172 0.910560032 -0.164264207 -0.150631828 -1.788843982
1750921989.599993944 1.504000506 0.798434390 0.183922957 0.008854692 -0.357902408 0.065587822 0.931410596 -0.170772000 0.005719177 -1.702207254
1750921989.699994087 1.606430758 0.798638526 0.030117968 0.007443273 -0.301536789 0.065440993 0.951176976 -0.178888963 -0.161353268 -1.709132543
1750921989.799993992 1.688523069 0.792505695 -0.120569478 0.004869564 -0.250425173 0.064416998 0.965978245 -0.110543935 -0.075930849 -1.648462123
1750921989.899993896 1.756194394 0.789137018 -0.276586485 0.004050877 -0.196497726 0.057614653 0.978801709 -0.167468984 -0.170640037 -1.677431619
1750921989.999994040 1.802904045 0.778293215 -0.458010639 0.007544634 -0.132249916 0.056775828 0.989560278 -0.091417687 -0.168839390 -1.768087444
1750921990.099992990 1.830658425 0.769949426 -0.632131895 0.007908059 -0.072442369 0.053280671 0.995917033 -0.202599686 -0.126169485 -1.852723918
1750921990.199992895 1.851479596 0.774404332 -0.804082194 -0.000286067 -0.012941413 0.049023217 0.998713754 -0.264483542 -0.187004225 -1.865090061
1750921990.299993038 1.837021143 0.759712995 -0.999163478 -0.001524037 0.048884645 0.045943128 0.997746059 0.027463170 -0.105256291 -1.760530208
1750921990.399992943 1.845540118 0.776891304 -1.158635711 -0.008673869 0.107506986 0.041521436 0.993299040 -0.092418365 -0.087279635 -1.799274773
1750921990.499993086 1.780877380 0.752843123 -1.312435498 -0.013115639 0.154129233 0.035165849 0.987337593 -0.102892414 -0.152226250 -1.846057883
1750921990.599992990 1.697620498 0.729221695 -1.487233475 -0.016667337 0.206683504 0.031552988 0.977756891 -0.148996475 -0.239457546 -1.885959308
1750921990.699992895 1.601176092 0.703857577 -1.641549288 -0.018052211 0.253796996 0.026483974 0.966726332 -0.189836537 -0.122862319 -1.839932602
1750921990.799993038 1.489237637 0.680212850 -1.780284841 -0.017435729 0.298431766 0.022813616 0.953998960 -0.187710596 -0.149271849 -1.830048014
1750921990.899992943 1.353031402 0.656272852 -1.930093404 -0.019248482 0.346652912 0.016134513 0.937657151 -0.190529828 -0.133297688 -1.802756050
1750921990.999993086 1.229259415 0.636297534 -2.043806211 -0.016562471 0.389269803 0.010923644 0.920910082 -0.019406757 0.033561103 -1.563598679
1750921991.099992990 1.091588135 0.612170223 -2.155633584 -0.019649950 0.432940924 0.004051976 0.901198989 -0.214136181 -0.207732497 -1.953180260
1750921991.199991941 0.918262835 0.592274443 -2.253568542 -0.018577246 0.481168938 -0.000187903 0.876431003 -0.164754074 -0.121921822 -1.817533510
1750921991.299992085 0.749203241 0.555572382 -2.324243916 -0.014858502 0.525596385 -0.003637410 0.850596516 -0.128461763 -0.144311800 -1.692053764
1750921991.399991989 0.590340969 0.538145342 -2.385857053 -0.015272279 0.573325869 -0.007657234 0.819149298 -0.080912275 -0.072687598 -1.800849523
1750921991.499991894 0.403908979 0.476479625 -2.433544080 -0.003988359 0.626577904 -0.020595918 0.779076396 -0.608156812 -0.296806005 -2.002204672
1750921991.599992037 0.207566019 0.427620696 -2.433498658 0.002473534 0.669312824 -0.029021422 0.742409579 -0.110706590 -0.289798027 -1.748863223
1750921991.699991941 0.038969077 0.407156626 -2.442991299 0.006111980 0.714257780 -0.035242404 0.698968125 -0.096561302 -0.339313290 -1.636081261
1750921991.799992085 -0.137819256 0.414220488 -2.414963471 0.008219756 0.759374672 -0.039968825 0.649372802 -0.191151084 -0.030231457 -1.562221101
1750921991.899991989 -0.299171002 0.415592050 -2.368640105 0.011949216 0.795949232 -0.043517978 0.603678906 -0.241917556 -0.218071198 -1.829629038
1750921991.999991894 -0.451377974 0.418439059 -2.299914860 0.014970399 0.829244347 -0.045122539 0.556860536 -0.204932999 -0.102774963 -1.705057599
1750921992.099992037 -0.601336707 0.423216689 -2.197103829 0.016710590 0.861551040 -0.045574436 0.505344963 -0.321430561 -0.190446936 -1.623954764
1750921992.199990988 -0.726831942 0.427738818 -2.091867910 0.016650783 0.887838009 -0.045350865 0.457613069 -0.270359913 -0.146534393 -1.664974003
1750921992.299990892 -0.843299975 0.433197902 -1.975068912 0.018921606 0.911969741 -0.047737229 0.407031106 -0.218484406 -0.218474569 -1.767546280
1750921992.399991035 -0.955563649 0.438397884 -1.827407473 0.017551793 0.935456309 -0.048497418 0.349659017 -0.162221770 -0.197607970 -1.771488659
1750921992.499990940 -1.041098735 0.443497174 -1.684319386 0.017471407 0.953433680 -0.046508068 0.297482716 -0.232157649 -0.192340554 -1.698166175
1750921992.599991083 -1.115838187 0.447512527 -1.527554009 0.012652679 0.968371044 -0.041966539 0.245634365 -0.081325420 -0.139265881 -1.766331652
1750921992.699990988 -1.173806791 0.450481958 -1.345814398 0.017929056 0.981730226 -0.043824052 0.184292604 -0.163272819 -0.125420905 -1.689449772
1750921992.799990892 -1.215341760 0.457834309 -1.184211788 0.014510210 0.990523559 -0.044714368 0.129047117 -0.140041768 -0.092692074 -1.645795681
1750921992.899991035 -1.251094856 0.464921001 -1.005104476 0.010592459 0.996361208 -0.044354512 0.072005697 0.084654631 -0.210424549 -2.054718284
1750921992.999990940 -1.252034126 0.470169075 -0.801024513 0.009572975 0.999054921 -0.041252485 0.009790632 -0.682526708 0.121457702 -1.510608142
1750921993.099991083 -1.222376868 0.476762974 -0.632292280 0.008864429 0.998074149 -0.041570936 -0.045180431 -0.216738219 -0.092606338 -1.748861279
1750921993.199990988 -1.177548376 0.487990405 -0.479330274 0.010454359 0.993983816 -0.040605076 -0.101183538 -0.103625283 0.131966086 -1.316863474
1750921993.299989939 -1.102379755 0.499820917 -0.334376523 0.009477589 0.985961909 -0.039197020 -0.162027412 -0.142076124 -0.086798356 -1.585785815
1750921993.399990082 -1.029437318 0.532615790 -0.224319070 0.005730365 0.975227662 -0.038886717 -0.217683240 -0.105873428 0.455430649 -1.459431476
1750921993.499989986 -0.965853022 0.561221567 -0.104813976 0.006045479 0.961347979 -0.038481419 -0.272566865 -0.065779989 0.070533940 -1.234803398
1750921993.599989891 -0.872666831 0.580816053 0.023941921 0.005775057 0.942069137 -0.037395402 -0.333277621 0.006301206 0.091897750 -1.349427366
1750921993.699990034 -0.768394611 0.590568399 0.129797879 0.010403458 0.921711661 -0.035517706 -0.386106040 -0.064022583 0.097997882 -1.562932553
1750921993.799989939 -0.663901898 0.597058053 0.223549274 0.012389234 0.897385212 -0.035302688 -0.439658967 0.084130326 0.145813611 -1.510614963
1750921993.899990082 -0.518515814 0.603592905 0.324308477 0.016118854 0.865834574 -0.032868517 -0.498989312 -0.176609595 -0.033484172 -1.916875993
1750921993.999989986 -0.360297545 0.592500651 0.385775752 -0.013495671 -0.836496278 0.033375271 0.546788747 -0.199096503 -0.138724655 -1.735386961
1750921994.099989891 -0.195230072 0.572099906 0.432941107 -0.011216722 -0.804353915 0.031849754 0.593190153 -0.208875493 -0.199735549 -1.721483448
1750921994.199990034 -0.010042687 0.556643576 0.459765661 -0.008482372 -0.764863170 0.031024228 0.643389368 -0.253448772 -0.172362992 -1.710705394
1750921994.299988985 0.145415151 0.540976735 0.467509700 -0.006462283 -0.726289319 0.030131923 0.686697991 -0.028666890 -0.220096889 -1.622688194
1750921994.399988890 0.301635680 0.526417690 0.451981476 0.000158517 -0.685979552 0.031835306 0.726924028 -0.272470987 -0.303517623 -1.521452186
1750921994.499989033 0.460524948 0.513003445 0.414957370 0.001426045 -0.636652929 0.028066002 0.770638251 -0.263535045 -0.140820259 -1.593200084
1750921994.599988937 0.599180529 0.501181275 0.362166061 0.004523146 -0.592239649 0.027998655 0.805262575 -0.070856564 -0.271949115 -1.559735465
1750921994.699989080 0.728321199 0.491673983 0.292909475 0.008296156 -0.546118128 0.027047315 0.837230319 -0.184788497 -0.120805313 -1.517974409
1750921994.799988985 0.853980420 0.488339850 0.200434302 0.010312241 -0.493776483 0.024772643 0.869174757 -0.242499423 -0.099451889 -1.436823019
1750921994.899988890 0.977769651 0.484669408 0.116263712 0.012206759 -0.440117749 0.020991307 0.897611680 0.092306952 -0.122058260 -1.581803125
1750921994.999989033 1.091394201 0.475173534 0.010862568 0.014699152 -0.387653712 0.022646830 0.921409603 -0.103588123 -0.165292756 -1.634811110
1750921995.099988937 1.186565821 0.466607630 -0.125902608 0.015995459 -0.334376271 0.023219317 0.942017791 -0.198205970 -0.131310601 -1.494139029
1750921995.199989080 1.267157666 0.464846833 -0.259306333 0.014388047 -0.286508237 0.020167327 0.957757429 -0.106863746 -0.019775254 -1.606624457
1750921995.299988985 1.329009310 0.458339796 -0.400021250 0.015469739 -0.239487287 0.019060866 0.970589105 -0.163639632 -0.238021376 -1.708213468
1750921995.399987936 1.385929535 0.450852274 -0.566873807 0.019330136 -0.184889422 0.017341099 0.982416171 -0.138404359 -0.203098957 -1.718066580
1750921995.499988079 1.426289783 0.442210371 -0.727057561 0.019791302 -0.133910928 0.015514903 0.990674243 -0.121170206 -0.331827746 -1.879197712
1750921995.599987984 1.463608442 0.427136241 -0.903064720 0.021082285 -0.079914584 0.013393301 0.996488744 0.041704669 -0.149219883 -1.898966012
1750921995.699987888 1.484418095 0.405807270 -1.107691153 0.024466870 -0.015912078 0.012399585 0.999497088 -0.284674243 -0.322828103 -1.951484243
1750921995.799988031 1.474079173 0.396097732 -1.287975392 0.025374294 0.041400763 0.010872193 0.998761191 -0.108264915 -0.200243717 -1.920559997
1750921995.899987936 1.439157082 0.400538179 -1.457170133 0.023324200 0.099220292 0.009966410 0.994742171 -0.128108601 -0.037951088 -1.745230075
1750921995.999988079 1.373683410 0.392073085 -1.640926638 0.022334328 0.165695033 0.005472133 0.985908915 -0.205592647 -0.249899366 -1.873506485
1750921996.099987984 1.303120452 0.392722137 -1.792139079 0.019731210 0.225344843 0.004742199 0.974067704 -0.088803453 -0.009835965 -1.659958006
1750921996.199987888 1.201612981 0.368423599 -1.926361672 0.022145530 0.282871684 0.000494750 0.958901946 -0.139344641 -0.123941857 -1.735040839
1750921996.299988031 1.085677532 0.359589037 -2.073550164 0.021675564 0.349220605 -0.005212561 0.936775303 -0.027472034 -0.155884638 -1.665558062
1750921996.399986982 0.973944754 0.353699847 -2.185325245 0.021152788 0.406848109 -0.009405560 0.913202448 0.032529892 -0.169299051 -1.647894882
1750921996.499986887 0.849532207 0.344878120 -2.299379374 0.021274117 0.462309449 -0.015818364 0.886322269 0.319500588 -0.219774652 -1.824629094
1750921996.599987030 0.688986763 0.343781770 -2.398460362 0.017781264 0.517485056 -0.015956194 0.855358664 0.290170129 -0.020567842 -1.893354653
1750921996.699986935 0.537610307 0.346726921 -2.470531170 0.022915258 0.565076641 -0.018198272 0.824519317 -0.111807980 -0.073406718 -1.651297339
1750921996.799987078 0.370799654 0.331398248 -2.509527708 0.026779269 0.608864230 -0.019472693 0.792583140 -0.143234519 -0.124683033 -1.681304382
1750921996.899986982 0.154707287 0.272559907 -2.497023924 0.040154391 0.649280627 -0.029823688 0.758902391 -0.774615664 -0.911851505 -2.134891645
1750921996.999986887 -0.049174179 0.235743352 -2.505218436 0.048798199 0.690399166 -0.037628647 0.720799426 0.119663705 -0.462629919 -1.981624703
1750921997.099987030 -0.240799144 0.238802929 -2.522760482 0.049216378 0.734490081 -0.037373200 0.675799758 0.709272421 -0.411052824 -1.994828890
1750921997.199986935 -0.433485019 0.243457497 -2.553891091 0.051540136 0.786633503 -0.040347876 0.613940872 0.456852230 -0.207871094 -1.686376084
1750921997.299987078 -0.602167011 0.253103120 -2.545479499 0.054290460 0.828762587 -0.041469259 0.555414638 0.025953086 -0.093334714 -1.775195260
1750921997.399986982 -0.753961103 0.261988661 -2.458974023 0.058184425 0.858293372 -0.042763975 0.508053445 -0.128438549 -0.151912340 -1.855374276
1750921997.499985933 -0.916144261 0.277222494 -2.336363022 0.061060106 0.888586429 -0.039215552 0.452932624 -0.178952445 -0.061260456 -1.910986934
1750921997.599986076 -1.039618281 0.289206055 -2.215249967 0.061404198 0.913034293 -0.037026722 0.401530729 -0.194178853 -0.085891652 -1.722210271
1750921997.699985981 -1.154880728 0.294514943 -2.081388429 0.061764120 0.934921395 -0.035921711 0.347587126 -0.127893343 -0.068383890 -1.809904869
1750921997.799985886 -1.263611278 0.305305409 -1.915647986 0.059089489 0.955864219 -0.033780436 0.285816216 -0.127797742 -0.120513483 -1.795951077
1750921997.899986029 -1.338971603 0.310975269 -1.758742185 0.057648087 0.970996929 -0.030017518 0.230088268 -0.059698279 -0.044356246 -1.861726999
1750921997.999985933 -1.401555537 0.311082356 -1.587129796 0.055315832 0.982909984 -0.025043015 0.173784262 -0.068625575 0.030373550 -1.739947490
1750921998.099986076 -1.447495227 0.311096464 -1.397457864 0.052236676 0.992162795 -0.020842957 0.111579068 -0.200160867 -0.087607961 -1.695963244
1750921998.199985981 -1.478638140 0.308668695 -1.221959244 0.051679181 0.997072393 -0.019752250 0.052780249 0.058929394 -0.173833759 -1.733780127
1750921998.299985886 -1.488451127 0.307849048 -1.046061559 0.048751812 0.998580198 -0.020213885 -0.007228210 0.055108989 -0.098583593 -1.834398073
1750921998.399986029 -1.477987166 0.302882305 -0.828106412 0.044040320 0.996184517 -0.015940705 -0.073639343 0.077347896 -0.146350192 -2.185280721
1750921998.499984980 -1.437609520 0.306900224 -0.660538070 0.041759272 0.990386211 -0.013169613 -0.131216908 -0.169932590 0.007680793 -1.842357807
1750921998.599984884 -1.370669200 0.300403517 -0.497086771 0.039049357 0.981192068 -0.012692072 -0.188616500 -0.030472766 0.017725893 -1.586569813
1750921998.699985027 -1.281710006 0.296349462 -0.328853570 0.039059131 0.966792045 -0.009639692 -0.252377895 -0.168563321 -0.027414724 -1.980280045
1750921998.799984932 -1.218751908 0.314128485 -0.191093159 0.033696300 0.949819689 -0.007977518 -0.310875341 0.113282817 0.130330549 -1.537451347
1750921998.899985075 -1.120749259 0.318989010 -0.058981846 0.029361967 0.929575020 -0.008454009 -0.367364516 -0.342547041 0.104020683 -1.698501412
1750921998.999984980 -0.968260329 0.316044947 0.055402060 0.027412539 0.905415410 -0.007817191 -0.423568625 -0.218701717 0.015784286 -1.853228342
1750921999.099984884 -0.843607865 0.312615073 0.151085289 0.025666531 0.880420779 -0.007765339 -0.473434453 -0.170973415 -0.010395894 -1.673173522
1750921999.199985027 -0.693874893 0.305981603 0.227249152 -0.023882402 -0.853285667 0.006354538 0.520857774 -0.204304989 0.169022367 -1.661075230
1750921999.299984932 -0.523773196 0.317157068 0.303687159 -0.023476318 -0.817910617 0.001013943 0.574865251 0.022054353 -0.124348244 -1.899313992
1750921999.399985075 -0.351097046 0.297296884 0.340648225 -0.021264378 -0.784768907 0.000268150 0.619423537 -0.160667885 -0.179994656 -1.936683034
1750921999.499984980 -0.176741157 0.267752818 0.365321622 -0.016550297 -0.748416928 -0.001125344 0.663021058 -0.038064226 -0.839201738 -2.007194861
1750921999.599983931 0.028701239 0.226737387 0.367740403 -0.008244985 -0.703632737 -0.000653768 0.710515703 -0.147461044 -0.295765630 -1.986461764
1750921999.699984074 0.204034442 0.209755901 0.348014583 -0.002261496 -0.660820314 -0.001206819 0.750539767 0.145732750 -0.287063069 -1.764826412
1750921999.799983978 0.370224347 0.185643985 0.299727859 -0.000701806 -0.618593791 -0.001857460 0.785708457 -0.172000987 -0.407591181 -1.809241358
1750921999.899983883 0.553103337 0.173868780 0.225253727 0.007754222 -0.568837557 -0.000900102 0.822412850 -0.119260450 -0.080495903 -1.779246775
1750921999.999984026 0.706524688 0.165887602 0.145135883 0.013474892 -0.523850427 -0.002708967 0.851699371 -0.125007529 -0.070949081 -1.778797924
1750922000.099983931 0.855560785 0.158085173 0.051955109 0.018913093 -0.474831983 -0.003599476 0.879865857 -0.086067863 -0.242779662 -1.857341150
1750922000.199984074 1.008738334 0.155343051 -0.070174258 0.022514052 -0.415896796 -0.004947344 0.909119627 -0.148746063 -0.219779621 -1.797087592
1750922000.299983978 1.139000778 0.157333037 -0.196347885 0.024313134 -0.361865822 -0.010489021 0.931854054 -0.040031631 0.027768362 -1.896775826
1750922000.399983883 1.240910373 0.160144531 -0.341142277 0.027541927 -0.309703204 -0.013010132 0.950345255 -0.118459785 -0.112024354 -1.789545811
1750922000.499984026 1.340743513 0.161572519 -0.513258562 0.028635020 -0.248666174 -0.016847473 0.968019283 -0.001270216 -0.045662591 -1.941210433
1750922000.599982977 1.408677532 0.159429376 -0.675761520 0.029836982 -0.195412822 -0.016714849 0.980124583 -0.049410284 -0.108197742 -1.761658325
1750922000.699982882 1.460556203 0.161496594 -0.841180132 0.033628570 -0.142661347 -0.019133173 0.989015056 -0.057689991 -0.091859907 -1.753992416
1750922000.799983025 1.494137254 0.161448877 -1.025476281 0.038583708 -0.081672869 -0.021420208 0.995681683 0.004164123 -0.132288951 -1.715220523
1750922000.899982929 1.509072474 0.154891762 -1.206783229 0.046341858 -0.025378820 -0.020300023 0.998396843 -0.056761647 -0.243235710 -1.833315792
1750922000.999983072 1.486963657 0.161742306 -1.372061128 0.048155828 0.028592608 -0.020108221 0.998227999 -0.184807214 -0.035162050 -1.703931386
1750922001.099982977 1.447328272 0.165978369 -1.564624089 0.047577782 0.093707938 -0.019712323 0.994266866 -0.060627785 -0.072193606 -1.783878273
1750922001.199982882 1.404606197 0.169235832 -1.737245148 0.048049657 0.152147701 -0.021476540 0.986955453 -0.001886834 -0.170202851 -1.812423190
1750922001.299983025 1.377216895 0.181550560 -1.906661638 0.047846350 0.215647099 -0.021526193 0.975060859 0.740084959 0.215985051 -1.704334023
1750922001.399982929 1.293710996 0.198618686 -2.081116332 0.045285014 0.283752998 -0.021072789 0.957595657 -0.134218170 -0.076763168 -1.787814691
1750922001.499983072 1.180853567 0.202900549 -2.215817100 0.041956831 0.338712623 -0.023055216 0.939671134 -0.127662428 -0.151189231 -1.819497509
1750922001.599982977 1.047404897 0.208318935 -2.335576198 0.044521335 0.391712812 -0.023338154 0.918713369 -0.145654764 -0.237693508 -1.917746035
1750922001.699981928 0.888118624 0.207418809 -2.453550417 0.044855620 0.447956940 -0.023605469 0.892617127 -0.313195340 -0.134688360 -1.512931034
1750922001.799982071 0.745825488 0.212393247 -2.541062960 0.050239662 0.496363904 -0.027572470 0.866220879 -0.030288311 -0.090921621 -1.605154068
1750922001.899981976 0.596664742 0.220549481 -2.605622011 0.049213463 0.542848787 -0.028787340 0.837892904 -0.212403474 -0.077860175 -1.694307319
1750922001.999982119 0.411729260 0.212955280 -2.663870335 0.053551345 0.594292551 -0.030503358 0.801884133 -0.098801579 -0.355575784 -1.792834183
1750922002.099982023 0.240341453 0.216932763 -2.697052841 0.057424725 0.637870779 -0.031295033 0.767361643 -0.118457893 -0.283596134 -1.873919932
1750922002.199981928 0.076337124 0.222407751 -2.711201446 0.060069143 0.680286749 -0.032439958 0.729759746 -0.072057082 0.067187463 -1.540444047
1750922002.299982071 -0.125549520 0.220631511 -2.729945501 0.068005021 0.727542703 -0.036011143 0.681733181 0.171730410 -0.297435962 -2.086524326
1750922002.399981976 -0.365797632 0.197007504 -2.787749793 0.076383168 0.778058280 -0.043632930 0.622002486 1.353082102 -0.576585848 -2.358168894
1750922002.499982119 -0.540571997 0.235138000 -2.785277930 0.071163940 0.820093576 -0.038296761 0.566494112 0.198116500 0.009111657 -1.976418620
1750922002.599982023 -0.722012495 0.241732888 -2.694047773 0.075392342 0.854754253 -0.041088344 0.511881735 -0.041303040 -0.209148835 -1.914175991
1750922002.699980974 -0.872578335 0.257019275 -2.594339372 0.077866655 0.883441995 -0.040682134 0.460230365 -0.066450920 -0.217955750 -1.923020686
1750922002.799981117 -1.013136614 0.262284879 -2.476603421 0.080355937 0.909148707 -0.038968721 0.406783716 -0.036721998 -0.124782845 -1.848603795
1750922002.899981022 -1.146237419 0.269515410 -2.318505018 0.083562657 0.933342888 -0.035463559 0.347319265 -0.198278286 -0.113820040 -1.836408689
1750922002.999980927 -1.238651187 0.276891133 -2.168760907 0.084141930 0.951413311 -0.033910041 0.294249819 -0.119960167 -0.139675631 -1.859837288
1750922003.099981070 -1.315827829 0.279835985 -2.011789378 0.085523373 0.966437084 -0.032963516 0.239996919 -0.194011464 -0.068150718 -1.767377853
1750922003.199980974 -1.378824847 0.285958010 -1.824403500 0.082518035 0.980097887 -0.028619481 0.178268983 -0.182322564 -0.036626738 -1.854908096
1750922003.299981117 -1.416132609 0.278358081 -1.647483988 0.084832551 0.988435171 -0.026846309 0.122795062 -0.154826350 -0.210716260 -1.890208733
1750922003.399981022 -1.438478153 0.268365596 -1.463262705 0.083117592 0.993961085 -0.019807026 0.068851357 -0.077908986 -0.183828918 -1.993541251
1750922003.499980927 -1.435895083 0.255575170 -1.269831523 0.083984767 0.996261860 -0.018554374 0.008037489 -0.184424949 -0.061689620 -1.605292902
1750922003.599981070 -1.419177304 0.244980413 -1.093405466 0.079966645 0.995569334 -0.015018238 -0.047132685 -0.104477043 -0.135680043 -1.810770988
1750922003.699980021 -1.387122338 0.233577011 -0.909290851 0.077296857 0.991511849 -0.009365945 -0.104123618 0.071821884 -0.203712039 -2.100742791
1750922003.799979925 -1.333929225 0.219340456 -0.681583623 0.072491632 0.983354001 -0.003854268 -0.166568356 0.549208606 -0.085669265 -2.317595128
1750922003.899980068 -1.280474908 0.212585767 -0.508243955 0.066345546 0.971825971 0.002333827 -0.226157256 0.470290939 0.097369170 -1.707088216
1750922003.999979973 -1.201809730 0.199638780 -0.362441817 0.063377739 0.956765832 0.005150608 -0.283823671 -0.098777113 0.021130383 -1.759237884
1750922004.099980116 -1.088196479 0.194183601 -0.233398643 0.059657911 0.936893335 0.009333870 -0.344361280 -0.127295921 0.011154411 -1.605129166
1750922004.199980021 -0.979889663 0.198454454 -0.128464897 0.055772262 0.915494185 0.011952503 -0.398267484 -0.101683708 0.087502214 -1.413967944
1750922004.299979925 -0.856598957 0.211780441 -0.056253359 0.052033094 0.892729660 0.015267431 -0.447317804 -0.420989987 0.532719281 -1.313869775
1750922004.399980068 -0.697144363 0.226853891 0.005214374 0.049878503 0.864594002 0.023051967 -0.499457660 0.166146357 0.549895908 -1.988746069
1750922004.499979973 -0.566639960 0.201324962 0.074790807 -0.047500173 -0.834841897 -0.027585761 0.547742428 0.174440873 -0.394019785 -1.745111900
1750922004.599980116 -0.417935138 0.176905907 0.135435966 -0.041859617 -0.801945746 -0.027331933 0.595301401 -0.187966357 0.128333874 -1.663705983
1750922004.699980021 -0.238501610 0.159705548 0.171113463 -0.038445902 -0.762081381 -0.031156859 0.645587431 -0.097829767 -0.060319281 -1.808941677
1750922004.799978971 -0.062071686 0.114451226 0.167598221 -0.034289426 -0.726362496 -0.033000095 0.685662274 -0.349658044 -0.414373116 -1.993596565
1750922004.899979115 0.120445777 0.072039367 0.157862413 -0.025414770 -0.686414515 -0.036214630 0.725863419 -0.019690850 -0.579252112 -1.909777424
1750922004.999979019 0.315439883 0.022476590 0.143455008 -0.015301332 -0.633701006 -0.038881796 0.772448775 0.154268903 -0.102778671 -1.810796894
1750922005.099978924 0.483718982 -0.009596188 0.086348460 -0.005477891 -0.587882159 -0.039811710 0.807947763 -0.163361241 -0.248011123 -1.824563606
1750922005.199979067 0.640279422 -0.034048064 0.010334099 0.001356650 -0.537232417 -0.042241571 0.842374702 -0.129926312 -0.248895394 -1.902924214
1750922005.299978971 0.805268628 -0.061034139 -0.097165692 0.008709775 -0.480390294 -0.043694381 0.875922432 -0.119828983 -0.122851829 -1.802583755
1750922005.399979115 0.954179177 -0.070166332 -0.190858477 0.015683469 -0.422399085 -0.046373465 0.905087037 0.278585946 0.179852412 -1.769329747
1750922005.499979019 1.091732650 -0.080515263 -0.303292455 0.022374172 -0.361080374 -0.043043081 0.931272062 0.388447718 0.152786781 -1.842610894
1750922005.599978924 1.204375200 -0.086491234 -0.462282287 0.028172360 -0.301913136 -0.045488846 0.951832728 -0.202775394 -0.176759277 -1.771872973
1750922005.699979067 1.283635083 -0.088941913 -0.613790548 0.031516405 -0.249090525 -0.048088964 0.966771989 -0.160625974 -0.035655099 -1.764573747
1750922005.799978018 1.344681803 -0.089147137 -0.773095914 0.036769339 -0.195984317 -0.049492709 0.978666764 -0.198420182 -0.113500502 -1.778341584
1750922005.899977922 1.390234118 -0.086674592 -0.957573860 0.043085391 -0.137888348 -0.051048841 0.988192526 -0.155200579 -0.032214501 -1.819110512
1750922005.999978065 1.413289651 -0.081157412 -1.124847624 0.047242696 -0.085851606 -0.053559593 0.993744937 -0.129507327 -0.115310899 -1.759860946
1750922006.099977970 1.419605892 -0.073945242 -1.294685719 0.051174883 -0.032562179 -0.053837683 0.996705744 -0.159795174 -0.173618937 -1.808432646
1750922006.199978113 1.403729455 -0.065779092 -1.487391093 0.058700066 0.027386221 -0.052905838 0.996496497 -0.104098272 -0.132214896 -1.712044029
1750922006.299978018 1.373407547 -0.061286051 -1.674249622 0.068154098 0.084114512 -0.051598879 0.992782616 -0.003122631 -0.353860803 -2.124201706
1750922006.399977922 1.319544922 -0.053590452 -1.851749225 0.076026668 0.140994861 -0.049461764 0.985846808 -0.039437507 -0.404336105 -2.095160508
1750922006.499978065 1.258149655 -0.015888189 -2.034168079 0.070837347 0.208187226 -0.052574443 0.974102704 -0.138852001 -0.011974365 -1.746734143
1750922006.599977970 1.165628540 0.005983119 -2.184916955 0.072432762 0.262207935 -0.050724783 0.960951346 -0.128412239 0.091351336 -1.797751170
1750922006.699978113 1.068699933 0.035937352 -2.322198869 0.072741903 0.316757464 -0.051721702 0.944297723 -0.248262342 0.037715523 -1.585742068
1750922006.799978018 0.935203391 0.061948749 -2.460228847 0.071202851 0.379453291 -0.049371773 0.921144821 -0.128339423 -0.222093756 -1.901092381
1750922006.899976969 0.804057148 0.077134470 -2.556749587 0.073739971 0.431433127 -0.050587497 0.897701943 -0.109343570 -0.076314351 -1.659175721
1750922006.999977112 0.650360300 0.091555097 -2.648492768 0.073520891 0.482160438 -0.050193085 0.871548418 -0.154365940 -0.153582091 -1.936782715
1750922007.099977016 0.470329354 0.111956667 -2.724579094 0.077402154 0.536279371 -0.051038085 0.838932927 -0.160431733 -0.052859827 -1.735626932
1750922007.199976921 0.306323459 0.125712420 -2.780917585 0.081170522 0.581046939 -0.051059045 0.808200950 -0.017287069 -0.155366902 -1.727460967
1750922007.299977064 0.137105999 0.137218613 -2.814032896 0.083949823 0.623222713 -0.052268782 0.775766622 0.248615643 -0.738593757 -2.157297016
1750922007.399976969 -0.062481983 0.145081806 -2.851899665 0.090657199 0.671254706 -0.056682312 0.733474953 0.087395558 -0.146842485 -1.809193589
1750922007.499977112 -0.231945515 0.162941582 -2.850795370 0.095866170 0.708505037 -0.053525833 0.697112096 -0.154082701 -0.283089526 -1.628025139
1750922007.599977016 -0.403053257 0.176155926 -2.821722457 0.097346519 0.743799980 -0.048942790 0.659461787 -0.119766878 -0.253512340 -1.835705375
1750922007.699976921 -0.602717896 0.183193479 -2.769268032 0.105134977 0.783378322 -0.048470334 0.610668215 0.121130024 -0.540819922 -1.970751778
1750922007.799977064 -0.785498722 0.176882825 -2.691234115 0.110590973 0.815681182 -0.052865761 0.565366304 -0.203134473 -0.193866243 -1.978925387
1750922007.899976015 -0.947187361 0.214365669 -2.626318808 0.108886444 0.850127661 -0.043411217 0.513363583 0.145090659 -0.006790148 -1.777665663
1750922007.999975920 -1.127640799 0.251139108 -2.564985072 0.108023520 0.889016256 -0.038367682 0.443293285 0.367952877 -0.007779050 -1.713197313
1750922008.099976063 -1.268085844 0.268205539 -2.465027894 0.108375636 0.917057321 -0.036076761 0.382045886 -0.129936556 -0.176155463 -1.884110479
1750922008.199975967 -1.384539341 0.271589423 -2.322913202 0.108758795 0.937562377 -0.034008521 0.328620960 -0.085693097 -0.153636786 -1.958068272
1750922008.299976110 -1.490594845 0.283379211 -2.150585633 0.106459364 0.957356974 -0.026001351 0.267316214 -0.080153801 -0.025902539 -1.825196764
1750922008.399976015 -1.553846492 0.285330014 -1.993411252 0.106197341 0.970892728 -0.020800514 0.213674456 -0.319387039 -0.226060216 -1.766362755
1750922008.499975920 -1.600374641 0.284289085 -1.826104599 0.105211272 0.981571496 -0.013873027 0.158919874 -0.168091448 -0.144892136 -1.762863523
1750922008.599976063 -1.632112848 0.278147881 -1.634639131 0.101778707 0.990069560 -0.007675489 0.096666681 -0.144629374 -0.127490505 -1.821422462
1750922008.699975967 -1.636138441 0.271134388 -1.465083455 0.098669040 0.994281030 -0.000719273 0.040855076 -0.169494252 -0.135545298 -1.886461148
1750922008.799976110 -1.629496173 0.252805099 -1.284015401 0.098318454 0.995014317 0.004883078 -0.016004544 -0.214826826 -0.138400168 -1.826270787
1750922008.899976015 -1.601539460 0.232449369 -1.088287554 0.093192435 0.992544274 0.011626093 -0.077690844 -0.125457724 -0.212498472 -1.701044786
1750922008.999974966 -1.559084512 0.207494008 -0.898804820 0.089641239 0.986956440 0.017032656 -0.132632283 -0.025792744 -0.206854470 -2.157374034
1750922009.099975109 -1.506931320 0.182456055 -0.708219031 0.083225921 0.977936465 0.023610378 -0.190148012 0.512040896 -0.135712403 -2.133484334
1750922009.199975014 -1.413052506 0.154647939 -0.538053664 0.079279784 0.964041480 0.032000151 -0.251624188 -0.081134218 -0.106963762 -1.834865738
1750922009.299974918 -1.311180812 0.120059297 -0.399824717 0.073003998 0.948883654 0.035513472 -0.305006592 -0.117739756 -0.053199794 -1.785474207
1750922009.399975061 -1.200159224 0.093888586 -0.266732301 0.068872178 0.929966863 0.039039451 -0.359018353 -0.104711947 -0.188151485 -2.099894067
1750922009.499974966 -1.071970646 0.085470948 -0.132803523 0.060099102 0.904808613 0.043729125 -0.419281809 -0.101709244 0.013302682 -1.648112947
1750922009.599975109 -0.954807010 0.078416207 -0.053878405 0.057211200 0.879711369 0.049440950 -0.469457537 -0.165751076 -0.072374576 -1.461439970
1750922009.699975014 -0.820190558 0.058878211 0.019849537 -0.051833171 -0.852831533 -0.051275753 0.517071075 -0.263506780 0.437341900 -1.670995589
1750922009.799974918 -0.652294544 0.031534825 0.081428070 -0.047699386 -0.818796685 -0.053271464 0.569612946 -0.160168780 -0.202237010 -1.679958843
1750922009.899975061 -0.493076876 -0.003044168 0.116468814 -0.043486527 -0.785335171 -0.058469614 0.614767351 -0.267102586 -0.195445558 -2.036127055
1750922009.999974012 -0.356697189 -0.013340769 0.142422418 -0.039889133 -0.748472985 -0.060054102 0.659234823 0.004171344 0.265752004 -1.392809343
1750922010.099973917 -0.174894558 -0.051134523 0.131179670 -0.030865257 -0.706015424 -0.061528496 0.704843104 -0.235431270 -0.122874894 -1.638079101
1750922010.199974060 -0.012185372 -0.097485665 0.100376738 -0.023725322 -0.666627741 -0.063270039 0.742321673 -0.167761111 -0.419438651 -1.785802785
1750922010.299973965 0.141019922 -0.130309256 0.053965715 -0.017833751 -0.624103702 -0.067056625 0.778254415 -0.015226031 -0.100652443 -1.673321579
1750922010.399974108 0.300072191 -0.198662171 0.007935408 -0.003036307 -0.566785260 -0.062969848 0.821449967 0.212569515 -0.856858393 -1.509174437
1750922010.499974012 0.432963199 -0.233000815 -0.062781841 0.008945759 -0.516739719 -0.062563570 0.853806674 -0.041244248 -0.214347708 -1.587751219
1750922010.599973917 0.557471282 -0.249984605 -0.138142606 0.018518386 -0.462875981 -0.066990903 0.883694016 -0.506124671 0.034025561 -1.475624092
1750922010.699974060 0.670215447 -0.267333647 -0.275587867 0.025375858 -0.411998467 -0.067913680 0.908295690 -0.226093910 -0.078223932 -1.619238385
1750922010.799973965 0.782314648 -0.282464036 -0.396205472 0.035230503 -0.359202906 -0.067462332 0.930151019 0.028962245 -0.218660051 -1.741232523
1750922010.899974108 0.875788450 -0.290555463 -0.529142511 0.046060570 -0.305200158 -0.066751168 0.948828525 -0.049032501 -0.134364580 -1.586608381
1750922010.999974012 0.970065896 -0.283269477 -0.682064360 0.048895806 -0.238240833 -0.070972026 0.967374528 0.125285636 0.158431606 -1.531960909
1750922011.099972963 1.012829753 -0.278634623 -0.835920643 0.056049717 -0.187030563 -0.070849147 0.978191390 -0.227035984 -0.090205681 -1.670026012
1750922011.199973106 1.048184890 -0.269944492 -0.997227406 0.061969922 -0.131967655 -0.071750423 0.986709757 -0.242128346 -0.105178539 -1.663194438
1750922011.299973011 1.063412202 -0.253476929 -1.173756297 0.068262467 -0.069012219 -0.069493523 0.992848528 -0.180936706 -0.086234051 -1.630407646
1750922011.399972916 1.067263795 -0.236484836 -1.340570018 0.069691909 -0.012113114 -0.070344224 0.995011558 -0.091134212 -0.087563607 -1.672809137
1750922011.499973059 1.050361602 -0.219218196 -1.499993031 0.075560605 0.042792150 -0.069176895 0.993817883 -0.110494385 -0.119255842 -1.705523016
1750922011.599972963 1.009388482 -0.197497646 -1.671841811 0.081839762 0.104748320 -0.066643036 0.988882576 -0.145339912 -0.130483392 -1.573243852
1750922011.699973106 0.948138117 -0.179358459 -1.813498992 0.087608372 0.158804432 -0.064353724 0.981307558 -0.206407658 -0.117287946 -1.613602453
1750922011.799973011 0.873051384 -0.155514767 -1.947248238 0.089098972 0.213386765 -0.061838417 0.970929180 -0.226644578 -0.027998597 -1.603833538
1750922011.899972916 0.761747072 -0.142832296 -2.102756554 0.096791476 0.272807993 -0.060223891 0.955290684 -0.019921404 -0.377936472 -1.861211350
1750922011.999973059 0.675135595 -0.123119513 -2.246157042 0.099848093 0.332433579 -0.055550529 0.936179690 0.398671342 -0.233710246 -1.882350796
1750922012.099972010 0.612531440 -0.086863680 -2.395011330 0.100920423 0.396133490 -0.048848360 0.911321658 0.251653429 0.067577752 -1.689802393
1750922012.199971914 0.461997283 -0.053553821 -2.498903867 0.101338123 0.454376284 -0.046946433 0.883780974 -0.201400066 -0.079825708 -1.658539695
1750922012.299972057 0.321762905 -0.026188971 -2.567669051 0.100239253 0.503045632 -0.042688557 0.857365075 -0.189875660 -0.175352062 -1.693646276
1750922012.399971962 0.166082680 -0.004784168 -2.627090001 0.100739205 0.550935646 -0.041935921 0.827383167 -0.224438413 -0.170751155 -1.717474302
1750922012.499972105 -0.010686557 0.018797546 -2.673552014 0.099643606 0.602362427 -0.041441997 0.790893937 -0.022762425 -0.099308739 -1.637706354
1750922012.599972010 -0.166994847 0.035281506 -2.691603420 0.101760916 0.644749315 -0.040354134 0.756514759 -0.115711684 -0.138404781 -1.593221614
1750922012.699971914 -0.327489056 0.047535448 -2.696252114 0.104336252 0.686216395 -0.040252241 0.718749444 -0.075537356 -0.227484271 -1.590893771
1750922012.799972057 -0.498147264 0.059958693 -2.683277711 0.105763165 0.730115790 -0.039098204 0.673955797 0.027951493 -0.134821870 -1.412370699
1750922012.899971962 -0.654993636 0.072256680 -2.651048156 0.108872096 0.765698966 -0.036254274 0.632880390 -0.249974385 -0.226151106 -1.759175793
1750922012.999972105 -0.812168733 0.066403378 -2.598445502 0.111541066 0.799178350 -0.034703900 0.589633949 -0.149236306 -0.657601173 -1.830527466
1750922013.099972010 -0.998567492 0.048642349 -2.557436374 0.118473278 0.838918031 -0.037206624 0.529902149 0.773477030 -0.423077655 -1.239022947
1750922013.199970961 -1.141080110 0.037304420 -2.481010372 0.122670032 0.868019111 -0.040381660 0.479441559 -0.247009513 -0.298798046 -1.688547944
1750922013.299971104 -1.246119585 0.043850548 -2.388067720 0.123625663 0.892274258 -0.035801045 0.432760476 -0.173172442 -0.159551416 -1.278627975
1750922013.399971008 -1.344604946 0.053906143 -2.292806534 0.123959008 0.917202393 -0.031105617 0.377367692 -0.006672222 -0.115513704 -1.208588367
1750922013.499970913 -1.401706767 0.066477020 -2.225768503 0.122783142 0.937031328 -0.024622678 0.326021953 -0.086065170 -0.118240575 -0.887108126
1750922013.599971056 -1.439617865 0.080983704 -2.183554474 0.121343114 0.952288886 -0.018135763 0.279450927 0.089102047 0.026284460 -0.542856828
1750922013.699970961 -1.466455744 0.094144547 -2.152930638 0.118730758 0.963021934 -0.014716832 0.241402520 0.225624908 0.032084644 -0.389468091
1750922013.799971104 -1.471645712 0.104496784 -2.142403685 0.116711504 0.968900336 -0.011798523 0.217879230 -0.021864797 0.298352885 -0.075007115
1750922013.899971008 -1.467934610 0.112185014 -2.140925124 0.114837761 0.974172072 -0.010122624 0.194161261 -0.061371437 0.090918272 0.108717827
1750922013.999970913 -1.455131894 0.108710102 -2.148881503 0.114104587 0.979468255 -0.009984602 0.165898727 -0.088089623 -0.084257887 0.132698650
1750922014.099971056 -1.434612739 0.106802965 -2.160129257 0.113486160 0.982825509 -0.009190110 0.145225522 -0.197949564 0.010105630 0.192081352
1750922014.199970007 -1.410924178 0.101255566 -2.174145564 0.113241206 0.985331376 -0.008439438 0.127386358 -0.207158658 0.048490022 0.255491812
1750922014.299969912 -1.387852237 0.100320881 -2.193376972 0.112370222 0.987615042 -0.007297704 0.109252943 -0.181978008 0.049415549 0.248820519
1750922014.399970055 -1.370422795 0.062705450 -2.248616101 0.111728387 0.988547744 -0.008611702 0.101074049 0.540843396 -0.971036334 2.497682423
1750922014.499969959 -1.401717134 0.239429029 -2.240083025 0.120321898 0.988050025 -0.005002308 0.096201691 0.550759911 0.049760804 0.405563690
1750922014.599970102 -1.401717134 0.239429029 -2.240083025 0.120321898 0.988050025 -0.005002308 0.096201691 0.000000000 0.000000000 0.000000000
1750922014.699970007 -1.401717134 0.239429029 -2.240083025 0.120321898 0.988050025 -0.005002308 0.096201691 0.000000000 0.000000000 0.000000000
1750922014.799969912 -1.401717134 0.239429029 -2.240083025 0.120321898 0.988050025 -0.005002308 0.096201691 0.000000000 0.000000000 0.000000000
1750922014.899970055 -1.401717134 0.239429029 -2.240083025 0.120321898 0.988050025 -0.005002308 0.096201691 0.000000000 0.000000000 0.000000000
1750922014.999969959 -1.401717134 0.239429029 -2.240083025 0.120321898 0.988050025 -0.005002308 0.096201691 0.000000000 0.000000000 0.000000000
1750922015.099970102 -1.401717134 0.239429029 -2.240083025 0.120321898 0.988050025 -0.005002308 0.096201691 0.000000000 0.000000000 0.000000000
1750922015.199970007 -1.401717134 0.239429029 -2.240083025 0.120321898 0.988050025 -0.005002308 0.096201691 0.000000000 0.000000000 0.000000000
1750922015.299968958 -1.401717134 0.239429029 -2.240083025 0.120321898 0.988050025 -0.005002308 0.096201691 0.000000000 0.000000000 0.000000000
1750922015.399969101 -1.401717134 0.239429029 -2.240083025 0.120321898 0.988050025 -0.005002308 0.096201691 0.000000000 0.000000000 0.000000000
1750922015.499969006 -1.401717134 0.239429029 -2.240083025 0.120321898 0.988050025 -0.005002308 0.096201691 0.000000000 0.000000000 0.000000000
