1750927638.500000000 0.321186915 -0.729263217 0.854506532 -0.148987061 0.630355425 0.112327472 0.753549887 -0.043351778 -0.025690903 0.014958109
1750927638.599999905 0.320212281 -0.733022209 0.860016251 -0.149140055 0.630334265 0.112183663 0.753558746 -0.035868009 -0.028927515 0.005210227
1750927638.700000048 0.323589026 -0.735227928 0.869104854 -0.150584448 0.630132375 0.113240763 0.753282181 -0.026733101 -0.034476774 -0.003859278
1750927638.799999952 0.324449062 -0.738130145 0.866744299 -0.151311388 0.631012706 0.113023814 0.752431689 -0.009371151 -0.039202323 -0.012775163
1750927638.900000095 0.322115472 -0.742311614 0.863763857 -0.137614997 0.647451135 0.106763287 0.741937154 0.005801358 -0.054375821 -0.018059661
1750927639.000000000 0.323746713 -0.750584518 0.864863152 -0.133915075 0.661873612 0.101553648 0.730531951 0.008043599 -0.082915259 0.018383520
1750927639.099998951 0.330774364 -0.760848041 0.868403812 -0.144477095 0.658741336 0.108730306 0.730317699 0.011498503 -0.099692002 0.191664573
1750927639.199999094 0.328571445 -0.771698372 0.862132589 -0.144001383 0.658296229 0.109386016 0.730714976 0.005806766 -0.091793082 0.290174316
1750927639.299998999 0.430339021 -0.742079593 0.869946796 -0.145343960 0.657972357 0.111705996 0.730389815 -0.002410629 -0.061665690 0.279302061
1750927639.399998903 0.427666107 -0.746769356 0.878242743 -0.144905274 0.657956565 0.111646390 0.730500310 -0.010302503 -0.026873252 0.169985838
1750927639.499999046 0.423385293 -0.747721723 0.875738064 -0.145153171 0.657571074 0.112165082 0.730718710 -0.011770327 -0.005593483 0.005615465
1750927639.599998951 0.423385293 -0.747721723 0.875738064 -0.145153171 0.657571074 0.112165082 0.730718710 -0.000516340 0.000620972 -0.010134089
1750927639.699999094 0.423385293 -0.747721723 0.875738064 -0.145153171 0.657571074 0.112165082 0.730718710 0.001179678 0.000457563 -0.002627079
1750927639.799998999 0.423385293 -0.747721723 0.875738064 -0.145153171 0.657571074 0.112165082 0.730718710 0.000337573 0.000048226 -0.000102043
1750927639.899998903 0.423385293 -0.747721723 0.875738064 -0.145153171 0.657571074 0.112165082 0.730718710 -0.001502794 -0.001825184 0.029655320
1750927639.999999046 0.423385293 -0.747721723 0.875738064 -0.145153171 0.657571074 0.112165082 0.730718710 -0.002538310 -0.002342051 0.042037923
1750927640.099997997 0.440131315 -0.742475870 0.878892161 -0.144908596 0.657331580 0.112997161 0.730854523 -0.019327758 -0.001548691 0.046196279
1750927640.199997902 0.436390348 -0.743401714 0.877920816 -0.145233000 0.657037370 0.113505481 0.730975907 -0.030418825 -0.006388766 0.016728968
1750927640.299998045 0.437291456 -0.743502275 0.886989492 -0.145159753 0.656920331 0.113963148 0.731024436 -0.023201199 -0.011410100 -0.051176460
1750927640.399997950 0.431443627 -0.747915805 0.888840765 -0.146090397 0.656116628 0.115383002 0.731338040 -0.009320111 -0.032553838 -0.072604708
1750927640.499998093 0.416891491 -0.755822355 0.884040628 -0.146992423 0.655511902 0.116348204 0.731546628 0.013138390 -0.063227568 -0.074320804
1750927640.599997997 0.417374636 -0.765231603 0.882075189 -0.141002626 0.659880576 0.115054331 0.728998207 0.016581487 -0.094210007 -0.029332669
1750927640.699997902 0.421025848 -0.778144758 0.880946363 -0.133805722 0.662905584 0.110566804 0.728304330 0.008600838 -0.118623112 0.014433657
1750927640.799998045 0.433074571 -0.787506089 0.882097458 -0.136568674 0.662722777 0.113880677 0.727446705 0.028926391 -0.099191129 0.032691017
1750927640.899997950 0.437921571 -0.795910289 0.882888975 -0.141850973 0.662377342 0.117655067 0.726148638 0.050465869 -0.050203213 0.063263238
1750927640.999998093 0.448853762 -0.794121186 0.864031284 -0.136895053 0.662335746 0.113180100 0.727847078 0.054250910 0.010967752 0.090038692
1750927641.099997997 0.457019619 -0.783942892 0.865840479 -0.151369267 0.659089837 0.125889375 0.725837307 0.047701727 0.023338181 0.108845524
1750927641.199996948 0.465590689 -0.772039422 0.867398831 -0.166814562 0.655864523 0.140483746 0.722688692 0.026737574 -0.060552490 0.094936831
1750927641.299997091 0.477356536 -0.778130419 0.864207690 -0.166828998 0.655533302 0.140716789 0.722940496 0.023492000 -0.216658723 0.054936325
1750927641.399996996 0.491979371 -0.807342918 0.863948901 -0.163623001 0.656442583 0.137257732 0.723512932 0.035524122 -0.405999422 0.045937295
1750927641.499996901 0.514952827 -0.854705431 0.864508287 -0.152762499 0.658643571 0.127408079 0.725685501 0.041653522 -0.547436272 0.107245773
1750927641.599997044 0.553149245 -0.913555651 0.863345705 -0.131835178 0.662538028 0.109203778 0.729203252 0.055441654 -0.592580342 0.252353557
1750927641.699996948 0.603878705 -0.960247421 0.864325197 -0.125721033 0.661446663 0.104194501 0.732001393 0.095151174 -0.530561987 0.448963826
1750927641.799997091 0.667729344 -0.992931289 0.861740779 -0.112136140 0.649381197 0.112113111 0.743747402 0.169754090 -0.384095898 0.647502667
1750927641.899996996 0.766321987 -0.990961609 0.850168575 -0.100417357 0.638440422 0.142808301 0.749610546 0.289712206 -0.222501177 0.774269490
1750927641.999996901 0.853215225 -0.971872631 0.832276984 -0.110335765 0.643980483 0.172068270 0.737229725 0.426693719 -0.058453042 0.820225442
1750927642.099997044 0.930356228 -0.932183570 0.796548550 -0.126431414 0.664113641 0.190819056 0.711727657 0.565860293 0.115557964 0.773921362
1750927642.199995995 0.995797705 -0.863366959 0.731133010 -0.162150633 0.700757741 0.205793873 0.663547016 0.675432728 0.275574603 0.701836187
1750927642.299995899 1.022653355 -0.791939931 0.651180163 -0.194520710 0.738634891 0.228035744 0.603804513 0.739825221 0.335312206 0.588045720
1750927642.399996042 1.016151110 -0.726593604 0.563369294 -0.229359534 0.774027312 0.254165064 0.532612472 0.688283994 0.258687569 0.418134139
1750927642.499995947 0.985244529 -0.697957584 0.480014026 -0.239900462 0.810516218 0.266996583 0.462843443 0.484787219 0.093792499 0.172229227
1750927642.599996090 0.959703355 -0.713280760 0.450026852 -0.219244884 0.832595794 0.255524435 0.439799030 0.126065085 -0.098454759 -0.162396309
1750927642.699995995 0.960069736 -0.745455340 0.468415714 -0.208955623 0.835495772 0.229965194 0.453211180 -0.336155675 -0.240889569 -0.471192715
1750927642.799995899 0.975601343 -0.804046778 0.553308908 -0.188622145 0.809449370 0.207680696 0.515831496 -0.809725005 -0.293742390 -0.636111200
1750927642.899996042 0.980326037 -0.867208446 0.679575606 -0.156431409 0.746697914 0.203985853 0.613482853 -1.193565350 -0.184961289 -0.544613734
1750927642.999995947 0.952227895 -0.910332742 0.821929278 -0.138411783 0.639825826 0.223384769 0.722194112 -1.336359816 0.071008252 -0.300407668
1750927643.099996090 0.888720715 -0.920801715 0.963022200 -0.180342596 0.504821776 0.231604256 0.811782601 -1.257860442 0.267098533 -0.049147078
1750927643.199995995 0.810513733 -0.910306053 1.055969628 -0.239801689 0.382870825 0.240431065 0.859126291 -1.067235389 0.425817040 0.104560437
1750927643.299994946 0.714105439 -0.884663927 1.111991666 -0.310532728 0.257919145 0.252525512 0.879362272 -0.769819180 0.449939624 0.163325218
1750927643.399995089 0.621975243 -0.848808598 1.138503165 -0.399203438 0.163953114 0.227983810 0.872799733 -0.374237020 0.374838246 -0.015777521
1750927643.499994993 0.595395487 -0.849897906 1.103530531 -0.421143440 0.160865477 0.214430227 0.866475723 0.072793604 0.394341416 -0.416860958
1750927643.599994898 0.609465188 -0.881506377 1.014745582 -0.360363894 0.230945946 0.242141781 0.870729115 0.505974189 0.272762918 -0.736077109
1750927643.699995041 0.634793366 -0.925141284 0.887113204 -0.218272627 0.355727883 0.332927819 0.845561235 0.679894369 -0.129223904 -0.727183811
1750927643.799994946 0.644041765 -0.942597263 0.780799256 -0.097873671 0.457756601 0.419212338 0.777907870 0.560981824 -0.333318610 -0.523123946
1750927643.899995089 0.637319633 -0.946485178 0.734724509 -0.063362858 0.554716985 0.443906636 0.700871680 0.467141299 -0.264189476 -0.345286359
1750927643.999994993 0.629674832 -0.956379479 0.687012963 -0.039137914 0.646090694 0.441465468 0.621404280 0.431834856 -0.201394543 -0.233575400
1750927644.099994898 0.604786313 -0.965483525 0.633881245 0.009503225 0.740011754 0.410770754 0.532503221 0.484336738 -0.208459617 -0.045048741
1750927644.199995041 0.581220633 -0.957618843 0.588590439 0.012608092 0.833340924 0.372277945 0.408403076 0.448927811 -0.108711492 0.332222069
1750927644.299993992 0.587827407 -0.912276249 0.531805413 -0.042721497 0.890708169 0.362875336 0.270435428 0.151369565 0.036289357 0.682501803
1750927644.399993896 0.628054678 -0.838380109 0.489163042 -0.147276316 0.869784717 0.413884078 0.224686898 -0.103825052 -0.048858073 0.694428723
1750927644.499994040 0.679610589 -0.758967104 0.449243841 -0.255657945 0.820507096 0.462464908 0.218021396 -0.153385800 -0.253082196 0.425422557
1750927644.599993944 0.691359875 -0.770623130 0.446478817 -0.261912709 0.825654512 0.449736756 0.217791664 -0.133943586 -0.331663701 0.059816029
1750927644.699994087 0.715745792 -0.809723040 0.418864666 -0.238609454 0.859203330 0.389024062 0.231290826 -0.221013241 -0.388904957 -0.205249917
1750927644.799993992 0.760014171 -0.859291997 0.427742610 -0.204270843 0.883914020 0.311545087 0.282681954 -0.428945263 -0.388287165 -0.258437476
1750927644.899993896 0.818522273 -0.897112808 0.485018471 -0.197349420 0.877570001 0.217894744 0.378742632 -0.622373337 -0.328037447 -0.191461437
1750927644.999994040 0.859949295 -0.914301954 0.553680951 -0.199110877 0.859708710 0.136847871 0.450031613 -0.719890999 -0.226797274 -0.092532085
1750927645.099993944 0.893738448 -0.913146875 0.616585965 -0.199976269 0.836758342 0.089954266 0.501750136 -0.748354314 -0.078962399 0.001009357
1750927645.199994087 0.926924192 -0.887348004 0.685212227 -0.208047825 0.801807484 0.088165722 0.553215750 -0.751279775 0.059633944 0.098214420
1750927645.299993992 0.955326709 -0.848223104 0.747740645 -0.230424897 0.764150904 0.101655477 0.593838300 -0.739475267 0.134019668 0.150910946
1750927645.399992943 0.970850493 -0.810566942 0.812068684 -0.257628291 0.724815166 0.093092335 0.632142749 -0.666933949 0.120253515 0.130016288
1750927645.499993086 0.973691904 -0.770913888 0.879865964 -0.322152217 0.675476808 0.083133396 0.658056129 -0.493102912 0.013819683 0.000990190
1750927645.599992990 0.963766422 -0.759696029 0.915106021 -0.376749185 0.625194070 0.119815009 0.672931490 -0.271053028 -0.007604420 -0.213191372
1750927645.699992895 0.935578415 -0.788644713 0.924727805 -0.377321246 0.595662942 0.175481919 0.687037432 -0.137952108 0.066832113 -0.476829224
1750927645.799993038 0.881945531 -0.838737815 0.920499414 -0.352587970 0.583870487 0.213369333 0.699464442 -0.148454910 0.186771644 -0.664481864
1750927645.899992943 0.806778672 -0.878119279 0.923488410 -0.335368538 0.574852460 0.221543327 0.712734977 -0.234565490 0.336750527 -0.700320016
1750927645.999993086 0.723238541 -0.894423161 0.938769960 -0.332863915 0.552375310 0.209427478 0.734998818 -0.321893433 0.445273865 -0.650749957
1750927646.099992990 0.627713992 -0.893328497 0.952725406 -0.331973147 0.519150912 0.173761150 0.768168746 -0.368229341 0.425167435 -0.572203679
1750927646.199992895 0.550945974 -0.896816907 0.947704092 -0.311963875 0.503714137 0.114846392 0.797346170 -0.316414788 0.268337442 -0.455432501
1750927646.299993038 0.492213417 -0.904447830 0.948055288 -0.292193923 0.478775463 0.051203884 0.826301960 -0.232444559 0.053093268 -0.226646241
1750927646.399991989 0.485490300 -0.903027844 0.961261977 -0.297016679 0.432849658 0.028908838 0.850638904 -0.127512630 -0.134413745 0.081773956
1750927646.499991894 0.512890851 -0.905700470 0.988262954 -0.316158460 0.411418345 0.022971940 0.854547286 0.001802902 -0.296621282 0.319539639
1750927646.599992037 0.555292129 -0.916290588 1.024876200 -0.330139447 0.403999023 0.021477706 0.852837290 0.077570758 -0.389974629 0.436059622
1750927646.699991941 0.617946197 -0.929721444 1.068132233 -0.333282533 0.406417455 0.022142155 0.850445372 0.127423458 -0.362030167 0.489843482
1750927646.799992085 0.669418464 -0.927591996 1.100547891 -0.325672201 0.413810518 0.013268893 0.850013182 0.231769501 -0.215909413 0.500222958
1750927646.899991989 0.723403802 -0.910659172 1.119062756 -0.332058191 0.450538262 -0.021500763 0.828426430 0.380852561 -0.011760754 0.462029718
1750927646.999991894 0.791380883 -0.893637030 1.087398999 -0.338260597 0.510166665 -0.039827474 0.789761682 0.648919372 0.212446332 0.420308277
1750927647.099992037 0.848036387 -0.888632476 1.018285698 -0.340317151 0.565140666 -0.014157914 0.751398574 1.000298434 0.381098628 0.319418103
1750927647.199991941 0.909896913 -0.883191798 0.885789314 -0.316279772 0.641973505 0.066720850 0.695259270 1.309954815 0.364863939 0.217668344
1750927647.299992085 0.910747664 -0.895012779 0.701767405 -0.257144461 0.734486844 0.172057895 0.603988314 1.449637466 0.162949939 0.185251890
1750927647.399991989 0.860477860 -0.896350028 0.552911274 -0.221656443 0.811200249 0.220506556 0.494165393 1.308513013 0.101529322 0.185597140
1750927647.499990940 0.791347562 -0.888285271 0.448140150 -0.211371709 0.862901177 0.239947436 0.391342290 0.924046854 0.111385420 0.135862164
1750927647.599991083 0.722924643 -0.886856547 0.395264326 -0.194848953 0.882021703 0.278292961 0.326534269 0.451599529 0.105813872 -0.097818215
1750927647.699990988 0.704505534 -0.898337238 0.415163983 -0.182359291 0.874825496 0.305934240 0.328374301 0.015123195 0.143813600 -0.407798189
1750927647.799990892 0.695661355 -0.917647767 0.475405612 -0.189312705 0.852660995 0.315081789 0.371286135 -0.407952419 0.218120770 -0.640019266
1750927647.899991035 0.669853348 -0.959587649 0.565704849 -0.162447727 0.845604765 0.292849945 0.415694872 -0.684074372 0.323929325 -0.759905149
1750927647.999990940 0.655219975 -0.979251853 0.696628478 -0.159517733 0.799795513 0.253048067 0.520430501 -0.878835736 0.362652400 -0.663407131
1750927648.099991083 0.617972481 -0.970289656 0.824743821 -0.231224048 0.721620396 0.196099310 0.622370070 -0.913153097 0.295555977 -0.472458398
1750927648.199990988 0.553571705 -0.951219476 0.903513417 -0.270821854 0.635476644 0.123752784 0.712397506 -0.746126817 0.200377178 -0.349666780
1750927648.299990892 0.496330447 -0.937320829 0.942800484 -0.290077192 0.538615368 0.070650472 0.787881475 -0.533176404 0.071762861 -0.279979795
1750927648.399991035 0.454242046 -0.942698574 0.963276327 -0.276020978 0.437353162 0.032557054 0.855262924 -0.344520492 -0.115709559 -0.147450983
1750927648.499989986 0.429266215 -0.968574691 0.977122242 -0.245484229 0.329761170 -0.010310720 0.911530994 -0.096452462 -0.293514097 0.063970837
1750927648.599989891 0.449158156 -0.994571588 1.004605885 -0.229905992 0.284890356 -0.024464315 0.930259220 0.213246635 -0.334506500 0.265371395
1750927648.699990034 0.503044336 -1.021039584 1.037691331 -0.211855911 0.290736723 -0.003739705 0.933046218 0.515935095 -0.264075780 0.402096053
1750927648.799989939 0.602034464 -1.029748059 1.049433757 -0.202165523 0.358520779 0.048854629 0.910057788 0.780801070 -0.171579835 0.458738913
1750927648.899990082 0.701922112 -1.023337110 1.016114811 -0.218616901 0.452745265 0.095117402 0.859174636 1.041304860 -0.054111435 0.485436594
1750927648.999989986 0.814058605 -0.996697769 0.934084074 -0.232407967 0.555777520 0.150954151 0.783779771 1.244925084 0.027548051 0.495897549
1750927649.099989891 0.890864003 -0.962973206 0.783856275 -0.221598703 0.655371330 0.233708403 0.683200422 1.384921369 0.001573633 0.483128834
1750927649.199990034 0.902338900 -0.929243515 0.629890067 -0.193821646 0.721787075 0.313595725 0.585759600 1.465737367 -0.033330815 0.359895637
1750927649.299989939 0.864884245 -0.890029459 0.479418837 -0.165436179 0.772589021 0.387337952 0.475085662 1.362525010 -0.103450282 0.251559388
1750927649.399990082 0.775285911 -0.859685759 0.345152870 -0.124606534 0.810987855 0.451733036 0.350298693 0.958901132 -0.204607122 0.159151800
1750927649.499989986 0.714226017 -0.859433072 0.292675686 -0.074227290 0.831028784 0.464932918 0.296173684 0.425617974 -0.131758511 -0.104163688
1750927649.599988937 0.718126803 -0.879407241 0.308698571 -0.059977215 0.834493637 0.440822644 0.325113056 -0.112630969 -0.013981979 -0.401286352
1750927649.699989080 0.726137883 -0.934754542 0.362504642 -0.066986001 0.832569534 0.408499681 0.368060943 -0.585104442 0.059894783 -0.597155478
1750927649.799988985 0.723966643 -1.003994053 0.436991506 -0.036892614 0.823798251 0.365084230 0.432098231 -0.948092039 0.178885346 -0.664156354
1750927649.899988890 0.745010354 -1.055937921 0.566056543 -0.058418554 0.784586921 0.319405075 0.528196019 -1.183232077 0.252054771 -0.569768326
1750927649.999989033 0.740935191 -1.085772083 0.740513479 -0.136006848 0.712415773 0.274960049 0.631159944 -1.203277459 0.254063716 -0.426931437
1750927650.099988937 0.691796285 -1.093144230 0.851885897 -0.202042012 0.660159801 0.208488041 0.692748727 -1.010998838 0.344236427 -0.464148163
1750927650.199989080 0.605433491 -1.090741769 0.920020468 -0.227799186 0.628624387 0.087781207 0.738399195 -0.806351661 0.444073634 -0.530792881
1750927650.299988985 0.493092710 -1.044478124 0.966186218 -0.247444278 0.568939694 -0.089455408 0.779151259 -0.767471391 0.393830222 -0.492095654
1750927650.399988890 0.433994503 -0.961446933 0.979937338 -0.296207705 0.488049667 -0.201687114 0.795858547 -0.688824149 0.308574584 -0.264745215
1750927650.499989033 0.393951987 -0.889990043 0.985955456 -0.369109178 0.422932117 -0.247135552 0.789816978 -0.390183016 0.173090912 -0.035445217
1750927650.599987984 0.392063009 -0.879085645 0.985604946 -0.390050486 0.401051898 -0.219342331 0.799316543 0.031044663 -0.001220584 0.060743777
1750927650.699987888 0.412080285 -0.911406739 0.980152396 -0.363163720 0.412008219 -0.171158990 0.817964511 0.363025171 -0.209553660 0.097734819
1750927650.799988031 0.457459843 -0.952502022 0.988558870 -0.331713577 0.451716787 -0.141909320 0.815953302 0.549816529 -0.319928422 0.171186130
1750927650.899987936 0.519115371 -1.013636086 0.980478416 -0.263125866 0.493651052 -0.082760039 0.824757051 0.654314040 -0.344100466 0.218408464
1750927650.999988079 0.578607769 -1.061848142 0.943368179 -0.195244514 0.530602191 -0.007471151 0.824793960 0.777232039 -0.295216112 0.168019383
1750927651.099987984 0.632643879 -1.094099149 0.879533394 -0.117401776 0.577607185 0.067826104 0.804976014 0.916825692 -0.216848389 0.127459315
1750927651.199987888 0.674321723 -1.106960249 0.770413616 -0.025297293 0.626225546 0.148094861 0.765029101 1.053688241 -0.185768931 0.117800479
1750927651.299988031 0.698525525 -1.087171335 0.660105595 0.018242066 0.687449117 0.195679787 0.699135437 1.174693536 -0.081053067 0.190060606
1750927651.399987936 0.714508327 -1.034960783 0.542763050 0.026249383 0.753877151 0.253997744 0.605363822 1.176159840 0.016442051 0.372265503
1750927651.499988079 0.697451092 -0.960885040 0.418430024 0.035184152 0.800551725 0.341888990 0.490908270 0.953934579 0.002267242 0.570536434
1750927651.599987984 0.683207486 -0.884058965 0.340073922 0.017657437 0.820129854 0.420141774 0.388015628 0.542431457 0.013050570 0.585313451
1750927651.699986935 0.700484230 -0.819672183 0.317185482 -0.032378994 0.807827253 0.483892247 0.334985110 0.091962259 0.042183257 0.337799118
1750927651.799987078 0.707390955 -0.808910709 0.336718364 -0.081288879 0.792667741 0.508129364 0.326916688 -0.372128835 0.148131454 -0.119224314
1750927651.899986982 0.730864643 -0.849509677 0.371662819 -0.065982582 0.801437872 0.469507624 0.364563064 -0.798654800 0.312156129 -0.529595578
1750927651.999986887 0.753132327 -0.934928344 0.502808267 -0.076261062 0.791014780 0.374769335 0.477522580 -1.180125733 0.265294822 -0.635330973
1750927652.099987030 0.757822229 -0.988211227 0.695201375 -0.153616330 0.723680377 0.266310883 0.617873165 -1.338591322 0.039765040 -0.441618227
1750927652.199986935 0.724091723 -0.999154421 0.817097477 -0.210636676 0.661359886 0.184295899 0.695895332 -1.149494804 0.030532889 -0.296429027
1750927652.299987078 0.678725188 -0.998068196 0.896944414 -0.248703378 0.602377645 0.120020359 0.748921168 -0.863498663 0.080685177 -0.204193105
1750927652.399986982 0.621135771 -0.977064355 0.969819166 -0.308588964 0.528661437 0.046002971 0.789413493 -0.556984346 0.009801155 -0.094715076
1750927652.499986887 0.593834297 -0.960154381 0.997876520 -0.331600423 0.494807022 -0.011779123 0.803161517 -0.160524914 -0.022889437 -0.026110382
1750927652.599987030 0.603327301 -0.967401337 0.988469296 -0.305623445 0.512647828 -0.030732339 0.801774306 0.280173402 -0.013602856 0.090790912
1750927652.699985981 0.643875006 -0.993598120 0.946984792 -0.255113414 0.577973060 -0.034782051 0.774373615 0.581683825 0.013361742 0.319386977
1750927652.799985886 0.717041937 -0.998793863 0.886609778 -0.227959969 0.645536323 -0.018674309 0.728675771 0.657524581 0.105255319 0.585328129
1750927652.899986029 0.782079819 -0.987996628 0.819323068 -0.231760506 0.698957273 0.031283417 0.675845505 0.619690579 0.210722257 0.771400908
1750927652.999985933 0.857769915 -0.935474820 0.740160729 -0.266677382 0.731784587 0.125456554 0.614520256 0.578757109 0.223928906 0.822018481
1750927653.099986076 0.899932868 -0.873717085 0.659803163 -0.284929636 0.747542242 0.202071731 0.564944878 0.569158581 0.244265425 0.704415226
1750927653.199985981 0.905129722 -0.819824055 0.583313313 -0.298327238 0.763265630 0.237431361 0.521586796 0.562043820 0.300404156 0.466497646
1750927653.299985886 0.873304287 -0.786282730 0.520798590 -0.325901960 0.782623993 0.233325247 0.476284502 0.521650333 0.358023818 0.182912409
1750927653.399986029 0.829228471 -0.775492871 0.475303902 -0.354489676 0.791595343 0.264470497 0.421626896 0.449555578 0.340735865 -0.065950019
1750927653.499985933 0.769048330 -0.789361934 0.450284804 -0.348780455 0.805343410 0.306271739 0.368743554 0.286058407 0.278498190 -0.277911486
1750927653.599986076 0.714813765 -0.816291731 0.467018684 -0.310910787 0.803546848 0.350789472 0.366870129 0.028151898 0.245171287 -0.492760323
1750927653.699985981 0.701706713 -0.842540439 0.527893287 -0.306939779 0.784418909 0.363284289 0.398119921 -0.259171387 0.222198839 -0.648763011
1750927653.799984932 0.675541090 -0.880134134 0.591434560 -0.305977578 0.787444596 0.332966944 0.418857667 -0.468547264 0.185794811 -0.764569675
1750927653.899985075 0.637806752 -0.939666820 0.677611329 -0.237256351 0.805032612 0.268625021 0.472728797 -0.588265772 0.138420694 -0.805072571
1750927653.999984980 0.613586398 -0.964738667 0.790585894 -0.233628207 0.747603119 0.199102402 0.588953030 -0.700783747 0.071548808 -0.649361722
1750927654.099984884 0.563528515 -0.974292395 0.869084870 -0.248368565 0.672966991 0.130692965 0.684359433 -0.637628150 0.035633328 -0.416759503
1750927654.199985027 0.498196981 -0.979053730 0.912089989 -0.260535217 0.585161890 0.080328528 0.763710869 -0.440640993 -0.007426346 -0.181820043
1750927654.299984932 0.486632672 -0.972423361 0.926442946 -0.311275000 0.511870383 0.070469829 0.797577952 -0.246113969 -0.106460752 0.034930980
1750927654.399985075 0.506675130 -0.974177807 0.944637047 -0.364323020 0.472137200 0.060183119 0.800458115 -0.149396976 -0.295304635 0.187707994
1750927654.499984980 0.540690023 -0.986870436 0.988531994 -0.401689193 0.432607747 0.032609129 0.806494249 -0.136222556 -0.453912468 0.292104749
1750927654.599984884 0.573002099 -1.000238340 1.045475393 -0.407123192 0.407768706 -0.010438106 0.817230956 -0.192127385 -0.475977296 0.389764096
1750927654.699985027 0.604995140 -0.993409339 1.110108242 -0.391721103 0.385799060 -0.071022939 0.832267628 -0.234915667 -0.340509534 0.473358005
1750927654.799983978 0.618217438 -0.965842519 1.177365601 -0.362856252 0.360005281 -0.170995523 0.842313522 -0.187603371 -0.099727667 0.486407193
1750927654.899983883 0.632118180 -0.922952746 1.203618607 -0.328148584 0.334881126 -0.263566367 0.843033753 -0.048918166 0.173171559 0.409855734
1750927654.999984026 0.668821019 -0.897060161 1.197241230 -0.310563995 0.344170339 -0.292419433 0.836413568 0.197941115 0.438690832 0.329865443
1750927655.099983931 0.739609747 -0.876895982 1.155932582 -0.313216732 0.401299348 -0.265662194 0.818704898 0.506525819 0.627517112 0.325225752
1750927655.199984074 0.815366673 -0.867849046 1.086995722 -0.324905129 0.466482418 -0.193531492 0.799610138 0.817397628 0.717366649 0.324136216
1750927655.299983978 0.891030667 -0.857128747 0.981813976 -0.341444196 0.543218605 -0.100930803 0.760356745 1.104669940 0.752350763 0.313983226
1750927655.399983883 0.932592288 -0.848424370 0.826083504 -0.348235103 0.630233929 0.040359552 0.692754368 1.398886162 0.661551059 0.320414133
1750927655.499984026 0.944247462 -0.835612393 0.651222204 -0.301543484 0.698664319 0.216891197 0.611471917 1.621330999 0.377493356 0.235379102
1750927655.599983931 0.899168178 -0.812434754 0.468197884 -0.214334445 0.738540941 0.381412637 0.512974097 1.514142701 0.001851970 0.079030322
1750927655.699984074 0.796443727 -0.781475441 0.322574913 -0.132840157 0.777267725 0.471938408 0.394312712 0.990877580 -0.106469444 -0.060907533
1750927655.799983978 0.739034158 -0.778845361 0.287972134 -0.103499978 0.805584397 0.476911940 0.335971034 0.334096311 0.094282679 -0.284317826
1750927655.899982929 0.710306236 -0.822435555 0.356790020 -0.126057081 0.806432900 0.456866582 0.353621997 -0.377555232 0.255600033 -0.513471752
1750927655.999983072 0.730722982 -0.868545806 0.439568928 -0.136197179 0.798326150 0.422430054 0.407036283 -0.935042226 0.287468965 -0.570259574
1750927656.099982977 0.763397020 -0.912386498 0.568872146 -0.172666356 0.753242380 0.390710793 0.500157299 -1.227308495 0.246684440 -0.431098060
1750927656.199982882 0.779001949 -0.936268710 0.721451365 -0.262538432 0.681375256 0.339617042 0.592841967 -1.282393010 0.129727124 -0.352974284
1750927656.299983025 0.746386118 -0.951651017 0.860900191 -0.348456407 0.606356850 0.242096931 0.672531471 -1.131200693 0.035293309 -0.397495304
1750927656.399982929 0.672886007 -0.971576127 0.948728786 -0.375968209 0.539470881 0.135613667 0.741099189 -0.926583930 0.036505010 -0.465622458
1750927656.499983072 0.584998802 -0.979087218 1.002197896 -0.380129499 0.464891441 0.025606535 0.799200737 -0.731836466 0.004448403 -0.483642479
1750927656.599982977 0.502803640 -0.976104953 1.024298084 -0.367534786 0.372241659 -0.074398006 0.849010757 -0.497814465 -0.061075442 -0.406481762
1750927656.699982882 0.445912930 -0.984912505 1.021624937 -0.341231281 0.296222194 -0.128161125 0.882829741 -0.159453008 -0.088170706 -0.325577718
1750927656.799983025 0.431101028 -1.004437173 1.007426717 -0.296166290 0.279940901 -0.144139718 0.901744067 0.249130415 -0.093365915 -0.258908594
1750927656.899981976 0.464045098 -1.053254222 0.974033810 -0.223923162 0.328359902 -0.081416891 0.914007375 0.600152860 -0.143240441 -0.131794286
1750927656.999982119 0.523483334 -1.096787712 0.931402367 -0.147584627 0.391744380 0.031203923 0.907624060 0.783133690 -0.237558976 0.008682960
1750927657.099982023 0.594715253 -1.116487266 0.877147235 -0.077807571 0.462667469 0.132706123 0.873082974 0.859371660 -0.254869027 0.104453929
1750927657.199981928 0.666225521 -1.104576592 0.801625681 -0.024103780 0.564067478 0.185385041 0.804288054 0.929981998 -0.172724730 0.161235864
1750927657.299982071 0.711332103 -1.075158031 0.711874934 0.012639606 0.652264460 0.196790298 0.731891312 1.036125849 -0.056995163 0.133745942
1750927657.399981976 0.706571223 -1.046180976 0.602541207 0.045165944 0.739884646 0.205274966 0.639056286 1.114053932 0.006048347 0.183967628
1750927657.499982119 0.678348016 -0.994518218 0.477539255 0.060842397 0.821923191 0.241644902 0.512199388 0.977481886 0.032306754 0.415958307
1750927657.599982023 0.658213800 -0.935118373 0.389627705 0.046442194 0.864350830 0.299525203 0.401279725 0.588410722 0.055605218 0.551254170
1750927657.699981928 0.677653149 -0.876699448 0.351882753 0.001639732 0.862590251 0.374064126 0.340604463 0.147812128 0.019969507 0.396293763
1750927657.799982071 0.707616535 -0.852030931 0.350707619 -0.062727814 0.838414438 0.436067070 0.320892447 -0.253141040 -0.005627842 -0.035607074
1750927657.899981022 0.712900495 -0.889439877 0.378459141 -0.103876805 0.845099397 0.422085761 0.311223761 -0.608407699 0.072381002 -0.575272484
1750927657.999980927 0.728607560 -0.978928715 0.466387388 -0.086209311 0.847241519 0.361078977 0.379962809 -0.988016021 0.133481625 -0.887570908
1750927658.099981070 0.763689495 -1.055782576 0.654248860 -0.139869515 0.787853444 0.280903935 0.529921172 -1.305345788 -0.000314635 -0.806330620
1750927658.199980974 0.741440252 -1.091533600 0.815360713 -0.221901330 0.725896501 0.193046910 0.621745092 -1.220227838 -0.045055958 -0.725153939
1750927658.299981117 0.666667665 -1.119340664 0.917830094 -0.248841621 0.685788513 0.070340858 0.680311786 -0.971039481 0.052544984 -0.700235685
1750927658.399981022 0.561052297 -1.107825673 0.991632192 -0.250418259 0.622166471 -0.115940727 0.732637240 -0.811871375 0.022528198 -0.638666785
1750927658.499980927 0.486384118 -1.045750265 1.038673699 -0.278931547 0.503041018 -0.252209249 0.778162850 -0.734932978 0.006237972 -0.435472283
1750927658.599981070 0.436344532 -0.987942111 1.057006190 -0.317198765 0.367613657 -0.291474426 0.824189178 -0.511314004 0.062069704 -0.233805699
1750927658.699980974 0.397353936 -0.964499615 1.039925813 -0.335134904 0.291980342 -0.280983136 0.850576601 -0.115764801 0.109025817 -0.245565402
1750927658.799981117 0.391350912 -0.985383046 1.003523159 -0.307164490 0.303711618 -0.234948756 0.870751578 0.301683174 0.075126217 -0.304778548
1750927658.899981022 0.406723740 -1.029611618 0.963380722 -0.255772324 0.342195850 -0.128673439 0.894944504 0.566669966 -0.083546709 -0.283432455
1750927658.999979973 0.447913614 -1.086164648 0.910534245 -0.187474245 0.387682272 0.052667016 0.900989483 0.550257665 -0.308714632 -0.223806857
1750927659.099980116 0.481124884 -1.125655241 0.857864340 -0.119992408 0.430386812 0.198320004 0.872375028 0.414896464 -0.374196757 -0.160816857
1750927659.199980021 0.509973604 -1.137892399 0.831896885 -0.064914845 0.480841209 0.248504081 0.838345702 0.375893606 -0.280376708 -0.124552967
1750927659.299979925 0.520147980 -1.149547281 0.795938041 0.010958189 0.546672933 0.239463855 0.802300246 0.438487997 -0.181009163 -0.079404196
1750927659.399980068 0.524087533 -1.143440602 0.736897416 0.086917771 0.606554115 0.211481438 0.761454535 0.566255700 -0.107797443 0.010035160
1750927659.499979973 0.536363742 -1.119940544 0.677720235 0.123851140 0.673659355 0.188704922 0.703728940 0.641081407 0.020625633 0.198904845
1750927659.599980116 0.567234692 -1.075331653 0.616876666 0.092737195 0.759396810 0.186337413 0.616437073 0.565199773 0.184111131 0.449720395
1750927659.699980021 0.605217489 -1.022730774 0.576023369 0.012098601 0.814164441 0.203615886 0.543627132 0.401998639 0.263340165 0.617076225
1750927659.799979925 0.639198748 -0.964297968 0.532142773 -0.083623406 0.839022545 0.254928872 0.473349305 0.226965320 0.201079094 0.675185264
1750927659.899980068 0.669246486 -0.903787037 0.486196626 -0.152632924 0.845959455 0.308501748 0.407286707 0.102746723 0.088526853 0.616800347
1750927659.999979019 0.687697709 -0.868389480 0.461807212 -0.189608810 0.839951822 0.341978198 0.376271640 0.011960760 -0.022576151 0.474100942
1750927660.099978924 0.703247307 -0.838811804 0.442169720 -0.215190022 0.836664684 0.351228260 0.361004390 -0.093578403 -0.118623281 0.305538416
1750927660.199979067 0.739444531 -0.839538530 0.432872747 -0.224324336 0.837776966 0.330111783 0.372605096 -0.205674629 -0.185415365 0.159276016
1750927660.299978971 0.778111420 -0.846715834 0.440534007 -0.226999101 0.839073926 0.278951868 0.408181591 -0.311810094 -0.210876159 0.056854509
1750927660.399979115 0.812050495 -0.856471888 0.467151822 -0.223359950 0.831890562 0.214947780 0.460288906 -0.395233540 -0.187735191 0.040689140
1750927660.499979019 0.842349198 -0.866730512 0.510418867 -0.210839468 0.817123879 0.153410953 0.514120963 -0.454840352 -0.117738125 0.112576518
1750927660.599978924 0.870437329 -0.855953459 0.546993370 -0.214426236 0.798249741 0.156068457 0.540796983 -0.495813389 -0.026172405 0.194872753
1750927660.699979067 0.906569311 -0.831092495 0.582974959 -0.235089546 0.774278300 0.194108521 0.554570015 -0.535364965 0.027632890 0.239650153
1750927660.799978971 0.945543875 -0.795774242 0.629589708 -0.265956059 0.743787375 0.225140658 0.570402840 -0.590861309 0.042478611 0.191636630
1750927660.899979115 0.960092445 -0.774217167 0.686897273 -0.289828713 0.712064259 0.227476370 0.597677430 -0.655865165 0.040042710 0.040826812
1750927660.999979019 0.961816689 -0.764414772 0.757149039 -0.318816048 0.669945788 0.218691619 0.633800398 -0.711500578 0.015148319 -0.144636914
1750927661.099977970 0.936493407 -0.773364516 0.840873447 -0.336670191 0.622777413 0.189295311 0.680418078 -0.746793399 -0.014213679 -0.320957451
1750927661.199978113 0.896526942 -0.788623182 0.909525343 -0.342729144 0.573047040 0.167111589 0.725415426 -0.685099872 -0.035220166 -0.368215719
1750927661.299978018 0.826780061 -0.818033375 0.975460411 -0.354256500 0.517641833 0.154345895 0.763365319 -0.678496930 0.066059997 -0.383284363
1750927661.399977922 0.798015207 -0.828722434 0.995518290 -0.355505942 0.496277733 0.152845060 0.777150130 -0.597123206 0.190150393 -0.468710252
1750927661.499978065 0.665583532 -0.824834254 1.054694093 -0.331133063 0.420665237 0.137886074 0.833294116 -0.526078697 0.219436413 -0.544460105
1750927661.599977970 0.608950164 -0.856411322 1.041174253 -0.306039859 0.403107461 0.117585574 0.854410681 -0.391097605 0.222539281 -0.721304553
1750927661.699978113 0.531378742 -0.895734526 0.992522921 -0.245864141 0.400865977 0.081625963 0.878745978 -0.142383275 0.111242730 -0.798447876
1750927661.799978018 0.472562186 -0.919429292 0.941297657 -0.194191607 0.418093343 0.068935821 0.884723363 -0.010608016 0.086095232 -0.722744522
1750927661.899977922 0.425489935 -0.935964255 0.900732426 -0.164153869 0.445277758 0.067206892 0.877647115 0.030532140 0.088051476 -0.545808339
1750927661.999978065 0.389261635 -0.940789328 0.868337418 -0.160593377 0.488694029 0.088944003 0.852922551 0.033085056 0.119031331 -0.342905561
1750927662.099977016 0.368647004 -0.934235207 0.861261983 -0.172593151 0.524494251 0.106039735 0.826966118 0.005738901 0.141987201 -0.161846308
1750927662.199976921 0.356171324 -0.926127190 0.857799414 -0.183779324 0.560354882 0.125342898 0.797819982 -0.018166789 0.152950572 -0.013464122
1750927662.299977064 0.352623797 -0.908421784 0.861307977 -0.193650413 0.586583694 0.138312105 0.774137487 -0.025548929 0.160650261 0.118321201
1750927662.399976969 0.360174374 -0.885496675 0.865949763 -0.208345151 0.604829643 0.154154564 0.753000513 -0.026211846 0.164320757 0.241076590
1750927662.499977112 0.379674164 -0.856522029 0.872344791 -0.226857213 0.622113145 0.170581583 0.729666336 -0.016450142 0.163790209 0.333839465
1750927662.599977016 0.404592927 -0.817223280 0.877132644 -0.249869324 0.640773441 0.192479393 0.699947428 -0.004969226 0.151994262 0.376312363
1750927662.699976921 0.426300853 -0.780506701 0.874062893 -0.268972713 0.655795540 0.220675499 0.669991204 0.012040381 0.127615713 0.356066135
1750927662.799977064 0.443430409 -0.750897200 0.869909496 -0.286001323 0.667490445 0.246608848 0.641750595 0.020617514 0.099592635 0.283636754
1750927662.899976969 0.454081351 -0.725156292 0.863845161 -0.296388967 0.677508544 0.268408752 0.617326895 0.017415849 0.079246514 0.179973643
1750927662.999977112 0.455569603 -0.712190219 0.861457181 -0.296813130 0.682854944 0.272705279 0.609297072 0.009628306 0.064318620 0.073379347
1750927663.099977016 0.450955071 -0.709632678 0.861350715 -0.289598520 0.686061617 0.262047530 0.613826723 0.000678587 0.046025295 -0.001050810
1750927663.199975967 0.444592606 -0.710413308 0.862618954 -0.277389159 0.690354038 0.244085573 0.622003850 -0.000562587 0.033525901 -0.040895546
1750927663.299976110 0.440720884 -0.712730904 0.863854198 -0.271000701 0.692696624 0.233637617 0.626213599 0.000331866 0.024516183 -0.050914368
1750927663.399976015 0.433055653 -0.713825811 0.862316533 -0.268661842 0.693719147 0.230308505 0.627321730 0.001012455 0.024834054 -0.049411020
1750927663.499975920 0.428763102 -0.715600600 0.863874263 -0.263786164 0.696478123 0.223319446 0.628858894 -0.004793307 0.027766006 -0.056756544
1750927663.599976063 0.423587383 -0.716298950 0.864431488 -0.260280156 0.696822005 0.218094980 0.631765710 -0.017267218 0.032534121 -0.063735205
1750927663.699975967 0.415809074 -0.720238792 0.867965899 -0.258565338 0.686813812 0.210976960 0.645693020 -0.031759489 0.040315640 -0.072029829
1750927663.799976110 0.407078876 -0.717241932 0.874056407 -0.260229961 0.664872419 0.201020615 0.670683045 -0.039561808 0.042925118 -0.076488255
1750927663.899976015 0.397296485 -0.719876786 0.878528175 -0.263704431 0.643109334 0.187613118 0.694025702 -0.035989419 0.038784690 -0.085095421
1750927663.999975920 0.389114982 -0.720297872 0.878944785 -0.257173378 0.625107155 0.172483518 0.716486102 -0.030904208 0.032953031 -0.116033546
1750927664.099976063 0.378319502 -0.725656454 0.876871265 -0.232865203 0.621279393 0.142660056 0.734461586 -0.026473132 0.031177966 -0.157928338
1750927664.199975014 0.356290249 -0.734806296 0.879014604 -0.200083108 0.627494285 0.108062832 0.744674490 -0.023399886 0.023421882 -0.173286588
1750927664.299974918 0.335217791 -0.738549814 0.877503627 -0.169262869 0.625455964 0.077277853 0.757748673 -0.020986236 0.019720590 -0.138627157
1750927664.399975061 0.323078190 -0.741527842 0.876943243 -0.151175396 0.621563612 0.057591342 0.766477601 -0.020482465 0.021435939 -0.079655332
1750927664.499974966 0.323899700 -0.735780957 0.876645007 -0.149885842 0.624592097 0.054231930 0.764511507 -0.027832322 0.021960972 -0.015935502
1750927664.599975109 0.317712341 -0.738421860 0.879551299 -0.153417841 0.626330253 0.056248284 0.762239798 -0.031546323 0.020522168 0.016488746
1750927664.699975014 0.324134585 -0.731152230 0.886397432 -0.155373345 0.626028294 0.060245030 0.761786213 -0.030611203 0.004748403 -0.010280080
1750927664.799974918 0.327133565 -0.728362432 0.887583651 -0.157625542 0.627534960 0.061033515 0.760019060 -0.017509755 -0.007027890 -0.032779860
1750927664.899975061 0.311288951 -0.740747744 0.886835748 -0.158700105 0.628090583 0.062871359 0.759186202 -0.007117283 -0.004179010 -0.041227317
1750927664.999974966 0.311288951 -0.740747744 0.886835748 -0.158700105 0.628090583 0.062871359 0.759186202 -0.009059399 0.007264713 -0.015838158
1750927665.099975109 0.313447637 -0.729781644 0.887379106 -0.159207770 0.627812935 0.063891599 0.759224386 -0.015337071 0.029516572 0.042675982
1750927665.199975014 0.317594623 -0.730208785 0.889944159 -0.161785986 0.627704108 0.067184697 0.758484716 -0.021552736 0.053614015 0.107011780
