1750927638.500000000 0.000000000 0.000000000 0.000000000 0.000000000 0.000000000 0.000000000 1.000000000 -0.043351778 -0.025690903 0.014958109
1750927638.599999905 -0.005524500 -0.003606095 -0.001383079 -0.000025695 0.000017081 -0.000208955 0.999999978 -0.035868009 -0.028927515 0.005210227
1750927638.700000048 -0.013814009 -0.007617810 0.002366655 -0.001844348 0.000044032 -0.000321872 0.999998246 -0.026733101 -0.034476774 -0.003859278
1750927638.799999952 -0.011283776 -0.010429331 0.001712425 -0.002283206 0.001357496 -0.000716893 0.999996215 -0.009371151 -0.039202323 -0.012775163
1750927638.900000095 -0.008695253 -0.013239124 -0.002437030 0.012267002 0.019754216 0.006827020 0.999706299 0.005801358 -0.054375821 -0.018059661
1750927639.000000000 -0.009329264 -0.021609698 -0.003794179 0.018259815 0.038172169 0.008663443 0.999066769 0.008043599 -0.082915259 0.018383520
1750927639.099998951 -0.011355671 -0.033961896 -0.000541341 0.005393199 0.036064074 0.006970984 0.999310613 0.011498503 -0.099692002 0.191664573
1750927639.199999094 -0.005383556 -0.042749977 -0.007542359 0.005347533 0.035327109 0.007654022 0.999332185 0.005806766 -0.091793082 0.290174316
1750927639.299998999 0.004707376 -0.052184596 0.097833798 0.002788598 0.035093184 0.008544213 0.999343629 -0.002410629 -0.061665690 0.279302061
1750927639.399998903 -0.003845872 -0.056281216 0.095001710 0.003171431 0.034971237 0.008761061 0.999344885 -0.010302503 -0.026873252 0.169985838
1750927639.499999046 -0.002135757 -0.055430811 0.090326445 0.002646906 0.034493648 0.008913693 0.999361660 -0.011770327 -0.005593483 0.005615465
1750927639.599998951 -0.002135757 -0.055430811 0.090326445 0.002646906 0.034493648 0.008913693 0.999361660 -0.000516340 0.000620972 -0.010134089
1750927639.699999094 -0.002135757 -0.055430811 0.090326445 0.002646906 0.034493648 0.008913693 0.999361660 0.001179678 0.000457563 -0.002627079
1750927639.799998999 -0.002135757 -0.055430811 0.090326445 0.002646906 0.034493648 0.008913693 0.999361660 0.000337573 0.000048226 -0.000102043
1750927639.899998903 -0.002135757 -0.055430811 0.090326445 0.002646906 0.034493648 0.008913693 0.999361660 -0.001502794 -0.001825184 0.029655320
1750927639.999999046 -0.002135757 -0.055430811 0.090326445 0.002646906 0.034493648 0.008913693 0.999361660 -0.002538310 -0.002342051 0.042037923
1750927640.099997997 -0.002319567 -0.056792090 0.108103106 0.002300032 0.034076125 0.009643938 0.999370063 -0.019327758 -0.001548691 0.046196279
1750927640.199997902 -0.002020736 -0.056236951 0.104179070 0.001720192 0.033738615 0.009765024 0.999381504 -0.030418825 -0.006388766 0.016728968
1750927640.299998045 -0.010775464 -0.057404340 0.106427389 0.001480978 0.033543415 0.010133182 0.999384793 -0.023201199 -0.011410100 -0.051176460
1750927640.399997950 -0.013567335 -0.059575711 0.099749502 -0.000158877 0.032633100 0.010461509 0.999412634 -0.009320111 -0.032553838 -0.072604708
1750927640.499998093 -0.011320297 -0.061336845 0.082744540 -0.001483869 0.032003444 0.010506713 0.999431432 0.013138390 -0.063227568 -0.074320804
1750927640.599997997 -0.009125873 -0.070100488 0.079425898 0.003956383 0.036421820 0.014244550 0.999227147 0.016581487 -0.094210007 -0.029332669
1750927640.699997902 -0.007118804 -0.083324816 0.077862571 0.012444758 0.038998878 0.015928211 0.999034788 0.008600838 -0.118623112 0.014433657
1750927640.799998045 -0.005907711 -0.096432600 0.085663245 0.008125509 0.039218363 0.016752836 0.999057175 0.028926391 -0.099191129 0.032691017
1750927640.899997950 -0.005657535 -0.106048212 0.087155862 0.001533629 0.039807316 0.016361645 0.999072231 0.050465869 -0.050203213 0.063263238
1750927640.999998093 0.014823991 -0.106723978 0.094796323 0.008337355 0.038815377 0.015916547 0.999084841 0.054250910 0.010967752 0.090038692
1750927641.099997997 0.014326389 -0.100320596 0.106298548 -0.011245082 0.037368627 0.016111874 0.999108373 0.047701727 0.023338181 0.108845524
1750927641.199996948 0.014116467 -0.092436069 0.118763477 -0.032914918 0.036483497 0.017246581 0.998643138 0.026737574 -0.060552490 0.094936831
1750927641.299997091 0.019486486 -0.102040126 0.126803612 -0.033072386 0.036042080 0.017335458 0.998652426 0.023492000 -0.216658723 0.054936325
1750927641.399996996 0.022915747 -0.134419204 0.129468171 -0.028288649 0.036521664 0.016820975 0.998790756 0.035524122 -0.405999422 0.045937295
1750927641.499996901 0.027380557 -0.186734532 0.133272400 -0.013325020 0.037058266 0.016328626 0.999090839 0.041653522 -0.547436272 0.107245773
1750927641.599997044 0.036493065 -0.255031289 0.146545735 0.014881493 0.038136992 0.015987511 0.999033788 0.055441654 -0.592580342 0.252353557
1750927641.699996948 0.045530273 -0.316669593 0.176102584 0.022940728 0.035610302 0.015589948 0.998980772 0.095151174 -0.530561987 0.448963826
1750927641.799997091 0.060175513 -0.369665626 0.222241027 0.028580804 0.016408484 0.027003329 0.999091947 0.169754090 -0.384095898 0.647502667
1750927641.899996996 0.089273509 -0.402082696 0.311464034 0.017707195 -0.001421328 0.055232058 0.998315509 0.289712206 -0.222501177 0.774269490
1750927641.999996901 0.122162382 -0.413870359 0.395215488 -0.009433281 0.007312455 0.073244886 0.997242562 0.426693719 -0.058453042 0.820225442
1750927642.099997044 0.170455398 -0.401530468 0.474701264 -0.034919787 0.037573520 0.083092722 0.995220799 0.565860293 0.115557964 0.773921362
1750927642.199995995 0.245298290 -0.355451210 0.549352113 -0.074337611 0.097338801 0.082732696 0.989016875 0.675432728 0.275574603 0.701836187
1750927642.299995899 0.327441805 -0.291958072 0.587254202 -0.117396578 0.163862432 0.091442331 0.975195081 0.739825221 0.335312206 0.588045720
1750927642.399996042 0.411419535 -0.221557891 0.591091632 -0.166751280 0.235429103 0.102441071 0.951983705 0.688283994 0.258687569 0.418134139
1750927642.499995947 0.487301448 -0.176966158 0.559837005 -0.189078789 0.306176905 0.118739083 0.925422036 0.484787219 0.093792499 0.172229227
1750927642.599996090 0.512478138 -0.179614459 0.525991729 -0.167235426 0.336730151 0.128992695 0.917608851 0.126065085 -0.098454759 -0.162396309
1750927642.699995995 0.495055594 -0.211204503 0.517505730 -0.141046564 0.333113237 0.115143929 0.925139619 -0.336155675 -0.240889569 -0.471192715
1750927642.799995899 0.415448005 -0.278302731 0.523947878 -0.105273230 0.275049011 0.100254208 0.950376074 -0.809725005 -0.293742390 -0.636111200
1750927642.899996042 0.293289179 -0.349224557 0.525469089 -0.071186764 0.163142176 0.097443479 0.979194487 -1.193565350 -0.184961289 -0.544613734
1750927642.999995947 0.149027258 -0.391116588 0.506832181 -0.065644389 0.009167708 0.095286480 0.993240783 -1.336359816 0.071008252 -0.300407668
1750927643.099996090 -0.000976276 -0.389877296 0.467495456 -0.104239684 -0.145551784 0.044871853 0.982820067 -1.257860442 0.267098533 -0.049147078
1750927643.199995995 -0.106665402 -0.359891043 0.414614944 -0.161253949 -0.261927452 -0.009444179 0.951473584 -1.067235389 0.425817040 0.104560437
1750927643.299994946 -0.179597499 -0.306250869 0.344656474 -0.233197723 -0.362697514 -0.065805344 0.899854984 -0.769819180 0.449939624 0.163325218
1750927643.399995089 -0.222925603 -0.242189228 0.277610082 -0.296078231 -0.415752322 -0.153455373 0.846131867 -0.374237020 0.374838246 -0.015777521
1750927643.499994993 -0.193296742 -0.230810433 0.247222439 -0.305356565 -0.409608863 -0.177248331 0.841166438 0.072793604 0.394341416 -0.416860958
1750927643.599994898 -0.102859023 -0.257880007 0.234258018 -0.268518611 -0.370436758 -0.108090266 0.882604588 0.505974189 0.272762918 -0.736077109
1750927643.699995041 0.028034620 -0.296937776 0.220957995 -0.208406473 -0.290029331 0.071307482 0.931324311 0.679894369 -0.129223904 -0.727183811
1750927643.799994946 0.134581177 -0.307664901 0.205936027 -0.170688616 -0.196879324 0.235021597 0.936412717 0.560981824 -0.333318610 -0.523123946
1750927643.899995089 0.178756369 -0.305060717 0.190937498 -0.160835263 -0.082810300 0.298483184 0.937113793 0.467141299 -0.264189476 -0.345286359
1750927643.999994993 0.224486539 -0.307579465 0.172630687 -0.142617592 0.033779631 0.334453839 0.930945642 0.431834856 -0.201394543 -0.233575400
1750927644.099994898 0.272427621 -0.302755461 0.137936550 -0.089310680 0.159702478 0.365964101 0.912463149 0.484336738 -0.208459617 -0.045048741
1750927644.199995041 0.312580916 -0.283266874 0.111929639 -0.070712743 0.313644032 0.366759713 0.872991662 0.448927811 -0.108711492 0.332222069
1750927644.299993992 0.368776792 -0.238731899 0.125449959 -0.120590840 0.451457669 0.348841606 0.812375133 0.151369565 0.036289357 0.682501803
1750927644.399993896 0.416588266 -0.180810827 0.182515333 -0.240697967 0.468673374 0.323394033 0.786019120 -0.103825052 -0.048858073 0.694428723
1750927644.499994040 0.463659211 -0.122028511 0.252422024 -0.359520425 0.440678183 0.285090155 0.771538338 -0.153385800 -0.253082196 0.425422557
1750927644.599993944 0.468710352 -0.136839530 0.258477906 -0.355666473 0.447300742 0.272348837 0.774112083 -0.133943586 -0.331663701 0.059816029
1750927644.699994087 0.500984394 -0.179635674 0.262068670 -0.294056077 0.470499990 0.244770139 0.795140467 -0.221013241 -0.388904957 -0.205249917
1750927644.799993992 0.501143543 -0.242298443 0.285921148 -0.208908626 0.464412247 0.205940334 0.835623737 -0.428945263 -0.388287165 -0.258437476
1750927644.899993896 0.456050662 -0.303129789 0.334914163 -0.131060796 0.412254566 0.127997655 0.892460554 -0.622373337 -0.328037447 -0.191461437
1750927644.999994040 0.396300972 -0.339610314 0.377638241 -0.072684984 0.366130592 0.055145637 0.926080040 -0.719890999 -0.226797274 -0.092532085
1750927645.099993944 0.340498167 -0.355818843 0.419152244 -0.038650028 0.323319040 0.010034743 0.945447131 -0.748354314 -0.078962399 0.001009357
1750927645.199994087 0.278503060 -0.349358458 0.470057149 -0.039863160 0.265713324 -0.007389191 0.963199230 -0.751279775 0.059633944 0.098214420
1750927645.299993992 0.221396668 -0.328286079 0.520476180 -0.063406375 0.212234328 -0.021502868 0.974922483 -0.739475267 0.134019668 0.150910946
1750927645.399992943 0.160228555 -0.304130174 0.558843161 -0.077219283 0.162778956 -0.055266588 0.982082379 -0.666933949 0.120253515 0.130016288
1750927645.499993086 0.093327788 -0.273875001 0.586875666 -0.121244903 0.117996965 -0.113705713 0.979003269 -0.493102912 0.013819683 0.000990190
1750927645.599992990 0.056674663 -0.262815975 0.587556485 -0.188940793 0.071397302 -0.129642172 0.970771193 -0.271053028 -0.007604420 -0.213191372
1750927645.699992895 0.042672782 -0.280480427 0.552669764 -0.225677362 0.032022976 -0.094039221 0.969123770 -0.137952108 0.066832113 -0.476829224
1750927645.799993038 0.038102460 -0.307581658 0.484491176 -0.230395295 0.006880379 -0.053051227 0.971625564 -0.148454910 0.186771644 -0.664481864
1750927645.899992943 0.022357780 -0.317625425 0.401659309 -0.221607949 -0.011432343 -0.038871568 0.974293703 -0.234565490 0.336750527 -0.700320016
1750927645.999993086 -0.007412019 -0.304227606 0.321580889 -0.211291077 -0.040880363 -0.052272307 0.975167925 -0.321893433 0.445273865 -0.650749957
1750927646.099992990 -0.038358231 -0.270252865 0.236675405 -0.186927498 -0.081611684 -0.087263064 0.975080920 -0.368229341 0.425167435 -0.572203679
1750927646.199992895 -0.047178746 -0.245666718 0.164229349 -0.132099191 -0.105106266 -0.124622626 0.977738041 -0.316414788 0.268337442 -0.455432501
1750927646.299993038 -0.057958578 -0.231820958 0.107661180 -0.075571406 -0.134890039 -0.167086405 0.973743176 -0.232444559 0.053093268 -0.226646241
1750927646.399991989 -0.072184036 -0.229194072 0.104144203 -0.066684630 -0.180974948 -0.196502942 0.961346879 -0.127512630 -0.134413745 0.081773956
1750927646.499991894 -0.093755388 -0.243704925 0.132623982 -0.079191588 -0.196553512 -0.216674824 0.952967696 0.001802902 -0.296621282 0.319539639
1750927646.599992037 -0.121932242 -0.271736120 0.173500207 -0.089873222 -0.199273366 -0.227527098 0.948917462 0.077570758 -0.389974629 0.436059622
1750927646.699991941 -0.152942565 -0.310193757 0.232967631 -0.092745241 -0.195689137 -0.228378671 0.949182419 0.127423458 -0.362030167 0.489843482
1750927646.799992085 -0.175593605 -0.329282368 0.286139607 -0.080651114 -0.189378510 -0.229117884 0.951386448 0.231769501 -0.215909413 0.500222958
1750927646.899991989 -0.184395445 -0.334343078 0.344798403 -0.062636647 -0.142197446 -0.251447255 0.955317128 0.380852561 -0.011760754 0.462029718
1750927646.999991894 -0.141329829 -0.340156289 0.408239633 -0.054820767 -0.069464793 -0.255940092 0.962633884 0.648919372 0.212446332 0.420308277
1750927647.099992037 -0.063249215 -0.350001633 0.450877961 -0.072091946 -0.007450172 -0.225393512 0.971568325 1.000298434 0.381098628 0.319418103
1750927647.199991941 0.078096520 -0.356043929 0.488247618 -0.104694540 0.071084973 -0.131542151 0.983200205 1.309954815 0.364863939 0.217668344
1750927647.299992085 0.259450605 -0.352085460 0.455088175 -0.129739313 0.175995155 0.009146357 0.975761118 1.449637466 0.162949939 0.185251890
1750927647.399991989 0.396820266 -0.323033301 0.384571955 -0.141282369 0.291825504 0.091790341 0.941515640 1.308513013 0.101529322 0.185597140
1750927647.499990940 0.487262725 -0.282154151 0.307305639 -0.155298851 0.391548135 0.132175680 0.897274715 0.924046854 0.111385420 0.135862164
1750927647.599991083 0.526917652 -0.252005055 0.236608336 -0.174527236 0.439239546 0.181614587 0.862336945 0.451599529 0.105813872 -0.097818215
1750927647.699990988 0.504242902 -0.257758750 0.218724910 -0.183073673 0.427135846 0.209037768 0.860431410 0.015123195 0.143813600 -0.407798189
1750927647.799990892 0.443761983 -0.277561876 0.213241787 -0.190175999 0.382802274 0.203425379 0.880859593 -0.407952419 0.218120770 -0.640019266
1750927647.899991035 0.351084939 -0.314853151 0.188761480 -0.150094216 0.349786347 0.197567452 0.903376079 -0.684074372 0.323929325 -0.759905149
1750927647.999990940 0.220053846 -0.338779267 0.189216269 -0.112338373 0.254846964 0.150832015 0.948516114 -0.878835736 0.362652400 -0.663407131
1750927648.099991083 0.087181780 -0.327763419 0.178974060 -0.124068237 0.148219170 0.039620126 0.980340959 -0.913153097 0.295555977 -0.472458398
1750927648.199990988 -0.002236651 -0.293554424 0.139605673 -0.104566521 0.041782891 -0.062804142 0.991653000 -0.746126817 0.200377178 -0.349666780
1750927648.299990892 -0.051439743 -0.263439543 0.098552568 -0.085237096 -0.068714181 -0.137867090 0.984380853 -0.533176404 0.071762861 -0.279979795
1750927648.399991035 -0.079056423 -0.255110279 0.061302654 -0.051968208 -0.183398040 -0.180367516 0.964951824 -0.344520492 -0.115709559 -0.147450983
1750927648.499989986 -0.096691203 -0.271413521 0.031164741 -0.005637632 -0.296986229 -0.215771782 0.930166617 -0.096452462 -0.293514097 0.063970837
1750927648.599989891 -0.119656863 -0.304983157 0.044300060 0.012773180 -0.342245226 -0.225406261 0.912083916 0.213246635 -0.334506500 0.265371395
1750927648.699990034 -0.142001732 -0.351595589 0.089321276 0.014382880 -0.344711715 -0.197853290 0.917508061 0.515935095 -0.264075780 0.402096053
1750927648.799989939 -0.135563632 -0.396022639 0.178750330 -0.007279020 -0.288066537 -0.139431267 0.947377226 0.780801070 -0.171579835 0.458738913
1750927648.899990082 -0.084927322 -0.422966783 0.267287169 -0.045834877 -0.190033829 -0.095186370 0.976076771 1.041304860 -0.054111435 0.485436594
1750927648.999989986 0.015446607 -0.431425841 0.366618976 -0.091083637 -0.071638160 -0.037984480 0.992536611 1.244925084 0.027548051 0.495897549
1750927649.099989891 0.176397522 -0.415020331 0.425189184 -0.138900810 0.053267993 0.057324668 0.987209688 1.384921369 0.001573633 0.483128834
1750927649.199990034 0.329260982 -0.374969320 0.423281846 -0.175383928 0.149715617 0.155873537 0.960483812 1.465737367 -0.033330815 0.359895637
1750927649.299989939 0.469774814 -0.312632002 0.379099203 -0.211260406 0.243586229 0.249335473 0.913162971 1.362525010 -0.103450282 0.251559388
1750927649.399990082 0.585126104 -0.241269777 0.286484602 -0.235363422 0.337001485 0.343335504 0.844484926 0.958901132 -0.204607122 0.159151800
1750927649.499989986 0.625736635 -0.214877361 0.222169328 -0.211533545 0.378595732 0.394104668 0.810308794 0.425617974 -0.131758511 -0.104163688
1750927649.599988937 0.611051211 -0.236182498 0.221009226 -0.180896570 0.364956026 0.382184518 0.829468820 -0.112630969 -0.013981979 -0.401286352
1750927649.699989080 0.560602796 -0.294998831 0.216744147 -0.159620535 0.342036667 0.348298632 0.858032789 -0.585104442 0.059894783 -0.597155478
1750927649.799988985 0.488239304 -0.364818750 0.201387685 -0.101021030 0.298148843 0.326052500 0.891398781 -0.948092039 0.178885346 -0.664156354
1750927649.899988890 0.366058934 -0.431363737 0.222423580 -0.078534979 0.217248944 0.261425582 0.937172246 -1.183232077 0.252054771 -0.569768326
1750927649.999989033 0.194303508 -0.472132254 0.235836563 -0.101751976 0.113297546 0.156707591 0.975834480 -1.203277459 0.254063716 -0.426931437
1750927650.099988937 0.076059336 -0.470678339 0.206020491 -0.106305625 0.052418273 0.050288417 0.991676618 -1.010998838 0.344236427 -0.464148163
1750927650.199989080 -0.006545416 -0.443251546 0.138708905 -0.046367697 0.020755740 -0.066732549 0.996476795 -0.806351661 0.444073634 -0.530792881
1750927650.299988985 -0.073035350 -0.363918588 0.060112321 0.049918108 -0.021295293 -0.226142394 0.972581262 -0.767471391 0.393830222 -0.492095654
1750927650.399988890 -0.098740527 -0.266704066 0.038561207 0.077321295 -0.070582949 -0.355381128 0.928839985 -0.688824149 0.308574584 -0.264745215
1750927650.499989033 -0.113194518 -0.186421805 0.028993100 0.042820462 -0.100883868 -0.444605671 0.888996429 -0.390183016 0.173090912 -0.035445217
1750927650.599987984 -0.113392122 -0.175573016 0.031198034 0.008478097 -0.125148353 -0.441189491 0.888604436 0.031044663 -0.001220584 0.060743777
1750927650.699987888 -0.103825897 -0.212339996 0.036832861 0.002374988 -0.138845883 -0.388395050 0.910969519 0.363025171 -0.209553660 0.097734819
1750927650.799988031 -0.103160087 -0.267476833 0.064730555 0.011797270 -0.115546257 -0.340387220 0.933084362 0.549816529 -0.319928422 0.171186130
1750927650.899987936 -0.082977390 -0.345702419 0.097555667 0.032218477 -0.106012949 -0.247321890 0.962577325 0.654314040 -0.344100466 0.218408464
1750927650.999988079 -0.034873603 -0.408725932 0.128458416 0.040067830 -0.097033699 -0.142297483 0.984241056 0.777232039 -0.295216112 0.168019383
1750927651.099987984 0.038234779 -0.452735054 0.155904181 0.053589517 -0.069082936 -0.027259417 0.995797487 0.916825692 -0.216848389 0.127459315
1750927651.199987888 0.153295162 -0.470535711 0.171835960 0.071906598 -0.029570692 0.103016299 0.991636353 1.053688241 -0.185768931 0.117800479
1750927651.299988031 0.265772260 -0.451620912 0.183515747 0.071780047 0.046120547 0.182842374 0.979433094 1.174693536 -0.081053067 0.190060606
1750927651.399987936 0.383086191 -0.399022754 0.198399963 0.034543854 0.145698768 0.252265366 0.956002498 1.176159840 0.016442051 0.372265503
1750927651.499988079 0.500920223 -0.313702968 0.189882856 -0.025935635 0.238919788 0.343938295 0.907717537 0.953934579 0.002267242 0.570536434
1750927651.599987984 0.573992561 -0.230641828 0.192349719 -0.101600466 0.308841899 0.406332170 0.853925169 0.542431457 0.013050570 0.585313451
1750927651.699986935 0.598420086 -0.175010044 0.228076809 -0.188773650 0.329121820 0.426954451 0.820824727 0.091962259 0.042183257 0.337799118
1750927651.799987078 0.580254064 -0.169084183 0.241490438 -0.243812607 0.324667252 0.413035451 0.815198322 -0.372128835 0.148131454 -0.119224314
1750927651.899986982 0.550866547 -0.218136961 0.253762520 -0.201339176 0.311580208 0.390658364 0.842476322 -0.798654800 0.312156129 -0.529595578
1750927651.999986887 0.427481189 -0.316435546 0.263998165 -0.133707022 0.247790579 0.298547879 0.911916348 -1.180125733 0.265294822 -0.635330973
1750927652.099987030 0.240098988 -0.383637606 0.279745000 -0.110283784 0.133428023 0.142260531 0.974574980 -1.338591322 0.039765040 -0.441618227
1750927652.199986935 0.114345780 -0.391881398 0.264437131 -0.096928879 0.055908850 0.026466085 0.993367273 -1.149494804 0.030532889 -0.296429027
1750927652.299987078 0.027628726 -0.381290965 0.236102861 -0.083822765 -0.008110174 -0.060708142 0.994596647 -0.863498663 0.080685177 -0.204193105
1750927652.399986982 -0.054801585 -0.347226574 0.202736816 -0.084539802 -0.071429141 -0.169764302 0.979250214 -0.556984346 0.009801155 -0.094715076
1750927652.499986887 -0.087625088 -0.324070853 0.188420286 -0.067211331 -0.094412670 -0.234399541 0.965207615 -0.160524914 -0.022889437 -0.026110382
1750927652.599987030 -0.076529517 -0.333423233 0.192953790 -0.033891784 -0.080188441 -0.229493134 0.969409131 0.280173402 -0.013602856 0.090790912
1750927652.699985981 -0.027943267 -0.368836142 0.213850059 0.009978272 -0.018760755 -0.187895058 0.981959223 0.581683825 0.013361742 0.319386977
1750927652.799985886 0.044705744 -0.394792708 0.269292964 0.021066967 0.055507495 -0.143441574 0.987876316 0.657524581 0.105255319 0.585328129
1750927652.899986029 0.122391950 -0.402393683 0.322028970 -0.015158436 0.122048541 -0.094298304 0.987918117 0.619690579 0.210722257 0.771400908
1750927652.999985933 0.212902114 -0.373994638 0.397894716 -0.106281851 0.175333808 -0.033564834 0.978179751 0.578757109 0.223928906 0.822018481
1750927653.099986076 0.298379312 -0.324930484 0.446220984 -0.173946700 0.209093655 0.020579480 0.962080492 0.569158581 0.244265425 0.704415226
1750927653.199985981 0.373542056 -0.270302885 0.458409110 -0.211025221 0.244509806 0.045992359 0.945287265 0.562043820 0.300404156 0.466497646
1750927653.299985886 0.428671320 -0.222547480 0.431461848 -0.233790818 0.291363002 0.033489159 0.926999423 0.521650333 0.358023818 0.182912409
1750927653.399986029 0.465277651 -0.192995942 0.387694870 -0.282101212 0.331148027 0.046414403 0.899224996 0.449555578 0.340735865 -0.065950019
1750927653.499985933 0.479303972 -0.182333151 0.323433507 -0.310483317 0.367974036 0.089501099 0.871885756 0.286058407 0.278498190 -0.277911486
1750927653.599986076 0.453579879 -0.189407363 0.266557753 -0.310489547 0.356914791 0.146861555 0.868700039 0.028151898 0.245171287 -0.492760323
1750927653.699985981 0.391837472 -0.214195708 0.254728977 -0.312866149 0.320494839 0.152420144 0.881002798 -0.259171387 0.222198839 -0.648763011
1750927653.799984932 0.325331351 -0.245096778 0.227206644 -0.289600856 0.314111505 0.128302410 0.894988156 -0.468547264 0.185794811 -0.764569675
1750927653.899985075 0.234887290 -0.294154913 0.184690439 -0.187255984 0.295273826 0.119705539 0.929203502 -0.588265772 0.138420694 -0.805072571
1750927653.999984980 0.119882672 -0.318200013 0.171490203 -0.129833039 0.188685692 0.047992371 0.972233420 -0.700783747 0.071548808 -0.649361722
1750927654.099984884 0.033843816 -0.315721535 0.134743407 -0.091987743 0.084151570 -0.034685794 0.991591480 -0.637628150 0.035633328 -0.416759503
1750927654.199985027 -0.020126739 -0.300386493 0.080041162 -0.067449014 -0.023163263 -0.102302395 0.992193688 -0.440640993 -0.007426346 -0.181820043
1750927654.299984932 -0.036447882 -0.291278197 0.074179281 -0.102656379 -0.092572079 -0.156439204 0.977966693 -0.246113969 -0.106460752 0.034930980
1750927654.399985075 -0.050699844 -0.301576773 0.094834170 -0.140180446 -0.116837204 -0.203873112 0.961839001 -0.149396976 -0.295304635 0.187707994
1750927654.499984980 -0.087509246 -0.329172994 0.128425816 -0.154497245 -0.142124114 -0.254772860 0.943939684 -0.136222556 -0.453912468 0.292104749
1750927654.599984884 -0.137445633 -0.357871418 0.162309137 -0.132647453 -0.160585643 -0.295543172 0.932347112 -0.192127385 -0.475977296 0.389764096
1750927654.699985027 -0.195376352 -0.368302953 0.204532473 -0.083078757 -0.179323037 -0.336450300 0.920729257 -0.234915667 -0.340509534 0.473358005
1750927654.799983978 -0.259652751 -0.352954891 0.237567190 0.000289967 -0.193440114 -0.398560884 0.896509933 -0.187603371 -0.099727667 0.486407193
1750927654.899983883 -0.283764156 -0.320192763 0.270236238 0.082081632 -0.202933186 -0.450263542 0.865646274 -0.048918166 0.173171559 0.409855734
1750927654.999984026 -0.271363161 -0.308681464 0.312330188 0.113577296 -0.189436730 -0.458793624 0.860652272 0.197941115 0.438690832 0.329865443
1750927655.099983931 -0.218363961 -0.311775695 0.377946901 0.098490550 -0.138912923 -0.429802224 0.886720283 0.506525819 0.627517112 0.325225752
1750927655.199984074 -0.137092246 -0.324696224 0.439600918 0.048691758 -0.087191355 -0.370959685 0.923263609 0.817397628 0.717366649 0.324136216
1750927655.299983978 -0.020222199 -0.333021077 0.495950305 -0.019371267 -0.016561734 -0.295764004 0.954921000 1.104669940 0.752350763 0.313983226
1750927655.399983883 0.140258060 -0.326851105 0.512171661 -0.113849364 0.071334549 -0.173017596 0.975712363 1.398886162 0.661551059 0.320414133
1750927655.499984026 0.314091703 -0.304592961 0.499408291 -0.194366001 0.142591413 0.008765615 0.970470355 1.621330999 0.377493356 0.235379102
1750927655.599983931 0.485545192 -0.251753068 0.437127529 -0.242552282 0.200421536 0.204718530 0.926871038 1.514142701 0.001851970 0.079030322
1750927655.699984074 0.609690836 -0.174188728 0.330880299 -0.251534611 0.281761732 0.343403304 0.859892340 0.990877580 -0.106469444 -0.060907533
1750927655.799983978 0.633335493 -0.148370303 0.273657337 -0.238071830 0.335839050 0.376418041 0.829965900 0.334096311 0.094282679 -0.284317826
1750927655.899982929 0.561289722 -0.184372865 0.242439996 -0.239708957 0.330872340 0.345237599 0.844910712 -0.377555232 0.255600033 -0.513471752
1750927655.999983072 0.484409740 -0.241428205 0.257589345 -0.218595348 0.297363124 0.305688399 0.877693483 -0.935042226 0.287468965 -0.570259574
1750927656.099982977 0.363939147 -0.304607388 0.292290185 -0.217272603 0.213513166 0.241620863 0.921316505 -1.227308495 0.246684440 -0.431098060
1750927656.199982882 0.217133422 -0.345052276 0.322399691 -0.247052309 0.118640830 0.125349516 0.953507739 -1.282393010 0.129727124 -0.352974284
1750927656.299983025 0.074400500 -0.359279735 0.309312484 -0.246877381 0.036058191 -0.022423706 0.968115976 -1.131200693 0.035293309 -0.397495304
1750927656.399982929 -0.024842770 -0.358852505 0.248783736 -0.197784022 -0.038610796 -0.137673554 0.969761146 -0.926583930 0.036505010 -0.465622458
1750927656.499983072 -0.093115040 -0.338888449 0.174085298 -0.131297110 -0.114577685 -0.240830279 0.954795161 -0.731836466 0.004448403 -0.483642479
1750927656.599982977 -0.129706222 -0.308593117 0.103398417 -0.061754028 -0.202307283 -0.327648196 0.920817497 -0.497814465 -0.061075442 -0.406481762
1750927656.699982882 -0.137158200 -0.296249019 0.047600901 -0.011543634 -0.275854320 -0.366705549 0.888424549 -0.159453008 -0.088170706 -0.325577718
1750927656.799983025 -0.125499707 -0.307947198 0.024591626 0.033476431 -0.302727267 -0.354889555 0.883905501 0.249130415 -0.093365915 -0.258908594
1750927656.899981976 -0.085821155 -0.362360948 0.031538464 0.055643416 -0.291431155 -0.256249630 0.919949900 0.600152860 -0.143240441 -0.131794286
1750927656.999982119 -0.032383875 -0.420554467 0.063216217 0.048345956 -0.264997990 -0.113103330 0.956371461 0.783133690 -0.237558976 0.008682960
1750927657.099982023 0.034166837 -0.459821423 0.112559776 0.039764422 -0.212741138 0.021814523 0.976055391 0.859371660 -0.254869027 0.104453929
1750927657.199981928 0.121096674 -0.468015013 0.170310589 0.048166920 -0.106846810 0.118198041 0.986049152 0.929981998 -0.172724730 0.161235864
1750927657.299982071 0.216941524 -0.449310568 0.207982335 0.067786295 -0.000576832 0.171226215 0.982896876 1.036125849 -0.056995163 0.133745942
1750927657.399981976 0.323074422 -0.411584367 0.196635914 0.082959093 0.119050704 0.221605187 0.964279970 1.114053932 0.006048347 0.183967628
1750927657.499982119 0.439971239 -0.343073922 0.169570601 0.062161242 0.253656228 0.285365682 0.922150164 0.977481886 0.032306754 0.415958307
1750927657.599982023 0.521703542 -0.273329599 0.158720304 0.003065003 0.348540505 0.338684625 0.873958149 0.588410722 0.055605218 0.551254170
1750927657.699981928 0.561242205 -0.222790451 0.191853809 -0.086919491 0.379388013 0.373165142 0.842174278 0.147812128 0.019969507 0.396293763
1750927657.799982071 0.567336030 -0.210442608 0.228159693 -0.180159984 0.371588516 0.377925339 0.828635501 -0.253141040 -0.005627842 -0.035607074
1750927657.899981022 0.541688059 -0.249435118 0.223770817 -0.203044212 0.389425871 0.343533267 0.830123746 -0.608407699 0.072381002 -0.575272484
1750927657.999980927 0.459700018 -0.345593729 0.219549040 -0.140793069 0.354814711 0.301296278 0.873787380 -0.988016021 0.133481625 -0.887570908
1750927658.099981070 0.282684282 -0.445203300 0.253791606 -0.115018993 0.233508325 0.181362885 0.948341709 -1.305345788 -0.000314635 -0.806330620
1750927658.199980974 0.120890579 -0.483879742 0.246233539 -0.114731796 0.151242958 0.043903902 0.980833640 -1.220227838 -0.045055958 -0.725153939
1750927658.299981117 0.007165406 -0.491545328 0.184008381 -0.053463774 0.105409504 -0.078097408 0.989914772 -0.971039481 0.052544984 -0.700235685
1750927658.399981022 -0.084648990 -0.449235041 0.103299603 0.063421071 0.052414133 -0.234820165 0.968550472 -0.811871375 0.022528198 -0.638666785
1750927658.499980927 -0.145509703 -0.368717480 0.065161792 0.121234154 -0.042545082 -0.378340728 0.916706327 -0.734932978 0.006237972 -0.435472283
1750927658.599981070 -0.173621728 -0.298584648 0.043414999 0.108794028 -0.163460837 -0.457397891 0.867312852 -0.511314004 0.062069704 -0.233805699
1750927658.699980974 -0.164279181 -0.261433773 0.013513732 0.084100697 -0.236636113 -0.475030741 0.843371933 -0.115764801 0.109025817 -0.245565402
1750927658.799981117 -0.129171690 -0.275700594 -0.005492296 0.080483333 -0.250513791 -0.423228633 0.866973355 0.301683174 0.075126217 -0.304778548
1750927658.899981022 -0.086104228 -0.319010636 -0.014056156 0.060145941 -0.258370543 -0.307733427 0.913743545 0.566669966 -0.083546709 -0.283432455
1750927658.999979973 -0.025665248 -0.381953240 -0.005514533 0.003313009 -0.262593872 -0.121934412 0.957165336 0.550257665 -0.308714632 -0.223806857
1750927659.099980116 0.032847024 -0.426186787 0.001990237 -0.037115502 -0.241657069 0.039936536 0.968828867 0.414896464 -0.374196757 -0.160816857
1750927659.199980021 0.063807129 -0.445720913 0.019772117 -0.026648130 -0.195850095 0.123810663 0.972421481 0.375893606 -0.280376708 -0.124552967
1750927659.299979925 0.101220087 -0.457215811 0.019043743 0.038248946 -0.130696908 0.178682351 0.974437250 0.438487997 -0.181009163 -0.079404196
1750927659.399980068 0.159881482 -0.448045225 0.015390244 0.113767968 -0.064189464 0.218987355 0.966944207 0.566255700 -0.107797443 0.010035160
1750927659.499979973 0.219855863 -0.425658195 0.025724232 0.154893800 0.022010098 0.241587246 0.957684222 0.641081407 0.020625633 0.198904845
1750927659.599980116 0.284426065 -0.390134459 0.060561882 0.129565575 0.145490129 0.242769412 0.950320155 0.565199773 0.184111131 0.449720395
1750927659.699980021 0.330468695 -0.351372694 0.108060713 0.053212963 0.239140073 0.221296853 0.943932259 0.401998639 0.263340165 0.617076225
1750927659.799979925 0.378659929 -0.305505010 0.153540226 -0.058942003 0.305279144 0.211222528 0.926669050 0.226965320 0.201079094 0.675185264
1750927659.899980068 0.428135752 -0.256127879 0.195843058 -0.153777337 0.351919368 0.216545993 0.897559537 0.102746723 0.088526853 0.616800347
1750927659.999979019 0.454788427 -0.227761781 0.221790651 -0.208038240 0.366108683 0.221053002 0.879670446 0.011960760 -0.022576151 0.474100942
1750927660.099978924 0.476353098 -0.204168165 0.243712472 -0.235789645 0.374750788 0.213123320 0.870944052 -0.093578403 -0.118623281 0.305538416
1750927660.199979067 0.492027955 -0.217000021 0.275126532 -0.227508625 0.372448496 0.190315774 0.879375830 -0.205674629 -0.185415365 0.159276016
1750927660.299978971 0.491589053 -0.238121546 0.309170995 -0.191829142 0.358922598 0.146275186 0.901653880 -0.311810094 -0.210876159 0.056854509
1750927660.399979115 0.471703252 -0.261525865 0.340988321 -0.141785110 0.329790450 0.093415560 0.928659666 -0.395233540 -0.187735191 0.040689140
1750927660.499979019 0.434797079 -0.285478370 0.371964116 -0.087198653 0.292491486 0.046689981 0.951138881 -0.454840352 -0.117738125 0.112576518
1750927660.599978924 0.403684806 -0.288515474 0.407539174 -0.089722336 0.261460466 0.040623152 0.960176071 -0.495813389 -0.026172405 0.194872753
1750927660.699979067 0.374342973 -0.281272758 0.455548155 -0.129912580 0.231368464 0.051144484 0.962795719 -0.535364965 0.027632890 0.239650153
1750927660.799978971 0.334861621 -0.266197787 0.511702394 -0.173799396 0.197255494 0.048750659 0.963590895 -0.590861309 0.042478611 0.191636630
1750927660.899979115 0.280720884 -0.256089557 0.542151198 -0.192760776 0.158491422 0.027672458 0.967965902 -0.655865165 0.040042710 0.040826812
1750927660.999979019 0.211758472 -0.253411145 0.558624885 -0.208415870 0.108547632 -0.007552323 0.971968723 -0.711500578 0.015148319 -0.144636914
1750927661.099977970 0.125023252 -0.259637240 0.545610259 -0.201692609 0.050003381 -0.053222287 0.976722653 -0.746793399 -0.014213679 -0.320957451
1750927661.199978113 0.050591723 -0.265253721 0.514439270 -0.191156767 -0.011849583 -0.086221743 0.977693453 -0.685099872 -0.035220166 -0.368215719
1750927661.299978018 -0.026268016 -0.273175943 0.450354646 -0.192365764 -0.074325330 -0.115625136 0.971649106 -0.678496930 0.066059997 -0.383284363
1750927661.399977922 -0.050976001 -0.274511592 0.423304270 -0.192707239 -0.098749624 -0.122275070 0.968587239 -0.597123206 0.190150393 -0.468710252
1750927661.499978065 -0.133093122 -0.228507574 0.312871255 -0.165040213 -0.191627126 -0.135755631 0.957920238 -0.526078697 0.219436413 -0.544460105
1750927661.599977970 -0.129409096 -0.236539998 0.247227186 -0.132160827 -0.217962872 -0.140223285 0.956746117 -0.391097605 0.222539281 -0.721304553
1750927661.699978113 -0.094800656 -0.241388527 0.153903343 -0.060774222 -0.236393698 -0.132456030 0.960666390 -0.142383275 0.111242730 -0.798447876
1750927661.799978018 -0.054573399 -0.238181075 0.083077239 -0.011011430 -0.231093474 -0.107551393 0.966906021 -0.010608016 0.086095232 -0.722744522
1750927661.899977922 -0.022848026 -0.233390450 0.027352107 0.014712630 -0.209264585 -0.085074793 0.974040118 0.030532140 0.088051476 -0.545808339
1750927661.999978065 0.002577653 -0.222255383 -0.012831879 0.004886733 -0.164601485 -0.057204709 0.984687815 0.033085056 0.119031331 -0.342905561
1750927662.099977016 0.005702617 -0.208209021 -0.030464678 -0.014777907 -0.122461592 -0.043636955 0.991403343 0.005738901 0.141987201 -0.161846308
1750927662.199976921 0.006711167 -0.195923128 -0.039487515 -0.035689363 -0.078685799 -0.027525642 0.995880090 -0.018166789 0.152950572 -0.013464122
1750927662.299977064 0.002293494 -0.178474600 -0.035691547 -0.051885100 -0.044816141 -0.017407043 0.997495085 -0.025548929 0.160650261 0.118321201
1750927662.399976969 -0.001337032 -0.160227121 -0.019630201 -0.074044313 -0.018452801 -0.009639195 0.997037622 -0.026211846 0.164320757 0.241076590
1750927662.499977112 -0.004652314 -0.140764003 0.009880208 -0.099884014 0.008912005 -0.003733708 0.994952169 -0.016450142 0.163790209 0.333839465
1750927662.599977016 -0.005602602 -0.113497578 0.047878879 -0.133359860 0.041029346 0.004379968 0.990208340 -0.004969226 0.151994262 0.376312363
1750927662.699976921 0.000644604 -0.086835282 0.080724867 -0.168304480 0.069177295 0.019188221 0.983117448 0.012040381 0.127615713 0.356066135
1750927662.799977064 0.007264901 -0.065060321 0.106597975 -0.200377441 0.093840658 0.032910802 0.974658756 0.020617514 0.099592635 0.283636754
1750927662.899976969 0.014669695 -0.044412488 0.124809210 -0.224460244 0.114704321 0.047026229 0.966565596 0.017415849 0.079246514 0.179973643
1750927662.999977112 0.017045810 -0.032682689 0.130536538 -0.228084004 0.123202261 0.051695017 0.964430669 0.009628306 0.064318620 0.073379347
1750927663.099977016 0.016272163 -0.028646465 0.127226459 -0.214894208 0.123540827 0.048180589 0.967593290 0.000678587 0.046025295 -0.001050810
1750927663.199975967 0.013893666 -0.027205757 0.121313263 -0.192670986 0.122925537 0.042062594 0.972624255 -0.000562587 0.033525901 -0.040895546
1750927663.299976110 0.012024622 -0.028081752 0.117114857 -0.180380703 0.122876165 0.038092682 0.975147782 0.000331866 0.024516183 -0.050914368
1750927663.399976015 0.012176912 -0.026235515 0.109441056 -0.176239778 0.123181447 0.037086211 0.975904957 0.001012455 0.024834054 -0.049411020
1750927663.499975920 0.009904867 -0.026482954 0.105107584 -0.167621193 0.124785120 0.035131403 0.977290946 -0.004793307 0.027766006 -0.056756544
1750927663.599976063 0.008437809 -0.025330543 0.100197803 -0.161214266 0.123596482 0.033129257 0.978588945 -0.017267218 0.032534121 -0.063735205
1750927663.699975967 0.003634204 -0.026511375 0.092194834 -0.154484388 0.108143526 0.025790908 0.981720113 -0.031759489 0.040315640 -0.072029829
1750927663.799976110 -0.003983288 -0.021110531 0.086270602 -0.148204159 0.077527343 0.011162951 0.985850104 -0.039561808 0.042925118 -0.076488255
1750927663.899976015 -0.010093833 -0.020439276 0.077059468 -0.141337696 0.048801424 -0.006994858 0.988733103 -0.035989419 0.038784690 -0.085095421
1750927663.999975920 -0.011968989 -0.017943826 0.069473666 -0.125555027 0.022598347 -0.019483893 0.991637851 -0.030904208 0.032953031 -0.116033546
1750927664.099976063 -0.011774306 -0.018902082 0.057283501 -0.086190071 0.010095828 -0.029223997 0.995798827 -0.026473132 0.031177966 -0.157928338
1750927664.199975014 -0.017679377 -0.019725516 0.034087520 -0.037458886 0.009813509 -0.034851611 0.998642024 -0.023399886 0.023421882 -0.173286588
1750927664.299974918 -0.019918455 -0.015557716 0.013159991 0.006890105 0.001160754 -0.040394197 0.999159391 -0.020986236 0.019720590 -0.138627157
1750927664.399975061 -0.021498081 -0.013946642 0.000853009 0.033792696 -0.006373340 -0.045387837 0.998377373 -0.020482465 0.021435939 -0.079655332
1750927664.499974966 -0.021163396 -0.008868553 0.003662192 0.036929323 -0.002496230 -0.046434392 0.998235364 -0.027832322 0.021960972 -0.015935502
1750927664.599975109 -0.025086861 -0.009356960 -0.002508075 0.032853554 0.000341871 -0.046627246 0.998371888 -0.031546323 0.020522168 0.016488746
1750927664.699975014 -0.030798228 -0.005454731 0.007141545 0.028759117 0.000024443 -0.044842199 0.998580037 -0.030611203 0.004748403 -0.010280080
1750927664.799974918 -0.031476551 -0.004028544 0.011102585 0.026470905 0.002409235 -0.045244747 0.998622251 -0.017509755 -0.007027890 -0.032779860
1750927664.899975061 -0.033364496 -0.009831054 -0.008074840 0.024441000 0.003199809 -0.044360863 0.998711426 -0.007117283 -0.004179010 -0.041227317
1750927664.999974966 -0.033364496 -0.009831054 -0.008074840 0.024441000 0.003199809 -0.044360863 0.998711426 -0.009059399 0.007264713 -0.015838158
1750927665.099975109 -0.033713486 -0.000444479 -0.001993645 0.023389836 0.002871540 -0.043957726 0.998755420 -0.015337071 0.029516572 0.042675982
1750927665.199975014 -0.035481498 -0.002535553 0.002063569 0.019248774 0.003054764 -0.043034533 0.998883468 -0.021552736 0.053614015 0.107011780
