1750927638.500000000 0.405384686 -0.818058715 0.844251435 -0.084823241 0.623736219 0.028057680 0.776512018 -0.043351778 -0.025690903 0.014958109
1750927638.599999905 0.403373000 -0.821494000 0.849691000 -0.084974003 0.623731024 0.027910001 0.776505029 -0.035868009 -0.028927515 0.005210227
1750927638.700000048 0.405760297 -0.824300521 0.858926506 -0.086457249 0.623690266 0.028954345 0.776335779 -0.026733101 -0.034476774 -0.003859278
1750927638.799999952 0.406107174 -0.827333722 0.856599682 -0.087081097 0.624663100 0.028809869 0.775488805 -0.009371151 -0.039202323 -0.012775163
1750927638.900000095 0.403097528 -0.830951623 0.853490633 -0.071568851 0.639815687 0.024023712 0.764811511 0.005801358 -0.054375821 -0.018059661
1750927639.000000000 0.402900127 -0.839375387 0.854635869 -0.066232434 0.654042467 0.020131568 0.753283769 0.008043599 -0.082915259 0.018383520
1750927639.099998951 0.407434393 -0.850861907 0.858478311 -0.077240700 0.652053033 0.027028385 0.753744110 0.011498503 -0.099692002 0.191664573
1750927639.199999094 0.403314679 -0.861048704 0.852062089 -0.076831277 0.651550881 0.027650373 0.754197494 0.005806766 -0.091793082 0.290174316
1750927639.299998999 0.508521376 -0.853391011 0.865019094 -0.078257483 0.651380085 0.029957880 0.754110255 -0.002410629 -0.061665690 0.279302061
1750927639.399998903 0.504518914 -0.857362077 0.873153711 -0.077821638 0.651315310 0.029897858 0.754213681 -0.010302503 -0.026873252 0.169985838
1750927639.499999046 0.500262096 -0.857411211 0.870436567 -0.078121759 0.650953150 0.030384525 0.754475823 -0.011770327 -0.005593483 0.005615465
1750927639.599998951 0.500262096 -0.857411211 0.870436567 -0.078121759 0.650953150 0.030384525 0.754475823 -0.000516340 0.000620972 -0.010134089
1750927639.699999094 0.500262096 -0.857411211 0.870436567 -0.078121759 0.650953150 0.030384525 0.754475823 0.001179678 0.000457563 -0.002627079
1750927639.799998999 0.500262096 -0.857411211 0.870436567 -0.078121759 0.650953150 0.030384525 0.754475823 0.000337573 0.000048226 -0.000102043
1750927639.899998903 0.500262096 -0.857411211 0.870436567 -0.078121759 0.650953150 0.030384525 0.754475823 -0.001502794 -0.001825184 0.029655320
1750927639.999999046 0.500262096 -0.857411211 0.870436567 -0.078121759 0.650953150 0.030384525 0.754475823 -0.002538310 -0.002342051 0.042037923
1750927640.099997997 0.517560191 -0.855775349 0.874436119 -0.077924628 0.650686389 0.031203578 0.754692860 -0.019327758 -0.001548691 0.046196279
1750927640.199997902 0.513760654 -0.855901941 0.873277225 -0.078290856 0.650425447 0.031688220 0.754859680 -0.030418825 -0.006388766 0.016728968
1750927640.299998045 0.514173298 -0.856130925 0.882378889 -0.078241777 0.650300439 0.032139955 0.754953367 -0.023201199 -0.011410100 -0.051176460
1750927640.399997950 0.507445607 -0.859207293 0.883920870 -0.079287175 0.649592773 0.033495739 0.755394472 -0.009320111 -0.032553838 -0.072604708
1750927640.499998093 0.491812415 -0.863915468 0.878375070 -0.080271780 0.649082221 0.034411223 0.755688150 0.013138390 -0.063227568 -0.074320804
1750927640.599997997 0.490406211 -0.873229116 0.876397982 -0.073822576 0.652855419 0.033539903 0.753130204 0.016581487 -0.094210007 -0.029332669
1750927640.699997902 0.491317082 -0.886627905 0.875399018 -0.066237080 0.655117532 0.029328788 0.752046202 0.008600838 -0.118623112 0.014433657
1750927640.799998045 0.501061287 -0.898301175 0.877106795 -0.069084737 0.655250688 0.032645202 0.751537175 0.028926391 -0.099191129 0.032691017
1750927640.899997950 0.503991634 -0.907529980 0.878103138 -0.074465213 0.655499273 0.036403497 0.750633346 0.050465869 -0.050203213 0.063263238
1750927640.999998093 0.515970091 -0.908195814 0.859816546 -0.069432900 0.654890028 0.031898636 0.751851449 0.054250910 0.010967752 0.090038692
1750927641.099997997 0.525991055 -0.899945879 0.862068422 -0.084478469 0.653248418 0.044387963 0.751105586 0.047701727 0.023338181 0.108845524
1750927641.199996948 0.536782104 -0.890095834 0.864096763 -0.100533302 0.651759164 0.058847365 0.749426471 0.026737574 -0.060552490 0.094936831
1750927641.299997091 0.547150056 -0.898540239 0.861466859 -0.100588544 0.651425312 0.059052300 0.749693160 0.023492000 -0.216658723 0.054936325
1750927641.399996996 0.555311121 -0.930171570 0.861813700 -0.097220006 0.651974577 0.055632209 0.749921648 0.035524122 -0.405999422 0.045937295
1750927641.499996901 0.567777153 -0.981295312 0.863317459 -0.085948174 0.652956509 0.045879440 0.751103046 0.041653522 -0.547436272 0.107245773
1750927641.599997044 0.592782106 -1.046855804 0.863807876 -0.064283671 0.654521043 0.027928035 0.752788043 0.055441654 -0.592580342 0.252353557
1750927641.699996948 0.632471731 -1.103144443 0.867106605 -0.058198163 0.652718371 0.022805320 0.755017629 0.095151174 -0.530561987 0.448963826
1750927641.799997091 0.688089213 -1.148513117 0.867551240 -0.046170308 0.639003640 0.029781908 0.767239004 0.169754090 -0.384095898 0.647502667
1750927641.899996996 0.785346791 -1.167347254 0.860877142 -0.036440393 0.626763648 0.059974716 0.776042822 0.289712206 -0.222501177 0.774269490
1750927641.999996901 0.875083690 -1.167029560 0.847381916 -0.046434084 0.633642707 0.090119460 0.766954548 0.426693719 -0.058453042 0.820225442
1750927642.099997044 0.960498460 -1.144639486 0.815672636 -0.060759773 0.655999974 0.111039712 0.744071547 0.565860293 0.115557964 0.773921362
1750927642.199995995 1.042062255 -1.091507296 0.753851737 -0.092743386 0.697402309 0.130102919 0.698642909 0.675432728 0.275574603 0.701836187
1750927642.299995899 1.087210397 -1.027820879 0.675613706 -0.121440766 0.739968200 0.157692935 0.642520149 0.739825221 0.335312206 0.588045720
1750927642.399996042 1.098895321 -0.963131576 0.587853082 -0.152944104 0.780610974 0.190296130 0.575362486 0.688283994 0.258687569 0.418134139
1750927642.499995947 1.078826128 -0.929185846 0.503187541 -0.159847995 0.819736010 0.210131892 0.508257888 0.484787219 0.093792499 0.172229227
1750927642.599996090 1.052144928 -0.939002024 0.471912341 -0.136685325 0.840070224 0.201658603 0.484698822 0.126065085 -0.098454759 -0.162396309
1750927642.699995995 1.044845587 -0.970418267 0.490166858 -0.125524638 0.841518961 0.175088022 0.495412543 -0.336155675 -0.240889569 -0.471192715
1750927642.799995899 1.043538934 -1.030416378 0.575487202 -0.107544963 0.811913006 0.146846123 0.554677896 -0.809725005 -0.293742390 -0.636111200
1750927642.899996042 1.028684717 -1.092349125 0.701577190 -0.082134191 0.743709064 0.133703473 0.649826273 -1.193565350 -0.184961289 -0.544613734
1750927642.999995947 0.985192993 -1.127700855 0.842191925 -0.076047155 0.632879765 0.142026277 0.757303486 -1.336359816 0.071008252 -0.300407668
1750927643.099996090 0.914039954 -1.123703825 0.979928060 -0.132237305 0.500879215 0.139783424 0.843856564 -1.257860442 0.267098533 -0.049147078
1750927643.199995995 0.835301217 -1.096435116 1.068935611 -0.204464302 0.384753224 0.142160086 0.888791210 -1.067235389 0.425817040 0.104560437
1750927643.299994946 0.743784521 -1.050776389 1.120224220 -0.288278176 0.267508358 0.150368247 0.907041544 -0.769819180 0.449939624 0.163325218
1750927643.399995089 0.660040676 -0.996219591 1.142291422 -0.385730580 0.183602567 0.124520731 0.895542631 -0.374237020 0.374838246 -0.015777521
1750927643.499994993 0.635577811 -0.991933209 1.106042968 -0.407527035 0.182997395 0.111172020 0.887735575 0.072793604 0.394341416 -0.416860958
1750927643.599994898 0.647051378 -1.026361118 1.017935674 -0.340399528 0.246161279 0.139736876 0.896664035 0.505974189 0.272762918 -0.736077109
1750927643.699995041 0.668906082 -1.075159788 0.891537068 -0.188213468 0.355890573 0.236093809 0.884407883 0.679894369 -0.129223904 -0.727183811
1750927643.799994946 0.679504252 -1.094851830 0.785741029 -0.059855863 0.446341534 0.331935277 0.828863971 0.560981824 -0.333318610 -0.523123946
1750927643.899995089 0.674391071 -1.097539462 0.739374908 -0.015881306 0.541014268 0.365412035 0.757314592 0.467141299 -0.264189476 -0.345286359
1750927643.999994993 0.667196899 -1.105916627 0.691304138 0.017953095 0.631262744 0.371918060 0.680339614 0.431834856 -0.201394543 -0.233575400
1750927644.099994898 0.643596907 -1.109938190 0.636970273 0.077035286 0.721683618 0.351936945 0.591082656 0.484336738 -0.208459617 -0.045048741
1750927644.199995041 0.624464060 -1.097596113 0.590601546 0.091001916 0.817190591 0.326789241 0.465968864 0.448927811 -0.108711492 0.332222069
1750927644.299993992 0.643225240 -1.055015474 0.534396147 0.042369762 0.883476476 0.330595833 0.329211962 0.151369565 0.036289357 0.682501803
1750927644.399993896 0.700113172 -0.991480163 0.494093889 -0.065014869 0.874877005 0.383550871 0.288534267 -0.103825052 -0.048858073 0.694428723
1750927644.499994040 0.769087251 -0.924910186 0.457093964 -0.179159665 0.837523273 0.429889666 0.285747192 -0.153385800 -0.253082196 0.425422557
1750927644.599993944 0.778250150 -0.938789421 0.454866379 -0.184518373 0.843298480 0.417102497 0.284299403 -0.133943586 -0.331663701 0.059816029
1750927644.699994087 0.795215617 -0.982312397 0.428334496 -0.156313606 0.873818470 0.355880843 0.292157772 -0.221013241 -0.388904957 -0.205249917
1750927644.799993992 0.827603625 -1.040007683 0.439190807 -0.117678257 0.893437516 0.274271732 0.335702620 -0.428945263 -0.388287165 -0.258437476
1750927644.899993896 0.873980980 -1.088892505 0.499137043 -0.109201813 0.883960511 0.171210687 0.421159922 -0.622373337 -0.328037447 -0.191461437
1750927644.999994040 0.907448494 -1.113948250 0.569694368 -0.110870317 0.864572727 0.083084781 0.483030735 -0.719890999 -0.226797274 -0.092532085
1750927645.099993944 0.937590809 -1.119503046 0.634197601 -0.113020650 0.840537488 0.031001605 0.528925291 -0.748354314 -0.078962399 0.001009357
1750927645.199994087 0.972034332 -1.100799633 0.704484621 -0.124720108 0.805366593 0.023612771 0.579026755 -0.751279775 0.059633944 0.098214420
1750927645.299993992 1.004903783 -1.068102786 0.768498520 -0.151298817 0.769293991 0.032203277 0.619885773 -0.739475267 0.134019668 0.150910946
1750927645.399992943 1.024800481 -1.034128319 0.833666978 -0.182304084 0.732105680 0.018996808 0.656068301 -0.666933949 0.120253515 0.130016288
1750927645.499993086 1.032561349 -0.995518258 0.901681253 -0.251423447 0.689219121 0.004790660 0.679514756 -0.493102912 0.013819683 0.000990190
1750927645.599992990 1.023489658 -0.982240962 0.936432296 -0.311924516 0.644648107 0.038361948 0.696893303 -0.271053028 -0.007604420 -0.213191372
1750927645.699992895 0.989415552 -1.004568721 0.944531392 -0.316999561 0.615035127 0.092215631 0.716058201 -0.137952108 0.066832113 -0.476829224
1750927645.799993038 0.926738657 -1.042320507 0.937453684 -0.294604163 0.600416418 0.129188918 0.732133004 -0.148454910 0.186771644 -0.664481864
1750927645.899992943 0.844926949 -1.065034840 0.936562727 -0.278648825 0.589309902 0.136346814 0.745974677 -0.234565490 0.336750527 -0.700320016
1750927645.999993086 0.759177244 -1.063349798 0.947628191 -0.278244087 0.566141218 0.122028377 0.766272422 -0.321893433 0.445273865 -0.650749957
1750927646.099992990 0.665441482 -1.042147946 0.956846692 -0.280000271 0.532174145 0.083113709 0.794658819 -0.368229341 0.425167435 -0.572203679
1750927646.199992895 0.589993127 -1.029484511 0.948020922 -0.260294126 0.513957059 0.021972598 0.817075464 -0.316414788 0.268337442 -0.455432501
1750927646.299993038 0.531022539 -1.024620670 0.945436276 -0.241711298 0.486321982 -0.043845194 0.838536927 -0.232444559 0.053093268 -0.226646241
1750927646.399991989 0.524105715 -1.021736721 0.958299934 -0.250814239 0.440558613 -0.068669233 0.859235045 -0.127512630 -0.134413745 0.081773956
1750927646.499991894 0.548972777 -1.029924768 0.986611963 -0.271960128 0.421173311 -0.075445575 0.861950519 0.001802902 -0.296621282 0.319539639
1750927646.599992037 0.586353376 -1.048939277 1.025234340 -0.286603635 0.415314807 -0.077092907 0.859900373 0.077570758 -0.389974629 0.436059622
1750927646.699991941 0.642587649 -1.074937640 1.071481461 -0.289487989 0.418110452 -0.076259374 0.857650781 0.127423458 -0.362030167 0.489843482
1750927646.799992085 0.691701927 -1.083446142 1.106411345 -0.280921842 0.424662093 -0.084850374 0.856472673 0.231769501 -0.215909413 0.500222958
1750927646.899991989 0.747060853 -1.078097831 1.127641569 -0.282518233 0.462361858 -0.117317440 0.832250911 0.380852561 -0.011760754 0.462029718
1750927646.999991894 0.818570115 -1.075920867 1.099447304 -0.281912794 0.523241561 -0.131645357 0.793355497 0.648919372 0.212446332 0.420308277
1750927647.099992037 0.878344370 -1.083359558 1.033241229 -0.278768899 0.579075865 -0.102162512 0.759290369 1.000298434 0.381098628 0.319418103
1750927647.199991941 0.946411246 -1.091872026 0.903989321 -0.248736879 0.654360597 -0.015285626 0.713938740 1.309954815 0.364863939 0.217668344
1750927647.299992085 0.953814999 -1.104793100 0.720188471 -0.182744457 0.742415543 0.100474478 0.636654148 1.449637466 0.162949939 0.185251890
1750927647.399991989 0.911770017 -1.096512117 0.569024210 -0.140504851 0.817685315 0.161062393 0.534516620 1.308513013 0.101529322 0.185597140
1750927647.499990940 0.851112124 -1.074797654 0.460995838 -0.125244346 0.870558815 0.191464587 0.435640351 0.924046854 0.111385420 0.135862164
1750927647.599991083 0.787199060 -1.059385634 0.404807051 -0.107713157 0.889453880 0.236822320 0.375745738 0.451599529 0.105813872 -0.097818215
1750927647.699990988 0.765824484 -1.066617959 0.423724957 -0.096743501 0.880952990 0.264420682 0.380321215 0.015123195 0.143813600 -0.407798189
1750927647.799990892 0.750171704 -1.083254804 0.483377081 -0.106248081 0.858593901 0.268826257 0.423391428 -0.407952419 0.218120770 -0.640019266
1750927647.899991035 0.711725913 -1.118264181 0.572119539 -0.079761467 0.847628698 0.242709325 0.465033206 -0.684074372 0.323929325 -0.759905149
1750927647.999990940 0.686868273 -1.133577073 0.702078864 -0.080759331 0.799157691 0.192188600 0.563815978 -0.878835736 0.362652400 -0.663407131
1750927648.099991083 0.646074043 -1.116174798 0.828230476 -0.158942352 0.726447771 0.123085019 0.657161353 -0.913153097 0.295555977 -0.472458398
1750927648.199990988 0.583314000 -1.083510528 0.903795042 -0.205657930 0.642713665 0.040733077 0.736861437 -0.746126817 0.200377178 -0.349666780
1750927648.299990892 0.528402361 -1.057658930 0.940258922 -0.233750740 0.546550716 -0.020441986 0.803881230 -0.533176404 0.071762861 -0.279979795
1750927648.399991035 0.485167387 -1.053954581 0.958606361 -0.229560308 0.442707156 -0.065012365 0.864341270 -0.344520492 -0.115709559 -0.147450983
1750927648.499989986 0.454666947 -1.073924962 0.971095639 -0.209529367 0.331104592 -0.112743335 0.913102477 -0.096452462 -0.293514097 0.063970837
1750927648.599989891 0.467283177 -1.103339185 0.999424296 -0.198438828 0.284380938 -0.128376458 0.929122704 0.213246635 -0.334506500 0.265371395
1750927648.699990034 0.512720008 -1.140310168 1.035027143 -0.180393980 0.288231213 -0.107623869 0.934236524 0.515935095 -0.264075780 0.402096053
1750927648.799989939 0.606977660 -1.169517837 1.051615531 -0.164897706 0.355195117 -0.052713922 0.918622021 0.780801070 -0.171579835 0.458738913
1750927648.899990082 0.707501810 -1.184421381 1.023303442 -0.172424606 0.451890846 -0.001818753 0.875249171 1.041304860 -0.054111435 0.485436594
1750927648.999989986 0.826628729 -1.182430748 0.947026948 -0.176600006 0.557675579 0.061241613 0.808739669 1.244925084 0.027548051 0.495897549
1750927649.099989891 0.916097377 -1.166539164 0.800918681 -0.157335578 0.658086905 0.154331209 0.719964596 1.384921369 0.001573633 0.483128834
1750927649.199990034 0.941956364 -1.136959846 0.647845706 -0.124635779 0.723645349 0.244680566 0.633194087 1.465737367 -0.033330815 0.359895637
1750927649.299989939 0.921015104 -1.091730082 0.495865720 -0.092818586 0.773942419 0.330342219 0.532232900 1.362525010 -0.103450282 0.251559388
1750927649.399990082 0.846497105 -1.044128601 0.357456477 -0.049699164 0.810940617 0.408517565 0.415955176 0.958901132 -0.204607122 0.159151800
1750927649.499989986 0.789507547 -1.031408665 0.302025233 0.002203480 0.826897174 0.428589812 0.364070023 0.425617974 -0.131758511 -0.104163688
1750927649.599988937 0.788336389 -1.051653079 0.318140706 0.017315913 0.828105077 0.401918832 0.390388771 -0.112630969 -0.013981979 -0.401286352
1750927649.699989080 0.781896323 -1.107101646 0.372053381 0.010921331 0.825846947 0.365080933 0.429620132 -0.585104442 0.059894783 -0.597155478
1750927649.799988985 0.761580305 -1.173863437 0.446061757 0.040950012 0.812336279 0.315914790 0.488498426 -0.948092039 0.178885346 -0.664156354
1750927649.899988890 0.764878034 -1.228234122 0.575798955 0.016487761 0.773216145 0.259852336 0.578222890 -1.183232077 0.252054771 -0.569768326
1750927649.999989033 0.746054226 -1.255425270 0.749719086 -0.067219741 0.707077736 0.202921107 0.674051634 -1.203277459 0.254063716 -0.426931437
1750927650.099988937 0.691043845 -1.251606345 0.858494405 -0.136768848 0.660530980 0.128734086 0.726925472 -1.010998838 0.344236427 -0.464148163
1750927650.199989080 0.603863321 -1.230699163 0.922283665 -0.162735331 0.630694309 0.003300843 0.758769402 -0.806351661 0.444073634 -0.530792881
1750927650.299988985 0.501601392 -1.161599050 0.963023386 -0.184191189 0.572316564 -0.177643309 0.779082930 -0.767471391 0.393830222 -0.492095654
1750927650.399988890 0.460641458 -1.067929899 0.974169863 -0.238429990 0.496567510 -0.292137640 0.781810365 -0.688824149 0.308574584 -0.264745215
1750927650.499989033 0.436240640 -0.989625003 0.978488566 -0.316643048 0.439650285 -0.338449846 0.769348107 -0.390183016 0.173090912 -0.035445217
1750927650.599987984 0.436701787 -0.978569473 0.978089063 -0.340465456 0.419890325 -0.312329371 0.781169477 0.031044663 -0.001220584 0.060743777
1750927650.699987888 0.449733618 -1.014405379 0.973502781 -0.313787547 0.427510897 -0.265737741 0.805080904 0.363025171 -0.209553660 0.097734819
1750927650.799988031 0.485008223 -1.064051942 0.983977344 -0.279056395 0.463733712 -0.235691961 0.807172765 0.549816529 -0.319928422 0.171186130
1750927650.899987936 0.532781846 -1.136811827 0.978709367 -0.207920037 0.497999344 -0.176144203 0.823249131 0.654314040 -0.344100466 0.218408464
1750927650.999988079 0.582583352 -1.196670675 0.944392524 -0.138406918 0.527613038 -0.099641229 0.832189661 0.777232039 -0.295216112 0.168019383
1750927651.099987984 0.631721379 -1.239951377 0.883178608 -0.057918245 0.566662595 -0.020793382 0.821648718 0.916825692 -0.216848389 0.127459315
1750927651.199987888 0.675088980 -1.261972897 0.776202533 0.036807210 0.606313221 0.065473942 0.791670809 1.053688241 -0.185768931 0.117800479
1750927651.299988031 0.708303950 -1.248413267 0.667307231 0.085410756 0.664244318 0.120776011 0.732732996 1.174693536 -0.081053067 0.190060606
1750927651.399987936 0.740641513 -1.201474775 0.551110310 0.098991564 0.731797414 0.188805406 0.647321971 1.176159840 0.016442051 0.372265503
1750927651.499988079 0.745648478 -1.126271197 0.426385740 0.110688362 0.780146658 0.288451712 0.543980596 0.953934579 0.002267242 0.570536434
1750927651.599987984 0.751718077 -1.048672824 0.347731704 0.093452021 0.804059241 0.376655892 0.450428459 0.542431457 0.013050570 0.585313451
1750927651.699986935 0.783227432 -0.989492638 0.325985658 0.040862539 0.798464270 0.444393483 0.404103321 0.091962259 0.042183257 0.337799118
1750927651.799987078 0.791269253 -0.980294215 0.345879470 -0.009955422 0.788770932 0.468134990 0.398234778 -0.372128835 0.148131454 -0.119224314
1750927651.899986982 0.803951463 -1.024688633 0.381777971 0.007121692 0.794916570 0.426142139 0.431809919 -0.798654800 0.312156129 -0.529595578
1750927651.999986887 0.801316781 -1.112031755 0.513518490 -0.001914113 0.782779907 0.319791785 0.533840021 -1.180125733 0.265294822 -0.635330973
1750927652.099987030 0.785248417 -1.163872701 0.705691571 -0.083313927 0.720458869 0.195281518 0.660199165 -1.338591322 0.039765040 -0.441618227
1750927652.199986935 0.744016996 -1.166710293 0.825725226 -0.144587887 0.662538381 0.104138497 0.727524852 -1.149494804 0.030532889 -0.296429027
1750927652.299987078 0.696016482 -1.155615903 0.903234585 -0.187092609 0.606566971 0.033736698 0.771968069 -0.863498663 0.080685177 -0.204193105
1750927652.399986982 0.640603508 -1.122528080 0.973256226 -0.252593357 0.538556291 -0.045559144 0.802544754 -0.556984346 0.009801155 -0.094715076
1750927652.499986887 0.616112286 -1.100086127 0.999997048 -0.277616927 0.506954053 -0.105002044 0.809259539 -0.160524914 -0.022889437 -0.026110382
1750927652.599987030 0.624324059 -1.109223906 0.991041650 -0.249439080 0.521971022 -0.123063429 0.806338509 0.280173402 -0.013602856 0.090790912
1750927652.699985981 0.660461728 -1.143611384 0.951507841 -0.192215285 0.582257681 -0.122983735 0.780323188 0.581683825 0.013361742 0.319386977
1750927652.799985886 0.733788622 -1.164431070 0.894804709 -0.158463234 0.647700386 -0.101515145 0.738287402 0.657524581 0.105255319 0.585328129
1750927652.899986029 0.802874021 -1.167953051 0.830860897 -0.157810790 0.702548471 -0.046402763 0.692364198 0.619690579 0.210722257 0.771400908
1750927652.999985933 0.891702102 -1.132991392 0.755751234 -0.191356573 0.740445849 0.052801415 0.642132866 0.578757109 0.223928906 0.822018481
1750927653.099986076 0.949788339 -1.081973036 0.677826994 -0.209709004 0.759313262 0.133734815 0.601315643 0.569158581 0.244265425 0.704415226
1750927653.199985981 0.969936671 -1.030863524 0.601905814 -0.222219227 0.777455050 0.173120146 0.562327018 0.562043820 0.300404156 0.466497646
1750927653.299985886 0.948974336 -0.991794791 0.538029496 -0.247459043 0.800731019 0.173123634 0.517322012 0.521650333 0.358023818 0.182912409
1750927653.399986029 0.910437449 -0.972290851 0.490454609 -0.275671061 0.814041536 0.209139203 0.466478978 0.449555578 0.340735865 -0.065950019
1750927653.499985933 0.849992341 -0.973385825 0.462434160 -0.269549623 0.828443318 0.256408710 0.418663639 0.286058407 0.278498190 -0.277911486
1750927653.599986076 0.790557783 -0.988229128 0.476356602 -0.233196147 0.822733959 0.301802377 0.421478013 0.028151898 0.245171287 -0.492760323
1750927653.699985981 0.769255108 -1.010751125 0.536402106 -0.231596214 0.802531921 0.311035506 0.453390145 -0.259171387 0.222198839 -0.648763011
1750927653.799984932 0.732688715 -1.041608410 0.598419410 -0.229580720 0.804905385 0.278730241 0.470881585 -0.468547264 0.185794811 -0.764569675
1750927653.899985075 0.679107642 -1.091342970 0.682383680 -0.157844592 0.813761397 0.210776341 0.518122387 -0.588265772 0.138420694 -0.805072571
1750927653.999984980 0.644636602 -1.110047194 0.793920107 -0.158644407 0.753361960 0.129521904 0.624901421 -0.700783747 0.071548808 -0.649361722
1750927654.099984884 0.589888371 -1.108380120 0.869808227 -0.179535474 0.678313102 0.051125898 0.710664823 -0.637628150 0.035633328 -0.416759503
1750927654.199985027 0.522977608 -1.099051452 0.909510188 -0.199695855 0.590310504 -0.007565210 0.782047212 -0.440640993 -0.007426346 -0.181820043
1750927654.299984932 0.512370494 -1.090050104 0.923300303 -0.257647656 0.521959936 -0.022154680 0.812825123 -0.246113969 -0.106460752 0.034930980
1750927654.399985075 0.530678435 -1.095853355 0.942456114 -0.314322965 0.487982013 -0.033976819 0.813584786 -0.149396976 -0.295304635 0.187707994
1750927654.499984980 0.559070296 -1.115117126 0.987927990 -0.354960378 0.452462793 -0.062928475 0.815671844 -0.136222556 -0.453912468 0.292104749
1750927654.599984884 0.585015673 -1.134599843 1.046345306 -0.361922365 0.428051272 -0.106974913 0.821182488 -0.192127385 -0.475977296 0.389764096
1750927654.699985027 0.614509860 -1.134219160 1.112508312 -0.347435742 0.404175890 -0.168394184 0.829200611 -0.234915667 -0.340509534 0.473358005
1750927654.799983978 0.629897636 -1.109607531 1.180447954 -0.318989093 0.375178053 -0.268105973 0.828013632 -0.187603371 -0.099727667 0.486407193
1750927654.899983883 0.651181094 -1.070420696 1.207529129 -0.284841393 0.346465084 -0.359330862 0.818357293 -0.048918166 0.173171559 0.409855734
1750927654.999984026 0.692768861 -1.052846531 1.203079215 -0.265660225 0.353990450 -0.386884493 0.808972061 0.197941115 0.438690832 0.329865443
1750927655.099983931 0.768157608 -1.048249537 1.165403667 -0.262921032 0.411518201 -0.358516357 0.795607518 0.506525819 0.627517112 0.325225752
1750927655.199984074 0.847423917 -1.055742379 1.100334788 -0.269439080 0.478067993 -0.285124979 0.785848155 0.817397628 0.717366649 0.324136216
1750927655.299983978 0.928733902 -1.061813027 0.999067824 -0.280055553 0.557127255 -0.189384055 0.758493104 1.104669940 0.752350763 0.313983226
1750927655.399983883 0.978807128 -1.063025264 0.845619731 -0.281087307 0.646109013 -0.042012873 0.708355834 1.398886162 0.661551059 0.320414133
1750927655.499984026 1.001480251 -1.054070019 0.671601924 -0.231779329 0.711331525 0.143173801 0.647909768 1.621330999 0.377493356 0.235379102
1750927655.599983931 0.971329698 -1.023129322 0.486667169 -0.144897968 0.744312203 0.319260489 0.568398331 1.514142701 0.001851970 0.079030322
1750927655.699984074 0.884682119 -0.972245122 0.336268243 -0.061971005 0.777208472 0.423774680 0.461000658 0.990877580 -0.106469444 -0.060907533
1750927655.799983978 0.830876590 -0.957851524 0.298879505 -0.029903333 0.803712105 0.435587116 0.404248075 0.334096311 0.094282679 -0.284317826
1750927655.899982929 0.790290060 -0.994000151 0.366016010 -0.051751266 0.806486256 0.413236873 0.419686803 -0.377555232 0.255600033 -0.513471752
1750927655.999983072 0.796477113 -1.042833686 0.449516623 -0.061865113 0.798151456 0.373119290 0.468944513 -0.935042226 0.287468965 -0.570259574
1750927656.099982977 0.812820626 -1.091720311 0.580099581 -0.102146839 0.754852912 0.330881421 0.557028356 -1.227308495 0.246684440 -0.431098060
1750927656.199982882 0.815539753 -1.117362002 0.733166240 -0.197862457 0.690564180 0.268120594 0.641936842 -1.282393010 0.129727124 -0.352974284
1750927656.299983025 0.773601590 -1.124660652 0.870768212 -0.288820174 0.623019759 0.160678602 0.708951108 -1.131200693 0.035293309 -0.397495304
1750927656.399982929 0.693326603 -1.128155484 0.954773278 -0.320628606 0.557666126 0.046944229 0.764200254 -0.926583930 0.036505010 -0.465622458
1750927656.499983072 0.603298514 -1.116715597 1.003799754 -0.329942387 0.482457478 -0.068604656 0.808496261 -0.731836466 0.004448403 -0.483642479
1750927656.599982977 0.522574209 -1.096412349 1.021819785 -0.324749243 0.387728331 -0.172908176 0.845167104 -0.497814465 -0.061075442 -0.406481762
1750927656.699982882 0.465304031 -1.093104831 1.016300863 -0.305310520 0.308509334 -0.229225094 0.871242408 -0.159453008 -0.088170706 -0.325577718
1750927656.799983025 0.447441304 -1.109178306 1.001308833 -0.261844522 0.287088903 -0.245977822 0.887982161 0.249130415 -0.093365915 -0.258908594
1750927656.899981976 0.471008739 -1.164034709 0.969389351 -0.186480644 0.327331580 -0.183155937 0.908037945 0.600152860 -0.143240441 -0.131794286
1750927656.999982119 0.522010876 -1.219343410 0.929574301 -0.106692725 0.382512080 -0.068669666 0.915197054 0.783133690 -0.237558976 0.008682960
1750927657.099982023 0.590103279 -1.253898399 0.878829298 -0.032339099 0.446571125 0.037567971 0.893373976 0.859371660 -0.254869027 0.104453929
1750927657.199981928 0.666147733 -1.257742724 0.806985370 0.030484581 0.543444131 0.098468091 0.833092553 0.929981998 -0.172724730 0.161235864
1750927657.299982071 0.720783618 -1.239021157 0.719694620 0.076080551 0.629046353 0.118305181 0.764536670 1.036125849 -0.056995163 0.133745942
1750927657.399981976 0.727595180 -1.210394819 0.610377033 0.117508276 0.715025555 0.137291692 0.675337880 1.114053932 0.006048347 0.183967628
1750927657.499982119 0.717027837 -1.154766509 0.484341718 0.140925093 0.798095308 0.187175114 0.555112127 0.977481886 0.032306754 0.415958307
1750927657.599982023 0.714158243 -1.093031776 0.395782376 0.129718679 0.844579567 0.256037831 0.451998948 0.588410722 0.055605218 0.551254170
1750927657.699981928 0.747257843 -1.040235887 0.359280992 0.083181887 0.849108269 0.335430587 0.399477462 0.147812128 0.019969507 0.396293763
1750927657.799982071 0.781751751 -1.022411038 0.359688675 0.015115869 0.832394903 0.397566122 0.385786747 -0.253141040 -0.005627842 -0.035607074
1750927657.899981022 0.777695222 -1.059916488 0.387516399 -0.024732302 0.843614771 0.383662721 0.374840430 -0.608407699 0.072381002 -0.575272484
1750927657.999980927 0.769926235 -1.150140925 0.475752075 -0.005470863 0.842137324 0.316197830 0.436799416 -0.988016021 0.133481625 -0.887570908
1750927658.099981070 0.778811613 -1.231433365 0.664807041 -0.063184149 0.784993714 0.219373307 0.575906229 -1.305345788 -0.000314635 -0.806330620
1750927658.199980974 0.741655795 -1.260682439 0.824475857 -0.149147179 0.729728404 0.120345283 0.656329634 -1.220227838 -0.045055958 -0.725153939
1750927658.299981117 0.657763762 -1.271522379 0.923008942 -0.177152770 0.691172899 -0.008462748 0.700589253 -0.971039481 0.052544984 -0.700235685
1750927658.399981022 0.553416844 -1.237629861 0.991543375 -0.180844827 0.626681454 -0.199169357 0.731366578 -0.811871375 0.022528198 -0.638666785
1750927658.499980927 0.491217162 -1.160968580 1.035084670 -0.218409323 0.510055633 -0.340074791 0.759269225 -0.734932978 0.006237972 -0.435472283
1750927658.599981070 0.453584009 -1.093831599 1.051153104 -0.269797716 0.378299671 -0.384833671 0.797497083 -0.511314004 0.062069704 -0.233805699
1750927658.699980974 0.421270188 -1.062840850 1.032260067 -0.295886757 0.304356859 -0.377588428 0.822948910 -0.115764801 0.109025817 -0.245565402
1750927658.799981117 0.412816547 -1.082233959 0.995521116 -0.267997406 0.312594265 -0.333267837 0.848171424 0.301683174 0.075126217 -0.304778548
1750927658.899981022 0.420520863 -1.128961001 0.956009944 -0.215497849 0.344891721 -0.228920556 0.884423969 0.566669966 -0.083546709 -0.283432455
1750927658.999979973 0.451473838 -1.193236332 0.905037440 -0.147304409 0.382861474 -0.047620078 0.910741912 0.550257665 -0.308714632 -0.223806857
1750927659.099980116 0.478207932 -1.239154245 0.853915549 -0.079309637 0.418990208 0.101842709 0.898768741 0.414896464 -0.374196757 -0.160816857
1750927659.199980021 0.505087874 -1.257338651 0.829357422 -0.020456240 0.464208883 0.156658402 0.871521543 0.375893606 -0.280376708 -0.124552967
1750927659.299979925 0.514346255 -1.271100081 0.793899024 0.062163547 0.522533679 0.153318323 0.836413617 0.438487997 -0.181009163 -0.079404196
1750927659.399980068 0.522379570 -1.266336169 0.735150594 0.144714206 0.575041516 0.131660080 0.794386982 0.566255700 -0.107797443 0.010035160
1750927659.499979973 0.542210571 -1.246316341 0.676748242 0.189112181 0.639271615 0.115985956 0.736285029 0.641081407 0.020625633 0.198904845
1750927659.599980116 0.584711206 -1.209569985 0.617686325 0.167341951 0.729951732 0.122021458 0.651366183 0.565199773 0.184111131 0.449720395
1750927659.699980021 0.634850235 -1.166373085 0.578974019 0.092574259 0.794724027 0.144848726 0.582119037 0.401998639 0.263340165 0.617076225
1750927659.799979925 0.682454669 -1.116654127 0.537063774 -0.001190529 0.831312777 0.200886511 0.518229929 0.226965320 0.201079094 0.675185264
1750927659.899980068 0.726755809 -1.064091360 0.492904377 -0.070350321 0.847163508 0.259399557 0.458341241 0.102746723 0.088526853 0.616800347
1750927659.999979019 0.753401998 -1.033510646 0.469600328 -0.108554088 0.845883472 0.295038285 0.430870715 0.011960760 -0.022576151 0.474100942
1750927660.099978924 0.775759582 -1.007980776 0.450875367 -0.134551693 0.845699940 0.305212454 0.416572696 -0.093578403 -0.118623281 0.305538416
1750927660.199979067 0.811410749 -1.016345605 0.443377050 -0.142997888 0.847469125 0.282768812 0.425898445 -0.205674629 -0.185415365 0.159276016
1750927660.299978971 0.847285418 -1.031426260 0.452912188 -0.144272242 0.848127147 0.228088561 0.455896337 -0.311810094 -0.210876159 0.056854509
1750927660.399979115 0.877069566 -1.047914221 0.481136312 -0.139856251 0.839270566 0.159056954 0.500765446 -0.395233540 -0.187735191 0.040689140
1750927660.499979019 0.902374310 -1.064022573 0.525807095 -0.127473884 0.821896727 0.092520964 0.547426753 -0.454840352 -0.117738125 0.112576518
1750927660.599978924 0.930264416 -1.059143190 0.563769127 -0.133113561 0.802852173 0.092269825 0.573755565 -0.495813389 -0.026172405 0.194872753
1750927660.699979067 0.968994191 -1.042185136 0.601593608 -0.157137128 0.780884150 0.128133879 0.590854954 -0.535364965 0.027632890 0.239650153
1750927660.799978971 1.012171212 -1.015530688 0.650220923 -0.191819202 0.753456584 0.156564725 0.609094456 -0.590861309 0.042478611 0.191636630
1750927660.899979115 1.028082362 -0.997137247 0.708264372 -0.218973651 0.723764733 0.155434995 0.635653297 -0.655865165 0.040042710 0.040826812
1750927660.999979019 1.028366900 -0.987462627 0.778554423 -0.252039217 0.684052359 0.142195882 0.669573696 -0.711500578 0.015148319 -0.144636914
1750927661.099977970 0.997641458 -0.990360868 0.860887227 -0.274065162 0.637872008 0.107638362 0.711633031 -0.746793399 -0.014213679 -0.320957451
1750927661.199978113 0.952034605 -0.996452291 0.927416449 -0.284813806 0.587944451 0.080716109 0.752786376 -0.685099872 -0.035220166 -0.368215719
1750927661.299978018 0.874511166 -1.010149326 0.989702304 -0.301826942 0.533133192 0.063767921 0.787783694 -0.678496930 0.066059997 -0.383284363
1750927661.399977922 0.843192413 -1.014436026 1.008269782 -0.305294900 0.511683987 0.060802997 0.800798050 -0.597123206 0.190150393 -0.468710252
1750927661.499978065 0.711778600 -0.982468340 1.060838964 -0.288708699 0.432542903 0.040657133 0.853171098 -0.526078697 0.219436413 -0.544460105
1750927661.599977970 0.650514799 -1.001546906 1.044407569 -0.265125586 0.411904097 0.018880822 0.871600226 -0.391097605 0.222539281 -0.721304553
1750927661.699978113 0.568907974 -1.024032305 0.991821212 -0.204663715 0.402699341 -0.017940866 0.891977651 -0.142383275 0.111242730 -0.798447876
1750927661.799978018 0.509021642 -1.035188918 0.937654671 -0.151166362 0.414215633 -0.029915485 0.897039132 -0.010608016 0.086095232 -0.722744522
1750927661.899977922 0.461581657 -1.041740631 0.894744735 -0.118389456 0.438244118 -0.030158593 0.890514733 0.030532140 0.088051476 -0.545808339
1750927661.999978065 0.426786242 -1.039065859 0.860578491 -0.110792118 0.481655245 -0.005878090 0.869309369 0.033085056 0.119031331 -0.342905561
1750927662.099977016 0.408379837 -1.028378220 0.852518718 -0.119351228 0.519165213 0.013536962 0.846191182 0.005738901 0.141987201 -0.161846308
1750927662.199976921 0.398069407 -1.017855648 0.848476141 -0.127147995 0.556729839 0.035503226 0.820137059 -0.018166789 0.152950572 -0.013464122
1750927662.299977064 0.398148436 -0.999777802 0.851876374 -0.134500136 0.584441244 0.050634686 0.798607710 -0.025548929 0.160650261 0.118321201
1750927662.399976969 0.410104357 -0.978917701 0.856978351 -0.147562833 0.604664516 0.068238958 0.779711151 -0.026211846 0.164320757 0.241076590
1750927662.499977112 0.434911919 -0.954638576 0.864446767 -0.164535104 0.624388764 0.086562112 0.758665850 -0.016450142 0.163790209 0.333839465
1750927662.599977016 0.467256821 -0.921412638 0.870619638 -0.185967458 0.646118341 0.110885179 0.731882279 -0.004969226 0.151994262 0.376312363
1750927662.699976921 0.496311049 -0.890088285 0.868775373 -0.204054225 0.663828335 0.141593636 0.705439620 0.012040381 0.127615713 0.356066135
1750927662.799977064 0.519456314 -0.864759080 0.865593699 -0.220374497 0.677967841 0.169925095 0.680382355 0.020617514 0.099592635 0.283636754
1750927662.899976969 0.535557395 -0.841865328 0.860167432 -0.230169678 0.689642338 0.193910412 0.658645669 0.017415849 0.079246514 0.179973643
1750927662.999977112 0.539849299 -0.829515740 0.857908308 -0.230128820 0.695203806 0.199015328 0.651249025 0.009628306 0.064318620 0.073379347
1750927663.099977016 0.535885230 -0.826047702 0.857584080 -0.222356624 0.697511318 0.188119396 0.654711071 0.000678587 0.046025295 -0.001050810
1750927663.199975967 0.529446112 -0.825467885 0.858532952 -0.209325519 0.700276117 0.169700620 0.661058157 -0.000562587 0.033525901 -0.040895546
1750927663.299976110 0.525118250 -0.826913581 0.859565847 -0.202470813 0.701819890 0.159027033 0.664202389 0.000331866 0.024516183 -0.050914368
1750927663.399976015 0.517479086 -0.826385778 0.857646575 -0.199955899 0.702560035 0.155658000 0.664979415 0.001012455 0.024834054 -0.049411020
1750927663.499975920 0.512838338 -0.827210389 0.858982937 -0.194645308 0.704745803 0.148667204 0.665841287 -0.004793307 0.027766006 -0.056756544
1750927663.599976063 0.507610317 -0.826803692 0.859280692 -0.190995813 0.704642355 0.143253524 0.668190227 -0.017267218 0.032534121 -0.063735205
1750927663.699975967 0.499014132 -0.829001059 0.862410177 -0.190179198 0.694162334 0.134756162 0.681036932 -0.031759489 0.040315640 -0.072029829
1750927663.799976110 0.490818459 -0.824200090 0.868073522 -0.193917812 0.671899943 0.122193013 0.704283478 -0.039561808 0.042925118 -0.076488255
1750927663.899976015 0.480493061 -0.824695035 0.872045362 -0.199350166 0.650044605 0.106327911 0.725531459 -0.035989419 0.038784690 -0.085095421
1750927663.999975920 0.472395025 -0.823387521 0.872055143 -0.194395790 0.630892862 0.089089933 0.745819990 -0.030904208 0.032953031 -0.116033546
1750927664.099976063 0.460830760 -0.826375108 0.869428667 -0.169905840 0.624058160 0.058150528 0.760461659 -0.026473132 0.031177966 -0.157928338
1750927664.199975014 0.437293686 -0.830685414 0.870442990 -0.135808884 0.626502272 0.023488934 0.767136963 -0.023399886 0.023421882 -0.173286588
1750927664.299974918 0.416005313 -0.829934115 0.867876632 -0.104629580 0.620880194 -0.007728552 0.776853078 -0.020986236 0.019720590 -0.138627157
1750927664.399975061 0.403553680 -0.830302433 0.866704558 -0.086576386 0.614873354 -0.027769169 0.783367194 -0.020482465 0.021435939 -0.079655332
1750927664.499974966 0.405576632 -0.824857858 0.866470504 -0.084890269 0.617794634 -0.030871113 0.781134051 -0.027832322 0.021960972 -0.015935502
1750927664.599975109 0.398837502 -0.826123061 0.869056564 -0.088266654 0.619952894 -0.028715568 0.779129529 -0.031546323 0.020522168 0.016488746
1750927664.699975014 0.406297594 -0.820318734 0.876241207 -0.090341384 0.619872770 -0.024742844 0.779091763 -0.030611203 0.004748403 -0.010280080
1750927664.799974918 0.409753197 -0.818212658 0.877585535 -0.092439785 0.621652573 -0.023829288 0.777454262 -0.017509755 -0.007027890 -0.032779860
1750927664.899975061 0.391718598 -0.827002551 0.876004988 -0.093494466 0.622340105 -0.021941373 0.776833415 -0.007117283 -0.004179010 -0.041227317
1750927664.999974966 0.391718598 -0.827002551 0.876004988 -0.093494466 0.622340105 -0.021941373 0.776833415 -0.009059399 0.007264713 -0.015838158
1750927665.099975109 0.396101225 -0.816730165 0.876698679 -0.094053777 0.622117342 -0.020943604 0.776971856 -0.015337071 0.029516572 0.042675982
1750927665.199975014 0.399934878 -0.818001341 0.879463938 -0.096709535 0.622301606 -0.017655752 0.776579842 -0.021552736 0.053614015 0.107011780
