5.065643000 0.000000000 0.000000000 0.000000000 -0.000000000 -0.000000000 -0.000000000 1.000000000
5.165951000 0.000000000 0.000000000 0.000000000 -0.000000000 -0.000000000 -0.000000000 1.000000000
5.266121000 0.000000000 0.000000000 0.000000000 -0.000000000 -0.000000000 -0.000000000 1.000000000
5.366190000 0.000000000 0.000000000 0.000000000 -0.000000000 -0.000000000 -0.000000000 1.000000000
5.466203000 0.000000000 0.000000000 0.000000000 -0.000000000 -0.000000000 -0.000000000 1.000000000
5.566125000 0.001580175 -0.012035895 0.028589646 0.000548686 -0.003254826 -0.000913076 0.999994136
5.666080000 -0.001494961 -0.020013550 0.036102836 0.001115571 -0.011620863 -0.002272942 0.999929270
5.766098000 0.001892813 -0.019416990 0.037962136 0.001866244 -0.020027596 -0.004458888 0.999787743
5.866079000 -0.001752563 -0.024060670 0.051007675 0.001676995 -0.026490212 -0.006349953 0.999627498
5.966076000 -0.005427041 -0.028495893 0.056826975 0.001472500 -0.034516944 -0.008782782 0.999364436
6.066371000 -0.007035854 -0.034212596 0.060132877 0.003092276 -0.041963581 -0.010856263 0.999055372
6.167130000 -0.008935609 -0.053583101 0.075453932 0.005828642 -0.047650012 -0.013803351 0.998751706
6.267914000 -0.010937644 -0.058400613 0.082354404 0.008230142 -0.049393347 -0.010457011 0.998690749
6.368629000 0.004391913 -0.093480339 0.159527552 0.005549227 -0.051084695 -0.013402157 0.998588976
6.469516000 -0.002772371 -0.113681904 0.171177147 0.004290070 -0.052002957 -0.015682135 0.998514576
6.570368000 -0.006662818 -0.141474720 0.190109716 0.002789199 -0.050302357 -0.022675163 0.998472699
6.670993000 -0.013083282 -0.181004579 0.198959105 -0.000173087 -0.045383843 -0.037244878 0.998275060
6.771279000 -0.014393581 -0.226464484 0.209687185 -0.002911697 -0.041870379 -0.042199102 0.998227243
6.871285000 -0.010924582 -0.267835334 0.209932399 -0.000764402 -0.042886212 -0.026194715 0.998736214
6.971115000 0.000306091 -0.315603654 0.240079849 0.000071864 -0.043505779 -0.015922394 0.998926283
7.070994000 0.007597859 -0.362155586 0.256662006 -0.000166636 -0.043749796 -0.012765401 0.998960946
7.171136000 0.014505155 -0.403830047 0.271226925 -0.001437576 -0.043934504 -0.010640882 0.998976709
7.271368000 0.016902925 -0.447842161 0.285224412 -0.000948842 -0.043660251 -0.011754578 0.998976833
7.371613000 0.020296733 -0.493549053 0.306886453 -0.003084498 -0.043089912 -0.012025744 0.998994057
7.471789000 0.021529045 -0.544942270 0.324243230 -0.030884350 -0.042836726 -0.011028083 0.998543716
7.571761000 0.019068188 -0.585821001 0.341821426 -0.055749753 -0.042410571 -0.011842079 0.997473345
7.671541000 0.010199485 -0.601651279 0.330634577 -0.061484536 -0.040712532 -0.016877988 0.997134532
7.771162000 0.008142714 -0.628609491 0.328691987 -0.052581585 -0.040641257 -0.017138138 0.997642095
7.870738000 0.007213782 -0.650941376 0.318602105 -0.041124411 -0.041129789 -0.013460395 0.998216380
7.970470000 0.004833348 -0.672359405 0.300098548 -0.029786483 -0.040995320 -0.011128402 0.998653247
8.070540000 0.001078139 -0.692134777 0.273903245 -0.014867939 -0.040362528 -0.010076976 0.999023656
8.170917000 -0.004909029 -0.713800745 0.252545918 -0.006391766 -0.040003630 -0.009844301 0.999130594
8.271215000 -0.006466557 -0.725470975 0.246210858 -0.005233417 -0.039865751 -0.009733369 0.999143931
8.371414000 -0.012522234 -0.744318709 0.226688972 -0.002261653 -0.038446763 -0.014230880 0.999156751
8.471664000 -0.019091419 -0.771261923 0.196261423 0.008785939 -0.035231814 -0.025522346 0.999014583
8.571804000 -0.023557184 -0.793277931 0.176682159 0.016094965 -0.033451065 -0.032985980 0.998766191
8.671731000 -0.017144282 -0.830013831 0.159522176 0.017842219 -0.032688086 -0.033736740 0.998736690
8.771611000 -0.009294712 -0.863940984 0.161474165 0.018000254 -0.035792074 -0.021815944 0.998958950
8.871588000 0.002384881 -0.899296161 0.170042252 0.016483493 -0.038411635 -0.014224539 0.999024776
8.971692000 0.014160648 -0.937804371 0.185296915 0.015168519 -0.039634857 -0.010568782 0.999043190
9.071848000 0.021493911 -0.979474134 0.196153544 0.009255406 -0.040512080 -0.009326076 0.999092655
9.171938000 0.025069865 -1.025151022 0.204838033 0.009422920 -0.040941921 -0.009148262 0.999075211
9.271789000 0.030610223 -1.071066700 0.221576756 0.009826174 -0.040923702 -0.009424940 0.999069501
9.371429000 0.033672109 -1.118885051 0.242272561 0.013465852 -0.040670590 -0.010315018 0.999028615
9.471095000 0.038874814 -1.169329109 0.265341536 0.014935517 -0.040777305 -0.009464611 0.999011793
9.570960000 0.042172303 -1.221415302 0.294799309 0.009067154 -0.040722708 -0.009612080 0.999083108
9.670957000 0.040429861 -1.271122969 0.327978087 0.004447292 -0.040891470 -0.009513155 0.999108407
9.770914000 0.041552071 -1.323181098 0.358311603 0.004338265 -0.040728538 -0.009498710 0.999115679
9.870697000 0.040036933 -1.371932404 0.394944295 0.001561337 -0.039138964 -0.014351791 0.999129486
9.970450000 0.039474246 -1.422485675 0.434743113 -0.000479439 -0.036600978 -0.023485049 0.999053848
10.070385000 0.038967355 -1.468981641 0.477584077 -0.005086176 -0.029990356 -0.044031594 0.998566937
10.170543000 0.045562659 -1.513011544 0.521009663 -0.009136267 -0.021546217 -0.071165624 0.997189923
10.270761000 0.063892216 -1.540070257 0.561001172 -0.010493407 -0.014244507 -0.089778292 0.995804620
10.370965000 0.098609777 -1.560357071 0.611388467 -0.011405356 -0.012204235 -0.081362326 0.996544603
10.471059000 0.143840903 -1.574644683 0.649982803 -0.009388221 -0.010945130 -0.064441562 0.997817293
10.570878000 0.199862582 -1.583161838 0.698231513 -0.007667685 -0.012783113 -0.039792419 0.999096773
10.670534000 0.259452796 -1.585637378 0.746731073 -0.008414229 -0.018406961 -0.015845190 0.999669603
10.770210000 0.318035754 -1.588352729 0.803431538 -0.008276425 -0.022561697 -0.006063642 0.999692804
10.869948000 0.378487227 -1.591657424 0.849035349 -0.008250855 -0.026843204 -0.003241878 0.999600348
10.969808000 0.433235790 -1.600729328 0.895617861 -0.008170346 -0.031549437 -0.003474762 0.999462758
11.069763000 0.485378908 -1.611816506 0.942881653 -0.007558086 -0.035980880 -0.004787204 0.999312431
11.169931000 0.534772002 -1.625989456 0.989670308 -0.007468598 -0.039960428 -0.006180176 0.999154237
11.269947000 0.581707002 -1.645466894 1.033866781 -0.007054827 -0.042909133 -0.007050650 0.999029191
11.369887000 0.626309457 -1.666898785 1.076778090 -0.006910278 -0.043678672 -0.007790882 0.998991353
11.469670000 0.667923378 -1.685467165 1.119619309 -0.007133240 -0.043143656 -0.007986439 0.999011491
11.569473000 0.708896045 -1.709476610 1.162741892 -0.007108480 -0.041690485 -0.006098867 0.999086671
11.669295000 0.748355153 -1.727069727 1.207477856 -0.011030873 -0.043139856 0.012251421 0.998933018
11.769154000 0.779288404 -1.740311537 1.254847826 -0.011838611 -0.038240308 0.013386859 0.999108762
11.869126000 0.806909136 -1.753039402 1.296007883 -0.010269133 -0.030286342 0.008516916 0.999452222
11.969080000 0.830608370 -1.761120871 1.341294018 -0.008036111 -0.021606807 0.003539172 0.999727984
12.069056000 0.851736039 -1.763925964 1.392366820 -0.007437404 -0.014081140 0.001422104 0.999872184
12.169159000 0.871923731 -1.764613318 1.440313590 -0.013902551 -0.008371076 0.002275604 0.999865724
12.269086000 0.891481994 -1.764062180 1.493980918 -0.024971916 -0.004805771 0.001961618 0.999674677
12.369185000 0.906541562 -1.760849665 1.534247059 -0.034252614 -0.003109238 0.002744913 0.999404601
12.469487000 0.923034262 -1.759069053 1.571803413 -0.023855785 -0.002794240 0.002269746 0.999708929
12.569817000 0.937322986 -1.760326292 1.603148517 -0.014608290 -0.003047621 0.002239473 0.999886141
12.670282000 0.950597616 -1.765567288 1.620629497 -0.009584753 -0.003452113 0.001584384 0.999946851
12.770842000 0.958411007 -1.796188843 1.613611820 -0.007598514 -0.004153605 0.002024076 0.999960456
12.871327000 0.969919179 -1.813157022 1.635593866 -0.008623324 -0.005271812 0.001586198 0.999947664
12.971634000 0.982140801 -1.833611554 1.667303943 -0.007868542 -0.005892738 0.001518930 0.999950526
13.071809000 0.997193042 -1.851822930 1.705663151 -0.008035239 -0.007156327 0.001455209 0.999941050
13.171960000 1.003097874 -1.872279172 1.731640653 -0.007603215 -0.008980097 0.000828917 0.999930429
13.271925000 1.008951422 -1.893451088 1.768362936 -0.007862981 -0.008819322 -0.008202731 0.999896549
13.371883000 1.040574184 -1.923096033 1.873974579 -0.007086776 -0.007643770 -0.014954166 0.999833848
13.471768000 1.052354836 -1.943090796 1.912858403 -0.005413610 -0.010134663 -0.005913243 0.999916504
13.571604000 1.063292041 -1.963713599 1.946304616 -0.005775267 -0.010896386 -0.002051878 0.999921849
13.671390000 1.071680222 -1.985189103 1.977959543 -0.004616253 -0.010839819 0.000383750 0.999930518
13.771060000 1.075773111 -2.008441746 2.012654480 -0.005059251 -0.009986082 0.001715191 0.999935868
13.870733000 1.091153155 -2.035705930 2.101522278 -0.003139015 -0.008340412 0.002138657 0.999958004
13.970369000 1.091112563 -2.057230744 2.122189529 0.002883415 -0.006519007 0.003219359 0.999969412
14.070028000 1.091706198 -2.080531993 2.148141282 0.007096380 -0.003424419 0.003093070 0.999964173
14.169973000 1.093212005 -2.104101226 2.187351149 0.008669441 -0.000017311 0.004462730 0.999952461
14.270000000 1.092456827 -2.128111859 2.230860613 0.004635518 0.004219933 0.006009509 0.999962294
14.370138000 1.092033582 -2.148895285 2.275502319 -0.002399787 0.010023780 0.008016767 0.999914745
14.470316000 1.088808380 -2.165835397 2.318623823 -0.004781410 0.016400864 0.008870259 0.999814717
14.570361000 1.085458585 -2.178866359 2.372044822 -0.007287013 0.023412875 0.011693274 0.999630934
14.670168000 1.079794447 -2.188735358 2.420440385 -0.007515926 0.030772056 0.014886146 0.999387309
14.769977000 1.073104453 -2.196494142 2.463216313 -0.008063051 0.038966855 0.016397221 0.999073422
14.869916000 1.066828219 -2.207930173 2.515721856 -0.013098850 0.046086794 0.018406869 0.998681939
14.970099000 1.057767701 -2.218662539 2.561945703 -0.026203649 0.051879399 0.018901990 0.998130558
15.070584000 1.048849553 -2.234499709 2.601733918 -0.034255863 0.055837004 0.019817003 0.997655277
15.171197000 1.039336498 -2.251649077 2.632673220 -0.039132663 0.058840285 0.020083169 0.997297910
15.271608000 1.029860871 -2.271422783 2.656577017 -0.041278648 0.063291948 0.019648926 0.996947402
15.371633000 1.021547142 -2.291517710 2.675417075 -0.039511549 0.067747444 0.026177273 0.996576074
15.471121000 1.011651265 -2.306406444 2.682052248 -0.034735132 0.070014468 0.044816388 0.995933199
15.570258000 0.996252209 -2.320618019 2.689168365 -0.029945474 0.076821590 0.050840609 0.995297415
15.669549000 0.977487940 -2.325853072 2.691146526 -0.029491035 0.085279534 0.055962730 0.994346948
15.769314000 0.951756668 -2.323946097 2.695704120 -0.032084765 0.094754935 0.058913405 0.993237777
15.869533000 0.923934741 -2.311189093 2.699354819 -0.033525786 0.104827327 0.061928243 0.991994025
15.970106000 0.891639447 -2.293501880 2.702001149 -0.036451393 0.113831894 0.065656852 0.990657748
16.070691000 0.853995213 -2.268233186 2.705556850 -0.038808531 0.119480258 0.069691086 0.989626959
16.171177000 0.811471998 -2.244049500 2.694731976 -0.036613919 0.125256300 0.063893737 0.989387624
16.271372000 0.765801431 -2.223101960 2.675058597 -0.027748571 0.130995206 0.053049583 0.989573653
16.371544000 0.718759791 -2.208586048 2.651222353 -0.019778188 0.134552037 0.046750141 0.989605475
16.471676000 0.670080705 -2.198566487 2.625687074 -0.015189429 0.136699065 0.044413169 0.989499933
16.571591000 0.623672014 -2.194859845 2.599169879 -0.013160815 0.138263660 0.043511637 0.989351652
16.671364000 0.577542388 -2.192843542 2.571635257 -0.011624069 0.139580657 0.042926992 0.989211501
16.771007000 0.529777949 -2.197958876 2.537982321 -0.007146864 0.140737649 0.043848743 0.989049606
16.870416000 0.486006151 -2.205941688 2.508586938 -0.005137703 0.142135672 0.045591019 0.988783350
16.969794000 0.440980905 -2.215975642 2.484020456 -0.004778090 0.143627801 0.047480058 0.988480586
17.069148000 0.394597574 -2.229942567 2.458814787 -0.005080130 0.145726162 0.049078626 0.988093805
17.168755000 0.346848508 -2.244168938 2.432402033 -0.005385975 0.148221431 0.050508475 0.987648871
17.268414000 0.299263371 -2.259129164 2.410754280 -0.006001188 0.151222959 0.050825065 0.987173954
17.368390000 0.251756713 -2.275655333 2.386511018 -0.006809267 0.152830544 0.053012889 0.986806005
17.468515000 0.208215615 -2.291111094 2.378611937 -0.010286483 0.145113338 0.071738002 0.986757299
17.568853000 0.187575746 -2.314830607 2.435532145 -0.010057277 0.140853256 0.072861115 0.987294520
17.669235000 0.120156989 -2.321480612 2.414778680 -0.009181407 0.137272588 0.063361189 0.988462087
17.769574000 0.043105699 -2.330124562 2.416925041 -0.009118830 0.134102706 0.052998907 0.989507164
17.869891000 -0.022530451 -2.338500707 2.401950202 -0.007910661 0.130839458 0.047210810 0.990247240
17.970157000 -0.077747609 -2.337084207 2.387337672 -0.008708050 0.124873676 0.043241347 0.991191667
18.070463000 -0.144384217 -2.340117831 2.371899004 -0.007358364 0.117065632 0.032631576 0.992560664
18.170873000 -0.214646745 -2.356841449 2.357458719 -0.024291100 0.113772902 -0.002399756 0.993206882
18.271137000 -0.271943994 -2.362870879 2.343879012 -0.051353594 0.112288804 -0.044904804 0.991331222
18.371118000 -0.310440541 -2.360444794 2.331493007 -0.057962291 0.105825318 -0.062702504 0.990711750
18.470790000 -0.328069182 -2.357923571 2.306381268 -0.055828886 0.093923391 -0.058624506 0.992282570
18.570396000 -0.328122762 -2.358918853 2.273573757 -0.052938934 0.080523779 -0.049610443 0.994108744
18.670004000 -0.316240717 -2.359568430 2.235335667 -0.045195309 0.069075086 -0.035280837 0.995962489
18.769538000 -0.288723434 -2.361530918 2.185959930 -0.029459315 0.058783693 -0.010954965 0.997775834
18.869150000 -0.260730204 -2.371532633 2.132241809 -0.015134229 0.051594506 0.007969683 0.998521630
18.968958000 -0.236311799 -2.383178944 2.078643712 -0.011980726 0.048706818 0.015039868 0.998628014
19.068969000 -0.212220436 -2.397977626 2.022841998 -0.007349612 0.047985166 0.019571191 0.998629248
19.169051000 -0.188796729 -2.415454488 1.986345083 -0.007176556 0.048835539 0.021182618 0.998556400
19.269261000 -0.166517423 -2.431352048 1.946577641 -0.006692308 0.050307347 0.022857631 0.998449755
19.369589000 -0.170199630 -2.440537631 1.939216340 -0.006787347 0.051544292 0.023925977 0.998360990
19.469752000 -0.148560899 -2.443188983 1.897623321 0.006669881 0.053116424 0.024728658 0.998259812
19.569611000 -0.128310523 -2.438316919 1.858662462 0.026730613 0.054135113 0.025943395 0.997838566
19.669091000 -0.114211001 -2.432813100 1.832279930 0.037019811 0.054992767 0.026555883 0.997446798
19.768578000 -0.103430402 -2.422171177 1.819340357 0.042653429 0.056587054 0.021437744 0.997255741
19.868147000 -0.095198353 -2.417931575 1.815537167 0.039688196 0.061094948 0.005564197 0.997327075
19.967863000 -0.085990975 -2.419602829 1.825060748 0.023777121 0.067107717 -0.016495784 0.997325971
