5.065643000 0.011366000 -0.014793000 0.000026000 -0.000193000 -0.001197000 -0.000721000 0.999999005
5.165951000 0.011366000 -0.014793000 0.000026000 -0.000193000 -0.001197000 -0.000721000 0.999999005
5.266121000 0.011366000 -0.014793000 0.000026000 -0.000193000 -0.001197000 -0.000721000 0.999999005
5.366190000 0.011366000 -0.014793000 0.000026000 -0.000193000 -0.001197000 -0.000721000 0.999999005
5.466203000 0.011366000 -0.014793000 0.000026000 -0.000193000 -0.001197000 -0.000721000 0.999999005
5.566125000 0.013031971 -0.026837588 0.028607113 0.000356940 -0.004451244 -0.001635356 0.999988692
5.666080000 0.009986335 -0.034822557 0.036124549 0.000928241 -0.012816524 -0.002997467 0.999912941
5.766098000 0.013377688 -0.034221826 0.037975965 0.001682386 -0.021222116 -0.005185830 0.999759920
5.866079000 0.009770255 -0.038875772 0.051028391 0.001495564 -0.027684305 -0.007077798 0.999590540
5.966076000 0.006116118 -0.043318527 0.056854750 0.001293995 -0.035710392 -0.009511739 0.999316076
6.066371000 0.004523467 -0.049038814 0.060162277 0.002916716 -0.043155084 -0.011588372 0.998996917
6.167130000 0.002688325 -0.068417926 0.075480324 0.005653710 -0.048838604 -0.014539611 0.998684848
6.267914000 0.000709764 -0.073240972 0.082383700 0.008060482 -0.050580779 -0.011196441 0.998624681
6.368629000 0.016274604 -0.108328202 0.159506325 0.005377283 -0.052273368 -0.014138628 0.998518242
6.469516000 0.009167362 -0.128544555 0.171165203 0.004116075 -0.053192007 -0.016417220 0.998440856
6.570368000 0.005362324 -0.156350227 0.190096253 0.002605617 -0.051491091 -0.023408086 0.998395683
6.670993000 -0.000979943 -0.195892704 0.198945658 -0.000377614 -0.046571670 -0.037973149 0.998192856
6.771279000 -0.002199019 -0.241358571 0.209659217 -0.003124676 -0.043059170 -0.042923378 0.998145144
6.871285000 0.001330191 -0.282724465 0.209880086 -0.000957591 -0.044077152 -0.026922140 0.998664852
6.971115000 0.012701861 -0.330488117 0.239982043 -0.000108620 -0.044698326 -0.016651087 0.998861747
7.070994000 0.020100409 -0.377035851 0.256528647 -0.000343172 -0.044943165 -0.013493883 0.998898348
7.171136000 0.027102626 -0.418705899 0.271060831 -0.001611437 -0.045129218 -0.011367892 0.998915176
7.271368000 0.029597346 -0.462719884 0.285035473 -0.001124235 -0.044854398 -0.012482119 0.998914919
7.371613000 0.033108894 -0.508430154 0.306671604 -0.003260628 -0.044285568 -0.012750631 0.998932219
7.471789000 0.034456843 -0.559828206 0.324005454 -0.031059354 -0.044052079 -0.011719321 0.998477535
7.571761000 0.032097011 -0.600717196 0.341573639 -0.055925807 -0.043642414 -0.012502698 0.997402289
7.671541000 0.023224378 -0.616555950 0.330401915 -0.061667771 -0.041947134 -0.017531166 0.997060772
7.771162000 0.021201825 -0.643516353 0.328453801 -0.052765290 -0.041869998 -0.017802325 0.997569950
7.870738000 0.020280931 -0.665845675 0.318357514 -0.041303483 -0.042351666 -0.014138808 0.998148512
7.970470000 0.017887079 -0.687260004 0.299851405 -0.029962957 -0.042209995 -0.011820678 0.998589410
8.070540000 0.014097672 -0.707030704 0.273657500 -0.015043697 -0.041567094 -0.010787255 0.998964213
8.170917000 0.008090625 -0.728697077 0.252306167 -0.006567533 -0.041202258 -0.010564734 0.999073385
8.271215000 0.006534758 -0.740367107 0.245970329 -0.005409154 -0.041063581 -0.010455172 0.999087190
8.371414000 0.000459533 -0.759216053 0.226455689 -0.002443802 -0.039641599 -0.014955971 0.999099039
8.471664000 -0.006143638 -0.786157020 0.196033507 0.008587972 -0.036416339 -0.026259927 0.998954710
8.571804000 -0.010624527 -0.808171922 0.176456455 0.015886821 -0.034628584 -0.033731779 0.998704479
8.671731000 -0.004199780 -0.844891936 0.159266928 0.017632630 -0.033864166 -0.034484462 0.998675688
8.771611000 0.003703340 -0.878808479 0.161186967 0.017807129 -0.036970604 -0.022564626 0.998902857
8.871588000 0.015454368 -0.914150062 0.169713363 0.016301333 -0.039592800 -0.014971966 0.998970729
8.971692000 0.027322124 -0.952647105 0.184924863 0.014991614 -0.040817696 -0.011314888 0.998990060
9.071848000 0.034741421 -0.994310415 0.195747750 0.009080618 -0.041699481 -0.010065310 0.999038230
9.171938000 0.038403999 -1.039985431 0.204405943 0.009248658 -0.042129214 -0.009887767 0.999020432
9.271789000 0.044050601 -1.085899499 0.221113552 0.009651568 -0.042110644 -0.010164920 0.999014622
9.371429000 0.047230959 -1.133721333 0.241783427 0.013290003 -0.041854687 -0.011059275 0.998974100
9.471095000 0.052561594 -1.184166695 0.264820322 0.014760764 -0.041960486 -0.010210637 0.998958047
9.570960000 0.056004684 -1.236259393 0.294249920 0.008892177 -0.041910177 -0.010351122 0.999028188
9.670957000 0.054413343 -1.285982268 0.327413498 0.004272555 -0.042082320 -0.010246718 0.999052465
9.770914000 0.055683219 -1.338050376 0.357724054 0.004163427 -0.041919478 -0.010232116 0.999059922
9.870697000 0.054326073 -1.386817890 0.394341363 0.001379544 -0.040330987 -0.015081572 0.999071596
9.970450000 0.053931552 -1.437387210 0.434121810 -0.000673978 -0.037792622 -0.024211834 0.998992017
10.070385000 0.053594262 -1.483900318 0.476945834 -0.005309977 -0.031180780 -0.044751217 0.998497317
10.170543000 0.060356983 -1.527937346 0.520338434 -0.009398366 -0.022732684 -0.071877749 0.997110067
10.270761000 0.078821226 -1.554984957 0.560275458 -0.010782781 -0.015426709 -0.090486366 0.995719823
10.370965000 0.113688536 -1.575241032 0.610571635 -0.011686269 -0.013389607 -0.082069457 0.996468140
10.471059000 0.159032487 -1.589478215 0.649052047 -0.009650036 -0.012133838 -0.065151799 0.997754925
10.570878000 0.215181746 -1.597933092 0.697163213 -0.007898918 -0.013976868 -0.040506017 0.999050307
10.670534000 0.274891417 -1.600341310 0.745519028 -0.008612852 -0.019606556 -0.016559417 0.999633527
10.770210000 0.333613817 -1.602993943 0.802078042 -0.008460349 -0.023763104 -0.006778862 0.999658834
10.869948000 0.394179006 -1.606228960 0.847535734 -0.008428296 -0.028045022 -0.003957891 0.999563292
10.969808000 0.449051964 -1.615239781 0.893983539 -0.008344646 -0.032750983 -0.004191680 0.999419917
11.069763000 0.501324024 -1.626269895 0.941118077 -0.007730734 -0.037181547 -0.005505601 0.999263457
11.169931000 0.550849381 -1.640389561 0.987782866 -0.007640014 -0.041160568 -0.006899333 0.999099513
11.269947000 0.597918093 -1.659816259 1.031859308 -0.007225135 -0.044108654 -0.007770780 0.998970389
11.369887000 0.642654010 -1.681200278 1.074655416 -0.007080910 -0.044877900 -0.008511305 0.998931125
11.469670000 0.684397110 -1.699725074 1.117389697 -0.007304495 -0.044343032 -0.008706507 0.998951719
11.569473000 0.725507474 -1.723691962 1.160404767 -0.007278538 -0.042890298 -0.006818740 0.999030005
11.669295000 0.765098900 -1.741245332 1.205039324 -0.011177887 -0.044345854 0.011536056 0.998887090
11.769154000 0.796164535 -1.754460710 1.252329975 -0.011987832 -0.039447322 0.012673279 0.999069361
11.869126000 0.823902056 -1.767164536 1.293418860 -0.010429986 -0.031491704 0.007802749 0.999419134
11.969080000 0.847721274 -1.775229213 1.338644999 -0.008209236 -0.022809937 0.002823814 0.999702126
12.069056000 0.868975187 -1.778023453 1.389665990 -0.007618517 -0.015283610 0.000707380 0.999853924
12.169159000 0.889278589 -1.778700111 1.437564029 -0.014086752 -0.009578370 0.001569724 0.999853666
12.269086000 0.908964475 -1.778141384 1.491184596 -0.025159015 -0.006020760 0.001269814 0.999664525
12.369185000 0.924115762 -1.774922623 1.531415815 -0.034439938 -0.004330748 0.002064740 0.999395253
12.469487000 0.940695751 -1.773132655 1.568933271 -0.024043974 -0.004008527 0.001576970 0.999701622
12.569817000 0.955061280 -1.774381327 1.600243592 -0.014796376 -0.004255446 0.001535451 0.999880293
12.670282000 0.968385268 -1.779609886 1.617690712 -0.009773348 -0.004656262 0.000874227 0.999941017
12.770842000 0.976225968 -1.810217440 1.610642480 -0.007786081 -0.005356423 0.001311396 0.999954482
12.871327000 0.987811186 -1.827177447 1.632590335 -0.008810606 -0.006475268 0.000874539 0.999939838
12.971634000 1.000138169 -1.847626512 1.664263133 -0.008055458 -0.007095639 0.000806246 0.999942054
13.071809000 1.015308446 -1.865830896 1.702579137 -0.008221318 -0.008359324 0.000742487 0.999930988
13.171960000 1.021304941 -1.886288580 1.728534496 -0.007788727 -0.010182647 0.000115334 0.999917815
13.271925000 1.027276909 -1.907466141 1.765234451 -0.008059413 -0.010020275 -0.008915938 0.999877565
13.371883000 1.059195146 -1.937106022 1.870758593 -0.007292126 -0.008842787 -0.015668024 0.999811554
13.471768000 1.071097673 -1.957098712 1.909606351 -0.005606360 -0.011334315 -0.006629653 0.999898070
13.571604000 1.082144644 -1.977718568 1.943018289 -0.005962846 -0.012097050 -0.002768010 0.999905217
13.671390000 1.090639540 -1.999194112 1.974644717 -0.004800960 -0.012040127 -0.000333767 0.999915934
13.771060000 1.094849002 -2.022454158 2.009320739 -0.005242981 -0.011186974 0.000998364 0.999923180
13.870733000 1.110481062 -2.049730276 2.098140889 -0.003323430 -0.009540029 0.001419833 0.999947962
13.970369000 1.110520982 -2.071263066 2.118799831 0.002698972 -0.007714506 0.002493668 0.999963491
14.070028000 1.111210340 -2.094573406 2.144741052 0.006909551 -0.004616853 0.002362937 0.999962679
14.169973000 1.112843997 -2.118155508 2.183938061 0.008481796 -0.001208865 0.003731379 0.999956336
14.270000000 1.112227607 -2.142183923 2.227439895 0.004446671 0.003025156 0.005283796 0.999971578
14.370138000 1.111941209 -2.162985091 2.272074425 -0.002590399 0.008823595 0.007300628 0.999931065
14.470316000 1.108843684 -2.179946406 2.315196954 -0.004975577 0.015198910 0.008158272 0.999838827
14.570361000 1.105640591 -2.193002714 2.368620762 -0.007482818 0.022208783 0.010985770 0.999664989
14.670168000 1.100106574 -2.202898470 2.417025915 -0.007713168 0.029567467 0.014180509 0.999432431
14.769977000 1.093530208 -2.210683333 2.459814723 -0.008264332 0.037761947 0.015694045 0.999129338
14.869916000 1.087396197 -2.222148581 2.512330701 -0.013302778 0.044878329 0.017711375 0.998746854
14.970099000 1.078461858 -2.232911767 2.558571939 -0.026411042 0.050662044 0.018223698 0.998200236
15.070584000 1.069661839 -2.248777073 2.598375244 -0.034464914 0.054614232 0.019149455 0.997728798
15.171197000 1.060247620 -2.265952033 2.629330578 -0.039343487 0.057614370 0.019422295 0.997374277
15.271608000 1.050857766 -2.285748571 2.653249320 -0.041493132 0.062064985 0.018991733 0.997028371
15.371633000 1.042618146 -2.305862707 2.672101432 -0.039721361 0.066520935 0.025519086 0.996667424
15.471121000 1.032759656 -2.320768249 2.678754500 -0.034924148 0.068788573 0.044153366 0.996041624
15.570258000 1.017398185 -2.335004755 2.685901947 -0.030132069 0.075598740 0.050173620 0.995419257
15.669549000 0.998646272 -2.340267629 2.687922989 -0.029677414 0.084057152 0.055297510 0.994482696
15.769314000 0.972923264 -2.338399524 2.692542902 -0.032274227 0.093531432 0.058253915 0.993386494
15.869533000 0.945091797 -2.325684069 2.696265135 -0.033718660 0.103603682 0.061273316 0.992156696
15.970106000 0.912777468 -2.308044477 2.698995621 -0.036646035 0.112607010 0.065008124 0.990833323
16.070691000 0.875105469 -2.282831478 2.702651218 -0.039002215 0.118254124 0.069047009 0.989811750
16.171177000 0.832521640 -2.258704998 2.691937541 -0.036818663 0.124033148 0.063248326 0.989575572
16.271372000 0.786773951 -2.237815799 2.672381665 -0.027970478 0.129780311 0.052394545 0.989762363
16.371544000 0.739654499 -2.223358599 2.648663723 -0.020010214 0.133344063 0.046086232 0.989795439
16.471676000 0.690900021 -2.213399454 2.623248928 -0.015425785 0.135494974 0.043744260 0.989691668
16.571591000 0.644422679 -2.209749569 2.596844338 -0.013399351 0.137061382 0.042840710 0.989545001
16.671364000 0.598224401 -2.207789228 2.569421000 -0.011864229 0.138379766 0.042254581 0.989406302
16.771007000 0.550386948 -2.212960523 2.535880514 -0.007386728 0.139540001 0.043171312 0.989247321
16.870416000 0.506556448 -2.220995169 2.506586900 -0.005376440 0.140939454 0.044911643 0.988984382
16.969794000 0.461487023 -2.231084619 2.482124377 -0.005015584 0.142431838 0.046800756 0.988684836
17.069148000 0.415063658 -2.245108748 2.457024396 -0.005317148 0.144530134 0.048400368 0.988301661
17.168755000 0.367272047 -2.259393830 2.430720502 -0.005622995 0.147025436 0.049831384 0.987860687
17.268414000 0.319656830 -2.274414360 2.409180917 -0.006239901 0.150027025 0.050149631 0.987389472
17.368390000 0.272116136 -2.290999721 2.385045036 -0.007046448 0.151634044 0.052338996 0.987024870
17.468515000 0.228578576 -2.306515236 2.377244211 -0.010495673 0.143910783 0.071066798 0.986979755
17.568853000 0.208109262 -2.330286368 2.434204461 -0.010262155 0.139650011 0.072188426 0.987512731
17.669235000 0.140650665 -2.337025639 2.413609860 -0.009395301 0.136070414 0.062685929 0.988669331
17.769574000 0.063617276 -2.345781548 2.415937303 -0.009343044 0.132901329 0.052322217 0.989703152
17.869891000 -0.002042397 -2.354246607 2.401116375 -0.008139595 0.129639187 0.046531516 0.990435382
17.970157000 -0.057296368 -2.352904142 2.386636611 -0.008937615 0.123672471 0.042561179 0.991369651
18.070463000 -0.123965307 -2.356027950 2.371356322 -0.007595265 0.115865817 0.031947309 0.992721912
18.170873000 -0.194238027 -2.372847352 2.357077784 -0.024567668 0.112566869 -0.003064821 0.993335662
18.271137000 -0.251558874 -2.378954206 2.343632933 -0.051679581 0.111073709 -0.045536367 0.991422358
18.371118000 -0.290088424 -2.376578893 2.331340055 -0.058304796 0.104609641 -0.063326940 0.990781042
18.470790000 -0.307780755 -2.374073452 2.306271565 -0.056158233 0.092706597 -0.059254929 0.992340966
18.570396000 -0.307911450 -2.375056203 2.273463893 -0.053248186 0.079305157 -0.050248237 0.994158155
18.670004000 -0.296120068 -2.375673946 2.235197221 -0.045479519 0.067857074 -0.035931461 0.996010021
18.769538000 -0.268718282 -2.377577766 2.185755000 -0.029707353 0.057570171 -0.011627742 0.997831621
18.869150000 -0.240839360 -2.387518448 2.131966151 -0.015354589 0.050386774 0.007277814 0.998585221
18.968958000 -0.216532590 -2.399108927 2.078305245 -0.012190564 0.047499871 0.014343584 0.998693854
19.068969000 -0.192553593 -2.413851399 2.022440289 -0.007553511 0.046780683 0.018869218 0.998698385
19.169051000 -0.169192168 -2.431280428 1.985880636 -0.007379125 0.047630956 0.020480653 0.998627750
19.269261000 -0.146985246 -2.447130552 1.946053816 -0.006893913 0.049102916 0.022155446 0.998524168
19.369589000 -0.150671822 -2.456318608 1.938697789 -0.006988548 0.050339691 0.023224207 0.998437635
19.469752000 -0.129128939 -2.458922761 1.897052068 0.006468513 0.051921490 0.024011156 0.998341515
19.569611000 -0.108978948 -2.454006520 1.858044739 0.026530026 0.052954912 0.025202379 0.997926237
19.669091000 -0.094950582 -2.448472231 1.831630668 0.036819405 0.053820334 0.025802998 0.997537923
19.768578000 -0.084216347 -2.437809797 1.818669453 0.042445778 0.055419898 0.020678566 0.997346172
19.868147000 -0.075999548 -2.433556864 1.814848213 0.039458283 0.059928628 0.004809403 0.997410885
19.967863000 -0.066766994 -2.435218494 1.824349078 0.023516483 0.065934178 -0.017230349 0.997398002
