5.065643000 -0.011878056 -0.019074449 -0.077754322 -0.010499669 0.016358720 -0.005218574 0.999797437
5.165951000 -0.011878056 -0.019074449 -0.077754322 -0.010499669 0.016358720 -0.005218574 0.999797437
5.266121000 -0.011878056 -0.019074449 -0.077754322 -0.010499669 0.016358720 -0.005218574 0.999797437
5.366190000 -0.011878056 -0.019074449 -0.077754322 -0.010499669 0.016358720 -0.005218574 0.999797437
5.466203000 -0.011878056 -0.019074449 -0.077754322 -0.010499669 0.016358720 -0.005218574 0.999797437
5.566125000 -0.011132413 -0.031188158 -0.050526985 -0.009919110 0.013116908 -0.006156633 0.999845815
5.666080000 -0.014234581 -0.039024995 -0.043577974 -0.009285754 0.004768741 -0.007594452 0.999916676
5.766098000 -0.011049437 -0.038457563 -0.041676228 -0.008454117 -0.003611735 -0.009855205 0.999909175
5.866079000 -0.014906159 -0.043213411 -0.029372899 -0.008576984 -0.010056796 -0.011816001 0.999842827
5.966076000 -0.018566850 -0.047622736 -0.023996445 -0.008696990 -0.018061728 -0.014334588 0.999696282
6.066371000 -0.020154295 -0.053190558 -0.020990942 -0.007001516 -0.025481689 -0.016457726 0.999515285
6.167130000 -0.022255503 -0.072105875 -0.006744688 -0.004184631 -0.031126712 -0.019417575 0.999318055
6.267914000 -0.024341892 -0.076887765 -0.000286327 -0.001828621 -0.032893294 -0.016050613 0.999328307
6.368629000 -0.011689837 -0.111965409 0.073506220 -0.004450919 -0.034569032 -0.019056246 0.999210704
6.469516000 -0.018717213 -0.131654521 0.084049022 -0.005666950 -0.035470957 -0.021365614 0.999126222
6.570368000 -0.022753731 -0.158743554 0.101527765 -0.007061555 -0.033705795 -0.028363704 0.999004281
6.670993000 -0.028780087 -0.196913765 0.109022239 -0.009808492 -0.028653992 -0.042926252 0.998619086
6.771279000 -0.029902304 -0.240762431 0.118360868 -0.012483336 -0.025104296 -0.047887133 0.998459195
6.871285000 -0.026154607 -0.280428477 0.117878463 -0.010598330 -0.026268432 -0.031864183 0.999090746
6.971115000 -0.015831483 -0.326765048 0.146189600 -0.009929038 -0.026988256 -0.021587760 0.999353299
7.070994000 -0.008874624 -0.371697101 0.161391554 -0.010218224 -0.027266048 -0.018438051 0.999405918
7.171136000 -0.002273883 -0.411912044 0.174744303 -0.011522863 -0.027479400 -0.016336775 0.999422441
7.271368000 0.000043339 -0.454402078 0.187364105 -0.011017442 -0.027190957 -0.017439371 0.999417398
7.371613000 0.003093660 -0.498664273 0.207331888 -0.013151386 -0.026628750 -0.017739520 0.999401451
7.471789000 0.004264243 -0.548315884 0.222989094 -0.040958520 -0.026538533 -0.017191823 0.998660376
7.571761000 0.001776708 -0.587919282 0.238952456 -0.065796556 -0.026251189 -0.018402360 0.997317924
7.671541000 -0.006216207 -0.602966827 0.227628273 -0.071453100 -0.024536089 -0.023511466 0.996864909
7.771162000 -0.007849368 -0.628813256 0.225161708 -0.062553398 -0.024407333 -0.023627822 0.997463323
7.870738000 -0.008193664 -0.650044372 0.215009696 -0.051162188 -0.024865196 -0.019771526 0.998184972
7.970470000 -0.009676413 -0.670241802 0.196761324 -0.039869994 -0.024688925 -0.017255399 0.998750766
8.070540000 -0.012254148 -0.688720195 0.171125920 -0.024978864 -0.023983388 -0.015955427 0.999272875
8.170917000 -0.017104554 -0.709132480 0.150022153 -0.016511210 -0.023581023 -0.015580930 0.999464131
8.271215000 -0.018279564 -0.720216274 0.143664384 -0.015355770 -0.023438073 -0.015449693 0.999487951
8.371414000 -0.023282266 -0.737962457 0.124375014 -0.012318574 -0.021956432 -0.019882846 0.999485288
8.471664000 -0.028352543 -0.763259560 0.094448896 -0.001103790 -0.018568251 -0.030956803 0.999347626
8.571804000 -0.031795660 -0.784029087 0.075091258 0.006319166 -0.016675418 -0.038279365 0.999107947
8.671731000 -0.024727582 -0.818865894 0.058102243 0.008074675 -0.015896075 -0.038993225 0.999080399
8.771611000 -0.016908527 -0.851382078 0.059543428 0.008051534 -0.019120138 -0.027106010 0.999417259
8.871588000 -0.005608021 -0.885365730 0.067421702 0.006423874 -0.021825714 -0.019568803 0.999549616
8.971692000 0.005608133 -0.922509566 0.081652566 0.005055553 -0.023093634 -0.015948237 0.999593307
9.071848000 0.012733434 -0.962640547 0.091462493 -0.000872633 -0.024013776 -0.014811982 0.999601512
9.171938000 0.016364209 -1.006608565 0.098990850 -0.000705635 -0.024444808 -0.014635886 0.999593790
9.271789000 0.021629666 -1.050950286 0.114300502 -0.000297972 -0.024421677 -0.014905690 0.999590573
9.371429000 0.024413688 -1.097221979 0.133288989 0.003354638 -0.024140945 -0.015733177 0.999579126
9.471095000 0.029204052 -1.146040469 0.154568355 0.004810827 -0.024249173 -0.014859933 0.999583921
9.570960000 0.031984057 -1.196582795 0.181881889 -0.001054969 -0.024222497 -0.015103170 0.999591943
9.670957000 0.029788819 -1.244967365 0.212652734 -0.005674898 -0.024415959 -0.015081744 0.999572007
9.770914000 0.030454644 -1.295521622 0.240738167 -0.005785066 -0.024253661 -0.015067412 0.999575543
9.870697000 0.028359470 -1.343056540 0.274847666 -0.008490482 -0.022627719 -0.019948319 0.999508861
9.970450000 0.027097446 -1.392375505 0.311987540 -0.010393886 -0.020006238 -0.029086069 0.999322630
10.070385000 0.025751783 -1.437862809 0.352127746 -0.014692960 -0.013213229 -0.049631862 0.998572083
10.170543000 0.031174613 -1.480927054 0.393101620 -0.018327961 -0.004529564 -0.076730803 0.996873088
10.270761000 0.047784612 -1.507524307 0.431490946 -0.019403906 0.002936349 -0.095278007 0.995257237
10.370965000 0.079718361 -1.527676488 0.480501619 -0.020471762 0.004895189 -0.086861104 0.995998039
10.471059000 0.122043459 -1.541731144 0.518653650 -0.018751771 0.006007723 -0.069904191 0.997359355
10.570878000 0.174356890 -1.550340747 0.566519666 -0.017438654 0.003941214 -0.045257871 0.998815341
10.670534000 0.230022848 -1.553124051 0.614859408 -0.018553459 -0.001927458 -0.021389743 0.999597185
10.770210000 0.284468547 -1.556313797 0.671027482 -0.018554259 -0.006182957 -0.011651666 0.999740841
10.869948000 0.341059791 -1.559825497 0.716600693 -0.018551540 -0.010494603 -0.008874528 0.999733438
10.969808000 0.392209945 -1.568945856 0.762817599 -0.018441233 -0.015199268 -0.009154743 0.999672493
11.069763000 0.440860535 -1.580038912 0.809565520 -0.017782923 -0.019615298 -0.010502648 0.999594269
11.169931000 0.486920139 -1.594109700 0.855709478 -0.017648238 -0.023581535 -0.011934832 0.999494878
11.269947000 0.530757964 -1.613241208 0.899184031 -0.017203610 -0.026520389 -0.012828669 0.999417896
11.369887000 0.572418885 -1.634244468 0.941313547 -0.017042567 -0.027281864 -0.013574269 0.999390309
11.469670000 0.611185828 -1.652527756 0.983338938 -0.017265289 -0.026745738 -0.013767921 0.999398329
11.569473000 0.649385175 -1.676043584 1.025505220 -0.017279785 -0.025311321 -0.011865461 0.999459833
11.669295000 0.686015888 -1.693450482 1.069299331 -0.021492394 -0.026976053 0.006402529 0.999384499
11.769154000 0.714341325 -1.706818454 1.115437921 -0.022345956 -0.022090759 0.007575050 0.999477501
11.869126000 0.739678440 -1.719599239 1.155526994 -0.020742245 -0.014073463 0.002813489 0.999681840
11.969080000 0.761076959 -1.728043680 1.199542407 -0.018476436 -0.005327257 -0.002037024 0.999813029
12.069056000 0.779773238 -1.731567979 1.249131817 -0.017884005 0.002224597 -0.004065604 0.999829328
12.169159000 0.797643811 -1.733005943 1.295736008 -0.024391535 0.007890699 -0.003258051 0.999666032
12.269086000 0.814718845 -1.733377898 1.347831268 -0.035470121 0.011397687 -0.003714623 0.999298837
12.369185000 0.827870591 -1.730967645 1.386985974 -0.044767771 0.013032802 -0.003064084 0.998907706
12.469487000 0.842496570 -1.729862354 1.423558458 -0.034370114 0.013411960 -0.003367357 0.999313502
12.569817000 0.855234305 -1.731567004 1.454044075 -0.025124535 0.013210106 -0.003249932 0.999591761
12.670282000 0.867474343 -1.736822192 1.471122122 -0.020089826 0.012839783 -0.003827274 0.999708403
12.770842000 0.875505152 -1.765984849 1.464026123 -0.018107664 0.012144404 -0.003362615 0.999756630
12.871327000 0.886031317 -1.782600623 1.485130770 -0.019119133 0.011025464 -0.003828843 0.999749087
12.971634000 0.896973495 -1.802752201 1.515517613 -0.018360194 0.010409356 -0.003890284 0.999769681
13.071809000 0.910399503 -1.820859160 1.552415116 -0.018519121 0.009145667 -0.003969937 0.999778795
13.171960000 0.915462115 -1.840957107 1.577105281 -0.018067310 0.007330923 -0.004608128 0.999799277
13.271925000 0.920146747 -1.861960497 1.612084015 -0.018179760 0.007584585 -0.013640331 0.999712915
13.371883000 0.947480915 -1.892243447 1.713771562 -0.017298744 0.008833811 -0.020365031 0.999603913
13.471768000 0.957770908 -1.912103880 1.751033488 -0.015761684 0.006258580 -0.011325153 0.999792049
13.571604000 0.967428516 -1.932464618 1.783041502 -0.016182516 0.005454668 -0.007478513 0.999826207
13.671390000 0.974706014 -1.953631810 1.813234299 -0.015063967 0.005491841 -0.005023869 0.999858829
13.771060000 0.977786812 -1.976607493 1.846171716 -0.015533167 0.006329201 -0.003691009 0.999852508
13.870733000 0.990040530 -2.004423324 1.931337488 -0.013629068 0.007980474 -0.003219053 0.999870091
13.970369000 0.989577606 -2.025496261 1.950726370 -0.007635161 0.009821778 -0.002020986 0.999920573
14.070028000 0.989576051 -2.048374864 1.975167682 -0.003437078 0.012938966 -0.002045811 0.999908288
14.169973000 0.990037374 -2.071771082 2.012347200 -0.001904399 0.016339020 -0.000614860 0.999864507
14.270000000 0.988200038 -2.095700056 2.053570087 -0.005985024 0.020538275 0.000910054 0.999770739
14.370138000 0.986612275 -2.116552363 2.095953775 -0.013081528 0.026282378 0.002863003 0.999564862
14.470316000 0.982344734 -2.133713328 2.136868108 -0.015508860 0.032635144 0.003744841 0.999339982
14.570361000 0.977594985 -2.147333956 2.187734092 -0.018094800 0.039600012 0.006600879 0.999029952
14.670168000 0.970749892 -2.157841060 2.233770866 -0.018411744 0.046918998 0.009867900 0.998680249
14.769977000 0.963074820 -2.166219227 2.274428144 -0.019022947 0.055088281 0.011457399 0.998234510
14.869916000 0.955530229 -2.178319291 2.324355881 -0.024123646 0.062152994 0.013461061 0.997684246
14.970099000 0.945504272 -2.189643562 2.368185691 -0.037258330 0.067861818 0.013805402 0.996903206
15.070584000 0.935869046 -2.205733698 2.405746045 -0.045339544 0.071759218 0.014632539 0.996283508
15.171197000 0.925953643 -2.222908873 2.434775127 -0.050231631 0.074727800 0.014852272 0.995827269
15.271608000 0.916321422 -2.242458778 2.457005730 -0.052389629 0.079166188 0.014431581 0.995379210
15.371633000 0.907965435 -2.262202771 2.474410273 -0.050749036 0.083555383 0.021036232 0.994987693
15.471121000 0.898419901 -2.276718902 2.480164272 -0.046283579 0.085640653 0.039776866 0.994455283
15.570258000 0.883573765 -2.290648379 2.486219694 -0.041622288 0.092397739 0.045953009 0.993790000
15.669549000 0.865567680 -2.295893250 2.487421105 -0.041285891 0.100787012 0.051175293 0.992732866
15.769314000 0.840724382 -2.294405336 2.491019536 -0.043965167 0.110197832 0.054188217 0.991457079
15.869533000 0.813791902 -2.282508820 2.493899230 -0.045494720 0.120208663 0.057291118 0.990049411
15.970106000 0.782549074 -2.265904771 2.495773340 -0.048513690 0.129135129 0.061072631 0.988554841
16.070691000 0.746068758 -2.242096692 2.498502593 -0.050954999 0.134710828 0.065132173 0.987428165
16.171177000 0.705369790 -2.219084791 2.487265181 -0.048693624 0.140554108 0.059433795 0.987087178
16.271372000 0.661962276 -2.199028655 2.467378038 -0.039684577 0.146455019 0.048796149 0.987215781
16.371544000 0.617436439 -2.185072279 2.443326882 -0.031631654 0.150119386 0.042665548 0.987240224
16.471676000 0.571439667 -2.175411423 2.417504870 -0.027015691 0.152312737 0.040427210 0.987135565
16.571591000 0.527716646 -2.171765776 2.390686524 -0.024979348 0.153894641 0.039576247 0.986978314
16.671364000 0.484310619 -2.169718611 2.362867449 -0.023438750 0.155223237 0.039031419 0.986829732
16.771007000 0.439601720 -2.174405684 2.328986745 -0.018981869 0.156391033 0.040039218 0.986700762
16.870416000 0.398618937 -2.181891873 2.299257585 -0.017006116 0.157776609 0.041830076 0.986441878
16.969794000 0.356303998 -2.191456334 2.274078973 -0.016682086 0.159245525 0.043741862 0.986128399
17.069148000 0.312747093 -2.204794586 2.248165982 -0.017017105 0.161318773 0.045359216 0.985712541
17.168755000 0.267920652 -2.218370479 2.221047165 -0.017354629 0.163789649 0.046812294 0.985231129
17.268414000 0.223109949 -2.232745702 2.198488588 -0.017985573 0.166776265 0.047152749 0.984702399
17.368390000 0.178471931 -2.248569937 2.173412034 -0.018833804 0.168350317 0.049345710 0.984311160
17.468515000 0.137115140 -2.263660738 2.164156222 -0.022575851 0.160419124 0.067929373 0.984449915
17.568853000 0.115782151 -2.287775401 2.217619779 -0.022348473 0.156158097 0.069008475 0.985064985
17.669235000 0.051833451 -2.294387362 2.195460188 -0.021310947 0.152701571 0.059481113 0.986250511
17.769574000 -0.022050483 -2.303470958 2.194918775 -0.021073300 0.149658554 0.049083217 0.987293812
17.869891000 -0.084452289 -2.311839244 2.178322668 -0.019761430 0.146475152 0.043277931 0.988069601
17.970157000 -0.136973025 -2.310718093 2.162597932 -0.020472506 0.140563545 0.039228661 0.989082342
18.070463000 -0.200375206 -2.313960584 2.145632265 -0.018923158 0.132897920 0.028553992 0.990537595
18.170873000 -0.267144923 -2.330393802 2.129236246 -0.035268998 0.129895881 -0.006785187 0.990876944
18.271137000 -0.321616135 -2.336458028 2.114287673 -0.061603244 0.128686462 -0.049730127 0.988519979
18.371118000 -0.358178875 -2.334251482 2.101245089 -0.067879220 0.122366533 -0.067696963 0.987844099
18.470790000 -0.374328308 -2.331493031 2.076657467 -0.065767340 0.110461029 -0.063718055 0.989652983
18.570396000 -0.373342892 -2.331782061 2.045172747 -0.062974679 0.097014442 -0.054808764 0.991775371
18.670004000 -0.360742701 -2.331513475 2.008862852 -0.055426755 0.085488348 -0.040485266 0.993972113
18.769538000 -0.332783407 -2.332126926 1.962337963 -0.040057221 0.075055409 -0.016024420 0.996245614
18.869150000 -0.304148562 -2.340361066 1.911502950 -0.026014933 0.067755933 0.003051359 0.997358033
18.968958000 -0.278929366 -2.350210230 1.860637568 -0.022963776 0.064812792 0.010140824 0.997581641
19.068969000 -0.253922303 -2.363042447 1.807585563 -0.018403973 0.064067897 0.014739404 0.997666953
19.169051000 -0.230131967 -2.378842955 1.772972737 -0.018260986 0.064900890 0.016362645 0.997590434
19.269261000 -0.207353324 -2.393072796 1.735218918 -0.017810798 0.066355595 0.018061250 0.997473559
19.369589000 -0.210559881 -2.401772342 1.727859694 -0.017928818 0.067579124 0.019141276 0.997369155
19.469752000 -0.188475574 -2.403261779 1.688599669 -0.004494589 0.069211082 0.020180972 0.997387765
19.569611000 -0.167883137 -2.397599536 1.651970575 0.015541315 0.070314608 0.021736525 0.997166910
19.669091000 -0.153590586 -2.391646222 1.627223259 0.025818047 0.071212943 0.022528257 0.996872421
19.768578000 -0.142955253 -2.381068202 1.615366190 0.031527936 0.072886920 0.017521050 0.996687764
19.868147000 -0.134984081 -2.376843385 1.612062882 0.028798701 0.077546261 0.001649170 0.996571369
19.967863000 -0.126433225 -2.378551211 1.621452835 0.013220356 0.083706383 -0.020603490 0.996189721
