1750921983.200000048 -0.588053668 1.106912216 0.393405462 0.005222223 0.860558424 -0.103660504 -0.498664643 -0.072682914 -0.357185393 -1.528534044
1750921983.299999952 -0.444300806 1.105739180 0.458554603 -0.001064180 -0.826552199 0.106409108 0.552709174 -0.040374652 -0.166415340 -1.483522573
1750921983.400000095 -0.311448440 1.115069189 0.508617611 -0.002028901 -0.788236966 0.108768073 0.605679681 -0.083244069 -0.195846973 -1.473298297
1750921983.500000000 -0.159601858 1.125613026 0.531463675 -0.006975554 -0.747165536 0.105901396 0.656109669 -0.082473709 -0.226636160 -1.483118563
1750921983.599999905 -0.014551000 1.138623094 0.533930330 -0.009736126 -0.704147510 0.105612207 0.702087996 -0.007641711 0.095476880 -1.441781334
1750921983.700000048 0.128379271 1.146757571 0.520815234 -0.010236575 -0.661842099 0.105414354 0.742124021 -0.108926434 -0.074361092 -1.483494763
1750921983.799998999 0.272720232 1.152646495 0.483430195 -0.009012900 -0.616801146 0.105039761 0.780026770 -0.119126331 -0.012545132 -1.404127239
1750921983.899998903 0.413194800 1.154483861 0.424607361 -0.010387648 -0.573506492 0.103505993 0.812569326 -0.054716435 -0.106675826 -1.585149896
1750921983.999999046 0.542485367 1.152880431 0.356535080 -0.009011019 -0.532529085 0.105214339 0.839798498 -0.104283307 -0.195605295 -1.500670545
1750921984.099998951 0.675659051 1.146897228 0.273595313 -0.006722339 -0.488352230 0.104419407 0.866350678 -0.206627650 -0.205884694 -1.443869538
1750921984.199999094 0.795185214 1.138008021 0.176010340 -0.004402463 -0.443702508 0.106265082 0.889840680 -0.176323637 -0.118125083 -1.482485454
1750921984.299998999 0.897930437 1.131961178 0.072953208 -0.005305655 -0.401798813 0.106156013 0.909538600 -0.094786942 -0.091756786 -1.592568335
1750921984.399998903 0.996844058 1.124021503 -0.047617051 -0.006301317 -0.355521304 0.105422115 0.928682439 -0.105946710 -0.180693053 -1.548965397
1750921984.499999046 1.086882070 1.113023771 -0.174454311 -0.003709049 -0.304060648 0.103033454 0.947057270 -0.037747417 -0.227612372 -1.537914993
1750921984.599998951 1.160804934 1.096899302 -0.307859919 -0.001508722 -0.251814010 0.105187321 0.962041088 -0.156537222 -0.288370894 -1.465922535
1750921984.699999094 1.245412517 1.081420639 -0.456190693 0.000690132 -0.190796563 0.102083445 0.976306901 0.222164594 -0.473991792 -1.801686491
1750921984.799998999 1.327390477 1.081868141 -0.595576850 -0.007664319 -0.124498454 0.097864947 0.987351936 0.757465535 0.136062277 -1.484144343
1750921984.899997950 1.357526681 1.080955493 -0.745905516 -0.013222914 -0.068367101 0.093550843 0.993176386 -0.095598146 0.037918266 -1.517260953
1750921984.999998093 1.359305248 1.064766058 -0.904973149 -0.015742127 -0.008613839 0.086966629 0.996049593 -0.153707257 -0.083587245 -1.599859051
1750921985.099997997 1.342286685 1.048961387 -1.062423297 -0.020179404 0.051836402 0.081132084 0.995149920 -0.049603467 -0.192217328 -1.576130965
1750921985.199997902 1.312687255 1.034534652 -1.197881269 -0.025976028 0.107995601 0.077279010 0.990802781 -0.159517346 -0.013196116 -1.440918763
1750921985.299998045 1.265072314 1.004989362 -1.343495600 -0.025694575 0.167978806 0.068682122 0.983059345 -0.039858402 -0.239991720 -1.583748648
1750921985.399997950 1.198117640 0.973654709 -1.477682339 -0.028875063 0.227046632 0.060756547 0.971557873 -0.113992987 -0.180766115 -1.446933707
1750921985.499998093 1.126823967 0.946476203 -1.586185277 -0.028131379 0.280576039 0.053930563 0.957902503 -0.082455055 -0.101176945 -1.414838667
1750921985.599997997 1.038556409 0.914595463 -1.699395519 -0.025797002 0.336449540 0.044551189 0.940293259 -0.039548113 -0.226575040 -1.473909101
1750921985.699997902 0.939157342 0.889968844 -1.803118194 -0.026770127 0.391868611 0.035776264 0.918935477 -0.032317558 -0.121462036 -1.390700032
1750921985.799998045 0.840677783 0.856341617 -1.884865574 -0.024633207 0.443879090 0.030240783 0.895237429 -0.191988511 -0.327226366 -1.661864104
1750921985.899996996 0.705345119 0.816693211 -1.953741583 -0.020751761 0.493473715 0.023654204 0.869191312 -0.151766617 -0.215823499 -1.491306334
1750921985.999996901 0.542831766 0.757023103 -2.006018875 -0.011415092 0.540074648 0.010296083 0.841476714 -0.276872949 -0.512497936 -1.626789867
1750921986.099997044 0.389258904 0.720744958 -2.049427842 -0.007734735 0.586290481 0.001427306 0.810062719 -0.076104824 -0.230981852 -1.630818202
1750921986.199996948 0.243165948 0.710781067 -2.091203706 -0.007337859 0.637976157 -0.001290218 0.770020074 0.190022535 0.002634909 -1.387146945
1750921986.299997091 0.105165175 0.708295691 -2.133256885 -0.008935912 0.690838056 -0.006421507 0.722925788 0.149464528 -0.219538865 -1.521462449
1750921986.399996996 -0.037777394 0.693729832 -2.143366676 -0.008388114 0.735869148 -0.015542440 0.676893395 -0.033480465 -0.119777124 -1.566383008
1750921986.499996901 -0.191105150 0.692647419 -2.113812437 -0.011677680 0.776589822 -0.018644541 0.629622317 -0.050116159 -0.056231755 -1.466737696
1750921986.599997044 -0.334460656 0.676883127 -2.059081369 -0.007018946 0.812039614 -0.021248903 0.583173117 -0.148575016 -0.219385755 -1.467570372
1750921986.699996948 -0.462353372 0.669230419 -1.994138613 -0.005156394 0.842724623 -0.022207467 0.537861924 -0.186129747 -0.015140926 -1.473528252
1750921986.799997091 -0.586714110 0.668453349 -1.899937035 -0.003513277 0.871584803 -0.027566713 0.489456498 -0.206933642 -0.159531321 -1.578289100
1750921986.899996996 -0.706162476 0.666887732 -1.802332122 -0.004763435 0.899551568 -0.032103110 0.435607250 -0.176753977 0.021026726 -1.481484765
1750921986.999995947 -0.809886696 0.669554560 -1.693171661 -0.004674995 0.922189139 -0.033735838 0.385236589 -0.227248292 -0.133912787 -1.522278783
1750921987.099996090 -0.905056730 0.674256845 -1.564008370 -0.003267649 0.942918086 -0.033930759 0.331275578 -0.170731509 -0.032132166 -1.404704067
1750921987.199995995 -0.984906764 0.676748155 -1.427403243 -0.002602737 0.960367857 -0.037382484 0.276205277 -0.093028838 -0.134676491 -1.720747126
1750921987.299995899 -1.061434486 0.679825501 -1.280393121 -0.003696449 0.974420824 -0.040167721 0.221081315 0.018113022 0.019233272 -1.576615397
1750921987.399996042 -1.141796863 0.679796549 -1.111136741 -0.009814854 0.986031272 -0.046226078 0.159715841 0.287038301 -0.170293113 -2.098726839
1750921987.499995947 -1.195639888 0.682539369 -0.932405881 -0.011893945 0.994108676 -0.047565422 0.096664389 -0.116953809 -0.174697160 -1.638759622
1750921987.599996090 -1.209075178 0.683591866 -0.774788686 -0.011720952 0.997710234 -0.053298131 0.039952684 -0.091351168 -0.297980806 -1.629511444
1750921987.699995995 -1.204661723 0.694026437 -0.611854405 -0.010372755 0.997967651 -0.059777671 -0.019483396 -0.004293259 0.162424584 -1.367127591
1750921987.799995899 -1.209073303 0.726318887 -0.450236331 -0.013316264 0.994252594 -0.065851414 -0.083354949 0.341022041 0.293273761 -1.500206906
1750921987.899996042 -1.189487599 0.763377058 -0.366228500 -0.014385782 0.987895173 -0.065961904 -0.139661035 -0.465012751 0.621081292 -0.820949464
1750921987.999994993 -1.138082194 0.802171097 -0.216114677 -0.016987835 0.977743260 -0.066978013 -0.198099664 0.239298580 -0.103771070 -1.665902083
1750921988.099994898 -1.065977886 0.821106658 -0.083203437 -0.016358679 0.964185811 -0.071903644 -0.254770447 -0.008270356 -0.262590369 -1.457988468
1750921988.199995041 -1.007072086 0.851421111 0.031760754 -0.010941013 0.947704890 -0.072299943 -0.310658099 0.157859540 -0.040553433 -1.514142713
1750921988.299994946 -0.912635180 0.858699852 0.152123936 -0.009608167 0.926457294 -0.078123793 -0.368077761 -0.079805077 -0.080035385 -1.638074459
1750921988.399995089 -0.775151055 0.858107044 0.261119706 -0.010638033 0.902990942 -0.083640759 -0.421305606 -0.174249343 -0.187248202 -1.652105579
1750921988.499994993 -0.630858545 0.850019921 0.351817433 -0.011991446 0.879377343 -0.086056507 -0.468130292 -0.169400879 -0.919400911 -1.782564992
1750921988.599994898 -0.472075463 0.823259089 0.439058235 0.021229761 -0.850204164 0.097327654 0.516942457 -0.154147047 -0.475185946 -1.614113644
1750921988.699995041 -0.306113585 0.813598865 0.510578459 0.024003202 -0.812033304 0.102869025 0.573971884 -0.060000649 -0.229100570 -1.716935046
1750921988.799994946 -0.162565876 0.835952766 0.558707509 0.022955222 -0.773483319 0.105226605 0.624599051 0.253486223 -0.080247439 -1.622577788
1750921988.899995089 -0.007609074 0.848292091 0.599522903 0.021983248 -0.726221022 0.106132515 0.678863501 0.422088203 -0.269702631 -1.578613135
1750921988.999994993 0.163488088 0.862170298 0.600114295 0.020057059 -0.679881302 0.107185860 0.725169167 0.037202733 -0.163179068 -1.740193299
1750921989.099993944 0.338979469 0.876921424 0.586989219 0.018318034 -0.635115140 0.111586648 0.764095301 0.072549335 -0.340366354 -1.757316424
1750921989.199994087 0.513046130 0.902112386 0.539539493 0.014413104 -0.586391474 0.113714570 0.801876735 0.028218579 0.033848347 -1.875571852
1750921989.299993992 0.677811204 0.918235326 0.478398271 0.010582169 -0.535630786 0.115425905 0.836459526 0.039266418 -0.204443298 -1.678700835
1750921989.399993896 0.820660148 0.934181198 0.399094060 0.006390852 -0.487332273 0.108837053 0.866383811 0.104358580 0.235993076 -1.905568375
1750921989.499994040 0.960944002 0.944080482 0.300980065 0.002411485 -0.434055267 0.104939227 0.894750227 -0.100900724 -0.202797332 -1.669898696
1750921989.599993944 1.088463666 0.943614040 0.181629577 0.002316464 -0.380366403 0.102882785 0.919092577 -0.146523631 -0.171005015 -1.493889657
1750921989.699994087 1.185098426 0.946868699 0.063221411 -0.000371103 -0.329877957 0.100361901 0.938673471 -0.032946678 -0.134320975 -1.689664001
1750921989.799993992 1.271473505 0.945056824 -0.069547622 -0.003372141 -0.275684680 0.096755435 0.956360273 -0.103117612 -0.090386616 -1.580269418
1750921989.899993896 1.349836625 0.938387627 -0.222515288 -0.004834155 -0.219172929 0.091640212 0.971360865 -0.067899975 -0.167165452 -1.738985277
1750921989.999994040 1.410612350 0.926138331 -0.375999870 -0.000217799 -0.160722611 0.088014590 0.983067458 0.035095353 -0.195008590 -1.857082483
1750921990.099992990 1.454426629 0.908743768 -0.541828050 0.002001681 -0.096276438 0.084783794 0.991735120 -0.187024103 -0.079736727 -1.610991070
1750921990.199992895 1.485543524 0.900655142 -0.707996562 -0.004725736 -0.033458599 0.079351620 0.996273813 0.151501983 -0.114808414 -1.613225363
1750921990.299993038 1.501220761 0.896158155 -0.858071937 -0.008209999 0.025385790 0.077476614 0.996637111 0.096842243 -0.109416627 -1.638066631
1750921990.399992943 1.528486648 0.903518214 -1.013326942 -0.015313532 0.089415172 0.071513333 0.993305726 0.526763368 -0.352487182 -1.512022180
1750921990.499993086 1.513236723 0.901505344 -1.158462653 -0.026287211 0.147376751 0.066135597 0.986516679 -0.147313263 -0.274844203 -1.733143463
1750921990.599992990 1.453117267 0.881766407 -1.301651144 -0.031869085 0.193834588 0.059798752 0.978691281 -0.093892840 -0.003746184 -1.565077333
1750921990.699992895 1.372857120 0.850570514 -1.445124005 -0.033298801 0.243909362 0.052515846 0.967802407 -0.093848998 -0.171999886 -1.691025101
1750921990.799993038 1.274926923 0.817506188 -1.583274385 -0.032126262 0.292453594 0.045950234 0.954634681 -0.173656189 -0.170012019 -1.768739266
1750921990.899992943 1.170613100 0.788412222 -1.701609253 -0.034399636 0.334425558 0.038032955 0.941025879 -0.088833354 -0.139005797 -1.683115631
1750921990.999993086 1.052187551 0.757642035 -1.823017338 -0.031054143 0.380542191 0.029261315 0.923778684 -0.166744077 -0.179180565 -1.715098143
1750921991.099992990 0.929319220 0.739482552 -1.922826477 -0.037726988 0.425956472 0.020917942 0.903714666 -0.150222907 -0.156012733 -1.654873165
1750921991.199991941 0.795270713 0.714073996 -2.003345603 -0.036710023 0.468476105 0.016155702 0.882565299 -0.124544612 -0.141260453 -1.662629950
1750921991.299992085 0.649762983 0.687119388 -2.081754857 -0.034911465 0.517517130 0.010882932 0.854891087 -0.186175749 -0.281217815 -1.691604982
1750921991.399991989 0.486117758 0.614276953 -2.139841570 -0.023976672 0.566499728 0.000360035 0.823712964 -0.060526013 -0.925527607 -1.765152809
1750921991.499991894 0.329899280 0.546676969 -2.197602989 -0.008156890 0.615658612 -0.013140620 0.787861195 0.126408609 -0.748234624 -2.104698770
1750921991.599992037 0.124819730 0.479380050 -2.296798881 0.002170440 0.678663315 -0.027796486 0.733920124 1.060871814 -0.591607689 -1.910715635
1750921991.699991941 -0.051021000 0.455637806 -2.323608482 0.007719636 0.729862047 -0.038293761 0.682477390 -0.178273158 -0.244586329 -1.526877567
1750921991.799992085 -0.195383624 0.455700107 -2.296443218 0.011830885 0.768627336 -0.045376072 0.637975752 -0.033544447 -0.100919109 -1.447971455
1750921991.899991989 -0.346056648 0.458123270 -2.254617649 0.017724597 0.807268167 -0.050864863 0.587721628 -0.030941811 -0.153105712 -1.549822771
1750921991.999991894 -0.492872595 0.465178017 -2.191292941 0.023575603 0.842451199 -0.051874777 0.535751038 -0.094503986 0.063727873 -1.572541824
1750921992.099992037 -0.608888029 0.466614032 -2.105736076 0.030668361 0.869611931 -0.054136000 0.489799791 -0.208195029 -0.259789216 -1.514038494
1750921992.199990988 -0.723601801 0.470288854 -2.001495243 0.032901213 0.896394101 -0.054055922 0.438717543 -0.158805000 -0.152601267 -1.494857004
1750921992.299990892 -0.827222797 0.479450444 -1.887617852 0.034483742 0.920456415 -0.056747038 0.385163126 -0.140095858 -0.167794148 -1.484311075
1750921992.399991035 -0.909428792 0.483356067 -1.768349210 0.035166587 0.940057915 -0.058107455 0.334182511 -0.193236802 -0.152564702 -1.493832594
1750921992.499990940 -0.989166720 0.492016729 -1.629144753 0.036966070 0.957900020 -0.055351836 0.279279851 -0.280139284 -0.145489612 -1.527764263
1750921992.599991083 -1.046048823 0.496996973 -1.481552301 0.036010397 0.972312495 -0.049920571 0.225432031 -0.188319095 -0.274309204 -1.666512998
1750921992.699990988 -1.090012315 0.504598992 -1.338428632 0.036547153 0.983321831 -0.050994430 0.170710429 -0.126747020 0.053702374 -1.417650877
1750921992.799990892 -1.118745678 0.518519333 -1.183765546 0.035387095 0.991639116 -0.049901739 0.113619689 -0.118184513 -0.094382836 -1.598256987
1750921992.899991035 -1.147504611 0.523925326 -1.012982947 0.033584607 0.996787806 -0.049064379 0.053654731 -0.103006751 -0.147739840 -1.675267447
1750921992.999990940 -1.167691016 0.534510696 -0.847264270 0.031946510 0.998452582 -0.045292424 -0.004523101 0.134446390 -0.038679527 -1.705653029
1750921993.099991083 -1.164506701 0.550732340 -0.685034713 0.029998472 0.996344268 -0.044207738 -0.066662332 -0.126109430 -0.101757824 -1.488677577
1750921993.199990988 -1.127986101 0.555248175 -0.527174029 0.029388574 0.990555210 -0.044943364 -0.126161726 -0.052730300 -0.233258233 -1.623694550
1750921993.299989939 -1.046480996 0.560333597 -0.396596637 0.030160102 0.982796171 -0.044112647 -0.176794029 -0.037969404 -0.184060736 -1.472113118
1750921993.399990082 -0.977233516 0.567245554 -0.266804384 0.027223903 0.970314387 -0.044514530 -0.236151022 -0.036185907 0.034515438 -1.351801439
1750921993.499989986 -0.926463033 0.582314662 -0.163323976 0.029899301 0.954012899 -0.045194007 -0.294826937 0.155977625 0.152255887 -0.955920668
1750921993.599989891 -0.839741654 0.585165527 -0.067506139 0.029047460 0.936346637 -0.045257220 -0.346933718 0.129750156 0.227710000 -1.061646658
1750921993.699990034 -0.764545966 0.613706069 0.006932954 0.037375170 0.913276198 -0.040387350 -0.403606918 -0.099048483 0.053432153 -1.333122578
1750921993.799989939 -0.648588766 0.615756436 0.083289099 0.040121606 0.887170506 -0.038357082 -0.458091131 -0.007360888 0.016569010 -1.402401767
1750921993.899990082 -0.520542851 0.614847640 0.154902026 -0.040933811 -0.859681664 0.034745858 0.508000576 -0.023311825 -0.075688295 -1.604851921
1750921993.999989986 -0.369616573 0.596898938 0.207872641 -0.038478318 -0.828464708 0.034417945 0.557656751 -0.143727659 -0.167252390 -1.582707573
1750921994.099989891 -0.204760444 0.545605085 0.261862252 -0.027586471 -0.792977710 0.036257694 0.607544828 -0.002386128 -0.523567178 -1.686301363
1750921994.199990034 -0.061018213 0.525223980 0.292495951 -0.024133612 -0.754981348 0.035940897 0.654315661 -0.366788937 -0.178068710 -1.436957172
1750921994.299988985 0.087213284 0.501674182 0.305260079 -0.020384111 -0.712243306 0.036761850 0.700672911 -0.112253498 -0.223048744 -1.432404418
1750921994.399988890 0.227930818 0.490338832 0.288569665 -0.014558585 -0.668489994 0.036448604 0.742684775 0.079056803 -0.235226707 -1.496332506
1750921994.499989033 0.365928229 0.474485548 0.255007904 -0.013081121 -0.624621694 0.032889039 0.780124949 -0.145817623 -0.125302435 -1.449301750
1750921994.599988937 0.502189703 0.461118936 0.207702406 -0.010638131 -0.574706956 0.033206192 0.817616104 0.169812500 -0.134253892 -1.428346999
1750921994.699989080 0.627287449 0.449558411 0.141880281 -0.007797716 -0.523481805 0.032636007 0.851375878 -0.131052892 -0.098061342 -1.352818714
1750921994.799988985 0.721747682 0.452732510 0.063547132 -0.010081486 -0.477381044 0.028293934 0.878182872 -0.362880080 0.027966352 -1.265728259
1750921994.899988890 0.832777183 0.440998521 -0.029597414 -0.007297088 -0.423121396 0.025309059 0.905690062 -0.147314756 -0.043085429 -1.397499355
1750921994.999989033 0.928266876 0.432638070 -0.141002600 -0.006722475 -0.371725101 0.023824637 0.928012739 -0.059447384 -0.105332366 -1.449150568
1750921995.099988937 1.007853229 0.423376423 -0.250798939 -0.006214672 -0.322878680 0.022389030 0.946155097 -0.138482236 -0.080325209 -1.364986319
1750921995.199989080 1.082748582 0.416006151 -0.377383903 -0.007721354 -0.271590324 0.017800381 0.962217347 -0.088743899 -0.104598937 -1.395474718
1750921995.299988985 1.140131129 0.397912035 -0.510078803 -0.003593672 -0.220793494 0.015586152 0.975189412 -0.122166359 -0.244514178 -1.438148931
1750921995.399987936 1.193813213 0.374927571 -0.651584109 0.003609736 -0.170619618 0.013831770 0.985233271 -0.006302135 -0.278134388 -1.670749760
1750921995.499988079 1.241291424 0.357763530 -0.804551528 0.006646524 -0.113957862 0.010014726 0.993412872 0.130823325 -0.262416767 -1.616146962
1750921995.599987984 1.270794059 0.322595129 -0.974162705 0.014403803 -0.056066446 0.006969023 0.998298811 -0.013067507 -0.642228802 -1.860881198
1750921995.699987888 1.282921049 0.292509404 -1.135804760 0.022181178 0.001201106 0.005373128 0.999738807 0.011136692 0.101619900 -1.555012199
1750921995.799988031 1.291118312 0.300095789 -1.302554972 0.019778512 0.067258500 0.001341141 0.997538624 0.217524638 -0.014664699 -1.662410553
1750921995.899987936 1.291325174 0.323241084 -1.454182642 0.013791871 0.137538090 -0.000990592 0.990399958 0.092487258 -0.015192520 -1.455440823
1750921995.999988079 1.234256368 0.309830971 -1.602739909 0.014697619 0.197725974 -0.007597855 0.980117693 -0.134455496 -0.088938060 -1.580481047
1750921996.099987984 1.156822225 0.304649126 -1.744146934 0.014153355 0.260393973 -0.009307275 0.965353840 -0.012182624 0.013908700 -1.534212461
1750921996.199987888 1.063075047 0.294890540 -1.880631589 0.014974134 0.323135777 -0.012976050 0.946145162 0.002661862 -0.175237187 -1.633261856
1750921996.299988031 0.964994136 0.283047851 -1.996487414 0.016706714 0.381940102 -0.018317562 0.923854486 -0.032280544 -0.303042106 -1.695552303
1750921996.399986982 0.846243230 0.276875414 -2.097551314 0.018792894 0.440686624 -0.022072613 0.897192804 -0.019981699 -0.069268380 -1.322199943
1750921996.499986887 0.722389745 0.271873224 -2.176222739 0.020689722 0.495042202 -0.027379948 0.868190931 0.013964831 -0.156288292 -1.448288593
1750921996.599987030 0.593447445 0.269953544 -2.237295653 0.020644494 0.541650040 -0.027552729 0.839898736 0.034349066 -0.127945519 -1.483432054
1750921996.699986935 0.455797560 0.266147369 -2.296143411 0.028356775 0.591376098 -0.032029502 0.805260402 -0.008438564 -0.045714632 -1.432013925
1750921996.799987078 0.298081509 0.254654102 -2.339273817 0.034427281 0.638906589 -0.034709615 0.767729363 0.102379811 -0.301715781 -1.527735553
1750921996.899986982 0.152073984 0.195227145 -2.409658653 0.050312006 0.688931826 -0.046503368 0.721580958 0.465953485 -0.798231801 -1.555395477
1750921996.999986887 -0.043579751 0.183736628 -2.473680641 0.058556995 0.743091792 -0.052057940 0.664586817 0.181874765 0.132419137 -1.762598986
1750921997.099987030 -0.224947652 0.178902110 -2.452389521 0.063011426 0.783980359 -0.056194265 0.615017529 -0.092512909 -0.282652549 -1.693566066
1750921997.199986935 -0.373309505 0.187622889 -2.413397131 0.066268160 0.818635116 -0.059751882 0.567340101 -0.017552226 -0.005839401 -1.547146167
1750921997.299987078 -0.521598369 0.208442772 -2.344501096 0.070436361 0.851491900 -0.058415813 0.516321466 -0.044112250 -0.099422540 -1.583750273
1750921997.399986982 -0.664658211 0.223118210 -2.251960530 0.077524800 0.880886812 -0.060559353 0.462991246 0.068625522 -0.309317178 -1.780149993
1750921997.499985933 -0.785446753 0.246738551 -2.145601535 0.083916673 0.905453250 -0.055167257 0.412394203 -0.099615748 -0.065934900 -1.749555809
1750921997.599986076 -0.890542842 0.258874633 -2.020608573 0.087298757 0.928243152 -0.053904574 0.357544228 -0.170166483 -0.122962317 -1.571434371
1750921997.699985981 -0.980879471 0.271346782 -1.887140854 0.087772791 0.948257604 -0.052096411 0.300648330 -0.076014929 -0.002182912 -1.588654595
1750921997.799985886 -1.057123528 0.284456330 -1.749755978 0.087110977 0.964397431 -0.050104863 0.244619656 -0.125762794 -0.148172351 -1.673462353
1750921997.899986029 -1.118360916 0.292234929 -1.592074522 0.086601140 0.977900290 -0.045550967 0.184760318 -0.037133768 -0.021209975 -1.733650706
1750921997.999985933 -1.162031219 0.297550555 -1.427341493 0.085338141 0.987690162 -0.039778796 0.124912744 -0.197857803 -0.045609619 -1.492797418
1750921998.099986076 -1.180024389 0.301773799 -1.270012536 0.083647474 0.993373663 -0.034678521 0.070776174 -0.121216856 -0.085885059 -1.684660728
1750921998.199985981 -1.188789796 0.308818564 -1.103961576 0.081607500 0.996143538 -0.030776032 0.009544833 0.106994630 0.021641483 -1.586781694
1750921998.299985886 -1.182361221 0.310944279 -0.930464125 0.078763897 0.994962311 -0.030551586 -0.053970819 0.070964307 -0.179153858 -1.834229040
1750921998.399986029 -1.159033660 0.313592227 -0.767355956 0.075535575 0.990509170 -0.024601299 -0.112163882 -0.195637010 0.018525365 -1.523396243
1750921998.499984980 -1.125041305 0.317496470 -0.584725299 0.071461949 0.981617206 -0.021096844 -0.175715034 0.159548838 0.025617036 -1.367341777
1750921998.599984884 -1.041186332 0.310834317 -0.431673940 0.070355889 0.969323104 -0.020652413 -0.234598054 -0.167637173 -0.060464981 -1.658869098
1750921998.699985027 -0.954456089 0.310374347 -0.310422621 0.070158531 0.954232826 -0.018095866 -0.290155191 -0.138503871 -0.120059752 -1.441323979
1750921998.799984932 -0.881725917 0.326865422 -0.213460627 0.068297488 0.934728118 -0.014418126 -0.348440691 0.038925159 0.376942585 -0.577104228
1750921998.899985075 -0.786704962 0.340630084 -0.130316265 0.065091682 0.911538757 -0.012278917 -0.405844053 -0.260701234 0.177637214 -0.579064248
1750921998.999984980 -0.690742694 0.368540599 -0.059266008 0.061658573 0.886954590 -0.006775414 -0.457672230 0.057956875 0.852032731 -1.333338847
1750921999.099984884 -0.563973538 0.389378678 0.010935002 -0.061070408 -0.858704553 0.003999568 0.508803399 -0.139911435 -0.176274166 -1.635209703
1750921999.199985027 -0.407102147 0.366215537 0.071713503 -0.058305095 -0.828289350 0.003629447 0.557246889 -0.136376087 -0.026812093 -1.526992818
1750921999.299984932 -0.248085690 0.366089183 0.115822620 -0.059393801 -0.796090118 0.000573934 0.602256234 -0.016322397 -0.203221989 -1.819268419
1750921999.399985075 -0.071156213 0.327663419 0.138998630 -0.054889126 -0.760378268 0.000776370 0.647156450 -0.104336074 -0.188346150 -1.796628098
1750921999.499984980 0.118247992 0.253053938 0.162575501 -0.040581456 -0.720234364 0.004392179 0.692528927 0.145817222 -1.003975415 -1.983290006
1750921999.599983931 0.291391673 0.179328315 0.178188720 -0.023287248 -0.675353348 0.011623664 0.737034904 -0.086438444 -0.212950945 -1.731794746
1750921999.699984074 0.459397113 0.154621246 0.143414394 -0.015244580 -0.629873908 0.013344191 0.776433123 -0.094123140 -0.090770118 -1.592314119
1750921999.799983978 0.620185751 0.138729403 0.092563282 -0.013631505 -0.582284416 0.011393098 0.812791018 -0.058877508 0.003126965 -1.644112460
1750921999.899983883 0.762930196 0.121799889 0.030048815 -0.003853664 -0.534708330 0.013883581 0.844913840 -0.028457352 -0.120405331 -1.599631638
1750921999.999984026 0.912693170 0.104888545 -0.055333698 0.005047155 -0.483279007 0.017455289 0.875277808 0.176492852 -0.012412514 -1.803776765
1750922000.099983931 1.060814706 0.113812538 -0.139594036 0.007170096 -0.421774851 0.009077725 0.906626803 -0.068201282 -0.146603064 -1.586207217
1750922000.199984074 1.160299730 0.107071658 -0.247008115 0.012451275 -0.371321943 0.008238759 0.928384136 -0.161226291 -0.146231269 -1.515876544
1750922000.299983978 1.263374770 0.099792638 -0.380455888 0.017292041 -0.316454277 0.006700562 0.948426475 0.022147394 -0.120873659 -1.674503769
1750922000.399983883 1.344807725 0.083741967 -0.525321009 0.027010164 -0.260659296 0.009133250 0.965009723 -0.063777338 -0.268592715 -1.596197535
1750922000.499984026 1.413725061 0.083470774 -0.669214254 0.029953782 -0.205331833 0.005854463 0.978216405 0.011414103 -0.089911377 -1.765227227
1750922000.599982977 1.464461958 0.084078253 -0.823742104 0.031042367 -0.148165188 0.004646384 0.988464395 -0.064298583 -0.151499133 -1.642898594
1750922000.699982882 1.501452523 0.085032017 -0.986615195 0.035347334 -0.091387147 0.000319862 0.995187848 -0.022871631 -0.131438719 -1.614502202
1750922000.799983025 1.518265375 0.080162615 -1.146094169 0.041780231 -0.036390355 -0.000514441 0.998463765 -0.028799298 -0.213199681 -1.715957592
1750922000.899982929 1.520755014 0.072304930 -1.327259224 0.050604206 0.023978728 -0.000735632 0.998430615 0.025811938 -0.168717886 -1.659665137
1750922000.999983072 1.506610530 0.057205252 -1.522243842 0.059213649 0.085156970 0.000732633 0.994606202 0.259185726 -0.579618926 -2.136271442
1750922001.099982977 1.481010980 0.074793740 -1.685697856 0.057224934 0.147446369 0.000914985 0.987412800 -0.411088983 0.215621349 -1.401699478
1750922001.199982882 1.421135348 0.092310406 -1.837483903 0.053273526 0.207533058 0.000256598 0.976776277 0.022073428 0.003956402 -1.582510865
1750922001.299983025 1.347118409 0.120833777 -1.986592451 0.048758057 0.267450193 -0.002237399 0.962334682 0.029551172 0.040931552 -1.629250903
1750922001.399982929 1.254307291 0.122666631 -2.117696644 0.048010833 0.324015613 -0.003820221 0.944824983 -0.008334764 -0.185459241 -1.719859614
1750922001.499983072 1.135580605 0.125867692 -2.241214366 0.043867517 0.381248453 -0.004797314 0.923418780 -0.057931041 -0.107245364 -1.609980844
1750922001.599982977 1.002474331 0.124787581 -2.344998226 0.047961748 0.435732273 -0.006231924 0.898775956 -0.076901868 -0.193211166 -1.654157811
1750922001.699981928 0.867762919 0.123660315 -2.434908268 0.047064470 0.485196482 -0.009476453 0.873086196 -0.066029532 -0.168041042 -1.652648965
1750922001.799982071 0.722694244 0.123285151 -2.512853438 0.051246601 0.535025870 -0.016585940 0.843116843 -0.017612547 -0.157470774 -1.447057472
1750922001.899981976 0.577556128 0.124864762 -2.563726170 0.053151053 0.582733773 -0.018623935 0.810709235 -0.058822582 -0.116567814 -1.554440802
1750922001.999982119 0.424497646 0.128517537 -2.620003494 0.054279446 0.630036572 -0.022390670 0.774342507 0.215843606 -0.174434999 -1.637912491
1750922002.099982023 0.260443870 0.127897051 -2.651755970 0.061440129 0.675909903 -0.024668157 0.734004357 -0.026442372 0.008166596 -1.543245471
1750922002.199981928 0.098857696 0.128898027 -2.648869183 0.067499232 0.717823792 -0.027903700 0.692383016 -0.222508116 -0.240046867 -1.566035354
1750922002.299982071 -0.083918904 0.090513633 -2.636737053 0.080472546 0.755820420 -0.041150032 0.648510862 0.274224889 -1.013172027 -2.304265515
1750922002.399981976 -0.295480761 0.060778274 -2.593477949 0.093687859 0.793613327 -0.053510957 0.598779634 0.083766144 -0.938857244 -2.329551012
1750922002.499982119 -0.474732638 0.053765112 -2.524321671 0.101113916 0.826397065 -0.056138590 0.551082866 0.171367000 -0.074384073 -1.579238305
1750922002.599982023 -0.628205231 0.092256048 -2.490310031 0.102763655 0.863471796 -0.052511749 0.491017928 0.414223865 -0.071724538 -1.709686172
1750922002.699980974 -0.778486784 0.116392874 -2.413020599 0.106979718 0.896230161 -0.052990091 0.427222294 0.000471557 -0.220217240 -1.737754048
1750922002.799981117 -0.899102830 0.135259738 -2.288506950 0.108821397 0.920685111 -0.048903077 0.371625240 -0.102422401 -0.091177745 -1.661974224
1750922002.899981022 -0.996743508 0.150146288 -2.156480099 0.111625548 0.940170551 -0.043701836 0.318918831 -0.150463766 -0.116522045 -1.727104452
1750922002.999980927 -1.073421914 0.165195426 -2.006551497 0.116831550 0.956892552 -0.038137564 0.263158809 -0.158685259 -0.042065112 -1.597983246
1750922003.099981070 -1.133058585 0.177216493 -1.850509108 0.118820779 0.970429078 -0.033058867 0.207499730 -0.177572641 -0.041756480 -1.680068482
1750922003.199980974 -1.173488066 0.179921335 -1.701400781 0.117805742 0.980783386 -0.028265708 0.152927458 -0.197235260 -0.090198960 -1.569226624
1750922003.299981117 -1.199370029 0.177735325 -1.537090141 0.117997020 0.988230144 -0.025077897 0.094069043 -0.164735914 -0.183126997 -1.667061600
1750922003.399981022 -1.206266523 0.175438483 -1.365962993 0.114533475 0.992596671 -0.014430459 0.037758368 -0.115389451 -0.107668413 -1.828249339
1750922003.499980927 -1.199709667 0.169743279 -1.209021600 0.111774394 0.993545849 -0.010517056 -0.016202565 -0.030301697 -0.093201528 -1.880158779
1750922003.599981070 -1.178686745 0.163966520 -1.027934366 0.108653609 0.991282441 -0.005012960 -0.074353118 0.068655248 -0.213410584 -1.813104208
1750922003.699980021 -1.153268332 0.146840316 -0.824083549 0.098899190 0.985664573 0.000888858 -0.136687637 0.078867429 -0.249520231 -1.926707583
1750922003.799979925 -1.103281001 0.140274278 -0.650743876 0.088458278 0.977326749 0.007373941 -0.192232107 -0.046820041 -0.024859643 -1.801955770
1750922003.899980068 -1.019418810 0.118274044 -0.501256968 0.085382377 0.964275469 0.013105216 -0.250421491 -0.041062072 -0.020244058 -1.599996503
1750922003.999979973 -0.928808537 0.107804734 -0.363878747 0.081831512 0.947354023 0.017493625 -0.309059754 0.003995788 0.028475248 -1.666594446
1750922004.099980116 -0.832295682 0.114193830 -0.260797342 0.077974638 0.928684033 0.023452711 -0.361823012 -0.037027639 0.188150555 -1.251779575
1750922004.199980021 -0.735325889 0.129630034 -0.188057927 0.073638381 0.905504499 0.029613492 -0.416847732 -0.164595260 0.077216052 -0.985334876
1750922004.299979925 -0.645486794 0.140513158 -0.087681472 0.062600777 0.877682511 0.035388368 -0.473816647 -0.089796344 -0.046550982 -1.469823167
1750922004.399980068 -0.519984832 0.132040527 -0.023899370 -0.061444798 -0.850735381 -0.039325962 0.520506788 -0.066430521 0.103865940 -1.417447198
1750922004.499979973 -0.386600588 0.118259615 0.034664630 -0.060909950 -0.818159644 -0.043821375 0.570074085 -0.124587593 0.013749877 -1.640474577
1750922004.599980116 -0.244998393 0.095771192 0.082404621 -0.053892781 -0.782248134 -0.043073507 0.619134959 -0.128299470 -0.045364769 -1.573723078
1750922004.699980021 -0.089922094 0.081937714 0.089274574 -0.055085043 -0.747400747 -0.041938390 0.660756334 -0.086775622 -0.206516549 -1.644818660
1750922004.799978971 0.078295398 0.044775045 0.082860121 -0.050804478 -0.708260868 -0.046145289 0.702606619 -0.153149506 -0.415849618 -1.799436127
1750922004.899979115 0.251661203 -0.041463311 0.056085669 -0.030955192 -0.667581445 -0.041384123 0.742740968 -0.052607299 -0.873308781 -1.818007950
1750922004.999979019 0.415952890 -0.106868142 0.029982077 -0.017963076 -0.622273862 -0.037705619 0.781684626 -0.160321303 -0.304204624 -1.867214914
1750922005.099978924 0.585184963 -0.147621787 -0.018688361 -0.003823626 -0.571211921 -0.037076263 0.819955897 -0.002241338 -0.157398521 -1.601664551
1750922005.199979067 0.729614737 -0.174553761 -0.083651242 0.007730721 -0.513535779 -0.037752118 0.857202437 0.073583704 -0.125090201 -1.628911389
1750922005.299978971 0.859400185 -0.193547303 -0.169919973 0.015131714 -0.461471511 -0.038321203 0.886197811 -0.016435687 -0.037783767 -1.616590285
1750922005.399979115 0.997533340 -0.199100190 -0.273214021 0.022638232 -0.401401632 -0.041389858 0.914686351 0.183916105 -0.075109085 -1.721224117
1750922005.499979019 1.116825153 -0.208840741 -0.399521555 0.032170270 -0.341971063 -0.039419606 0.938332010 -0.020109260 -0.089297990 -1.635486131
1750922005.599978924 1.202567998 -0.201880451 -0.517233741 0.034690117 -0.287371516 -0.041558489 0.956288188 -0.088144014 -0.061085059 -1.477856133
1750922005.699979067 1.284498683 -0.199912187 -0.664420274 0.038456871 -0.226732350 -0.047627838 0.972031429 -0.176771032 -0.031977454 -1.621808416
1750922005.799978018 1.335792800 -0.200679448 -0.820777746 0.045871280 -0.170692287 -0.047363447 0.983115798 -0.156253339 -0.164626446 -1.553452825
1750922005.899977922 1.371629085 -0.195453379 -0.972207224 0.052639364 -0.117522120 -0.047032733 0.990558212 -0.112947769 -0.085934256 -1.624689644
1750922005.999978065 1.390183214 -0.185670084 -1.134185236 0.056311829 -0.061834956 -0.047410049 0.995368125 -0.066000675 -0.054461378 -1.684180860
1750922006.099977970 1.391718701 -0.175537417 -1.302083330 0.061083599 -0.004824798 -0.045772966 0.997070886 -0.131474745 -0.170249631 -1.623095927
1750922006.199978113 1.374995490 -0.164050487 -1.457767788 0.066483232 0.049458194 -0.046340684 0.995483002 -0.016758608 -0.200659148 -1.724403377
1750922006.299978018 1.333316499 -0.162327268 -1.624909623 0.080048167 0.107475239 -0.044485683 0.989981004 -0.075617549 -0.266973103 -1.708745436
1750922006.399977922 1.279742566 -0.154882531 -1.796101533 0.090796264 0.169172664 -0.044242212 0.980397509 -0.057359824 -0.244203042 -1.750774606
1750922006.499978065 1.208369276 -0.142844906 -1.947323353 0.092664233 0.225107986 -0.044946541 0.968875401 0.037621455 -0.001879807 -1.582638425
1750922006.599977970 1.140522912 -0.114527549 -2.085756798 0.092332886 0.286152961 -0.041717140 0.952812049 0.361259506 -0.182123295 -1.758823092
1750922006.699978113 1.083519033 -0.062916455 -2.233423678 0.089422448 0.353111712 -0.040551416 0.930414600 -0.000225604 0.044091081 -1.611011863
1750922006.799978018 0.972288415 -0.046196892 -2.337829414 0.089584825 0.407689909 -0.037003337 0.907961591 -0.043952945 -0.158760340 -1.580188850
1750922006.899976969 0.838112750 -0.021588888 -2.432119892 0.091501233 0.462212476 -0.037170841 0.881252222 -0.103773937 -0.152168212 -1.584349327
1750922006.999977112 0.689691852 -0.005051829 -2.508964820 0.091987733 0.514929279 -0.035125660 0.851558737 -0.130180262 -0.223307373 -1.762457427
1750922007.099977016 0.537477847 0.010929630 -2.569354120 0.095512752 0.562520561 -0.035627969 0.820474607 -0.100871005 -0.041364194 -1.601269389
1750922007.199976921 0.379382479 0.027503287 -2.612396195 0.099458061 0.608476844 -0.035052680 0.786533746 0.007674707 -0.129298061 -1.556740778
1750922007.299977064 0.229062390 0.048118191 -2.635620108 0.099842101 0.652529785 -0.035804981 0.750302897 0.055387519 -0.099820655 -1.624590054
1750922007.399976969 0.078692481 0.061666544 -2.648786576 0.104384064 0.692946669 -0.038635605 0.712345542 0.099663746 -0.181666668 -1.549328951
1750922007.499977112 -0.087380110 0.073829424 -2.635833524 0.110421336 0.730623581 -0.038603667 0.672685713 -0.093153615 -0.274781211 -1.647335347
1750922007.599977016 -0.261083680 0.065890796 -2.608983665 0.115301340 0.767851251 -0.038886687 0.628965725 0.009743745 -0.492920562 -1.702099899
1750922007.699976921 -0.411554765 0.065549092 -2.610732933 0.123149642 0.807512293 -0.039887082 0.575471184 1.284961306 -0.655296176 -1.459959366
1750922007.799977064 -0.584963962 0.052575952 -2.567221795 0.129986333 0.845065723 -0.047688812 0.516423522 -0.251929727 -0.424852008 -1.811475807
1750922007.899976015 -0.729175382 0.066593290 -2.465476660 0.131270263 0.874959225 -0.042139931 0.464153745 -0.224158067 -0.085372723 -1.692243595
1750922007.999975920 -0.861983494 0.088919098 -2.373266387 0.132641612 0.902096210 -0.038191844 0.408864298 -0.038186837 -0.176352140 -1.602749018
1750922008.099976063 -0.984845163 0.100613256 -2.256819770 0.136447594 0.927129695 -0.035078313 0.347249325 0.054153891 -0.175441753 -1.693343488
1750922008.199975967 -1.097475049 0.107419092 -2.122294685 0.136956122 0.947920766 -0.032491777 0.285715816 0.143385567 -0.027610377 -1.736803565
1750922008.299976110 -1.168921038 0.110584297 -1.980409228 0.137663209 0.962742890 -0.026138319 0.231282851 -0.154039265 -0.099667586 -1.564993446
1750922008.399976015 -1.217589881 0.108650910 -1.830434222 0.139465690 0.974517561 -0.021667219 0.174342700 -0.154833211 -0.224742536 -1.600235667
1750922008.499975920 -1.250449048 0.107919709 -1.669971044 0.137762282 0.983581243 -0.012965775 0.115850680 -0.113684561 -0.077543325 -1.570895613
1750922008.599976063 -1.265429944 0.100014495 -1.514817304 0.134142476 0.989044869 -0.007082012 0.061203668 -0.191474038 -0.173055730 -1.643398499
1750922008.699975967 -1.259545468 0.086371611 -1.351942507 0.131596378 0.991299163 -0.000222660 0.002883251 -0.166918360 -0.114499512 -1.556132866
1750922008.799976110 -1.234350557 0.066811514 -1.188548986 0.132302054 0.989640070 0.007491280 -0.055250146 -0.200497772 -0.192955453 -1.486999928
1750922008.899976015 -1.194135566 0.046045234 -1.047185037 0.133032077 0.985109724 0.013818825 -0.108029339 -0.155573971 -0.059465555 -1.529292815
1750922008.999974966 -1.144923416 0.016457154 -0.876162270 0.130163297 0.977357322 0.021553866 -0.165425547 -0.013158803 -0.235321267 -1.981264514
1750922009.099975109 -1.083039624 -0.003347774 -0.719992407 0.122430003 0.966065031 0.032825709 -0.225059375 0.376189424 -0.035865211 -1.893146353
1750922009.199975014 -1.029583091 -0.024430022 -0.563815120 0.111647655 0.951402385 0.042109898 -0.283892688 0.691704031 -0.315843503 -1.946813708
1750922009.299974918 -0.947674929 -0.043807085 -0.429241299 0.102755539 0.932445229 0.050477940 -0.342693991 -0.069954700 -0.053292218 -1.425871760
1750922009.399975061 -0.830102912 -0.084373718 -0.322054086 0.097227016 0.910885197 0.054458464 -0.397327749 -0.129537621 0.107094243 -1.440571274
1750922009.499974966 -0.708723158 -0.107295409 -0.229736273 0.088160486 0.887831450 0.059097163 -0.447761735 -0.227932426 0.006830349 -1.766302309
1750922009.599975109 -0.626634283 -0.078207353 -0.198510755 0.083697161 0.859654033 0.069933173 -0.499098266 -0.402003854 0.407660298 -0.547253109
1750922009.699975014 -0.501928657 -0.058833412 -0.154038809 -0.075526895 -0.829788126 -0.078439473 0.547352357 -0.149978598 0.699506070 -1.577832374
1750922009.799974918 -0.399039996 -0.058283613 -0.098460530 -0.069469541 -0.795905716 -0.083423316 0.595607777 -0.332674841 1.022249737 -0.233229624
1750922009.899975061 -0.278278137 -0.041468542 -0.107749200 -0.068898462 -0.758665203 -0.094102973 0.640956116 -0.011898520 0.181844450 -1.518226564
1750922009.999974012 -0.145576536 -0.065448227 -0.089688587 -0.062182654 -0.717990975 -0.094751030 0.686763801 -0.002375806 0.466771568 -1.123638364
1750922010.099973917 -0.001115047 -0.105929433 -0.102527173 -0.053271970 -0.677572297 -0.095053668 0.727339453 -0.252762624 -0.180202580 -1.602331772
1750922010.199974060 0.147535691 -0.160023284 -0.141405841 -0.043171344 -0.634746020 -0.098018506 0.765262110 -0.144654544 -0.691377256 -1.710699387
1750922010.299973965 0.293547499 -0.249661032 -0.188441122 -0.020335867 -0.587572293 -0.098195863 0.802933886 0.354286995 -0.493869300 -1.434631263
1750922010.399974108 0.402430182 -0.302156052 -0.245567657 -0.004934021 -0.539501567 -0.097309791 0.836327997 -0.242594653 -0.081501089 -1.411528922
1750922010.499974012 0.520362958 -0.327532769 -0.332696502 0.008703180 -0.489243053 -0.096294291 0.866771538 -0.184106935 -0.101481552 -1.426560856
1750922010.599973917 0.626029653 -0.347060818 -0.434168128 0.021205152 -0.440285286 -0.097985067 0.892243316 -0.228412146 -0.055586422 -1.394761690
1750922010.699974060 0.723798771 -0.368261245 -0.537811428 0.029510572 -0.389881345 -0.096621388 0.915306490 -0.076497116 -0.224329911 -1.474970167
1750922010.799973965 0.837778797 -0.379282113 -0.650262159 0.040548367 -0.328791146 -0.096506782 0.938583322 0.357407345 0.168214846 -1.681463032
1750922010.899974108 0.938661170 -0.386188134 -0.775586387 0.055369573 -0.261750121 -0.099114506 0.958434870 0.161421415 -0.037247787 -1.421626346
1750922010.999974012 0.987626767 -0.383442674 -0.905557004 0.062292007 -0.208929148 -0.100434795 0.970763189 -0.163397704 -0.030290064 -1.375490106
1750922011.099972963 1.029668686 -0.376013316 -1.054013617 0.072359822 -0.151136848 -0.101314479 0.980641161 -0.177641193 -0.145412620 -1.472370799
1750922011.199973106 1.053900424 -0.368924795 -1.208096203 0.085265235 -0.092463266 -0.099320728 0.987074352 -0.175310597 -0.113323838 -1.442002125
1750922011.299973011 1.058366790 -0.356513185 -1.350651154 0.097349738 -0.036306565 -0.096011333 0.989942769 -0.240596520 -0.219457403 -1.480790144
1750922011.399972916 1.050119640 -0.334594293 -1.503231906 0.103781640 0.022736068 -0.094228464 0.989865364 -0.102168517 -0.042424441 -1.530479321
1750922011.499973059 1.020666214 -0.308038935 -1.649342631 0.111986697 0.079267573 -0.090630651 0.986388218 -0.137360446 -0.135504183 -1.508695918
1750922011.599972963 0.980054375 -0.282774296 -1.786166376 0.120554836 0.133732368 -0.090231218 0.979510343 0.032116091 -0.328414339 -1.753883808
1750922011.699973106 0.920258103 -0.265767124 -1.955353818 0.135461025 0.194092352 -0.086615061 0.967717056 0.084375182 -0.330218849 -1.891913010
1750922011.799973011 0.853760772 -0.230946826 -2.091785289 0.140357825 0.255324636 -0.083353775 0.952974900 0.073859746 -0.075137221 -1.446172005
1750922011.899972916 0.780879488 -0.200241815 -2.236006485 0.149779864 0.313797691 -0.079665898 0.934211082 -0.224355900 -0.180593050 -1.546762902
1750922011.999973059 0.694744828 -0.150680292 -2.344849554 0.149814049 0.374418934 -0.071312833 0.912294192 0.073577969 -0.030939764 -1.535101311
1750922012.099972010 0.588494668 -0.093046732 -2.438929706 0.149622548 0.430857197 -0.064665297 0.887577359 -0.135579396 -0.091360627 -1.462850719
1750922012.199971914 0.473136254 -0.053664311 -2.518807555 0.150540029 0.483848456 -0.061113613 0.859938078 -0.096376558 -0.308941472 -1.645682256
1750922012.299972057 0.332815813 -0.020275813 -2.581724871 0.151206088 0.535502519 -0.056395878 0.828971215 -0.193759149 -0.194955207 -1.495457786
1750922012.399971962 0.182487994 0.007481242 -2.627154852 0.154634099 0.584436025 -0.054096317 0.794730405 -0.165785683 -0.140303592 -1.548267300
1750922012.499972105 0.042477854 0.032540161 -2.646764784 0.157397808 0.626732201 -0.050728026 0.761484961 -0.082324767 -0.181537457 -1.480515612
1750922012.599972010 -0.109396812 0.058883638 -2.658938311 0.160825396 0.670841201 -0.049121722 0.722284107 -0.111814301 -0.123588137 -1.373723330
1750922012.699971914 -0.251190827 0.084455013 -2.647988387 0.164244054 0.712020145 -0.045535710 0.681159087 -0.053003459 -0.161020779 -1.319655721
1750922012.799972057 -0.383922451 0.105284253 -2.628533192 0.165584127 0.749378175 -0.043632627 0.639617418 -0.013647771 -0.217507364 -1.509970278
1750922012.899971962 -0.528874044 0.127974707 -2.592583389 0.166737160 0.786062143 -0.040570801 0.593851022 0.017736283 -0.117510415 -1.199278836
1750922012.999972105 -0.669674220 0.125374589 -2.539448936 0.169018990 0.820764587 -0.040223915 0.544205944 -0.197487196 -0.338093900 -1.550163755
1750922013.099972010 -0.799767110 0.120847763 -2.459863089 0.174059317 0.849470374 -0.040393030 0.496459305 -0.111141768 -0.441246669 -1.618531615
1750922013.199970961 -0.942528076 0.114604176 -2.360698382 0.177825686 0.877515055 -0.043413695 0.443238767 -0.117283533 -0.292219910 -1.466708893
1750922013.299971104 -1.047271739 0.124873229 -2.268054319 0.179619746 0.902021924 -0.037391140 0.390762200 0.191658102 -0.122401777 -1.065018658
1750922013.399971008 -1.118547708 0.143768456 -2.202536870 0.180269641 0.923247250 -0.027886987 0.338141519 0.279681473 -0.078586979 -1.003724214
1750922013.499970913 -1.178851328 0.177577691 -2.158298655 0.177737512 0.944630642 -0.013698530 0.275489885 0.267407200 -0.056982297 -0.681445091
1750922013.599971056 -1.213134768 0.213748052 -2.134758047 0.172869134 0.960043660 0.000543395 0.220073029 -0.086916029 0.110131490 -0.407814297
1750922013.699970961 -1.215425384 0.222664044 -2.103135721 0.169668978 0.967042834 0.005796084 0.189755105 -0.149800773 0.068012422 -0.203235128
1750922013.799971104 -1.205031085 0.227292038 -2.086001420 0.167053987 0.971619552 0.008763698 0.167247152 -0.137828885 0.149648924 -0.038062426
1750922013.899971008 -1.188208688 0.232710539 -2.085358167 0.164592714 0.975736733 0.011549531 0.143922460 -0.172302967 0.080670761 0.081980725
1750922013.999970913 -1.167854918 0.237397850 -2.089591399 0.162269823 0.979218234 0.014839720 0.120747413 -0.171462178 0.170752905 0.171977448
1750922014.099971056 -1.141016313 0.241191011 -2.104950595 0.160201625 0.981937046 0.017294397 0.099176515 -0.208161551 0.017453955 0.213460565
1750922014.199970007 -1.113352858 0.243085710 -2.123473338 0.158319347 0.983931319 0.019755982 0.080148888 -0.261840626 0.148017969 0.306454838
1750922014.299969912 -1.085348136 0.241737560 -2.144710828 0.157939236 0.985108107 0.020239131 0.064865959 -0.326439622 0.014416680 0.325844089
1750922014.399970055 -1.032838933 0.262999437 -2.242100281 0.132330088 0.989223262 0.017945788 0.060033610 -0.946369514 1.916648132 4.134355274
1750922014.499969959 -1.158427277 0.294101345 -2.459786019 0.140877655 0.988305102 0.007036306 0.057939633 0.000000000 0.000000000 0.000000000
1750922014.599970102 -1.158427277 0.294101345 -2.459786019 0.140877655 0.988305102 0.007036306 0.057939633 0.000000000 0.000000000 0.000000000
1750922014.699970007 -1.158427277 0.294101345 -2.459786019 0.140877655 0.988305102 0.007036306 0.057939633 0.000000000 0.000000000 0.000000000
1750922014.799969912 -1.158427277 0.294101345 -2.459786019 0.140877655 0.988305102 0.007036306 0.057939633 0.000000000 0.000000000 0.000000000
1750922014.899970055 -1.158427277 0.294101345 -2.459786019 0.140877655 0.988305102 0.007036306 0.057939633 0.000000000 0.000000000 0.000000000
1750922014.999969959 -1.158427277 0.294101345 -2.459786019 0.140877655 0.988305102 0.007036306 0.057939633 0.000000000 0.000000000 0.000000000
1750922015.099970102 -1.158427277 0.294101345 -2.459786019 0.140877655 0.988305102 0.007036306 0.057939633 0.000000000 0.000000000 0.000000000
1750922015.199970007 -1.158427277 0.294101345 -2.459786019 0.140877655 0.988305102 0.007036306 0.057939633 0.000000000 0.000000000 0.000000000
1750922015.299968958 -1.158427277 0.294101345 -2.459786019 0.140877655 0.988305102 0.007036306 0.057939633 0.000000000 0.000000000 0.000000000
1750922015.399969101 -1.158427277 0.294101345 -2.459786019 0.140877655 0.988305102 0.007036306 0.057939633 0.000000000 0.000000000 0.000000000
1750922015.499969006 -1.158427277 0.294101345 -2.459786019 0.140877655 0.988305102 0.007036306 0.057939633 0.000000000 0.000000000 0.000000000
