1750921983.200000048 -0.009130605 -0.044098479 -0.105536434 0.011331610 0.036203393 -0.005002493 0.999267674 -0.080942110 -0.397773531 -1.702226341
1750921983.299999952 -0.040265439 -0.069668789 -0.276622594 0.019587414 0.099149021 -0.012203357 0.994804947 -0.044962555 -0.185325657 -1.652100070
1750921983.400000095 -0.077006094 -0.079883905 -0.430410922 0.025514188 0.163659765 -0.014929562 0.986073839 -0.092703363 -0.218101702 -1.640713976
1750921983.500000000 -0.150333353 -0.084786467 -0.585264203 0.025226111 0.227667017 -0.016316560 0.973275471 -0.091845465 -0.252389564 -1.651650151
1750921983.599999905 -0.237654839 -0.082371541 -0.721937702 0.028360969 0.288428465 -0.017970945 0.956912598 -0.008510064 0.106326228 -1.605615638
1750921983.700000048 -0.338438244 -0.081988742 -0.846330763 0.032493974 0.343414191 -0.021004266 0.938386730 -0.121304099 -0.082810985 -1.652069100
1750921983.799998999 -0.462496268 -0.079294656 -0.956861123 0.037515681 0.397636415 -0.025398638 0.916423900 -0.132663044 -0.013970676 -1.563682785
1750921983.899998903 -0.604153386 -0.076420096 -1.050097070 0.040076219 0.446595597 -0.027552086 0.893413203 -0.060934042 -0.118797747 -1.765275636
1750921983.999999046 -0.747630645 -0.074575534 -1.126854764 0.046486359 0.489499892 -0.030125326 0.870242115 -0.116133358 -0.217832561 -1.671196621
1750921984.099998951 -0.907631569 -0.074832726 -1.197353649 0.051422393 0.533242340 -0.034566440 0.843690409 -0.230107422 -0.229280042 -1.607941131
1750921984.199999094 -1.072754832 -0.074259854 -1.245931511 0.058705085 0.574480189 -0.037502010 0.815548788 -0.196359866 -0.131548020 -1.650945099
1750921984.299998999 -1.231968334 -0.068174524 -1.276313827 0.062457179 0.611436506 -0.038181464 0.787900169 -0.105557891 -0.102183408 -1.773537056
1750921984.399998903 -1.404962208 -0.060341105 -1.292202316 0.066032642 0.649962450 -0.038967718 0.756088633 -0.117985779 -0.201225792 -1.724979375
1750921984.499999046 -1.578462768 -0.053898442 -1.295608332 0.070318839 0.689903223 -0.043546867 0.719160951 -0.042036779 -0.253476706 -1.712673277
1750921984.599998951 -1.748448260 -0.050482032 -1.279350688 0.078452773 0.727215516 -0.045325791 0.680403063 -0.174325056 -0.321139417 -1.632500082
1750921984.699999094 -1.938668350 -0.044194944 -1.263919675 0.082802109 0.768048947 -0.049387034 0.633092052 0.247409880 -0.527853022 -2.006417989
1750921984.799998999 -2.117132689 -0.022098636 -1.254339389 0.081720615 0.809545976 -0.044319425 0.579648896 0.843538808 0.151523476 -1.652792493
1750921984.899997950 -2.273151054 0.004749649 -1.190376628 0.080818637 0.841441208 -0.041366586 0.532666731 -0.106461274 0.042227042 -1.689672252
1750921984.999998093 -2.421182605 0.018871872 -1.092418277 0.079654879 0.872164352 -0.041818706 0.480869669 -0.171173513 -0.093085536 -1.781656240
1750921985.099997997 -2.555879229 0.034554539 -0.978293045 0.078279453 0.900072394 -0.039862721 0.426793834 -0.055240070 -0.214059608 -1.755231855
1750921985.199997902 -2.662462476 0.048305998 -0.866259766 0.077558240 0.923056176 -0.035503477 0.375088681 -0.177643821 -0.014695634 -1.604655050
1750921985.299998045 -2.768830940 0.048982964 -0.728870671 0.075832716 0.944305869 -0.038329483 0.317909855 -0.044387642 -0.267262760 -1.763715160
1750921985.399997950 -2.852852056 0.046916826 -0.580397564 0.072950867 0.962151142 -0.037446522 0.259886724 -0.126946381 -0.201307157 -1.611353492
1750921985.499998093 -2.910235573 0.044571142 -0.444302857 0.072307440 0.975127512 -0.039355755 0.205788957 -0.091824691 -0.112674011 -1.575611388
1750921985.599997997 -2.961816620 0.039356140 -0.288964654 0.070342501 0.985597221 -0.043446352 0.147521069 -0.044042094 -0.252321499 -1.641394188
1750921985.699997902 -2.996867497 0.041028861 -0.130483460 0.067279109 0.992871781 -0.043990604 0.087999857 -0.035989907 -0.135264162 -1.548729801
1750921985.799998045 -3.013578420 0.028382084 0.015387656 0.068158937 0.996161439 -0.045570628 0.030660490 -0.213804790 -0.364410163 -1.850707129
1750921985.899996996 -2.996138449 0.009443441 0.188257014 0.068668664 0.996103310 -0.048975688 -0.025771930 -0.169012352 -0.240348225 -1.660768325
1750921985.999996901 -2.948948002 -0.032586425 0.379477829 0.065462552 0.992732433 -0.060209130 -0.081066835 -0.308334923 -0.570734744 -1.811647292
1750921986.099997044 -2.896427394 -0.051536361 0.552973544 0.063484691 0.986424283 -0.064022705 -0.137251304 -0.084752863 -0.257229071 -1.816133380
1750921986.199996948 -2.843892269 -0.042646434 0.713963828 0.065812001 0.975329131 -0.061184422 -0.201639116 0.211615414 0.002934322 -1.544772965
1750921986.299997091 -2.795778440 -0.026160478 0.866385567 0.065119518 0.958803567 -0.057024485 -0.270561225 0.166448669 -0.244485780 -1.694351177
1750921986.399996996 -2.716936580 -0.028904407 1.006050753 0.061177126 0.939396409 -0.056804391 -0.332513168 -0.037284959 -0.133387788 -1.744376206
1750921986.499996901 -2.593775483 -0.024073705 1.128723348 0.060305509 0.917190815 -0.050332246 -0.390628877 -0.055811021 -0.062621552 -1.633407872
1750921986.599997044 -2.455744016 -0.041118381 1.229552954 0.063080540 0.892475714 -0.050754986 -0.443770073 -0.165458078 -0.244315272 -1.634335168
1750921986.699996948 -2.317132009 -0.052556513 1.308572496 0.065550952 0.866789062 -0.048115901 -0.492000666 -0.207280276 -0.016861439 -1.640970062
1750921986.799997091 -2.153238517 -0.062634363 1.365348233 -0.063838746 -0.837602212 0.047059311 0.540492896 -0.230448185 -0.177659384 -1.757635226
1750921986.899996996 -1.989428375 -0.074640188 1.415694432 -0.061351620 -0.803482548 0.042560026 0.590627140 -0.196839106 0.023416061 -1.649830699
1750921986.999995947 -1.824453368 -0.085568083 1.443861092 -0.061567116 -0.769772230 0.038279395 0.634188373 -0.253071255 -0.149129733 -1.695260274
1750921987.099996090 -1.646380258 -0.098956352 1.451668838 -0.063436769 -0.731871310 0.034162692 0.677623105 -0.190132286 -0.035783449 -1.564325160
1750921987.199995995 -1.471426669 -0.117448987 1.441309806 -0.061767708 -0.691574079 0.030843194 0.718998429 -0.103600007 -0.149980219 -1.916281220
1750921987.299995899 -1.289009192 -0.137650124 1.421476981 -0.059535600 -0.649806963 0.025700294 0.757328144 0.020171264 0.021418811 -1.755771334
1750921987.399996042 -1.084293887 -0.165414580 1.392180245 -0.051774611 -0.601935497 0.017092649 0.796681171 0.319655397 -0.189644074 -2.337211998
1750921987.499995947 -0.887273769 -0.194120352 1.332339446 -0.049686603 -0.550489680 0.009711979 0.833305485 -0.130243651 -0.194548567 -1.824977210
1750921987.599996090 -0.735094158 -0.223581333 1.248621812 -0.044427417 -0.502361858 0.007023991 0.863486788 -0.101731698 -0.331841335 -1.814678131
1750921987.699995995 -0.588137260 -0.245250488 1.143659641 -0.038706099 -0.450173794 0.005492854 0.892084761 -0.004781116 0.180881418 -1.522478747
1750921987.799995899 -0.434151926 -0.242085707 1.043710286 -0.030905094 -0.392642536 -0.000383309 0.919171675 0.379773485 0.326599413 -1.670680298
1750921987.899996042 -0.365375732 -0.219995819 0.968125320 -0.029052280 -0.340280490 -0.006633873 0.939851661 -0.517853663 0.691656780 -0.914236623
1750921987.999994993 -0.256155599 -0.211766796 0.822890090 -0.025297692 -0.284431536 -0.013971691 0.958260674 0.266490856 -0.115562914 -1.855203957
1750921988.099994898 -0.178054031 -0.223392983 0.672671465 -0.019305199 -0.228280626 -0.016435282 0.973265199 -0.009210143 -0.292429367 -1.623664441
1750921988.199995041 -0.106613156 -0.217953311 0.543440132 -0.019255517 -0.170940294 -0.016693410 0.984951761 0.175797633 -0.045161651 -1.686199676
1750921988.299994946 -0.055410137 -0.241535818 0.382458810 -0.012050911 -0.110485396 -0.018103736 0.993639778 -0.088873588 -0.089130066 -1.824214189
1750921988.399995089 -0.042584840 -0.274790385 0.190351483 -0.003847461 -0.052904990 -0.021304454 0.998364853 -0.194049863 -0.208525824 -1.839839711
1750921988.499994993 -0.051629387 -0.313088575 0.004460928 0.001721652 -0.000880901 -0.025616842 0.999669964 -0.188650452 -1.023875428 -1.985123652
1750921988.599994898 -0.075221440 -0.372224530 -0.189293878 0.019313935 0.054622191 -0.032857781 0.997779412 -0.171663277 -0.529182871 -1.797530629
1750921988.699995041 -0.115550967 -0.410078386 -0.383094599 0.029814983 0.122236752 -0.037778915 0.991333444 -0.066818718 -0.255134013 -1.912035961
1750921988.799994946 -0.159178194 -0.406508753 -0.547810883 0.035697589 0.184804973 -0.040203719 0.981303452 0.282290687 -0.089366217 -1.806956581
1750921988.899995089 -0.217867982 -0.413301172 -0.716757340 0.041221874 0.254644958 -0.043624196 0.965170261 0.470051459 -0.300349818 -1.757996082
1750921988.999994993 -0.323161693 -0.411590957 -0.876303273 0.046250627 0.317148105 -0.045379388 0.946159960 0.041430201 -0.181721636 -1.937937125
1750921989.099993944 -0.443607300 -0.406514451 -1.031688784 0.054073385 0.372373219 -0.045043039 0.925410925 0.080793352 -0.379043290 -1.957006007
1750921989.199994087 -0.593150404 -0.383026168 -1.166747395 0.059256350 0.428673437 -0.043707340 0.900454018 0.031425148 0.037694645 -2.088699184
1750921989.299993992 -0.750434175 -0.365970661 -1.283354443 0.064267680 0.483109653 -0.042299070 0.872172871 0.043728389 -0.227674855 -1.869457073
1750921989.399993896 -0.910513801 -0.343752507 -1.368810635 0.061523076 0.532431249 -0.044025064 0.843085802 0.116217185 0.262809737 -2.122104309
1750921989.499994040 -1.086860700 -0.324162900 -1.439409027 0.061705839 0.582654882 -0.044474627 0.809152449 -0.112366401 -0.225841853 -1.859654718
1750921989.599993944 -1.275805503 -0.310638641 -1.483566509 0.065313515 0.629137063 -0.047086813 0.773112885 -0.163173588 -0.190436871 -1.663645199
1750921989.699994087 -1.444024106 -0.290831015 -1.500664870 0.066940016 0.670195624 -0.047213500 0.737650151 -0.036690516 -0.149584304 -1.881666019
1750921989.799993992 -1.619500258 -0.272875049 -1.498735758 0.067801839 0.711360236 -0.047345976 0.697945473 -0.114835202 -0.100657541 -1.759840573
1750921989.899993896 -1.808939834 -0.255544793 -1.476325567 0.068248418 0.751113733 -0.049249646 0.654786061 -0.075615670 -0.186161006 -1.936591832
1750921989.999994040 -1.988481127 -0.242836847 -1.436502348 0.072989997 0.788272170 -0.055461930 0.608459876 0.039083352 -0.217168051 -2.068108808
1750921990.099992990 -2.169239604 -0.231949464 -1.372725355 0.077504369 0.825783286 -0.059021048 0.555510174 -0.208276260 -0.088797471 -1.794053227
1750921990.199992895 -2.341186366 -0.209836552 -1.298758616 0.075704802 0.859793442 -0.055361852 0.501955263 0.168717646 -0.127854468 -1.796541410
1750921990.299993038 -2.488326129 -0.185828528 -1.221070330 0.078114403 0.887925358 -0.052536541 0.450251718 0.107846742 -0.121849994 -1.824205472
1750921990.399992943 -2.646014193 -0.148728358 -1.152948107 0.075699489 0.915624325 -0.048021055 0.391912824 0.586621203 -0.392541447 -1.683838180
1750921990.499993086 -2.768910911 -0.120588079 -1.050373461 0.071368529 0.937819369 -0.039565592 0.337395804 -0.164052948 -0.306075644 -1.930086194
1750921990.599992990 -2.864007212 -0.108709458 -0.904741878 0.067587885 0.953226618 -0.036329075 0.292354392 -0.104562189 -0.004171875 -1.742922162
1750921990.699992895 -2.948109464 -0.107721889 -0.738458908 0.065226894 0.967238268 -0.036847260 0.242565174 -0.104513365 -0.191544793 -1.883181785
1750921990.799993038 -3.016485885 -0.108467704 -0.558895206 0.064536874 0.978273058 -0.039116033 0.193097776 -0.193389307 -0.189331038 -1.969726864
1750921990.899992943 -3.062309093 -0.108358045 -0.386235902 0.060411443 0.986201710 -0.039018535 0.149111362 -0.098927777 -0.154801478 -1.874373536
1750921990.999993086 -3.102268700 -0.108362767 -0.198484449 0.058514968 0.992332948 -0.043860865 0.099637058 -0.185691749 -0.199541436 -1.909990325
1750921991.099992990 -3.118210190 -0.098581087 -0.022030000 0.052220814 0.996622185 -0.039432109 0.049621734 -0.167293225 -0.173740968 -1.842921787
1750921991.199991941 -3.110438794 -0.099722862 0.154220457 0.052370973 0.997823615 -0.040021165 0.001902607 -0.138697021 -0.157312338 -1.851560001
1750921991.299992085 -3.093732574 -0.102084559 0.339958719 0.052991876 0.996261918 -0.040831302 -0.054652148 -0.207331505 -0.313173510 -1.883827560
1750921991.399991989 -3.052739482 -0.157251385 0.538081775 0.053214239 0.990770729 -0.051785392 -0.113401417 -0.067403781 -1.030698320 -1.965732866
1750921991.499991894 -3.015474692 -0.207334469 0.728275469 0.053061574 0.980815572 -0.067970247 -0.174829427 0.140772830 -0.833258959 -2.343862539
1750921991.599992037 -2.985214779 -0.244956227 0.988367149 0.050460486 0.961960870 -0.077961450 -0.256918344 1.181422130 -0.658833996 -2.127836469
1750921991.699991941 -2.902037294 -0.251808128 1.169947193 0.048175083 0.940207933 -0.082187762 -0.327006691 -0.198530917 -0.272379469 -1.700381633
1750921991.799992085 -2.786547002 -0.245945570 1.285657408 0.047100220 0.918855877 -0.084368559 -0.382579917 -0.037356212 -0.112386876 -1.612509162
1750921991.899991989 -2.653443897 -0.239956330 1.397815811 0.048180194 0.892198331 -0.086819099 -0.440594201 -0.034457830 -0.170503612 -1.725934175
1750921991.999991894 -2.502608805 -0.233525424 1.492548303 0.052824419 0.862371465 -0.087016226 -0.495936703 -0.105242781 0.070969479 -1.751234868
1750921992.099992037 -2.351565166 -0.240099328 1.546543975 -0.056242402 -0.833987887 0.089561424 0.541553089 -0.231852907 -0.289309910 -1.686083614
1750921992.199990988 -2.184041885 -0.248081311 1.587590093 -0.059356084 -0.801359190 0.086250857 0.588949144 -0.176850529 -0.169941846 -1.664722469
1750921992.299990892 -2.014037469 -0.252868522 1.611643766 -0.059439360 -0.765382558 0.083453975 0.635367561 -0.156015406 -0.186861143 -1.652978172
1750921992.399991035 -1.853225098 -0.266150180 1.613733688 -0.059871585 -0.729659002 0.079544657 0.676524783 -0.215194929 -0.169901126 -1.663581652
1750921992.499990940 -1.675216961 -0.278433035 1.600598763 -0.064228721 -0.689511799 0.074338156 0.717580650 -0.311972422 -0.162022070 -1.701369087
1750921992.599991083 -1.504382811 -0.298203098 1.562079057 -0.069333665 -0.648927147 0.065602127 0.754839560 -0.209718406 -0.305479851 -1.855884292
1750921992.699990988 -1.345417988 -0.315217849 1.513978513 -0.069077637 -0.605916787 0.061167744 0.790159246 -0.141149696 0.059804750 -1.578743159
1750921992.799990892 -1.184736654 -0.328833911 1.443791325 -0.069647725 -0.559706653 0.054032886 0.823989141 -0.131614204 -0.105107865 -1.779872128
1750921992.899991035 -1.010396993 -0.354988375 1.365334218 -0.069354959 -0.509556268 0.046211156 0.856391750 -0.114711743 -0.164527999 -1.865633538
1750921992.999990940 -0.845423658 -0.375134863 1.281186245 -0.071402938 -0.459302138 0.037377041 0.884616371 0.149723971 -0.043074808 -1.899471932
1750921993.099991083 -0.697626480 -0.390243755 1.176753505 -0.070534440 -0.403865632 0.029184989 0.911628038 -0.140439655 -0.113320897 -1.657840853
1750921993.199990988 -0.576197566 -0.419862871 1.046513852 -0.068364879 -0.348924211 0.023315460 0.934363167 -0.058722216 -0.259764125 -1.808200245
1750921993.299989939 -0.507829667 -0.446885524 0.891556091 -0.068128000 -0.300707768 0.018807903 0.951093937 -0.042283991 -0.204976156 -1.639394121
1750921993.399990082 -0.432249134 -0.470799532 0.747980439 -0.064522135 -0.242989649 0.010827722 0.967820069 -0.040297829 0.038437540 -1.505411035
1750921993.499989986 -0.368028174 -0.479076267 0.635884063 -0.062929525 -0.183549697 0.008019742 0.980961298 0.173701870 0.169557219 -1.064545044
1750921993.599989891 -0.334882538 -0.501965323 0.497679215 -0.060176304 -0.129581510 0.002472950 0.989738010 0.144494088 0.253585428 -1.182285022
1750921993.699990034 -0.310820244 -0.491593735 0.378481267 -0.065469028 -0.068135116 0.002315552 0.995523004 -0.110303684 0.059503822 -1.484609634
1750921993.799989939 -0.313879277 -0.513726917 0.225471195 -0.065393386 -0.007768097 -0.001177709 0.997828630 -0.008197330 0.018451800 -1.561761243
1750921993.899990082 -0.329220646 -0.539082693 0.064795831 -0.065723913 0.049053809 -0.006651693 0.996609174 -0.025960823 -0.084289002 -1.787216466
1750921993.999989986 -0.378017654 -0.581094957 -0.102484984 -0.061286452 0.107039583 -0.013399500 0.992273627 -0.160059900 -0.186257823 -1.762555784
1750921994.099989891 -0.438731307 -0.660830230 -0.277239419 -0.050592434 0.166382483 -0.026526216 0.984405219 -0.002657272 -0.583061820 -1.877921273
1750921994.199990034 -0.503662850 -0.700453791 -0.423926861 -0.045058491 0.224898322 -0.033789740 0.972753170 -0.408468357 -0.198303237 -1.600243291
1750921994.299988985 -0.588085699 -0.740300146 -0.563299840 -0.037932987 0.285221251 -0.040689142 0.956846027 -0.125009228 -0.248394499 -1.595173192
1750921994.399988890 -0.693124075 -0.760299414 -0.680043609 -0.030787626 0.342010296 -0.049511821 0.937885739 0.088040285 -0.261956283 -1.666365637
1750921994.499989033 -0.812378652 -0.781634290 -0.783236968 -0.028565977 0.395290616 -0.055584054 0.916427699 -0.162387354 -0.139540958 -1.613990623
1750921994.599988937 -0.942759214 -0.797356473 -0.876923810 -0.021901543 0.451299356 -0.060632226 0.890040981 0.189108847 -0.149509598 -1.590654716
1750921994.699989080 -1.082772480 -0.806516170 -0.949445425 -0.015747909 0.504610897 -0.066068682 0.860671119 -0.145944859 -0.109204371 -1.506543906
1750921994.799988985 -1.213121571 -0.794676311 -0.988904986 -0.015875026 0.549956820 -0.068147616 0.832256801 -0.404115324 0.031144260 -1.409557079
1750921994.899988890 -1.369207899 -0.797441331 -1.031895860 -0.011648887 0.599220307 -0.074023303 0.797069557 -0.164054611 -0.047981366 -1.556301754
1750921994.999989033 -1.531751062 -0.791641649 -1.050146208 -0.007470240 0.642786132 -0.076788551 0.762150708 -0.066202584 -0.117301626 -1.613822262
1750921995.099988937 -1.682943657 -0.785910343 -1.054647425 -0.003573699 0.681493117 -0.079097941 0.727528608 -0.154218423 -0.089452824 -1.520094155
1750921995.199989080 -1.846252218 -0.774374885 -1.044978365 -0.003177053 0.719741185 -0.080878785 0.689507908 -0.098828157 -0.116484854 -1.554047050
1750921995.299988985 -2.005436159 -0.771964199 -1.013652758 0.001853089 0.754472320 -0.086212503 0.650642366 -0.136048520 -0.272299120 -1.601570473
1750921995.399987936 -2.170921444 -0.772838688 -0.972714179 0.008628958 0.786036420 -0.093760128 0.610967532 -0.007018267 -0.309739703 -1.860602491
1750921995.499988079 -2.342236880 -0.764568114 -0.920154157 0.012252370 0.819414330 -0.098353091 0.564567715 0.145689205 -0.292236038 -1.799795000
1750921995.599987984 -2.519627334 -0.771225142 -0.837819152 0.018837380 0.850005985 -0.106404160 0.515570687 -0.014552410 -0.715207350 -2.072339183
1750921995.699987888 -2.678212988 -0.772575341 -0.745313527 0.026606766 0.877258635 -0.113470998 0.465654056 0.012402190 0.113167300 -1.731713294
1750921995.799988031 -2.834362014 -0.731432944 -0.652774573 0.028291634 0.906422508 -0.112273127 0.406192769 0.242242670 -0.016331097 -1.851315673
1750921995.899987936 -2.969802318 -0.675705660 -0.564867174 0.030150194 0.933541243 -0.106606326 0.340920527 0.102996886 -0.016918896 -1.620827299
1750921995.999988079 -3.070931202 -0.656071610 -0.419886532 0.030455843 0.952571492 -0.108805499 0.282562130 -0.149734111 -0.099044381 -1.760076250
1750921996.099987984 -3.151736508 -0.627296402 -0.262055878 0.034578994 0.968902993 -0.106983880 0.220421715 -0.013566975 0.015489191 -1.708550015
1750921996.199987888 -3.218365616 -0.603239056 -0.091464573 0.037572859 0.981251978 -0.106846637 0.155937908 0.002964338 -0.195149959 -1.818854715
1750921996.299988031 -3.263731495 -0.585264422 0.070922407 0.039106354 0.988985491 -0.108038936 0.093305839 -0.035948687 -0.337477766 -1.888223428
1750921996.399986982 -3.281933681 -0.562454623 0.242245060 0.042144031 0.992797104 -0.108380690 0.028834303 -0.022252285 -0.077139571 -1.472445824
1750921996.499986887 -3.276383364 -0.542466166 0.404418890 0.043278177 0.992538722 -0.109104506 -0.033016536 0.015551700 -0.174047839 -1.612862338
1750921996.599987030 -3.251222459 -0.522247910 0.560007537 0.047280484 0.989418201 -0.105882374 -0.087207241 0.038252262 -0.142484385 -1.651999265
1750921996.699986935 -3.218792863 -0.503859143 0.722553636 0.051346896 0.981473883 -0.110840078 -0.147604170 -0.009397465 -0.050909334 -1.594738326
1750921996.799987078 -3.160374333 -0.495462308 0.895285397 0.055981862 0.970100061 -0.113262069 -0.207228392 0.114013562 -0.336000727 -1.701337114
1750921996.899986982 -3.140025943 -0.534875904 1.082353677 0.057326105 0.951471270 -0.127703942 -0.274058102 0.518901296 -0.888937478 -1.732140126
1750921996.999986887 -3.076797685 -0.519323284 1.302539599 0.060866153 0.925902898 -0.131424481 -0.348893596 0.202541786 0.147466354 -1.962888843
1750921997.099987030 -2.944002147 -0.514747158 1.456586404 0.062688365 0.901019599 -0.132019118 -0.408417438 -0.103025452 -0.314771278 -1.886011488
1750921997.199986935 -2.814160483 -0.501488240 1.567235015 0.063880473 0.874999992 -0.131544611 -0.461508737 -0.019546742 -0.006502951 -1.722953420
1750921997.299987078 -2.655635138 -0.481021852 1.657491079 -0.069588332 -0.845060293 0.129286224 0.514116367 -0.049124868 -0.110720247 -1.763716969
1750921997.399986982 -2.479607183 -0.472425461 1.729668625 -0.073239118 -0.811231104 0.131035007 0.565128263 0.076423663 -0.344465895 -1.982434229
1750921997.499985933 -2.303889498 -0.458567086 1.771458728 -0.082754901 -0.777533094 0.128974486 0.609884822 -0.110935410 -0.073427297 -1.948363528
1750921997.599986076 -2.122465638 -0.462222026 1.789578024 -0.087016088 -0.739604989 0.125804426 0.655428034 -0.189503054 -0.136934925 -1.750001571
1750921997.699985981 -1.942555474 -0.468362229 1.788964824 -0.090108779 -0.698857764 0.119657543 0.699399961 -0.084652753 -0.002430963 -1.769178585
1750921997.799985886 -1.767855374 -0.475691077 1.772947859 -0.092468680 -0.657172706 0.112554494 0.739530300 -0.140053629 -0.165009657 -1.863623325
1750921997.899986029 -1.584748493 -0.494090662 1.731787483 -0.096853863 -0.610845741 0.104049941 0.778884086 -0.041353399 -0.023620133 -1.930651076
1750921997.999985933 -1.406559913 -0.517966682 1.670683888 -0.101600438 -0.562855541 0.094358396 0.814841999 -0.220341029 -0.050792388 -1.662428846
1750921998.099986076 -1.251389358 -0.543550216 1.590755028 -0.105225685 -0.518019112 0.085202467 0.844585280 -0.134991122 -0.095644458 -1.876094208
1750921998.199985981 -1.093725685 -0.568521972 1.496570260 -0.107272704 -0.465633450 0.075646810 0.875188904 0.119152778 0.024100675 -1.767092860
1750921998.299985886 -0.939430263 -0.601548036 1.384810964 -0.105303861 -0.409515700 0.066925364 0.903730593 0.079028212 -0.199511694 -2.042658454
1750921998.399986029 -0.805157589 -0.633233788 1.263796518 -0.107934277 -0.356522369 0.055745301 0.926355468 -0.217867880 0.020630462 -1.696504714
1750921998.499984980 -0.659646548 -0.668299232 1.120919874 -0.107530480 -0.296857094 0.044496801 0.947804355 0.177678892 0.028527983 -1.522717272
1750921998.599984884 -0.573720277 -0.712854336 0.952225118 -0.105546044 -0.239456920 0.037774291 0.964413562 -0.186686330 -0.067335813 -1.847371791
1750921998.699985027 -0.517813652 -0.744469894 0.799133876 -0.105610511 -0.183564200 0.031218144 0.976819344 -0.154242517 -0.133702532 -1.605106312
1750921998.799984932 -0.473158957 -0.751595149 0.670633634 -0.105427205 -0.123361036 0.022463377 0.986490018 0.043348351 0.419775797 -0.642682459
1750921998.899985075 -0.455437842 -0.760661153 0.530599230 -0.102918353 -0.062361615 0.013371438 0.992642960 -0.290325563 0.197822709 -0.644865203
1750921998.999984980 -0.447592255 -0.751915687 0.394550848 -0.103190154 -0.005596250 0.003064033 0.994641184 0.064542703 0.948851982 -1.484850478
1750921999.099984884 -0.460750109 -0.753127852 0.232051792 -0.102045488 0.052510158 -0.003360522 0.993387190 -0.155810027 -0.196304773 -1.821023902
1750921999.199985027 -0.506809402 -0.802868951 0.055501165 -0.097591815 0.109026333 -0.010292508 0.989183077 -0.151872945 -0.029858838 -1.700509980
1750921999.299984932 -0.566578793 -0.824259246 -0.116958863 -0.097164140 0.163758464 -0.014737395 0.981593146 -0.018177164 -0.226314765 -2.025997808
1750921999.399985075 -0.661376703 -0.884686810 -0.286315843 -0.090924839 0.219456462 -0.022528891 0.971114815 -0.116192122 -0.209748536 -2.000784794
1750921999.499984980 -0.768088079 -0.985701229 -0.460934912 -0.076677829 0.276652350 -0.037340891 0.957177959 0.162386907 -1.118060408 -2.208657702
1750921999.599983931 -0.871727028 -1.082883175 -0.615973324 -0.057411436 0.334967103 -0.052953758 0.938987149 -0.096260726 -0.237149254 -1.928584218
1750921999.699984074 -1.012032486 -1.115986742 -0.744349167 -0.047306930 0.390026548 -0.062504728 0.917460901 -0.104818659 -0.101084622 -1.773253953
1750921999.799983978 -1.161368596 -1.135667325 -0.857900210 -0.043261158 0.444060129 -0.067798764 0.892380189 -0.065567951 0.003482292 -1.830938308
1750921999.899983883 -1.310117767 -1.152732781 -0.947646803 -0.031550919 0.493525511 -0.077789797 0.865670756 -0.031691054 -0.134087381 -1.781402986
1750921999.999984026 -1.484111143 -1.165732233 -1.029920943 -0.018947518 0.543314721 -0.086291584 0.834867575 0.196548309 -0.013822988 -2.008745788
1750922000.099983931 -1.652881479 -1.150601603 -1.115949695 -0.019027773 0.599461132 -0.094389870 0.794590994 -0.075951216 -0.163262047 -1.766453104
1750922000.199984074 -1.814100724 -1.144145386 -1.140573464 -0.012183269 0.641628159 -0.100947863 0.760246277 -0.179546959 -0.162848004 -1.688130528
1750922000.299983978 -2.001361836 -1.133327957 -1.152560810 -0.005752452 0.684397755 -0.107228966 0.721157799 0.024664074 -0.134608926 -1.864783080
1750922000.399983883 -2.186499242 -1.128114521 -1.136227735 0.006494896 0.724042917 -0.115600768 0.679967745 -0.071024564 -0.299113779 -1.777578654
1750922000.499984026 -2.360949562 -1.104880326 -1.111815866 0.010476669 0.761220592 -0.120361125 0.637139427 0.012711125 -0.100128299 -1.965815740
1750922000.599982977 -2.533554950 -1.077133227 -1.064439685 0.015557088 0.796810686 -0.122217976 0.591534847 -0.071605040 -0.168714472 -1.829586507
1750922000.699982882 -2.705081693 -1.046260302 -0.999458660 0.019318886 0.828846125 -0.128021668 0.544289752 -0.025470609 -0.146374528 -1.797963340
1750922000.799983025 -2.861548573 -1.020858931 -0.917026855 0.026932323 0.856774394 -0.133754333 0.497314856 -0.032071856 -0.237426254 -1.910947436
1750922000.899982929 -3.029138213 -0.993250551 -0.807759346 0.036681086 0.884062314 -0.140922272 0.444104984 0.028745032 -0.187889848 -1.848258286
1750922000.999983072 -3.199752712 -0.969482662 -0.673569079 0.047849804 0.908396156 -0.146738203 0.388580390 0.288637843 -0.645482910 -2.379022916
1750922001.099982977 -3.330430331 -0.915440158 -0.553847370 0.053012058 0.931324234 -0.143499085 0.330504018 -0.457802362 0.240123104 -1.560979150
1750922001.199982882 -3.428943400 -0.861148415 -0.409810032 0.056267543 0.950396684 -0.138619603 0.272698940 0.024581703 0.004405981 -1.762336723
1750922001.299983025 -3.514779056 -0.794266504 -0.256396494 0.057586294 0.966120279 -0.133735357 0.213096878 0.032909168 0.045582737 -1.814387984
1750922001.399982929 -3.575672483 -0.758698049 -0.091987233 0.061105684 0.977208708 -0.131480921 0.155054840 -0.009281870 -0.206533578 -1.915292858
1750922001.499983072 -3.613198009 -0.721138769 0.091305944 0.063593002 0.985503861 -0.125574565 0.094705325 -0.064513934 -0.119432004 -1.792928205
1750922001.599982977 -3.624231377 -0.691100039 0.276530308 0.069219174 0.988881166 -0.126842556 0.035124217 -0.085640477 -0.215166379 -1.842125145
1750922001.699981928 -3.621621139 -0.663774342 0.454797467 0.070428887 0.989498531 -0.124523092 -0.020650144 -0.073532682 -0.187136092 -1.840444844
1750922001.799982071 -3.601507791 -0.637222911 0.635143699 0.070597050 0.986077851 -0.128055126 -0.079173306 -0.019613918 -0.175364690 -1.611491321
1750922001.899981976 -3.556445091 -0.613967891 0.798746081 0.073928418 0.979685727 -0.127007493 -0.136453517 -0.065506783 -0.129813794 -1.731076968
1750922001.999982119 -3.511074304 -0.586744946 0.972522708 0.075293599 0.969718659 -0.125706681 -0.195382771 0.240370617 -0.194256615 -1.824033816
1750922002.099982023 -3.436972313 -0.568259944 1.142215912 0.080599162 0.954994027 -0.128647220 -0.254833428 -0.029447105 0.009094593 -1.718609475
1750922002.199981928 -3.332662187 -0.555153076 1.288299359 0.084151701 0.937411223 -0.130987697 -0.311481802 -0.247792437 -0.267324174 -1.743989046
1750922002.299982071 -3.211441355 -0.585283963 1.455147873 0.081725606 0.915468996 -0.143904863 -0.366781724 0.305385955 -1.128302061 -2.566106703
1750922002.399981976 -3.042707990 -0.609973584 1.627905773 0.080104228 0.888247363 -0.156058504 -0.424553505 0.093284764 -1.045542647 -2.594265473
1750922002.499982119 -2.867899244 -0.617556637 1.751296008 0.083878373 0.860924768 -0.158834977 -0.475966818 0.190839990 -0.082836577 -1.758692292
1750922002.599982023 -2.735731860 -0.570372302 1.864381878 -0.090728872 -0.825217055 0.152372443 0.536253413 0.461293470 -0.079874831 -1.903963374
1750922002.699980974 -2.567899953 -0.547812386 1.950772241 -0.094708531 -0.784014895 0.149770607 0.594911509 0.000525142 -0.245241242 -1.935220694
1750922002.799981117 -2.376332880 -0.542807509 1.982207425 -0.100886143 -0.746323284 0.143837470 0.641976888 -0.114060992 -0.101538569 -1.850829762
1750922002.899981022 -2.192848746 -0.545451114 1.988733354 -0.108045737 -0.708748698 0.138566363 0.683228194 -0.167561453 -0.129762824 -1.923360950
1750922002.999980927 -2.006209047 -0.553146379 1.965143589 -0.116343511 -0.666964295 0.134974254 0.723467184 -0.176717181 -0.046845107 -1.779567281
1750922003.099981070 -1.825081206 -0.566706203 1.922762139 -0.122407265 -0.624098417 0.128826861 0.760868758 -0.197750798 -0.046501405 -1.870980130
1750922003.199980974 -1.663485530 -0.590549043 1.868652809 -0.126523578 -0.580996489 0.120312790 0.794958927 -0.219647744 -0.100448561 -1.747542951
1750922003.299981117 -1.497781945 -0.623922786 1.792840249 -0.129461829 -0.532671825 0.113227751 0.828661474 -0.183455392 -0.203936313 -1.856495234
1750922003.399981022 -1.337813772 -0.660266355 1.695511530 -0.136984648 -0.485417376 0.099730314 0.857705685 -0.128501530 -0.119903125 -2.035999260
1750922003.499980927 -1.199642661 -0.698522165 1.595086755 -0.138613059 -0.438643153 0.090259887 0.883307284 -0.033744977 -0.103792321 -2.093807338
1750922003.599981070 -1.048574012 -0.742844260 1.466743495 -0.141113218 -0.386703567 0.079361635 0.907881679 0.076456767 -0.237661123 -2.019133138
1750922003.699980021 -0.880919962 -0.804481406 1.322542797 -0.140496449 -0.330156365 0.062080481 0.931345015 0.087829391 -0.277874027 -2.145645634
1750922003.799979925 -0.755211174 -0.850367044 1.172518237 -0.139887178 -0.278369056 0.044610096 0.949185011 -0.052140355 -0.027684525 -2.006717867
1750922003.899980068 -0.674418417 -0.910965083 1.008700843 -0.141566346 -0.221355145 0.033764770 0.964272166 -0.045728089 -0.022544456 -1.781809311
1750922003.999979973 -0.607484784 -0.957058326 0.844022374 -0.141464695 -0.162202100 0.023129303 0.976290558 0.004449842 0.031710983 -1.855974995
1750922004.099980116 -0.573441205 -0.978303532 0.691805096 -0.142499435 -0.107409732 0.012078996 0.983875581 -0.041235210 0.209530715 -1.394023361
1750922004.199980021 -0.566219946 -0.983605226 0.556016128 -0.143026753 -0.048569208 0.000346379 0.988526307 -0.183298755 0.085990363 -1.097301684
1750922004.299979925 -0.529895163 -0.998876870 0.410760904 -0.139617906 0.013495332 -0.017232168 0.989963519 -0.100000195 -0.051840722 -1.636843956
1750922004.399980068 -0.551700169 -1.030725741 0.258517018 -0.139406119 0.067048071 -0.024284185 0.987664300 -0.073979237 0.115668565 -1.578516335
1750922004.499979973 -0.583864576 -1.067940634 0.103165832 -0.139398411 0.125822644 -0.031263815 0.981712442 -0.138744887 0.015312320 -1.826887040
1750922004.599980116 -0.632123894 -1.113135720 -0.051589433 -0.131440569 0.185022829 -0.041408932 0.973023756 -0.142878556 -0.050519715 -1.752550352
1750922004.699980021 -0.725027141 -1.141715650 -0.195369387 -0.127160204 0.237974167 -0.043450332 0.961930687 -0.096636218 -0.229983696 -1.831724756
1750922004.799978971 -0.841154753 -1.194140851 -0.338977431 -0.124605817 0.292662273 -0.052768534 0.946592661 -0.170552383 -0.463103963 -2.003911909
1750922004.899979115 -0.985087902 -1.296497733 -0.466229527 -0.106774494 0.344955080 -0.071406267 0.929788333 -0.058585238 -0.972545699 -2.024594108
1750922004.999979019 -1.120151281 -1.375519580 -0.589267435 -0.092661204 0.399034657 -0.084353009 0.908333536 -0.178539134 -0.338772385 -2.079392620
1750922005.099978924 -1.275856828 -1.423460062 -0.707475331 -0.080145491 0.455131997 -0.099600419 0.881198798 -0.002496029 -0.175284227 -1.783666905
1750922005.199979067 -1.429122908 -1.451093723 -0.795505372 -0.069356674 0.513678843 -0.113009710 0.847674763 0.081945260 -0.139304607 -1.814009890
1750922005.299978971 -1.591623222 -1.464633248 -0.858572063 -0.061047685 0.562753177 -0.121985566 0.815292318 -0.018303328 -0.042077259 -1.800288699
1750922005.399979115 -1.773233363 -1.460718557 -0.921313834 -0.054120023 0.615135451 -0.132080057 0.775392971 0.204815090 -0.083643975 -1.916812414
1750922005.499979019 -1.964483140 -1.455288562 -0.952061657 -0.041934481 0.662708875 -0.141144141 0.734259340 -0.022394341 -0.099445211 -1.821331741
1750922005.599978924 -2.124767510 -1.430723126 -0.960262330 -0.037164313 0.703750237 -0.145466827 0.694401771 -0.098160105 -0.068026353 -1.645789734
1750922005.699979067 -2.310122591 -1.405394823 -0.946165119 -0.034710120 0.745588567 -0.152436966 0.647808512 -0.196858099 -0.035611156 -1.806099783
1750922005.799978018 -2.484913803 -1.378825698 -0.897943383 -0.025482972 0.780760956 -0.159261625 0.603654440 -0.174008914 -0.183333485 -1.729976724
1750922005.899977922 -2.644764661 -1.345493409 -0.839619932 -0.016817659 0.811454218 -0.165168404 0.560337948 -0.125782391 -0.095699245 -1.809308414
1750922005.999978065 -2.802805527 -1.303716344 -0.759858883 -0.010006243 0.841314383 -0.168401247 0.513547470 -0.073500546 -0.060650002 -1.875559811
1750922006.099977970 -2.955501134 -1.259042158 -0.660970641 -0.000818806 0.868931113 -0.171345669 0.464326084 -0.146414648 -0.189595651 -1.807533598
1750922006.199978113 -3.085427055 -1.213918496 -0.553023374 0.006422465 0.892347117 -0.175584296 0.415746955 -0.018662943 -0.223460700 -1.920352943
1750922006.299978018 -3.211304765 -1.175216455 -0.413520227 0.019918973 0.913248530 -0.185450501 0.362199488 -0.084210217 -0.297310125 -1.902915739
1750922006.399977922 -3.332694741 -1.128522624 -0.261671838 0.030993096 0.932569196 -0.193156258 0.303388830 -0.063877807 -0.271952628 -1.949720821
1750922006.499978065 -3.424139503 -1.079434523 -0.106475070 0.036512529 0.948365071 -0.193376141 0.248749262 0.041896503 -0.002093416 -1.762478778
1750922006.599977970 -3.504152465 -1.015402732 0.034831659 0.044905395 0.962719938 -0.189330527 0.187903640 0.402310599 -0.202818557 -1.958683882
1750922006.699978113 -3.596535393 -0.924910755 0.167695088 0.050779138 0.974537974 -0.183301512 0.118734039 -0.000251240 0.049101294 -1.794076382
1750922006.799978018 -3.619700927 -0.877004142 0.330106440 0.058985390 0.980207026 -0.178998411 0.060617474 -0.048947461 -0.176800794 -1.759750850
1750922006.899976969 -3.618261764 -0.820722153 0.505988197 0.064689551 0.981981373 -0.177560725 0.000185292 -0.115566107 -0.169459581 -1.764384096
1750922006.999977112 -3.592964639 -0.775652253 0.685740696 0.071463434 0.980402521 -0.173566205 -0.059821786 -0.144973069 -0.248682516 -1.962731199
1750922007.099977016 -3.550358824 -0.734198961 0.859060413 0.076904833 0.974945543 -0.173355830 -0.116252271 -0.112333306 -0.046064542 -1.783226840
1750922007.199976921 -3.488178715 -0.695124534 1.027114804 0.083299241 0.966161419 -0.172755126 -0.172479028 0.008546809 -0.143990620 -1.733638297
1750922007.299977064 -3.412333179 -0.656221171 1.175280804 0.086655098 0.954834946 -0.169443729 -0.228188393 0.061681383 -0.111163601 -1.809197508
1750922007.399976969 -3.328159691 -0.627054876 1.318628673 0.089753128 0.939916614 -0.170632253 -0.281754802 0.110988862 -0.202310042 -1.725384241
1750922007.499977112 -3.210489260 -0.603424773 1.460724071 0.095781485 0.922046191 -0.171666750 -0.333447530 -0.103738963 -0.306005494 -1.834527422
1750922007.599977016 -3.077826901 -0.603953985 1.604920033 0.100903281 0.900512052 -0.171444064 -0.386656832 0.010850958 -0.548932729 -1.895515048
1750922007.699976921 -2.984891271 -0.592249194 1.743878583 0.106902543 0.871241842 -0.173194401 -0.446669003 1.430975640 -0.729759613 -1.625859299
1750922007.799977064 -2.837851224 -0.601648509 1.878565799 -0.106183720 -0.836281691 0.176716780 0.508064100 -0.280557321 -0.473129324 -2.017319697
1750922007.899976015 -2.652793859 -0.595530179 1.946317989 -0.113949189 -0.804089772 0.169870274 0.558210812 -0.249629877 -0.095073903 -1.884538740
1750922007.999975920 -2.482571668 -0.579307651 2.007950578 -0.120047600 -0.767966916 0.163587532 0.607498567 -0.042526131 -0.196391607 -1.784874603
1750922008.099976063 -2.297822969 -0.580344330 2.047618313 -0.126272979 -0.725076227 0.159248030 0.657996705 0.060307574 -0.195377770 -1.885763618
1750922008.199975967 -2.103633113 -0.591150493 2.067786836 -0.130088045 -0.680602064 0.152311831 0.704740404 0.159678936 -0.030747834 -1.934162205
1750922008.299976110 -1.929067865 -0.610622367 2.046399507 -0.136812360 -0.639523106 0.144546165 0.742562443 -0.171543248 -0.110993138 -1.742828743
1750922008.399976015 -1.762073024 -0.639064862 2.000132120 -0.142070147 -0.594733939 0.138414559 0.779069333 -0.172427412 -0.250280762 -1.782075652
1750922008.499975920 -1.595311265 -0.669532551 1.932792569 -0.149131845 -0.547605683 0.127108264 0.813468622 -0.126602907 -0.086354825 -1.749401592
1750922008.599976063 -1.445503469 -0.708165431 1.853575188 -0.152518757 -0.502395168 0.115844066 0.843159105 -0.213231856 -0.192720616 -1.830143217
1750922008.699975967 -1.302478655 -0.756244180 1.751566222 -0.156912587 -0.452343113 0.104750729 0.871660159 -0.185885836 -0.127510464 -1.732961307
1750922008.799976110 -1.171843674 -0.812397167 1.632601158 -0.163199308 -0.400306006 0.096180148 0.896588237 -0.223280986 -0.214881609 -1.655972568
1750922008.899976015 -1.070868124 -0.866613875 1.513485999 -0.168062594 -0.351649794 0.088827380 0.916628105 -0.173252347 -0.066222820 -1.703071333
1750922008.999974966 -0.949606978 -0.937127502 1.369657890 -0.172120458 -0.297762592 0.077245285 0.935812563 -0.014654081 -0.262061588 -2.206402047
1750922009.099975109 -0.848642586 -0.994956397 1.221520774 -0.176650796 -0.240685749 0.059560959 0.952532078 0.418937052 -0.039940692 -2.108270732
1750922009.199975014 -0.742531561 -1.053525608 1.081324909 -0.177694989 -0.183057153 0.040239247 0.966072136 0.770304611 -0.351733828 -2.168036484
1750922009.299974918 -0.673776379 -1.108109951 0.927900651 -0.178401561 -0.123281048 0.023058876 0.975931839 -0.077903880 -0.059347986 -1.587898207
1750922009.399975061 -0.654987286 -1.183124625 0.762212910 -0.176616652 -0.065679810 0.011314575 0.982020723 -0.144257402 0.119263710 -1.604268075
1750922009.499974966 -0.649974667 -1.236170707 0.598953246 -0.173663446 -0.011407760 -0.003424768 0.984733031 -0.253833129 0.007606504 -1.967012987
1750922009.599975109 -0.669549862 -1.217058512 0.499619792 -0.177801357 0.046563344 -0.017037346 0.982816494 -0.447684860 0.453984064 -0.609439260
1750922009.699975014 -0.705032352 -1.214541790 0.354914698 -0.178033851 0.102227986 -0.032505051 0.978159909 -0.167021154 0.778993221 -1.757126600
1750922009.799974918 -0.718992743 -1.233122693 0.226775291 -0.175767788 0.159931463 -0.044426026 0.970337024 -0.370477765 1.138411300 -0.259732265
1750922009.899975061 -0.801292211 -1.222296406 0.118824807 -0.180777887 0.217240586 -0.053862393 0.957718500 -0.013250588 0.202508026 -1.690747588
1750922009.999974012 -0.871181552 -1.262465967 -0.009466847 -0.173765324 0.275847950 -0.064025484 0.943193648 -0.002645777 0.519812340 -1.251321047
1750922010.099973917 -0.978638616 -1.315375277 -0.126820013 -0.165509456 0.329520657 -0.075454936 0.926460636 -0.281484863 -0.200679585 -1.784409944
1750922010.199974060 -1.114123708 -1.378253927 -0.229766066 -0.158836748 0.381899899 -0.088889039 0.906102695 -0.161092111 -0.769940703 -1.905091724
1750922010.299973965 -1.259741616 -1.478123702 -0.319039811 -0.143355090 0.434825996 -0.112144320 0.881929319 0.394545779 -0.549989275 -1.597653081
1750922010.399974108 -1.386662101 -1.532491050 -0.374745236 -0.130369103 0.485115302 -0.127945202 0.855159088 -0.270161473 -0.090762323 -1.571925546
1750922010.499974012 -1.543279611 -1.551908318 -0.425301098 -0.117915198 0.534000262 -0.141824577 0.825121515 -0.205027605 -0.113013231 -1.588665607
1750922010.599973917 -1.704538304 -1.561098618 -0.456935849 -0.108552448 0.578047989 -0.155503595 0.793659575 -0.254367361 -0.061902888 -1.553252999
1750922010.699974060 -1.863017123 -1.571064473 -0.479719588 -0.098350335 0.621023126 -0.163819203 0.760145221 -0.085189732 -0.249821249 -1.642575826
1750922010.799973965 -2.038460423 -1.569402568 -0.513800494 -0.086937643 0.668922495 -0.175018273 0.717184179 0.398020705 0.187329646 -1.872533147
1750922010.899974108 -2.216896255 -1.559638364 -0.528784852 -0.075617785 0.716252979 -0.190415038 0.667087501 0.179764256 -0.041480374 -1.583170373
1750922010.999974012 -2.365751822 -1.534349685 -0.495096679 -0.068309805 0.751082625 -0.197703374 0.626196485 -0.181965117 -0.033732023 -1.531791522
1750922011.099972963 -2.526524071 -1.499690835 -0.444655581 -0.058695115 0.785768938 -0.207258059 0.579798376 -0.197827140 -0.161936329 -1.639681083
1750922011.199973106 -2.681270274 -1.462886369 -0.374418808 -0.045184659 0.817531324 -0.217624169 0.531263213 -0.195231711 -0.126201194 -1.605861518
1750922011.299973011 -2.812438047 -1.421040901 -0.294028694 -0.031184224 0.845049722 -0.226339442 0.483413868 -0.267936285 -0.244395062 -1.649057146
1750922011.399972916 -2.943583783 -1.365803295 -0.197580526 -0.020918224 0.871887845 -0.230480288 0.431570216 -0.113778258 -0.047245268 -1.704392666
1750922011.499973059 -3.054937733 -1.305146753 -0.086462260 -0.008510551 0.894373676 -0.235033724 0.380502887 -0.152969160 -0.150901964 -1.680133944
1750922011.599972963 -3.150975474 -1.246896151 0.029459041 0.001016420 0.912907052 -0.241093990 0.329352955 0.035765547 -0.365733129 -1.953183331
1750922011.699973106 -3.265455479 -1.189672129 0.184094739 0.016841276 0.929221173 -0.250683662 0.270965097 0.093963009 -0.367742691 -2.106897241
1750922011.799973011 -3.343694642 -1.119042498 0.321796659 0.027734620 0.944319967 -0.251344771 0.210514598 0.082252669 -0.083675308 -1.610505235
1750922011.899972916 -3.425523549 -1.050847088 0.470811785 0.040802074 0.954154201 -0.255428478 0.150602937 -0.249850191 -0.201114426 -1.722526603
1750922011.999973059 -3.464476421 -0.968122094 0.607115993 0.053762102 0.963071548 -0.248753560 0.087889110 0.081938873 -0.034455550 -1.709539868
1750922012.099972010 -3.476345925 -0.877975144 0.751440187 0.064681743 0.967617005 -0.242453510 0.027384272 -0.150985724 -0.101742232 -1.629079206
1750922012.199971914 -3.471789726 -0.809912036 0.898704671 0.073031071 0.967913316 -0.238330125 -0.031765185 -0.107328140 -0.344047497 -1.832686485
1750922012.299972057 -3.436827179 -0.749859055 1.059583723 0.082121137 0.964671308 -0.233135772 -0.091176196 -0.215776631 -0.217108602 -1.665391520
1750922012.399971962 -3.380332870 -0.698691442 1.219994077 0.090073978 0.957042796 -0.231212854 -0.149987936 -0.184624449 -0.156246746 -1.724201951
1750922012.499972105 -3.307129319 -0.656461947 1.355731396 0.098027184 0.947244495 -0.228379170 -0.202389459 -0.091679598 -0.202166149 -1.648751418
1750922012.599972010 -3.219535957 -0.613397931 1.497587669 0.104848069 0.933012465 -0.226355705 -0.259340928 -0.124520124 -0.137631859 -1.529823982
1750922012.699971914 -3.117305026 -0.576607566 1.616286548 0.113100433 0.915700029 -0.223248475 -0.314423072 -0.059026414 -0.179318094 -1.469612494
1750922012.799972057 -3.013602268 -0.547413013 1.722352435 0.118529944 0.896458431 -0.219102522 -0.366479221 -0.015198612 -0.242223433 -1.681553113
1750922012.899971962 -2.886962561 -0.518545562 1.829252946 0.124777565 0.873193073 -0.213851447 -0.419799923 0.019751714 -0.130863506 -1.335556792
1750922012.999972105 -2.750377090 -0.521085592 1.926381038 0.128929511 0.845515396 -0.210507706 -0.473463201 -0.219928309 -0.376512610 -1.726313906
1750922013.099972010 -2.596657399 -0.531878053 1.997958691 -0.133357752 -0.816448505 0.210081511 0.521050197 -0.123771169 -0.491386964 -1.802450628
1750922013.199970961 -2.417347910 -0.547491453 2.069539800 -0.134558397 -0.782416422 0.209345007 0.570870605 -0.130610842 -0.325425809 -1.633375797
1750922013.299971104 -2.265847926 -0.546716369 2.107336506 -0.142456034 -0.747474839 0.202767535 0.616338357 0.213436836 -0.136310689 -1.186040193
1750922013.399971008 -2.159039648 -0.533676158 2.129442501 -0.152562250 -0.710946169 0.193583364 0.658639344 0.311462589 -0.087517073 -1.117780662
1750922013.499970913 -2.076685847 -0.500922085 2.151794806 -0.165202644 -0.665926353 0.178446281 0.705270943 0.297793550 -0.063457381 -0.758879914
1750922013.599971056 -2.029253927 -0.463458920 2.162478991 -0.176306415 -0.624706147 0.161996850 0.743246458 -0.096792580 0.122646090 -0.454155562
1750922013.699970961 -1.997909254 -0.459890300 2.143770299 -0.179760399 -0.601567206 0.153726643 0.763001451 -0.166823122 0.075740895 -0.226329397
1750922013.799971104 -1.988263204 -0.459085333 2.123010817 -0.181333913 -0.584133628 0.147818471 0.777210149 -0.153490830 0.166654018 -0.042387583
1750922013.899971008 -1.997585399 -0.454605341 2.106250346 -0.182765657 -0.565754865 0.142056670 0.791415219 -0.191882314 0.089837642 0.091296461
1750922013.999970913 -2.013659763 -0.450219997 2.089349693 -0.184645715 -0.547191956 0.136202912 0.804944526 -0.190945983 0.190156113 0.191519805
1750922014.099971056 -2.044056498 -0.445082294 2.073432253 -0.185854790 -0.529668418 0.131126423 0.817138437 -0.231815625 0.019437305 0.237716783
1750922014.199970007 -2.078086852 -0.441447713 2.059019060 -0.187115798 -0.514024677 0.126463902 0.827510236 -0.291594428 0.164837732 0.341278298
1750922014.299969912 -2.115202893 -0.440837581 2.046518309 -0.187302233 -0.501169213 0.124415816 0.835624316 -0.363534018 0.016054894 0.362870813
1750922014.399970055 -2.234329407 -0.402138178 2.053870119 -0.173679704 -0.501338847 0.102458638 0.841425546 -1.053908561 2.134443095 4.604155515
1750922014.499969959 -2.349917349 -0.314645832 2.295765304 -0.167964326 -0.498369202 0.114871444 0.842745914 -0.000000000 -0.000000000 -0.000000000
1750922014.599970102 -2.349917349 -0.314645832 2.295765304 -0.167964326 -0.498369202 0.114871444 0.842745914 -0.000000000 -0.000000000 -0.000000000
1750922014.699970007 -2.349917349 -0.314645832 2.295765304 -0.167964326 -0.498369202 0.114871444 0.842745914 -0.000000000 -0.000000000 -0.000000000
1750922014.799969912 -2.349917349 -0.314645832 2.295765304 -0.167964326 -0.498369202 0.114871444 0.842745914 -0.000000000 -0.000000000 -0.000000000
1750922014.899970055 -2.349917349 -0.314645832 2.295765304 -0.167964326 -0.498369202 0.114871444 0.842745914 -0.000000000 -0.000000000 -0.000000000
1750922014.999969959 -2.349917349 -0.314645832 2.295765304 -0.167964326 -0.498369202 0.114871444 0.842745914 -0.000000000 -0.000000000 -0.000000000
1750922015.099970102 -2.349917349 -0.314645832 2.295765304 -0.167964326 -0.498369202 0.114871444 0.842745914 -0.000000000 -0.000000000 -0.000000000
1750922015.199970007 -2.349917349 -0.314645832 2.295765304 -0.167964326 -0.498369202 0.114871444 0.842745914 -0.000000000 -0.000000000 -0.000000000
1750922015.299968958 -2.349917349 -0.314645832 2.295765304 -0.167964326 -0.498369202 0.114871444 0.842745914 -0.000000000 -0.000000000 -0.000000000
1750922015.399969101 -2.349917349 -0.314645832 2.295765304 -0.167964326 -0.498369202 0.114871444 0.842745914 -0.000000000 -0.000000000 -0.000000000
1750922015.499969006 -2.349917349 -0.314645832 2.295765304 -0.167964326 -0.498369202 0.114871444 0.842745914 -0.000000000 -0.000000000 -0.000000000
