1750921983.200000048 0.045035137 0.383791260 0.566897725 0.013174075 -0.722959634 0.026524108 0.690255231 -0.080942110 -0.397773531 -1.702226341
1750921983.299999952 0.219349000 0.363547000 0.556971000 0.022685271 -0.677657109 0.027993335 0.734494789 -0.044962555 -0.185325657 -1.652100070
1750921983.400000095 0.376670691 0.357895524 0.538998224 0.027260066 -0.628185749 0.030603634 0.776983250 -0.092703363 -0.218101702 -1.640713976
1750921983.500000000 0.539241593 0.356702700 0.484686721 0.026709083 -0.576142964 0.029367303 0.816384389 -0.091845465 -0.252389564 -1.651650151
1750921983.599999905 0.685205046 0.361837830 0.414125967 0.028689005 -0.523514997 0.030428558 0.850989478 -0.008510064 0.106326228 -1.605615638
1750921983.700000048 0.820653419 0.364181667 0.328807039 0.032479585 -0.473077345 0.031259599 0.879866887 -0.121304099 -0.082810985 -1.652069100
1750921983.799998999 0.945046815 0.367779787 0.218680074 0.037884697 -0.420553659 0.031776796 0.905919204 -0.132663044 -0.013970676 -1.563682785
1750921983.899998903 1.054371638 0.370519396 0.089032390 0.040090090 -0.370797324 0.031904180 0.927299441 -0.060934042 -0.118797747 -1.765275636
1750921983.999999046 1.147594822 0.371602451 -0.044343525 0.045292434 -0.324855950 0.034611993 0.944044076 -0.116133358 -0.217832561 -1.671196621
1750921984.099998951 1.236645845 0.369963634 -0.194801772 0.050886418 -0.275856767 0.034908265 0.959215841 -0.230107422 -0.229280042 -1.607941131
1750921984.199999094 1.304528013 0.368253886 -0.352962819 0.056960849 -0.227284790 0.037917828 0.971421291 -0.196359866 -0.131548020 -1.650945099
1750921984.299998999 1.353471293 0.371550558 -0.507567938 0.059097781 -0.182003888 0.039783395 0.980713678 -0.105557891 -0.102183408 -1.773537056
1750921984.399998903 1.389619056 0.375746593 -0.677616224 0.061152767 -0.132571894 0.041361602 0.988420078 -0.117985779 -0.201225792 -1.724979375
1750921984.499999046 1.413485320 0.378098946 -0.849605820 0.066471802 -0.078349927 0.040849235 0.993868265 -0.042036779 -0.253476706 -1.712673277
1750921984.599998951 1.417517016 0.376816858 -1.020348761 0.072301237 -0.024429207 0.045026338 0.996066450 -0.174325056 -0.321139417 -1.632500082
1750921984.699999094 1.424689846 0.377941663 -1.211159169 0.077227991 0.038149585 0.044686217 0.995280658 0.247409880 -0.527853022 -2.006417989
1750921984.799998999 1.435756216 0.395353181 -1.390055573 0.071693855 0.105614132 0.046214075 0.990742098 0.843538808 0.151523476 -1.652792493
1750921984.899997950 1.390026268 0.416130959 -1.553245190 0.068082005 0.161885059 0.046584577 0.983355452 -0.106461274 0.042227042 -1.689672252
1750921984.999998093 1.310019310 0.423184391 -1.712172066 0.066854638 0.220982284 0.044394167 0.971970393 -0.171173513 -0.093085536 -1.781656240
1750921985.099997997 1.212328484 0.431547647 -1.859821155 0.063739870 0.279904488 0.043587402 0.956917366 -0.055240070 -0.214059608 -1.755231855
1750921985.199997902 1.113422682 0.438736893 -1.979263626 0.059373306 0.333793697 0.044901873 0.939702293 -0.177643821 -0.014695634 -1.604655050
1750921985.299998045 0.989751688 0.431971201 -2.101124950 0.059735532 0.390623236 0.040576069 0.917713864 -0.044387642 -0.267262760 -1.763715160
1750921985.399997950 0.852504669 0.422614126 -2.202039672 0.056627122 0.445790407 0.037819707 0.892543530 -0.126946381 -0.201307157 -1.611353492
1750921985.499998093 0.724373013 0.414061593 -2.275041540 0.057206272 0.494846428 0.034954810 0.866390568 -0.091824691 -0.112674011 -1.575611388
1750921985.599997997 0.576545839 0.402101721 -2.344481053 0.058581831 0.545335135 0.029558659 0.835645885 -0.044042094 -0.252321499 -1.641394188
1750921985.699997902 0.423405849 0.397312582 -2.398080105 0.056641210 0.594607870 0.025659163 0.801607673 -0.035989907 -0.135264162 -1.548729801
1750921985.799998045 0.281053915 0.379108062 -2.431577879 0.058182510 0.639691427 0.024056766 0.766048918 -0.213804790 -0.364410163 -1.850707129
1750921985.899996996 0.108040339 0.354489313 -2.434196897 0.060916656 0.681872239 0.020976845 0.728628425 -0.169012352 -0.240348225 -1.660768325
1750921985.999996901 -0.085987361 0.306871926 -2.408806261 0.067112534 0.720946043 0.009938731 0.689662187 -0.308334923 -0.570734744 -1.811647292
1750921986.099997044 -0.263806369 0.283069934 -2.376679283 0.068635136 0.758742113 0.004716027 0.647747932 -0.084752863 -0.257229071 -1.816133380
1750921986.199996948 -0.430115943 0.287525260 -2.343844584 0.068120321 0.799569690 0.006939300 0.596657171 0.211615414 0.002934322 -1.544772965
1750921986.299997091 -0.587640420 0.299765824 -2.314598704 0.064716703 0.840116533 0.007670336 0.538476672 0.166448669 -0.244485780 -1.694351177
1750921986.399996996 -0.735550610 0.293990566 -2.252799397 0.062182698 0.873480375 0.003497328 0.482859312 -0.037284959 -0.133387788 -1.744376206
1750921986.499996901 -0.872129046 0.297458686 -2.145212873 0.057081119 0.902167089 0.005843567 0.427553671 -0.055811021 -0.062621552 -1.633407872
1750921986.599997044 -0.988099596 0.280205294 -2.019662213 0.059622117 0.925564794 0.006440483 0.373809491 -0.165458078 -0.244315272 -1.634335168
1750921986.699996948 -1.082677394 0.269339511 -1.891111903 0.059705256 0.944630994 0.008943342 0.322533076 -0.207280276 -0.016861439 -1.640970062
1750921986.799997091 -1.158241194 0.261232993 -1.734873237 0.058270018 0.961485345 0.007253393 0.268510566 -0.230448185 -0.177659384 -1.757635226
1750921986.899996996 -1.227352568 0.251425886 -1.577901645 0.053846751 0.976268448 0.007220309 0.209638529 -0.196839106 0.023416061 -1.649830699
1750921986.999995947 -1.274628098 0.243509186 -1.417178645 0.051389373 0.986466104 0.009204140 0.155431792 -0.253071255 -0.149129733 -1.695260274
1750921987.099996090 -1.303183606 0.234172605 -1.240975210 0.050241816 0.993823966 0.012307581 0.098174372 -0.190132286 -0.035783449 -1.564325160
1750921987.199995995 -1.313174749 0.220303926 -1.065573152 0.047398679 0.997978465 0.012273205 0.040518109 -0.103600007 -0.149980219 -1.916281220
1750921987.299995899 -1.314599819 0.205244620 -0.881592856 0.042857867 0.998863209 0.013088674 -0.016253574 0.020171264 0.021418811 -1.755771334
1750921987.399996042 -1.309048995 0.183504428 -0.674146303 0.032184444 0.996335361 0.012030718 -0.078327975 0.319655397 -0.189644074 -2.337211998
1750921987.499995947 -1.272239957 0.161718660 -0.470695217 0.026276507 0.989519170 0.014449216 -0.141253591 -0.130243651 -0.194548567 -1.824977210
1750921987.599996090 -1.206364342 0.138936953 -0.308903305 0.021719997 0.980031878 0.011528395 -0.197314103 -0.101731698 -0.331841335 -1.814678131
1750921987.699995995 -1.119035508 0.124565454 -0.150000585 0.017812586 0.966659518 0.007517120 -0.255334252 -0.004781116 0.180881418 -1.522478747
1750921987.799995899 -1.038320817 0.134997893 0.014582753 0.009393766 0.948555557 0.004851826 -0.316434152 0.379773485 0.326599413 -1.670680298
1750921987.899996042 -0.972231229 0.161410291 0.091171047 0.004549318 0.929216457 0.007033237 -0.369440946 -0.517853663 0.691656780 -0.914236623
1750921987.999994993 -0.841401769 0.177420667 0.216539889 -0.002289835 0.905821862 0.008552999 -0.423566237 0.266490856 -0.115562914 -1.855203957
1750921988.099994898 -0.701274684 0.173016358 0.312172836 -0.006953592 0.879646513 0.005236451 -0.475548356 -0.009210143 -0.292429367 -1.623664441
1750921988.199995041 -0.581730344 0.184757735 0.398227568 0.005990294 -0.850333184 -0.004967764 0.526187147 0.175797633 -0.045161651 -1.686199676
1750921988.299994946 -0.427328871 0.168137241 0.468774107 0.010562190 -0.816555369 -0.000168782 0.577170462 -0.088873588 -0.089130066 -1.824214189
1750921988.399995089 -0.237150292 0.142025446 0.505186493 0.017186289 -0.781695538 0.004096945 0.623409923 -0.194049863 -0.208525824 -1.839839711
1750921988.499994993 -0.050369555 0.110124539 0.519298267 0.023002651 -0.748018532 0.005567322 0.663255726 -0.188650452 -1.023875428 -1.985123652
1750921988.599994898 0.146622782 0.057330904 0.520490830 0.038904784 -0.709379390 0.014026411 0.703612506 -0.171663277 -0.529182871 -1.797530629
1750921988.699995041 0.344970240 0.025395747 0.504474081 0.048096435 -0.659453881 0.018657735 0.749972800 -0.066818718 -0.255134013 -1.912035961
1750921988.799994946 0.513512684 0.033736314 0.480569879 0.052454400 -0.610302028 0.021402144 0.790140442 0.282290687 -0.089366217 -1.806956581
1750921988.899995089 0.688383867 0.031509079 0.442508847 0.057147937 -0.551765750 0.023107492 0.831717929 0.470051459 -0.300349818 -1.757996082
1750921988.999994993 0.859210853 0.036314340 0.356837115 0.060415826 -0.495961705 0.025466399 0.865865681 0.041430201 -0.181721636 -1.937937125
1750921989.099993944 1.027607905 0.043968277 0.255538436 0.064124038 -0.443633246 0.031245990 0.893365177 0.080793352 -0.379043290 -1.957006007
1750921989.199994087 1.178710257 0.068592181 0.122431673 0.065299011 -0.387503649 0.035628051 0.918862124 0.031425148 0.037694645 -2.088699184
1750921989.299993992 1.312633308 0.085948376 -0.020360685 0.066336573 -0.330129019 0.039854148 0.940758171 0.043728389 -0.227674855 -1.869457073
1750921989.399993896 1.415811092 0.107291846 -0.169761805 0.064677829 -0.275702447 0.036169692 0.958382331 0.116217185 0.262809737 -2.122104309
1750921989.499994040 1.506270041 0.125088914 -0.336993852 0.063974945 -0.216994416 0.035420565 0.973430025 -0.112366401 -0.225841853 -1.859654718
1750921989.599993944 1.572189057 0.135584790 -0.519688809 0.067235981 -0.159115469 0.035742551 0.984319085 -0.163173588 -0.190436871 -1.663645199
1750921989.699994087 1.608581426 0.151902573 -0.685192645 0.067440710 -0.105315796 0.036230110 0.991487626 -0.036690516 -0.149584304 -1.881666019
1750921989.799993992 1.627017535 0.165520863 -0.860100250 0.067128681 -0.048289943 0.036051993 0.995922726 -0.114835202 -0.100657541 -1.759840573
1750921989.899993896 1.626815198 0.177450496 -1.051274386 0.067886333 0.010378824 0.034310674 0.997048897 -0.075615670 -0.186161006 -1.936591832
1750921989.999994040 1.608301825 0.184385483 -1.234554547 0.074762776 0.069796606 0.032847545 0.994213257 0.039083352 -0.217168051 -2.068108808
1750921990.099992990 1.566222176 0.188624031 -1.421827089 0.079479144 0.134389434 0.032835078 0.987190156 -0.208276260 -0.088797471 -1.794053227
1750921990.199992895 1.512617589 0.203930577 -1.601877099 0.074680775 0.196957812 0.032868867 0.977010767 0.168717646 -0.127854468 -1.796541410
1750921990.299993038 1.452299964 0.221599956 -1.757798688 0.073429260 0.254332854 0.035520475 0.963670711 0.107846742 -0.121849994 -1.824205472
1750921990.399992943 1.402310740 0.252432451 -1.923427853 0.067703734 0.316275169 0.035543545 0.945580710 0.586621203 -0.392541447 -1.683838180
1750921990.499993086 1.314272526 0.273936765 -2.058349586 0.057887910 0.371655802 0.036814939 0.925832390 -0.164052948 -0.306075644 -1.930086194
1750921990.599992990 1.180716230 0.278343790 -2.170315027 0.052509884 0.415472111 0.035218083 0.907405821 -0.104562189 -0.004171875 -1.742922162
1750921990.699992895 1.025706960 0.271405108 -2.273505003 0.050898600 0.461952962 0.032086409 0.884861150 -0.104513365 -0.191544793 -1.883181785
1750921990.799993038 0.855698975 0.262645582 -2.362609268 0.051769463 0.506258014 0.029041440 0.860336760 -0.193389307 -0.189331038 -1.969726864
1750921990.899992943 0.689824838 0.255531783 -2.428534817 0.048671996 0.544323759 0.025106096 0.837085639 -0.098927777 -0.154801478 -1.874373536
1750921990.999993086 0.508278518 0.247911501 -2.490423777 0.050771105 0.585361243 0.019437843 0.808947885 -0.185691749 -0.199541436 -1.909990325
1750921991.099992990 0.334762050 0.251050669 -2.527412505 0.043056916 0.625462430 0.016616827 0.778888138 -0.167293225 -0.173740968 -1.842921787
1750921991.199991941 0.158972174 0.243858369 -2.540531652 0.043443280 0.661948176 0.015325582 0.748132622 -0.138697021 -0.157312338 -1.851560001
1750921991.299992085 -0.027259131 0.235327911 -2.545871106 0.044342434 0.703218106 0.014044126 0.709451060 -0.207331505 -0.313173510 -1.883827560
1750921991.399991989 -0.226973040 0.174191097 -2.527077436 0.052640385 0.743540249 0.005675920 0.666591833 -0.067403781 -1.030698320 -1.965732866
1750921991.499991894 -0.418537720 0.118323714 -2.511189382 0.064688800 0.782909328 -0.006512843 0.618729283 0.140772830 -0.833258959 -2.343862539
1750921991.599992037 -0.679031371 0.072261762 -2.510881175 0.070614886 0.831753915 -0.016886187 0.550376072 1.181422130 -0.658833996 -2.127836469
1750921991.699991941 -0.868919773 0.061003450 -2.449624336 0.072533489 0.869692625 -0.022950238 0.487695517 -0.198530917 -0.272379469 -1.700381633
1750921991.799992085 -0.997707548 0.065563061 -2.348856535 0.073756248 0.897063426 -0.026441594 0.434900067 -0.037356212 -0.112386876 -1.612509162
1750921991.899991989 -1.125075585 0.070801849 -2.230189972 0.076717040 0.922785529 -0.028566810 0.376517330 -0.034457830 -0.170503612 -1.725934175
1750921991.999991894 -1.237280486 0.077528591 -2.091872808 0.080432619 0.944476396 -0.026483017 0.317480048 -0.105242781 0.070969479 -1.751234868
1750921992.099992037 -1.308665938 0.072709789 -1.948158418 0.085085730 0.959832166 -0.026663422 0.266029497 -0.231852907 -0.289309910 -1.686083614
1750921992.199990988 -1.369121240 0.067342067 -1.786514087 0.085243640 0.973679509 -0.023234826 0.210099687 -0.176850529 -0.169941846 -1.664722469
1750921992.299990892 -1.413113353 0.065827905 -1.620485778 0.083848620 0.984510989 -0.022401386 0.152334167 -0.156015406 -0.186861143 -1.652978172
1750921992.399991035 -1.433939522 0.056381938 -1.460740878 0.081862042 0.991580601 -0.020456119 0.098224566 -0.215194929 -0.169901126 -1.663581652
1750921992.499990940 -1.441740774 0.048889627 -1.282153932 0.081604435 0.995718991 -0.014724783 0.040836121 -0.311972422 -0.162022070 -1.701369087
1750921992.599991083 -1.423254477 0.034641850 -1.107470825 0.079223249 0.996734218 -0.006012420 -0.014436956 -0.209718406 -0.305479851 -1.855884292
1750921992.699990988 -1.393933969 0.023198380 -0.943512496 0.076558121 0.994587068 -0.004128694 -0.070131112 -0.141149696 0.059804750 -1.578743159
1750921992.799990892 -1.343010491 0.015974021 -0.775331826 0.072493940 0.989212857 0.000187926 -0.127289108 -0.131614204 -0.105107865 -1.779872128
1750921992.899991035 -1.285104933 -0.003153386 -0.592260857 0.067431258 0.980136405 0.004334919 -0.186458738 -0.114711743 -0.164527999 -1.865633538
1750921992.999990940 -1.220628838 -0.016303873 -0.417982742 0.063178262 0.967913979 0.010992764 -0.242961304 0.149723971 -0.043074808 -1.899471932
1750921993.099991083 -1.134137311 -0.024119528 -0.258494144 0.057583622 0.951285173 0.015055539 -0.302512770 -0.140439655 -0.113320897 -1.657840853
1750921993.199990988 -1.018423301 -0.046157446 -0.121712426 0.052863306 0.931765507 0.016696559 -0.358803200 -0.058722216 -0.259764125 -1.808200245
1750921993.299989939 -0.871935550 -0.066012167 -0.034744444 0.050316933 0.912263313 0.019024906 -0.406056532 -0.042283991 -0.204976156 -1.639394121
1750921993.399990082 -0.737703289 -0.082989269 0.057947211 0.043140433 0.886371358 0.021112954 -0.460476886 -0.040297829 0.038437540 -1.505411035
1750921993.499989986 -0.633858793 -0.085733291 0.135195023 -0.041213901 -0.856712820 -0.021345942 0.513701187 0.173701870 0.169557219 -1.064545044
1750921993.599989891 -0.499927836 -0.102904984 0.185102476 -0.036364390 -0.827389515 -0.022636111 0.559992704 0.144494088 0.253585428 -1.182285022
1750921993.699990034 -0.384848075 -0.087739720 0.222803644 -0.041051460 -0.791052323 -0.026410163 0.609797920 -0.110303684 0.059503822 -1.484609634
1750921993.799989939 -0.231931436 -0.104509532 0.238506910 -0.039667977 -0.752706328 -0.028460449 0.656543706 -0.008197330 0.018451800 -1.561761243
1750921993.899990082 -0.069839275 -0.124525266 0.243017706 -0.037006868 -0.714080163 -0.032213423 0.698342544 -0.025960823 -0.084289002 -1.787216466
1750921993.999989986 0.103335663 -0.161759123 0.215574494 -0.030262358 -0.672246568 -0.033309472 0.738958200 -0.160059900 -0.186257823 -1.762555784
1750921994.099989891 0.286565680 -0.236705471 0.178254527 -0.014634363 -0.626720240 -0.034031514 0.778363304 -0.002657272 -0.583061820 -1.877921273
1750921994.199990034 0.441152418 -0.272672944 0.132291294 -0.006807528 -0.579038991 -0.034804187 0.814528191 -0.408468357 -0.198303237 -1.600243291
1750921994.299988985 0.590812760 -0.309594358 0.066122056 0.001753269 -0.526943765 -0.034230814 0.849208718 -0.125009228 -0.248394499 -1.595173192
1750921994.399988890 0.719835729 -0.327987756 -0.023749492 0.011832472 -0.474904909 -0.034993354 0.879261500 0.088040285 -0.261956283 -1.666365637
1750921994.499989033 0.837150867 -0.348539812 -0.129297925 0.016655575 -0.423438841 -0.037675202 0.904987690 -0.162387354 -0.139540958 -1.613990623
1750921994.599988937 0.946178261 -0.364090560 -0.247173723 0.023589775 -0.366384786 -0.036452831 0.929449785 0.189108847 -0.149509598 -1.590654716
1750921994.699989080 1.035139784 -0.374067650 -0.377301754 0.030524771 -0.308899650 -0.035940844 0.949924997 -0.145944859 -0.109204371 -1.506543906
1750921994.799988985 1.089462241 -0.364000821 -0.502345164 0.030953340 -0.257557710 -0.037898546 0.965023117 -0.404115324 0.031144260 -1.409557079
1750921994.899988890 1.150830074 -0.369024169 -0.652103494 0.037008263 -0.198448528 -0.039254101 0.978625406 -0.164054611 -0.047981366 -1.556301754
1750921994.999989033 1.188140721 -0.366523096 -0.811441662 0.040827744 -0.143330343 -0.038590698 0.988079079 -0.066202584 -0.117301626 -1.613822262
1750921995.099988937 1.210455969 -0.364302014 -0.961139377 0.044223371 -0.091665583 -0.037842481 0.994087351 -0.154218423 -0.089452824 -1.520094155
1750921995.199989080 1.219967354 -0.357077448 -1.124704602 0.044901893 -0.037839859 -0.039434282 0.997495315 -0.098828157 -0.116484854 -1.554047050
1750921995.299988985 1.207790660 -0.359636011 -1.286481653 0.051384560 0.014392000 -0.039946313 0.997775921 -0.136048520 -0.272299120 -1.601570473
1750921995.399987936 1.186932270 -0.365969778 -1.455558329 0.060746455 0.065170526 -0.040647783 0.995193664 -0.007018267 -0.309739703 -1.860602491
1750921995.499988079 1.154941763 -0.363719645 -1.632056151 0.065750268 0.122106485 -0.041884215 0.989450666 0.145689205 -0.292236038 -1.799795000
1750921995.599987984 1.094610780 -0.377584748 -1.817686628 0.075357638 0.179208001 -0.043263556 0.979966318 -0.014552410 -0.715207350 -2.072339183
1750921995.699987888 1.021772919 -0.386052233 -1.986006178 0.085083569 0.234804014 -0.043132654 0.967350730 0.012402190 0.113167300 -1.731713294
1750921995.799988031 0.947240060 -0.352008376 -2.153112557 0.084525294 0.298653931 -0.042265327 0.949670967 0.242242670 -0.016331097 -1.851315673
1750921995.899987936 0.874362558 -0.302727192 -2.299528237 0.080768403 0.365483753 -0.038431766 0.926510168 0.102996886 -0.016918896 -1.620827299
1750921995.999988079 0.741921472 -0.290695039 -2.417623621 0.082053844 0.421764109 -0.040853798 0.902060514 -0.149734111 -0.099044381 -1.760076250
1750921996.099987984 0.594009756 -0.269492522 -2.517326194 0.082913150 0.479152204 -0.037840748 0.872987201 -0.013566975 0.015489191 -1.708550015
1750921996.199987888 0.431896567 -0.253111722 -2.604335219 0.084361109 0.535630370 -0.036850489 0.839419651 0.002964338 -0.195149959 -1.818854715
1750921996.299988031 0.275584957 -0.242002233 -2.669095869 0.085937422 0.587633521 -0.037807528 0.803661742 -0.035948687 -0.337477766 -1.888223428
1750921996.399986982 0.107010168 -0.225720048 -2.708089312 0.087954423 0.638439392 -0.037125039 0.763728285 -0.022252285 -0.077139571 -1.472445824
1750921996.499986887 -0.055227939 -0.211357039 -2.722344010 0.089087639 0.684545227 -0.038074661 0.722503665 0.015551700 -0.174047839 -1.612862338
1750921996.599987030 -0.213277793 -0.196056020 -2.716360841 0.089254928 0.723074082 -0.034105626 0.684130277 0.038252262 -0.142484385 -1.651999265
1750921996.699986935 -0.379039715 -0.182652960 -2.703934938 0.095667545 0.763066168 -0.035661813 0.638205280 -0.009397465 -0.050909334 -1.594738326
1750921996.799987078 -0.557686617 -0.178963374 -2.666636624 0.100636364 0.800209933 -0.035102926 0.590173000 0.114013562 -0.336000727 -1.701337114
1750921996.899986982 -0.744476450 -0.224470429 -2.667470867 0.112544875 0.837889753 -0.045153986 0.532198770 0.518901296 -0.888937478 -1.732140126
1750921996.999986887 -0.971018463 -0.215195133 -2.631218663 0.118019466 0.876969076 -0.046637527 0.463488497 0.202541786 0.147466354 -1.962888843
1750921997.099987030 -1.139871609 -0.212858618 -2.517776299 0.120043157 0.905008199 -0.047003514 0.405389283 -0.103025452 -0.314771278 -1.886011488
1750921997.199986935 -1.265587018 -0.200382438 -2.402373733 0.120890694 0.927466822 -0.046997322 0.350687874 -0.019546742 -0.006502951 -1.722953420
1750921997.299987078 -1.374719995 -0.179288274 -2.256290383 0.123485642 0.947053761 -0.042430778 0.293325926 -0.049124868 -0.110720247 -1.763716969
1750921997.399986982 -1.467617555 -0.168988937 -2.090358759 0.127799126 0.962833369 -0.042038092 0.234205222 0.076423663 -0.344465895 -1.982434229
1750921997.499985933 -1.530493346 -0.152364152 -1.921286516 0.133170046 0.974136993 -0.034598297 0.179236758 -0.110935410 -0.073427297 -1.948363528
1750921997.599986076 -1.569995152 -0.152260225 -1.743253145 0.134312295 0.983106963 -0.030379645 0.120573565 -0.189503054 -0.136934925 -1.750001571
1750921997.699985981 -1.590647267 -0.154012758 -1.564434343 0.132517347 0.988998328 -0.025033502 0.060784733 -0.084652753 -0.002430963 -1.769178585
1750921997.799985886 -1.595353871 -0.156533762 -1.388929721 0.129551402 0.991376497 -0.019521564 0.002825467 -0.140053629 -0.165009657 -1.863623325
1750921997.899986029 -1.575755197 -0.169021391 -1.201791263 0.126982299 0.990132987 -0.011561057 -0.058124916 -0.041353399 -0.023620133 -1.930651076
1750921997.999985933 -1.535602773 -0.186393548 -1.017018769 0.123809928 0.985250883 -0.002474803 -0.118091806 -0.220341029 -0.050792388 -1.662428846
1750921998.099986076 -1.473968773 -0.205363028 -0.852816303 0.120243533 0.977791949 0.005558279 -0.171561950 -0.134991122 -0.095644458 -1.876094208
1750921998.199985981 -1.398505221 -0.223156157 -0.684468895 0.115489327 0.965932081 0.012637845 -0.231252494 0.119152778 0.024100675 -1.767092860
1750921998.299985886 -1.304940149 -0.248455606 -0.517156452 0.108779025 0.949970488 0.016194697 -0.292337010 0.079028212 -0.199511694 -2.042658454
1750921998.399986029 -1.199845895 -0.272573583 -0.368660139 0.103231619 0.931749032 0.024956686 -0.347223469 -0.217867880 0.020630462 -1.696504714
1750921998.499984980 -1.074288368 -0.299021762 -0.206325345 0.095764749 0.908155957 0.031502258 -0.406312045 0.177678892 0.028527983 -1.522717272
1750921998.599984884 -0.915697369 -0.335480903 -0.099807609 0.090598232 0.882425450 0.033971550 -0.460394635 -0.186686330 -0.067335813 -1.847371791
1750921998.699985027 -0.769427297 -0.360292393 -0.025299365 -0.086894958 -0.854596080 -0.037956120 0.510562572 -0.154242517 -0.133702532 -1.605106312
1750921998.799984932 -0.647008038 -0.361779446 0.034437031 -0.081482275 -0.821849873 -0.043261043 0.562184941 0.043348351 0.419775797 -0.642682459
1750921998.899985075 -0.509867876 -0.365449872 0.068860406 -0.074300645 -0.785894351 -0.047123449 0.612069330 -0.290325563 0.197822709 -0.644865203
1750921998.999984980 -0.376080089 -0.351705693 0.092506211 -0.067976353 -0.749697608 -0.053971584 0.656063854 0.064542703 0.948851982 -1.484850478
1750921999.099984884 -0.213217798 -0.347482562 0.098717569 -0.063652930 -0.710159270 -0.057249506 0.698816578 -0.155810027 -0.196304773 -1.821023902
1750921999.199985027 -0.030921205 -0.392043600 0.075307624 -0.056728296 -0.669398335 -0.058456801 0.738424385 -0.151872945 -0.029858838 -1.700509980
1750921999.299984932 0.148036487 -0.408757041 0.037003689 -0.054306220 -0.627381799 -0.061101132 0.774409171 -0.018177164 -0.226314765 -2.025997808
1750921999.399985075 0.329352721 -0.465430616 -0.035331987 -0.045553364 -0.582431704 -0.061679290 0.809255131 -0.116192122 -0.209748536 -2.000784794
1750921999.499984980 0.518621490 -0.562756110 -0.117722102 -0.026277993 -0.533712051 -0.060997751 0.843054084 0.162386907 -1.118060408 -2.208657702
1750921999.599983931 0.687969513 -0.656871425 -0.199489003 -0.003108164 -0.480959873 -0.057181791 0.874870380 -0.096260726 -0.237149254 -1.928584218
1750921999.699984074 0.833164788 -0.688799971 -0.322617899 0.009509239 -0.428085026 -0.056274084 0.901934594 -0.104818659 -0.101084622 -1.773253953
1750921999.799983978 0.964292821 -0.708061613 -0.456844820 0.014935124 -0.373373373 -0.057150569 0.925798617 -0.065567951 0.003482292 -1.830938308
1750921999.899983883 1.071644426 -0.725539078 -0.593381145 0.029052318 -0.320299425 -0.055459510 0.945245198 -0.031691054 -0.134087381 -1.781402986
1750921999.999984026 1.174460626 -0.739830654 -0.755973564 0.042630679 -0.263934326 -0.052198583 0.962183249 0.196548309 -0.013822988 -2.008745788
1750922000.099983931 1.279471890 -0.725758539 -0.913732615 0.047329742 -0.196537656 -0.058339154 0.977614131 -0.075951216 -0.163262047 -1.766453104
1750922000.199984074 1.322928018 -0.722343806 -1.071020766 0.055785748 -0.142710090 -0.058190634 0.986476371 -0.179546959 -0.162848004 -1.688130528
1750922000.299983978 1.356809959 -0.715650406 -1.255776414 0.063734610 -0.084944895 -0.058267088 0.992636495 0.024664074 -0.134608926 -1.864783080
1750922000.399983883 1.362516052 -0.715507016 -1.441618359 0.077167543 -0.027552081 -0.055434527 0.995094501 -0.071024564 -0.299113779 -1.777578654
1750922000.499984026 1.358349006 -0.697386468 -1.618318565 0.082463040 0.029242735 -0.056427824 0.994565538 0.012711125 -0.100128299 -1.965815740
1750922000.599982977 1.331027939 -0.675525481 -1.796033731 0.086342728 0.087075683 -0.054736191 0.990942333 -0.071605040 -0.168714472 -1.829586507
1750922000.699982882 1.286007409 -0.651138681 -1.974850762 0.092370048 0.143759073 -0.056694173 0.983659938 -0.025470609 -0.146374528 -1.797963340
1750922000.799983025 1.222050142 -0.632471228 -2.140631071 0.100988335 0.197596729 -0.055730101 0.973473700 -0.032071856 -0.237426254 -1.910947436
1750922000.899982929 1.132718265 -0.612818454 -2.320690736 0.112093770 0.255721196 -0.054256151 0.958695951 0.028745032 -0.187889848 -1.848258286
1750922000.999983072 1.019139348 -0.597958304 -2.506594618 0.123187134 0.313642873 -0.050880409 0.940140554 0.288637843 -0.645482910 -2.379022916
1750922001.099982977 0.914177641 -0.551371265 -2.652001660 0.123546482 0.372387686 -0.046045453 0.918663973 -0.457802362 0.240123104 -1.560979150
1750922001.199982882 0.781242177 -0.504616540 -2.768368884 0.121496679 0.428326063 -0.041552401 0.894454436 0.024581703 0.004405981 -1.762336723
1750922001.299983025 0.637083966 -0.445307942 -2.873618891 0.118224576 0.483344681 -0.038551702 0.866553308 0.032909168 0.045582737 -1.814387984
1750922001.399982929 0.480049843 -0.417068756 -2.954528483 0.118482203 0.534174786 -0.035629760 0.836271359 -0.009281870 -0.206533578 -1.915292858
1750922001.499983072 0.301425067 -0.386942794 -3.014535724 0.115377364 0.584845010 -0.031112825 0.802294441 -0.064513934 -0.119432004 -1.792928205
1750922001.599982977 0.117966752 -0.363756763 -3.048263757 0.119827082 0.631763277 -0.029006397 0.765294232 -0.085640477 -0.215166379 -1.842125145
1750922001.699981928 -0.060127460 -0.342704290 -3.067549298 0.118732401 0.673899777 -0.027748301 0.728691800 -0.073532682 -0.187136092 -1.840444844
1750922001.799982071 -0.242347508 -0.322074771 -3.069686092 0.121400804 0.715405722 -0.031221439 0.687373057 -0.019613918 -0.175364690 -1.611491321
1750922001.899981976 -0.410821471 -0.303541160 -3.044983637 0.122810272 0.754065413 -0.029271665 0.644551130 -0.065506783 -0.129813794 -1.731076968
1750922001.999982119 -0.589556508 -0.281396017 -3.021292028 0.122797343 0.791543392 -0.028668879 0.597961509 0.240370617 -0.194256615 -1.824033816
1750922002.099982023 -0.767384341 -0.267139872 -2.968352364 0.128670728 0.826349463 -0.027957940 0.547547954 -0.029447105 0.009094593 -1.718609475
1750922002.199981928 -0.925212859 -0.256688911 -2.882482100 0.133000474 0.857124432 -0.028107713 0.496848607 -0.247792437 -0.267324174 -1.743989046
1750922002.299982071 -1.104268994 -0.289761203 -2.781062620 0.141368373 0.883899303 -0.039729845 0.444025388 0.305385955 -1.128302061 -2.566106703
1750922002.399981976 -1.295031880 -0.316454939 -2.633337254 0.149805072 0.909034300 -0.050310356 0.385595578 0.093284764 -1.045542647 -2.594265473
1750922002.499982119 -1.438082116 -0.324162816 -2.474221041 0.154829315 0.929437197 -0.050498458 0.331095585 0.190839990 -0.082836577 -1.758692292
1750922002.599982023 -1.567588327 -0.277822381 -2.357757751 0.155140871 0.950951779 -0.042466591 0.264232121 0.461293470 -0.079874831 -1.903963374
1750922002.699980974 -1.674062827 -0.254274203 -2.202038587 0.156555678 0.967551773 -0.039123521 0.194430546 0.000525142 -0.245241242 -1.935220694
1750922002.799981117 -1.728267772 -0.245744034 -2.015758628 0.156894338 0.977850308 -0.031670004 0.134870131 -0.114060992 -0.101538569 -1.850829762
1750922002.899981022 -1.756543431 -0.244169322 -1.834336437 0.158392819 0.983901501 -0.023797405 0.079266859 -0.167561453 -0.129762824 -1.923360950
1750922002.999980927 -1.755147538 -0.246498932 -1.646074132 0.161994459 0.986430835 -0.016177621 0.021219994 -0.176717181 -0.046845107 -1.779567281
1750922003.099981070 -1.734257283 -0.254155990 -1.460892281 0.162233459 0.986066305 -0.008475239 -0.035801091 -0.197750798 -0.046501405 -1.870980130
1750922003.199980974 -1.699067479 -0.272144767 -1.293418269 0.159424302 0.983021095 -0.000588756 -0.090846417 -0.219647744 -0.100448561 -1.747542951
1750922003.299981117 -1.642523159 -0.298787735 -1.119028129 0.157014228 0.976199017 0.005462715 -0.149506424 -0.183455392 -0.203936313 -1.856495234
1750922003.399981022 -1.563847634 -0.327775046 -0.947699647 0.152841068 0.966684058 0.019299727 -0.204423727 -0.128501530 -0.119903125 -2.035999260
1750922003.499980927 -1.479438226 -0.359091499 -0.797585591 0.147766789 0.954798771 0.026131265 -0.256595868 -0.033744977 -0.103792321 -2.093807338
1750922003.599981070 -1.368666867 -0.395167648 -0.631193299 0.142316010 0.938732381 0.034570170 -0.311981689 0.076456767 -0.237661123 -2.019133138
1750922003.699980021 -1.243579032 -0.447579527 -0.445972112 0.130124887 0.918694074 0.044925202 -0.370203239 0.087829391 -0.277874027 -2.145645634
1750922003.799979925 -1.108217272 -0.485064802 -0.302140239 0.117711012 0.897608993 0.055543912 -0.421137849 -0.052140355 -0.027684525 -2.006717867
1750922003.899980068 -0.953336231 -0.537849198 -0.200841664 0.111888517 0.871063554 0.063522107 -0.474019184 -0.045728089 -0.022544456 -1.781809311
1750922003.999979973 -0.796415758 -0.576447559 -0.113607335 -0.105094996 -0.840766476 -0.070088951 0.526454474 0.004449842 0.031710983 -1.855974995
1750922004.099980116 -0.648739905 -0.591459061 -0.061196259 -0.098664442 -0.810070976 -0.077886952 0.572698843 -0.041235210 0.209530715 -1.394023361
1750922004.199980021 -0.514681756 -0.591773422 -0.037803694 -0.091481006 -0.774482288 -0.085809878 0.620036351 -0.183298755 0.085990363 -1.097301684
1750922004.299979925 -0.374379469 -0.601008058 0.015878547 -0.077391321 -0.734251645 -0.094728460 0.667766145 -0.100000195 -0.051840722 -1.636843956
1750922004.399980068 -0.219673682 -0.627966066 0.013159197 -0.073123610 -0.696971658 -0.099154839 0.706435958 -0.073979237 0.115668565 -1.578516335
1750922004.499979973 -0.060475621 -0.660426216 0.000677029 -0.069166432 -0.653499647 -0.103749522 0.746585730 -0.138744887 0.015312320 -1.826887040
1750922004.599980116 0.100308336 -0.701270384 -0.027625313 -0.057582907 -0.607520890 -0.104556917 0.785283661 -0.142878556 -0.050519715 -1.752550352
1750922004.699980021 0.254989796 -0.726985254 -0.102008727 -0.054373009 -0.563990916 -0.102804684 0.817550622 -0.096636218 -0.229983696 -1.831724756
1750922004.799978971 0.413040268 -0.777092391 -0.198790014 -0.046915341 -0.516151310 -0.107257649 0.848458940 -0.170552383 -0.463103963 -2.003911909
1750922004.899979115 0.559788000 -0.878338187 -0.323694660 -0.022303939 -0.468454468 -0.106508754 0.876760418 -0.058585238 -0.972545699 -2.024594108
1750922004.999979019 0.700542844 -0.956204665 -0.440954119 -0.004465972 -0.416188822 -0.104857855 0.903200836 -0.178539134 -0.338772385 -2.079392620
1750922005.099978924 0.837963744 -1.003689684 -0.580152837 0.013974048 -0.358364650 -0.106043804 0.927434211 -0.002496029 -0.175284227 -1.783666905
1750922005.199979067 0.944491756 -1.031895866 -0.721076904 0.029824283 -0.294178876 -0.107430779 0.949224910 0.081945260 -0.139304607 -1.814009890
1750922005.299978971 1.026894295 -1.047128488 -0.874520272 0.040918381 -0.237197359 -0.107731283 0.964602027 -0.018303328 -0.042077259 -1.800288699
1750922005.399979115 1.110690455 -1.045397616 -1.047463343 0.051841727 -0.172426083 -0.109958179 0.977492138 0.204815090 -0.083643975 -1.916812414
1750922005.499979019 1.163838713 -1.043519166 -1.233804762 0.065582697 -0.109813780 -0.107608729 0.985931136 -0.022394341 -0.099445211 -1.821331741
1750922005.599978924 1.190301684 -1.022570671 -1.392621206 0.070999812 -0.052660927 -0.107648419 0.990251317 -0.098160105 -0.068026353 -1.645789734
1750922005.699979067 1.197603335 -1.002257054 -1.578983228 0.076824730 0.010015454 -0.111318044 0.990760286 -0.196858099 -0.035611156 -1.806099783
1750922005.799978018 1.169741921 -0.981655868 -1.758934762 0.087183805 0.066588169 -0.109792389 0.987881891 -0.174008914 -0.183333485 -1.729976724
1750922005.899977922 1.129855939 -0.954293288 -1.925444104 0.096581275 0.119547810 -0.108071969 0.982191849 -0.125782391 -0.095699245 -1.809308414
1750922005.999978065 1.068208232 -0.919208813 -2.092933516 0.102757383 0.174505763 -0.106039657 0.973521571 -0.073500546 -0.060650002 -1.875559811
1750922006.099977970 0.986848860 -0.881777511 -2.257463653 0.110335753 0.229842596 -0.102096973 0.961548028 -0.146414648 -0.189595651 -1.807533598
1750922006.199978113 0.893769528 -0.843666024 -2.400478529 0.117681602 0.281873632 -0.100466041 0.946892217 -0.018662943 -0.223460700 -1.920352943
1750922006.299978018 0.769100524 -0.812989328 -2.543029410 0.133426792 0.336099541 -0.098004473 0.927162075 -0.084210217 -0.297310125 -1.902915739
1750922006.399977922 0.631387704 -0.774656504 -2.682813340 0.145968464 0.393154847 -0.096036965 0.902717772 -0.063877807 -0.271952628 -1.949720821
1750922006.499978065 0.486703185 -0.733324407 -2.793338770 0.149312492 0.444613683 -0.093176279 0.878261142 0.041896503 -0.002093416 -1.762478778
1750922006.599977970 0.353956481 -0.676293560 -2.891295551 0.151387635 0.499806790 -0.085472314 0.848510130 0.402310599 -0.202818557 -1.958683882
1750922006.699978113 0.230209892 -0.592827766 -3.001278901 0.150339590 0.559482075 -0.078519965 0.811302921 -0.000251240 0.049101294 -1.794076382
1750922006.799978018 0.070260207 -0.551276676 -3.044853410 0.152290591 0.606865923 -0.070749917 0.776862778 -0.048947461 -0.176800794 -1.759750850
1750922006.899976969 -0.106261663 -0.501238504 -3.065837611 0.154800632 0.653351291 -0.066812126 0.738041323 -0.115566107 -0.169459581 -1.764384096
1750922006.999977112 -0.289108439 -0.461960914 -3.063282455 0.156181093 0.697309518 -0.060377674 0.696937184 -0.144973069 -0.248682516 -1.962731199
1750922007.099977016 -0.467519509 -0.425649363 -3.042683506 0.159599227 0.736001521 -0.057385043 0.655390574 -0.112333306 -0.046064542 -1.783226840
1750922007.199976921 -0.642963555 -0.391053672 -3.001965208 0.163429265 0.772352548 -0.053425348 0.611480293 0.008546809 -0.143990620 -1.733638297
1750922007.299977064 -0.800296044 -0.355593568 -2.945323797 0.163271436 0.806557624 -0.049934858 0.565962672 0.061681383 -0.111163601 -1.809197508
1750922007.399976969 -0.953526412 -0.329489150 -2.879570667 0.166389716 0.836783296 -0.049587311 0.519277648 0.110988862 -0.202310042 -1.725384241
1750922007.499977112 -1.109330592 -0.308059651 -2.780264834 0.171405240 0.863710837 -0.046914338 0.471617301 -0.103738963 -0.306005494 -1.834527422
1750922007.599977016 -1.268227744 -0.310478244 -2.665644144 0.174952992 0.889318559 -0.044127148 0.420186561 0.010850958 -0.548932729 -1.895515048
1750922007.699976921 -1.417584026 -0.301451493 -2.590180704 0.180704838 0.914903753 -0.042158690 0.358496206 1.430975640 -0.729759613 -1.625859299
1750922007.799977064 -1.568473948 -0.312046918 -2.459912760 0.183441135 0.937609019 -0.046434563 0.291689062 -0.280557321 -0.473129324 -2.017319697
1750922007.899976015 -1.657977077 -0.303847849 -2.284424907 0.184025123 0.953892638 -0.037238386 0.234172782 -0.249629877 -0.095073903 -1.884538740
1750922007.999975920 -1.739964114 -0.285696775 -2.123223154 0.184010429 0.966891426 -0.029655195 0.174303478 -0.042526131 -0.196391607 -1.784874603
1750922008.099976063 -1.801330291 -0.283659312 -1.944514658 0.185673944 0.976312160 -0.023310528 0.108611108 0.060307574 -0.195377770 -1.885763618
1750922008.199975967 -1.844157503 -0.290463176 -1.753850608 0.183840014 0.981816306 -0.016969438 0.044177252 0.159678936 -0.030747834 -1.934162205
1750922008.299976110 -1.843126942 -0.304929162 -1.577500754 0.183268064 0.982961696 -0.007703374 -0.011822841 -0.171543248 -0.110993138 -1.742828743
1750922008.399976015 -1.816214533 -0.327660138 -1.405466024 0.183027383 0.980634737 -0.000600280 -0.069685928 -0.172427412 -0.250280762 -1.782075652
1750922008.499975920 -1.768298286 -0.351674059 -1.231110799 0.180169660 0.975204043 0.011324224 -0.128014571 -0.126602907 -0.086354825 -1.749401592
1750922008.599976063 -1.706309549 -0.383836029 -1.071946504 0.174876679 0.967446650 0.020578234 -0.181773657 -0.213231856 -0.192720616 -1.830143217
1750922008.699975967 -1.620590015 -0.424792655 -0.916549564 0.170485913 0.955608903 0.030484135 -0.238362951 -0.185885836 -0.127510464 -1.732961307
1750922008.799976110 -1.516305960 -0.473516055 -0.771214748 0.169289595 0.939829140 0.040202162 -0.294017018 -0.223280986 -0.214881609 -1.655972568
1750922008.899976015 -1.408397822 -0.521018472 -0.655355833 0.168000518 0.922610548 0.048160777 -0.343869368 -0.173252347 -0.066222820 -1.703071333
1750922008.999974966 -1.277859755 -0.583436229 -0.515975781 0.163127993 0.901252537 0.058327817 -0.397153609 -0.014654081 -0.262061588 -2.206402047
1750922009.099975109 -1.141034163 -0.633520291 -0.396590108 0.154080359 0.875928318 0.072941469 -0.451318477 0.418937052 -0.039940692 -2.108270732
1750922009.199975014 -1.012678939 -0.684500404 -0.273015243 -0.141515216 -0.847781793 -0.086100991 0.503811567 0.770304611 -0.351733828 -2.168036484
1750922009.299974918 -0.866869678 -0.731936340 -0.185065145 -0.130382900 -0.815456642 -0.097659646 0.555421784 -0.077903880 -0.059347986 -1.587898207
1750922009.399975061 -0.702271897 -0.800560601 -0.144680243 -0.121626104 -0.781716515 -0.103833986 0.602780959 -0.144257402 0.119263710 -1.604268075
1750922009.499974966 -0.539149356 -0.847656349 -0.118877955 -0.109792581 -0.747627737 -0.111203004 0.645470563 -0.253833129 0.007606504 -1.967012987
1750922009.599975109 -0.438859075 -0.825519403 -0.127088591 -0.103598433 -0.707776895 -0.123215552 0.687849664 -0.447684860 0.453984064 -0.609439260
1750922009.699975014 -0.291111952 -0.818741852 -0.145247823 -0.093383700 -0.667319509 -0.133603260 0.726714749 -0.167021154 0.778993221 -1.757126600
1750922009.799974918 -0.161689765 -0.833107375 -0.143409565 -0.084215048 -0.623097789 -0.139830924 0.764921096 -0.370477765 1.138411300 -0.259732265
1750922009.899975061 -0.045099660 -0.820463819 -0.212623767 -0.081737248 -0.575713220 -0.149953986 0.799616853 -0.013250588 0.202508026 -1.690747588
1750922009.999974012 0.091841225 -0.857748226 -0.265670250 -0.070770621 -0.525783726 -0.151606011 0.834001565 -0.002645777 0.519812340 -1.251321047
1750922010.099973917 0.222819462 -0.909058407 -0.356939893 -0.057932860 -0.477447732 -0.153228922 0.863254507 -0.281484863 -0.200679585 -1.784409944
1750922010.199974060 0.343165758 -0.971518101 -0.477452881 -0.044628823 -0.427287718 -0.157446614 0.889181667 -0.161092111 -0.769940703 -1.905091724
1750922010.299973965 0.452346868 -1.071664487 -0.608596067 -0.018156981 -0.373697774 -0.161674112 0.913171276 0.394545779 -0.549989275 -1.597653081
1750922010.399974108 0.524518342 -1.127085640 -0.726441248 0.001133612 -0.319988846 -0.162883520 0.933313887 -0.270161473 -0.090762323 -1.571925546
1750922010.499974012 0.593993939 -1.148490946 -0.875360435 0.018655361 -0.264785048 -0.163289043 0.950198687 -0.205027605 -0.113013231 -1.588665607
1750922010.599973917 0.644916962 -1.160461064 -1.031415384 0.034075170 -0.211792425 -0.165916451 0.962525108 -0.254367361 -0.061902888 -1.553252999
1750922010.699974060 0.686750260 -1.173452008 -1.185737008 0.046058609 -0.157973337 -0.164403649 0.972571061 -0.085189732 -0.249821249 -1.642575826
1750922010.799973965 0.741442344 -1.174837089 -1.355888350 0.060871386 -0.093788944 -0.164086914 0.980088666 0.398020705 0.187329646 -1.872533147
1750922010.899974108 0.777279684 -1.168875949 -1.531499758 0.078754480 -0.024636829 -0.166778593 0.982535322 0.179764256 -0.041480374 -1.583170373
1750922010.999974012 0.760788308 -1.148410910 -1.683951740 0.088202802 0.029228766 -0.166927213 0.981580995 -0.181965117 -0.033732023 -1.531791522
1750922011.099972963 0.728791363 -1.119466257 -1.850479992 0.100864841 0.087172568 -0.166972462 0.976907070 -0.197827140 -0.161936329 -1.639681083
1750922011.199973106 0.676362446 -1.088932758 -2.013431133 0.116775361 0.144859247 -0.164696316 0.968635348 -0.195231711 -0.126201194 -1.605861518
1750922011.299973011 0.610883001 -1.053150917 -2.154323647 0.131868743 0.199222798 -0.160955089 0.957608673 -0.267936285 -0.244395062 -1.649057146
1750922011.399972916 0.529033749 -1.004557251 -2.297473924 0.141067040 0.256030022 -0.157057723 0.943335354 -0.113778258 -0.047245268 -1.704392666
1750922011.499973059 0.430091281 -0.950589342 -2.422869459 0.152089804 0.309415275 -0.151827801 0.926325644 -0.152969160 -0.150901964 -1.680133944
1750922011.599972963 0.324633388 -0.898823998 -2.533563228 0.162411661 0.360182198 -0.149764326 0.906345344 0.035765547 -0.365733129 -1.953183331
1750922011.699973106 0.182990609 -0.849901890 -2.667116250 0.179579791 0.415032415 -0.145493514 0.879960698 0.093963009 -0.367742691 -2.106897241
1750922011.799973011 0.053396597 -0.786108665 -2.763072213 0.186819080 0.470489595 -0.139032664 0.851121666 0.082252669 -0.083675308 -1.610505235
1750922011.899972916 -0.086917201 -0.725234950 -2.863861699 0.198173986 0.522105793 -0.133219927 0.818770458 -0.249850191 -0.201114426 -1.722526603
1750922011.999973059 -0.220200414 -0.648355872 -2.920999956 0.201424445 0.575177784 -0.120410293 0.783645373 0.081938873 -0.034455550 -1.709539868
1750922012.099972010 -0.364912037 -0.563689217 -2.952415469 0.203700244 0.623654339 -0.109339911 0.746730380 -0.150985724 -0.101742232 -1.629079206
1750922012.199971914 -0.513787915 -0.500792072 -2.967251100 0.205992180 0.668248786 -0.101618553 0.707590596 -0.107328140 -0.344047497 -1.832686485
1750922012.299972057 -0.679542245 -0.445642756 -2.953291703 0.208049433 0.710703708 -0.092647669 0.665606552 -0.215776631 -0.217108602 -1.665391520
1750922012.399971962 -0.847112924 -0.398832188 -2.917653921 0.211893357 0.749784231 -0.086697113 0.620812712 -0.184624449 -0.156246746 -1.724201951
1750922012.499972105 -0.991904193 -0.359673025 -2.862257548 0.215119877 0.782628986 -0.080011271 0.578630717 -0.091679598 -0.202166149 -1.648751418
1750922012.599972010 -1.144510800 -0.319547991 -2.793326322 0.218283031 0.815912009 -0.074818591 0.530134219 -0.124520124 -0.137631859 -1.529823982
1750922012.699971914 -1.275680911 -0.284516216 -2.706947534 0.221656279 0.845780603 -0.067804772 0.480547789 -0.059026414 -0.179318094 -1.469612494
1750922012.799972057 -1.394245265 -0.256590333 -2.617397574 0.222428757 0.872043339 -0.062153319 0.431512258 -0.015198612 -0.242223433 -1.681553113
1750922012.899971962 -1.516363093 -0.228464899 -2.505170749 0.222999994 0.896595999 -0.055194473 0.378602942 0.019751714 -0.130863506 -1.335556792
1750922012.999972105 -1.628956109 -0.231130999 -2.381027229 0.223699846 0.918437360 -0.051087583 0.322213057 -0.219928309 -0.376512610 -1.726313906
1750922013.099972010 -1.717971853 -0.240722085 -2.236618817 0.226810644 0.934826808 -0.048584523 0.268877882 -0.123771169 -0.491386964 -1.802450628
1750922013.199970961 -1.809887668 -0.254509598 -2.066674963 0.227647289 0.949521962 -0.048349980 0.210349793 -0.130610842 -0.325425809 -1.633375797
1750922013.299971104 -1.865489885 -0.251401616 -1.920797717 0.228591268 0.960485598 -0.039141277 0.153887648 0.213436836 -0.136310689 -1.186040193
1750922013.399971008 -1.900586847 -0.236567440 -1.817769173 0.229093884 0.968068007 -0.026488091 0.098278717 0.311462589 -0.087517073 -1.117780662
1750922013.499970913 -1.933647621 -0.202638955 -1.739599828 0.226995787 0.973292082 -0.008104574 0.033312926 0.297793550 -0.063457381 -0.758879914
1750922013.599971056 -1.951116355 -0.164438986 -1.694844568 0.222839007 0.974528413 0.010195223 -0.023091265 -0.096792580 0.122646090 -0.454155562
1750922013.699970961 -1.936404832 -0.159451624 -1.661619036 0.219386221 0.973997404 0.017783401 -0.053688855 -0.166823122 0.075740895 -0.226329397
1750922013.799971104 -1.916980946 -0.157678654 -1.649609890 0.216345308 0.973071303 0.022531359 -0.076284237 -0.153490830 0.166654018 -0.042387583
1750922013.899971008 -1.899381588 -0.152835337 -1.657005288 0.213339902 0.971512647 0.027073711 -0.099580510 -0.191882314 0.089837642 0.091296461
1750922013.999970913 -1.880834703 -0.148245263 -1.671083384 0.210568966 0.969335762 0.032026218 -0.122569216 -0.190945983 0.190156113 0.191519805
1750922014.099971056 -1.861579477 -0.143285450 -1.699515037 0.207915461 0.966837810 0.035992405 -0.143876186 -0.231815625 0.019437305 0.237716783
1750922014.199970007 -1.843335062 -0.139968695 -1.731688874 0.205570856 0.964226945 0.039766560 -0.162559656 -0.291594428 0.164837732 0.341278298
1750922014.299969912 -1.826522786 -0.139816097 -1.767066347 0.204414918 0.961762217 0.041057798 -0.177601341 -0.363534018 0.016054894 0.362870813
1750922014.399970055 -1.820858337 -0.104299763 -1.887271685 0.178936635 0.965863876 0.045318639 -0.181754983 -1.053908561 2.134443095 4.604155515
1750922014.499969959 -2.049936556 -0.028253367 -2.033110221 0.184485750 0.964792269 0.032771623 -0.184572227 0.000000000 0.000000000 0.000000000
1750922014.599970102 -2.049936556 -0.028253367 -2.033110221 0.184485750 0.964792269 0.032771623 -0.184572227 0.000000000 0.000000000 0.000000000
1750922014.699970007 -2.049936556 -0.028253367 -2.033110221 0.184485750 0.964792269 0.032771623 -0.184572227 0.000000000 0.000000000 0.000000000
1750922014.799969912 -2.049936556 -0.028253367 -2.033110221 0.184485750 0.964792269 0.032771623 -0.184572227 0.000000000 0.000000000 0.000000000
1750922014.899970055 -2.049936556 -0.028253367 -2.033110221 0.184485750 0.964792269 0.032771623 -0.184572227 0.000000000 0.000000000 0.000000000
1750922014.999969959 -2.049936556 -0.028253367 -2.033110221 0.184485750 0.964792269 0.032771623 -0.184572227 0.000000000 0.000000000 0.000000000
1750922015.099970102 -2.049936556 -0.028253367 -2.033110221 0.184485750 0.964792269 0.032771623 -0.184572227 0.000000000 0.000000000 0.000000000
1750922015.199970007 -2.049936556 -0.028253367 -2.033110221 0.184485750 0.964792269 0.032771623 -0.184572227 0.000000000 0.000000000 0.000000000
1750922015.299968958 -2.049936556 -0.028253367 -2.033110221 0.184485750 0.964792269 0.032771623 -0.184572227 0.000000000 0.000000000 0.000000000
1750922015.399969101 -2.049936556 -0.028253367 -2.033110221 0.184485750 0.964792269 0.032771623 -0.184572227 0.000000000 0.000000000 0.000000000
1750922015.499969006 -2.049936556 -0.028253367 -2.033110221 0.184485750 0.964792269 0.032771623 -0.184572227 0.000000000 0.000000000 0.000000000
