1750921983.200000048 -0.658491263 1.194397397 0.572967726 0.005222223 0.860558424 -0.103660504 -0.498664643 -0.080942110 -0.397773531 -1.702226341
1750921983.299999952 -0.498403296 1.193091065 0.645519976 -0.001064180 -0.826552199 0.106409108 0.552709174 -0.044962555 -0.185325657 -1.652100070
1750921983.400000095 -0.350454484 1.203481273 0.701271807 -0.002028901 -0.788236966 0.108768073 0.605679681 -0.092703363 -0.218101702 -1.640713976
1750921983.500000000 -0.181353080 1.215223241 0.726713943 -0.006975554 -0.747165536 0.105901396 0.656109669 -0.091845465 -0.252389564 -1.651650151
1750921983.599999905 -0.019819621 1.229711685 0.729460892 -0.009736126 -0.704147510 0.105612207 0.702087996 -0.008510064 0.106326228 -1.605615638
1750921983.700000048 0.139352281 1.238770510 0.714855484 -0.010236575 -0.661842099 0.105414354 0.742124021 -0.121304099 -0.082810985 -1.652069100
1750921983.799998999 0.300095176 1.245328611 0.673222262 -0.009012900 -0.616801146 0.105039761 0.780026770 -0.132663044 -0.013970676 -1.563682785
1750921983.899998903 0.456532326 1.247374763 0.607715199 -0.010387648 -0.573506492 0.103505993 0.812569326 -0.060934042 -0.118797747 -1.765275636
1750921983.999999046 0.600514601 1.245589130 0.531907642 -0.009011019 -0.532529085 0.105214339 0.839798498 -0.116133358 -0.217832561 -1.671196621
1750921984.099998951 0.748821244 1.238926036 0.439543160 -0.006722339 -0.488352230 0.104419407 0.866350678 -0.230107422 -0.229280042 -1.607941131
1750921984.199999094 0.881929554 1.229026720 0.330869289 -0.004402463 -0.443702508 0.106265082 0.889840680 -0.196359866 -0.131548020 -1.650945099
1750921984.299998999 0.996350051 1.222292755 0.216101440 -0.005305655 -0.401798813 0.106156013 0.909538600 -0.105557891 -0.102183408 -1.773537056
1750921984.399998903 1.106503548 1.213450868 0.081830389 -0.006301317 -0.355521304 0.105422115 0.928682439 -0.117985779 -0.201225792 -1.724979375
1750921984.499999046 1.206772872 1.201203428 -0.059419800 -0.003709049 -0.304060648 0.103033454 0.947057270 -0.042036779 -0.253476706 -1.712673277
1750921984.599998951 1.289095832 1.183246683 -0.207984722 -0.001508722 -0.251814010 0.105187321 0.962041088 -0.174325056 -0.321139417 -1.632500082
1750921984.699999094 1.383317650 1.166009130 -0.373170805 0.000690132 -0.190796563 0.102083445 0.976306901 0.247409880 -0.527853022 -2.006417989
1750921984.799998999 1.474611033 1.166507483 -0.528395864 -0.007664319 -0.124498454 0.097864947 0.987351936 0.843538808 0.151523476 -1.652792493
1750921984.899997950 1.508171711 1.165491127 -0.695806865 -0.013222914 -0.068367101 0.093550843 0.993176386 -0.106461274 0.042227042 -1.689672252
1750921984.999998093 1.510152383 1.147462035 -0.872949871 -0.015742127 -0.008613839 0.086966629 0.996049593 -0.171173513 -0.093085536 -1.781656240
1750921985.099997997 1.491199945 1.129861427 -1.048291591 -0.020179404 0.051836402 0.081132084 0.995149920 -0.055240070 -0.214059608 -1.755231855
1750921985.199997902 1.458237035 1.113795335 -1.199142093 -0.025976028 0.107995601 0.077279010 0.990802781 -0.177643821 -0.014695634 -1.604655050
1750921985.299998045 1.405211453 1.080892718 -1.361303054 -0.025694575 0.167978806 0.068682122 0.983059345 -0.044387642 -0.267262760 -1.763715160
1750921985.399997950 1.330648502 1.045997406 -1.510737869 -0.028875063 0.227046632 0.060756547 0.971557873 -0.126946381 -0.201307157 -1.611353492
1750921985.499998093 1.251253497 1.015730518 -1.631570349 -0.028131379 0.280576039 0.053930563 0.957902503 -0.091824691 -0.112674011 -1.575611388
1750921985.599997997 1.152955809 0.980227066 -1.757645039 -0.025797002 0.336449540 0.044551189 0.940293259 -0.044042094 -0.252321499 -1.641394188
1750921985.699997902 1.042261703 0.952802044 -1.873154059 -0.026770127 0.391868611 0.035776264 0.918935477 -0.035989907 -0.135264162 -1.548729801
1750921985.799998045 0.932591592 0.915353645 -1.964190660 -0.024633207 0.443879090 0.030240783 0.895237429 -0.213804790 -0.364410163 -1.850707129
1750921985.899996996 0.781880637 0.871199862 -2.040893275 -0.020751761 0.493473715 0.023654204 0.869191312 -0.169012352 -0.240348225 -1.660768325
1750921985.999996901 0.600900362 0.804749246 -2.099111005 -0.011415092 0.540074648 0.010296083 0.841476714 -0.308334923 -0.570734744 -1.811647292
1750921986.099997044 0.429876516 0.764348697 -2.147452674 -0.007734735 0.586290481 0.001427306 0.810062719 -0.084752863 -0.257229071 -1.816133380
1750921986.199996948 0.267182542 0.753252577 -2.193975666 -0.007337859 0.637976157 -0.001290218 0.770020074 0.211615414 0.002934322 -1.544772965
1750921986.299997091 0.113500292 0.750484779 -2.240807484 -0.008935912 0.690838056 -0.006421507 0.722925788 0.166448669 -0.244485780 -1.694351177
1750921986.399996996 -0.045685305 0.734263755 -2.252066083 -0.008388114 0.735869148 -0.015542440 0.676893395 -0.037284959 -0.133387788 -1.744376206
1750921986.499996901 -0.216436194 0.733058343 -2.219153500 -0.011677680 0.776589822 -0.018644541 0.629622317 -0.055811021 -0.062621552 -1.633407872
1750921986.599997044 -0.376081652 0.715502704 -2.158203163 -0.007018946 0.812039614 -0.021248903 0.583173117 -0.165458078 -0.244315272 -1.634335168
1750921986.699996948 -0.518507233 0.706980393 -2.085880751 -0.005156394 0.842724623 -0.022207467 0.537861924 -0.207280276 -0.016861439 -1.640970062
1750921986.799997091 -0.656999486 0.706115023 -1.980974740 -0.003513277 0.871584803 -0.027566713 0.489456498 -0.230448185 -0.177659384 -1.757635226
1750921986.899996996 -0.790021159 0.704371499 -1.872278664 -0.004763435 0.899551568 -0.032103110 0.435607250 -0.196839106 0.023416061 -1.649830699
1750921986.999995947 -0.905531900 0.707341368 -1.750713944 -0.004674995 0.922189139 -0.033735838 0.385236589 -0.253071255 -0.149129733 -1.695260274
1750921987.099996090 -1.011516415 0.712577988 -1.606873409 -0.003267649 0.942918086 -0.033930759 0.331275578 -0.190132286 -0.035783449 -1.564325160
1750921987.199995995 -1.100440067 0.715352394 -1.454745396 -0.002602737 0.960367857 -0.037382484 0.276205277 -0.103600007 -0.149980219 -1.916281220
1750921987.299995899 -1.185663883 0.718779429 -1.291030036 -0.003696449 0.974420824 -0.040167721 0.221081315 0.020171264 0.021418811 -1.755771334
1750921987.399996042 -1.275158099 0.718747188 -1.102540502 -0.009814854 0.986031272 -0.046226078 0.159715841 0.319655397 -0.189644074 -2.337211998
1750921987.499995947 -1.335119482 0.721801683 -0.903499873 -0.011893945 0.994108676 -0.047565422 0.096664389 -0.130243651 -0.194548567 -1.824977210
1750921987.599996090 -1.350081468 0.722973779 -0.727972124 -0.011720952 0.997710234 -0.053298131 0.039952684 -0.101731698 -0.331841335 -1.814678131
1750921987.699995995 -1.345166498 0.734594064 -0.546523091 -0.010372755 0.997967651 -0.059777671 -0.019483396 -0.004781116 0.180881418 -1.522478747
1750921987.799995899 -1.350079379 0.770556010 -0.366539829 -0.013316264 0.994252594 -0.065851414 -0.083354949 0.379773485 0.326599413 -1.670680298
1750921987.899996042 -1.328268088 0.811825222 -0.272985915 -0.014385782 0.987895173 -0.065961904 -0.139661035 -0.517853663 0.691656780 -0.914236623
1750921987.999994993 -1.271021320 0.855027554 -0.105814170 -0.016987835 0.977743260 -0.066978013 -0.198099664 0.266490856 -0.115562914 -1.855203957
1750921988.099994898 -1.190723564 0.876114824 0.042200208 -0.016358679 0.964185811 -0.071903644 -0.254770447 -0.009210143 -0.292429367 -1.623664441
1750921988.199995041 -1.125124107 0.909874007 0.170228153 -0.010941013 0.947704890 -0.072299943 -0.310658099 0.175797633 -0.045161651 -1.686199676
1750921988.299994946 -1.019956028 0.917979855 0.304268596 -0.009608167 0.926457294 -0.078123793 -0.368077761 -0.088873588 -0.089130066 -1.824214189
1750921988.399995089 -0.866849135 0.917319684 0.425649909 -0.010638033 0.902990942 -0.083640759 -0.421305606 -0.194049863 -0.208525824 -1.839839711
1750921988.499994993 -0.706160197 0.908313595 0.526653914 -0.011991446 0.879377343 -0.086056507 -0.468130292 -0.188650452 -1.023875428 -1.985123652
1750921988.599994898 -0.529334077 0.878511842 0.623808172 0.021229761 -0.850204164 0.097327654 0.516942457 -0.171663277 -0.529182871 -1.797530629
1750921988.699995041 -0.344513411 0.867753896 0.703455472 0.024003202 -0.812033304 0.102869025 0.573971884 -0.066818718 -0.255134013 -1.912035961
1750921988.799994946 -0.184653909 0.892647943 0.757053583 0.022955222 -0.773483319 0.105226605 0.624599051 0.282290687 -0.089366217 -1.806956581
1750921988.899995089 -0.012088862 0.906389426 0.802506962 0.021983248 -0.726221022 0.106132515 0.678863501 0.470051459 -0.300349818 -1.757996082
1750921988.999994993 0.178450628 0.921844659 0.803165557 0.020057059 -0.679881302 0.107185860 0.725169167 0.041430201 -0.181721636 -1.937937125
1750921989.099993944 0.373883665 0.938272003 0.788549035 0.018318034 -0.635115140 0.111586648 0.764095301 0.080793352 -0.379043290 -1.957006007
1750921989.199994087 0.567730087 0.966325496 0.735707442 0.014413104 -0.586391474 0.113714570 0.801876735 0.031425148 0.037694645 -2.088699184
1750921989.299993992 0.751217953 0.984280539 0.667618544 0.010582169 -0.535630786 0.115425905 0.836459526 0.043728389 -0.227674855 -1.869457073
1750921989.399993896 0.910299287 1.002038392 0.579302738 0.006390852 -0.487332273 0.108837053 0.866383811 0.116217185 0.262809737 -2.122104309
1750921989.499994040 1.066524052 1.013062564 0.470039730 0.002411485 -0.434055267 0.104939227 0.894750227 -0.112366401 -0.225841853 -1.859654718
1750921989.599993944 1.208534190 1.012543118 0.337127059 0.002316464 -0.380366403 0.102882785 0.919092577 -0.163173588 -0.190436871 -1.663645199
1750921989.699994087 1.316149872 1.016167615 0.205263787 -0.000371103 -0.329877957 0.100361901 0.938673471 -0.036690516 -0.149584304 -1.881666019
1750921989.799993992 1.412340032 1.014149850 0.057407777 -0.003372141 -0.275684680 0.096755435 0.956360273 -0.114835202 -0.100657541 -1.759840573
1750921989.899993896 1.499607810 1.006722811 -0.112942103 -0.004834155 -0.219172929 0.091640212 0.971360865 -0.075615670 -0.186161006 -1.936591832
1750921989.999994040 1.567289678 0.993081587 -0.283867638 -0.000217799 -0.160722611 0.088014590 0.983067458 0.039083352 -0.217168051 -2.068108808
1750921990.099992990 1.616082715 0.973710424 -0.468539413 0.002001681 -0.096276438 0.084783794 0.991735120 -0.208276260 -0.088797471 -1.794053227
1750921990.199992895 1.650735524 0.964702660 -0.653590193 -0.004725736 -0.033458599 0.079351620 0.996273813 0.168717646 -0.127854468 -1.796541410
1750921990.299993038 1.668194217 0.959694666 -0.820719122 -0.008209999 0.025385790 0.077476614 0.996637111 0.107846742 -0.121849994 -1.824205472
1750921990.399992943 1.698558415 0.967891073 -0.993616258 -0.015313532 0.089415172 0.071513333 0.993305726 0.586621203 -0.392541447 -1.683838180
1750921990.499993086 1.681575592 0.965649474 -1.155244212 -0.026287211 0.147376751 0.066135597 0.986516679 -0.164052948 -0.306075644 -1.930086194
1750921990.599992990 1.614624567 0.943667538 -1.314703677 -0.031869085 0.193834588 0.059798752 0.978691281 -0.104562189 -0.004171875 -1.742922162
1750921990.699992895 1.525244198 0.908926753 -1.474479826 -0.033298801 0.243909362 0.052515846 0.967802407 -0.104513365 -0.191544793 -1.883181785
1750921990.799993038 1.416185874 0.872105221 -1.628328684 -0.032126262 0.292453594 0.045950234 0.954634681 -0.193389307 -0.189331038 -1.969726864
1750921990.899992943 1.300018531 0.839705212 -1.760110327 -0.034399636 0.334425558 0.038032955 0.941025879 -0.098927777 -0.154801478 -1.874373536
1750921990.999993086 1.168135902 0.805438509 -1.895314408 -0.031054143 0.380542191 0.029261315 0.923778684 -0.185691749 -0.199541436 -1.909990325
1750921991.099992990 1.031305643 0.785215504 -2.006465185 -0.037726988 0.425956472 0.020917942 0.903714666 -0.167293225 -0.173740968 -1.842921787
1750921991.199991941 0.882024768 0.756919692 -2.096133960 -0.036710023 0.468476105 0.016155702 0.882565299 -0.138697021 -0.157312338 -1.851560001
1750921991.299992085 0.719982521 0.726902144 -2.183453113 -0.034911465 0.517517130 0.010882932 0.854891087 -0.207331505 -0.313173510 -1.883827560
1750921991.399991989 0.537741757 0.645782387 -2.248140409 -0.023976672 0.566499728 0.000360035 0.823712964 -0.067403781 -1.030698320 -1.965732866
1750921991.499991894 0.363771665 0.570500796 -2.312465445 -0.008156890 0.615658612 -0.013140620 0.787861195 0.140772830 -0.833258959 -2.343862539
1750921991.599992037 0.135388258 0.495556710 -2.422933290 0.002170440 0.678663315 -0.027796486 0.733920124 1.181422130 -0.658833996 -2.127836469
1750921991.699991941 -0.060433826 0.469116557 -2.452789353 0.007719636 0.729862047 -0.038293761 0.682477390 -0.198530917 -0.272379469 -1.700381633
1750921991.799992085 -0.221200844 0.469185938 -2.422537211 0.011830885 0.768627336 -0.045376072 0.637975752 -0.037356212 -0.112386876 -1.612509162
1750921991.899991989 -0.388995334 0.471884452 -2.375958866 0.017724597 0.807268167 -0.050864863 0.587721628 -0.034457830 -0.170503612 -1.725934175
1750921991.999991894 -0.552494455 0.479740854 -2.305438366 0.023575603 0.842451199 -0.051874777 0.535751038 -0.105242781 0.070969479 -1.751234868
1750921992.099992037 -0.681693101 0.481340048 -2.210159396 0.030668361 0.869611931 -0.054136000 0.489799791 -0.231852907 -0.289309910 -1.686083614
1750921992.199990988 -0.809442171 0.485432452 -2.094073338 0.032901213 0.896394101 -0.054055922 0.438717543 -0.176850529 -0.169941846 -1.664722469
1750921992.299990892 -0.924837959 0.495635102 -1.967255689 0.034483742 0.920456415 -0.056747038 0.385163126 -0.156015406 -0.186861143 -1.652978172
1750921992.399991035 -1.016385288 0.499984534 -1.834434163 0.035166587 0.940057915 -0.058107455 0.334182511 -0.215194929 -0.169901126 -1.663581652
1750921992.499990940 -1.105184096 0.509629336 -1.679411451 0.036966070 0.957900020 -0.055351836 0.279279851 -0.311972422 -0.162022070 -1.701369087
1750921992.599991083 -1.168529897 0.515175501 -1.515047588 0.036010397 0.972312495 -0.049920571 0.225432031 -0.209718406 -0.305479851 -1.855884292
1750921992.699990988 -1.217489104 0.523641361 -1.355660310 0.036547153 0.983321831 -0.050994430 0.170710429 -0.141149696 0.059804750 -1.578743159
1750921992.799990892 -1.249487533 0.539143516 -1.183422355 0.035387095 0.991639116 -0.049901739 0.113619689 -0.131614204 -0.105107865 -1.779872128
1750921992.899991035 -1.281514437 0.545163811 -0.993233174 0.033584607 0.996787806 -0.049064379 0.053654731 -0.114711743 -0.164527999 -1.865633538
1750921992.999990940 -1.303994689 0.556952030 -0.808683344 0.031946510 0.998452582 -0.045292424 -0.004523101 0.149723971 -0.043074808 -1.899471932
1750921993.099991083 -1.300448529 0.575016992 -0.628019115 0.029998472 0.996344268 -0.044207738 -0.066662332 -0.140439655 -0.113320897 -1.657840853
1750921993.199990988 -1.259777975 0.580045976 -0.452220208 0.029388574 0.990555210 -0.044943364 -0.126161726 -0.058722216 -0.259764125 -1.808200245
1750921993.299989939 -1.169011180 0.585709271 -0.306804882 0.030160102 0.982796171 -0.044112647 -0.176794029 -0.042283991 -0.204976156 -1.639394121
1750921993.399990082 -1.091894884 0.593406657 -0.162263913 0.027223903 0.970314387 -0.044514530 -0.236151022 -0.040297829 0.038437540 -1.505411035
1750921993.499989986 -1.035355185 0.610188116 -0.047024690 0.029899301 0.954012899 -0.045194007 -0.294826937 0.173701870 0.169557219 -1.064545044
1750921993.599989891 -0.938779374 0.613362935 0.059681240 0.029047460 0.936346637 -0.045257220 -0.346933718 0.144494088 0.253585428 -1.182285022
1750921993.699990034 -0.855038955 0.645146631 0.142579090 0.037375170 0.913276198 -0.040387350 -0.403606918 -0.110303684 0.059503822 -1.484609634
1750921993.799989939 -0.725905161 0.647429988 0.227611831 0.040121606 0.887170506 -0.038357082 -0.458091131 -0.008197330 0.018451800 -1.561761243
1750921993.899990082 -0.583308972 0.646417923 0.307362368 -0.040933811 -0.859681664 0.034745858 0.508000576 -0.025960823 -0.084289002 -1.787216466
1750921993.999989986 -0.415232450 0.626429651 0.366352207 -0.038478318 -0.828464708 0.034417945 0.557656751 -0.160059900 -0.186257823 -1.762555784
1750921994.099989891 -0.231643183 0.569307111 0.426476833 -0.027586471 -0.792977710 0.036257694 0.607544828 -0.002657272 -0.583061820 -1.877921273
1750921994.199990034 -0.071567054 0.546610035 0.460591539 -0.024133612 -0.754981348 0.035940897 0.654315661 -0.408468357 -0.198303237 -1.600243291
1750921994.299988985 0.093508469 0.520384196 0.474806096 -0.020384111 -0.712243306 0.036761850 0.700672911 -0.125009228 -0.248394499 -1.595173192
1750921994.399988890 0.250216195 0.507760773 0.456219096 -0.014558585 -0.668489994 0.036448604 0.742684775 0.088040285 -0.261956283 -1.666365637
1750921994.499989033 0.403894700 0.490106029 0.418843603 -0.013081121 -0.624621694 0.032889039 0.780124949 -0.162387354 -0.139540958 -1.613990623
1750921994.599988937 0.555640010 0.475220526 0.366162627 -0.010638131 -0.574706956 0.033206192 0.817616104 0.189108847 -0.149509598 -1.590654716
1750921994.699989080 0.694953019 0.462346340 0.292860921 -0.007797716 -0.523481805 0.032636007 0.851375878 -0.145944859 -0.109204371 -1.506543906
1750921994.799988985 0.800147076 0.465881122 0.205626521 -0.010081486 -0.477381044 0.028293934 0.878182872 -0.404115324 0.031144260 -1.409557079
1750921994.899988890 0.923793221 0.452813763 0.101897657 -0.007297088 -0.423121396 0.025309059 0.905690062 -0.164054611 -0.047981366 -1.556301754
1750921994.999989033 1.030133718 0.443503286 -0.022166863 -0.006722475 -0.371725101 0.023824637 0.928012739 -0.066202584 -0.117301626 -1.613822262
1750921995.099988937 1.118763728 0.433189208 -0.144439717 -0.006214672 -0.322878680 0.022389030 0.946155097 -0.154218423 -0.089452824 -1.520094155
1750921995.199989080 1.202169682 0.424981428 -0.285408943 -0.007721354 -0.271590324 0.017800381 0.962217347 -0.098828157 -0.116484854 -1.554047050
1750921995.299988985 1.266072795 0.404831219 -0.433182396 -0.003593672 -0.220793494 0.015586152 0.975189412 -0.136048520 -0.272299120 -1.601570473
1750921995.399987936 1.325854950 0.379234955 -0.590767410 0.003609736 -0.170619618 0.013831770 0.985233271 -0.007018267 -0.309739703 -1.860602491
1750921995.499988079 1.378728264 0.360120508 -0.761117014 0.006646524 -0.113957862 0.010014726 0.993412872 0.145689205 -0.292236038 -1.799795000
1750921995.599987984 1.411583379 0.320955807 -0.950001661 0.014403803 -0.056066446 0.006969023 0.998298811 -0.014552410 -0.715207350 -2.072339183
1750921995.699987888 1.425088399 0.287451344 -1.130011629 0.022181178 0.001201106 0.005373128 0.999738807 0.012402190 0.113167300 -1.731713294
1750921995.799988031 1.434217143 0.295899794 -1.315710210 0.019778512 0.067258500 0.001341141 0.997538624 0.242242670 -0.016331097 -1.851315673
1750921995.899987936 1.434447511 0.321675165 -1.484567825 0.013791871 0.137538090 -0.000990592 0.990399958 0.102996886 -0.016918896 -1.620827299
1750921995.999988079 1.370893791 0.306741217 -1.650006138 0.014697619 0.197725974 -0.007597855 0.980117693 -0.149734111 -0.099044381 -1.760076250
1750921996.099987984 1.284660554 0.300970542 -1.807481703 0.014153355 0.260393973 -0.009307275 0.965353840 -0.013566975 0.015489191 -1.708550015
1750921996.199987888 1.180260580 0.290103056 -1.959475553 0.014974134 0.323135777 -0.012976050 0.946145162 0.002964338 -0.195149959 -1.818854715
1750921996.299988031 1.071034416 0.276914644 -2.088496453 0.016706714 0.381940102 -0.018317562 0.923854486 -0.035948687 -0.337477766 -1.888223428
1750921996.399986982 0.938789458 0.270040812 -2.201044573 0.018792894 0.440686624 -0.022072613 0.897192804 -0.022252285 -0.077139571 -1.472445824
1750921996.499986887 0.800862098 0.264470207 -2.288655688 0.020689722 0.495042202 -0.027379948 0.868190931 0.015551700 -0.174047839 -1.612862338
1750921996.599987030 0.657267666 0.262332388 -2.356668515 0.020644494 0.541650040 -0.027552729 0.839898736 0.038252262 -0.142484385 -1.651999265
1750921996.699986935 0.503976177 0.258093705 -2.422203336 0.028356775 0.591376098 -0.032029502 0.805260402 -0.009397465 -0.050909334 -1.594738326
1750921996.799987078 0.328338338 0.245294421 -2.470234791 0.034427281 0.638906589 -0.034709615 0.767729363 0.114013562 -0.336000727 -1.701337114
1750921996.899986982 0.165739502 0.179114586 -2.548617684 0.050312006 0.688931826 -0.046503368 0.721580958 0.518901296 -0.888937478 -1.732140126
1750921996.999986887 -0.052147003 0.166318363 -2.619914700 0.058556995 0.743091792 -0.052057940 0.664586817 0.202541786 0.147466354 -1.962888843
1750921997.099987030 -0.254124329 0.160934483 -2.596204200 0.063011426 0.783980359 -0.056194265 0.615017529 -0.103025452 -0.314771278 -1.886011488
1750921997.199986935 -0.419345022 0.170646233 -2.552780978 0.066268160 0.818635116 -0.059751882 0.567340101 -0.019546742 -0.006502951 -1.722953420
1750921997.299987078 -0.584484433 0.193831947 -2.476056062 0.070436361 0.851491900 -0.058415813 0.516321466 -0.049124868 -0.110720247 -1.763716969
1750921997.399986982 -0.743800630 0.210175002 -2.372999810 0.077524800 0.880886812 -0.060559353 0.462991246 0.076423663 -0.344465895 -1.982434229
1750921997.499985933 -0.878314767 0.236479400 -2.254554897 0.083916673 0.905453250 -0.055167257 0.412394203 -0.110935410 -0.073427297 -1.948363528
1750921997.599986076 -0.995353266 0.249994545 -2.115358578 0.087298757 0.928243152 -0.053904574 0.357544228 -0.189503054 -0.136934925 -1.750001571
1750921997.699985981 -1.095955140 0.263883945 -1.966724488 0.087772791 0.948257604 -0.052096411 0.300648330 -0.084652753 -0.002430963 -1.769178585
1750921997.799985886 -1.180863057 0.278483173 -1.813728121 0.087110977 0.964397431 -0.050104863 0.244619656 -0.140053629 -0.165009657 -1.863623325
1750921997.899986029 -1.249059049 0.287145679 -1.638128808 0.086601140 0.977900290 -0.045550967 0.184760318 -0.041353399 -0.023620133 -1.930651076
1750921997.999985933 -1.297691751 0.293065338 -1.454676630 0.085338141 0.987690162 -0.039778796 0.124912744 -0.220341029 -0.050792388 -1.662428846
1750921998.099986076 -1.317729543 0.297768482 -1.279469871 0.083647474 0.993373663 -0.034678521 0.070776174 -0.134991122 -0.095644458 -1.876094208
1750921998.199985981 -1.327490992 0.305613766 -1.094550000 0.081607500 0.996143538 -0.030776032 0.009544833 0.119152778 0.024100675 -1.767092860
1750921998.299985886 -1.320331917 0.307981034 -0.901337470 0.078763897 0.994962311 -0.030551586 -0.053970819 0.079028212 -0.199511694 -2.042658454
1750921998.399986029 -1.294353569 0.310929877 -0.719694788 0.075535575 0.990509170 -0.024601299 -0.112163882 -0.217867880 0.020630462 -1.696504714
1750921998.499984980 -1.256498553 0.315277771 -0.516311216 0.071461949 0.981617206 -0.021096844 -0.175715034 0.177678892 0.028527983 -1.522717272
1750921998.599984884 -1.163114866 0.307858577 -0.345868133 0.070355889 0.969323104 -0.020652413 -0.234598054 -0.186686330 -0.067335813 -1.847371791
1750921998.699985027 -1.066529184 0.307346338 -0.210838632 0.070158531 0.954232826 -0.018095866 -0.290155191 -0.154242517 -0.133702532 -1.605106312
1750921998.799984932 -0.985534445 0.325711348 -0.102858532 0.068297488 0.934728118 -0.014418126 -0.348440691 0.043348351 0.419775797 -0.642682459
1750921998.899985075 -0.879715950 0.341040133 -0.010266205 0.065091682 0.911538757 -0.012278917 -0.405844053 -0.290325563 0.197822709 -0.644865203
1750921998.999984980 -0.772849177 0.372122211 0.068857724 0.061658573 0.886954590 -0.006775414 -0.457672230 0.064542703 0.948851982 -1.484850478
1750921999.099984884 -0.631674829 0.395328188 0.147035903 -0.061070408 -0.858704553 0.003999568 0.508803399 -0.155810027 -0.196304773 -1.821023902
1750921999.199985027 -0.456977631 0.369532945 0.214720863 -0.058305095 -0.828289350 0.003629447 0.557246889 -0.151872945 -0.029858838 -1.700509980
1750921999.299984932 -0.279891618 0.369392233 0.263842243 -0.059393801 -0.796090118 0.000573934 0.602256234 -0.018177164 -0.226314765 -2.025997808
1750921999.399985075 -0.082857068 0.326600024 0.289651818 -0.054889126 -0.760378268 0.000776370 0.647156450 -0.116192122 -0.209748536 -2.000784794
1750921999.499984980 0.128069753 0.243512425 0.315907805 -0.040581456 -0.720234364 0.004392179 0.692528927 0.162386907 -1.118060408 -2.208657702
1750921999.599983931 0.320888313 0.161409120 0.333295205 -0.023287248 -0.675353348 0.011623664 0.737034904 -0.096260726 -0.237149254 -1.928584218
1750921999.699984074 0.507984758 0.133894506 0.294569360 -0.015244580 -0.629873908 0.013344191 0.776433123 -0.104818659 -0.101084622 -1.773253953
1750921999.799983978 0.687044333 0.116196821 0.237939870 -0.013631505 -0.582284416 0.011393098 0.812791018 -0.065567951 0.003482292 -1.830938308
1750921999.899983883 0.846009293 0.097343551 0.168321680 -0.003853664 -0.534708330 0.013883581 0.844913840 -0.031691054 -0.134087381 -1.781402986
1750921999.999984026 1.012790321 0.078510517 0.073236876 0.005047155 -0.483279007 0.017455289 0.875277808 0.196548309 -0.013822988 -2.008745788
1750922000.099983931 1.177743389 0.088448572 -0.020598239 0.007170096 -0.421774851 0.009077725 0.906626803 -0.075951216 -0.163262047 -1.766453104
1750922000.199984074 1.288533220 0.080941704 -0.140218130 0.012451275 -0.371321943 0.008238759 0.928384136 -0.179546959 -0.162848004 -1.688130528
1750922000.299983978 1.403321012 0.072835545 -0.288830007 0.017292041 -0.316454277 0.006700562 0.948426475 0.024664074 -0.134608926 -1.864783080
1750922000.399983883 1.494007458 0.054960984 -0.450156623 0.027010164 -0.260659296 0.009133250 0.965009723 -0.071024564 -0.299113779 -1.777578654
1750922000.499984026 1.570756096 0.054658974 -0.610400926 0.029953782 -0.205331833 0.005854463 0.978216405 0.012711125 -0.100128299 -1.965815740
1750922000.599982977 1.627258392 0.055335483 -0.782488279 0.031042367 -0.148165188 0.004646384 0.988464395 -0.071605040 -0.168714472 -1.829586507
1750922000.699982882 1.668452315 0.056397626 -0.963869168 0.035347334 -0.091387147 0.000319862 0.995187848 -0.025470609 -0.146374528 -1.797963340
1750922000.799983025 1.687175666 0.050974899 -1.141470257 0.041780231 -0.036390355 -0.000514441 0.998463765 -0.032071856 -0.237426254 -1.910947436
1750922000.899982929 1.689948211 0.042224319 -1.343221686 0.050604206 0.023978728 -0.000735632 0.998430615 0.028745032 -0.187889848 -1.848258286
1750922000.999983072 1.674196443 0.025408816 -1.560363041 0.059213649 0.085156970 0.000732633 0.994606202 0.288637843 -0.645482910 -2.379022916
1750922001.099982977 1.645687933 0.044995941 -1.742390867 0.057224934 0.147446369 0.000914985 0.987412800 -0.457802362 0.240123104 -1.560979150
1750922001.199982882 1.579008438 0.064503083 -1.911424856 0.053273526 0.207533058 0.000256598 0.976776277 0.024581703 0.004405981 -1.762336723
1750922001.299983025 1.496580713 0.096267657 -2.077477093 0.048758057 0.267450193 -0.002237399 0.962334682 0.032909168 0.045582737 -1.814387984
1750922001.399982929 1.393223166 0.098308784 -2.223479082 0.048010833 0.324015613 -0.003820221 0.944824983 -0.009281870 -0.206533578 -1.915292858
1750922001.499983072 1.261005180 0.101873592 -2.361032525 0.043867517 0.381248453 -0.004797314 0.923418780 -0.064513934 -0.119432004 -1.792928205
1750922001.599982977 1.112773607 0.100670744 -2.476609683 0.047961748 0.435732273 -0.006231924 0.898775956 -0.085640477 -0.215166379 -1.842125145
1750922001.699981928 0.962754500 0.099415384 -2.576736495 0.047064470 0.485196482 -0.009476453 0.873086196 -0.073532682 -0.187136092 -1.840444844
1750922001.799982071 0.801201199 0.098997589 -2.663538828 0.051246601 0.535025870 -0.016585940 0.843116843 -0.019613918 -0.175364690 -1.611491321
1750922001.899981976 0.639570567 0.100756695 -2.720192395 0.053151053 0.582733773 -0.018623935 0.810709235 -0.065506783 -0.129813794 -1.731076968
1750922001.999982119 0.469119551 0.104824547 -2.782864694 0.054279446 0.630036572 -0.022390670 0.774342507 0.240370617 -0.194256615 -1.824033816
1750922002.099982023 0.286423811 0.104133554 -2.818225307 0.061440129 0.675909903 -0.024668157 0.734004357 -0.029447105 0.009094593 -1.718609475
1750922002.199981928 0.106476074 0.105248273 -2.815010485 0.067499232 0.717823792 -0.027903700 0.692383016 -0.247792437 -0.267324174 -1.743989046
1750922002.299982071 -0.097070026 0.062502136 -2.801499741 0.080472546 0.755820420 -0.041150032 0.648510862 0.305385955 -1.128302061 -2.566106703
1750922002.399981976 -0.332672345 0.029387852 -2.753324965 0.093687859 0.793613327 -0.053510957 0.598779634 0.093284764 -1.045542647 -2.594265473
1750922002.499982119 -0.532293196 0.021577761 -2.676310234 0.101113916 0.826397065 -0.056138590 0.551082866 0.190839990 -0.082836577 -1.758692292
1750922002.599982023 -0.703205379 0.064442548 -2.638433741 0.102763655 0.863471796 -0.052511749 0.491017928 0.461293470 -0.079874831 -1.903963374
1750922002.699980974 -0.870563913 0.091322120 -2.552361660 0.106979718 0.896230161 -0.052990091 0.427222294 0.000525142 -0.245241242 -1.935220694
1750922002.799981117 -1.004885954 0.112332886 -2.413699119 0.108821397 0.920685111 -0.048903077 0.371625240 -0.114060992 -0.101538569 -1.850829762
1750922002.899981022 -1.113621860 0.128911043 -2.266669628 0.111625548 0.940170551 -0.043701836 0.318918831 -0.167561453 -0.129762824 -1.923360950
1750922002.999980927 -1.199013482 0.145670264 -2.099704150 0.116831550 0.956892552 -0.038137564 0.263158809 -0.176717181 -0.046845107 -1.779567281
1750922003.099981070 -1.265426862 0.159057324 -1.925930158 0.118820779 0.970429078 -0.033058867 0.207499730 -0.197750798 -0.046501405 -1.870980130
1750922003.199980974 -1.310450476 0.162069526 -1.759878166 0.117805742 0.980783386 -0.028265708 0.152927458 -0.219647744 -0.100448561 -1.747542951
1750922003.299981117 -1.339273491 0.159635113 -1.576896373 0.117997020 0.988230144 -0.025077897 0.094069043 -0.183455392 -0.203936313 -1.856495234
1750922003.399981022 -1.346953656 0.157077273 -1.386323491 0.114533475 0.992596671 -0.014430459 0.037758368 -0.128501530 -0.119903125 -2.035999260
1750922003.499980927 -1.339651724 0.150734905 -1.211548337 0.111774394 0.993545849 -0.010517056 -0.016202565 -0.033744977 -0.103792321 -2.093807338
1750922003.599981070 -1.316239898 0.144301714 -1.009883571 0.108653609 0.991282441 -0.005012960 -0.074353118 0.076456767 -0.237661123 -2.019133138
1750922003.699980021 -1.287933109 0.125229403 -0.782868523 0.098899190 0.985664573 0.000888858 -0.136687637 0.087829391 -0.277874027 -2.145645634
1750922003.799979925 -1.232265554 0.117917245 -0.589831699 0.088458278 0.977326749 0.007373941 -0.192232107 -0.052140355 -0.027684525 -2.006717867
1750922003.899980068 -1.138873829 0.093417053 -0.423358107 0.085382377 0.964275469 0.013105216 -0.250421491 -0.045728089 -0.022544456 -1.781809311
1750922003.999979973 -1.037967217 0.081758081 -0.270369152 0.081831512 0.947354023 0.017493625 -0.309059754 0.004449842 0.031710983 -1.855974995
1750922004.099980116 -0.930487292 0.088873191 -0.155574271 0.077974638 0.928684033 0.023452711 -0.361823012 -0.041235210 0.209530715 -1.394023361
1750922004.199980021 -0.822498505 0.106063461 -0.074569240 0.073638381 0.905504499 0.029613492 -0.416847732 -0.183298755 0.085990363 -1.097301684
1750922004.299979925 -0.722450702 0.118183270 0.037213318 0.062600777 0.877682511 0.035388368 -0.473816647 -0.100000195 -0.051840722 -1.636843956
1750922004.399980068 -0.582687544 0.108747867 0.108243188 -0.061444798 -0.850735381 -0.039325962 0.520506788 -0.073979237 0.115668565 -1.578516335
1750922004.499979973 -0.434146414 0.093400984 0.173462006 -0.060909950 -0.818159644 -0.043821375 0.570074085 -0.138744887 0.015312320 -1.826887040
1750922004.599980116 -0.276453501 0.068357129 0.226626848 -0.053892781 -0.782248134 -0.043073507 0.619134959 -0.142878556 -0.050519715 -1.752550352
1750922004.699980021 -0.103755377 0.052951708 0.234277455 -0.055085043 -0.747400747 -0.041938390 0.660756334 -0.096636218 -0.229983696 -1.831724756
1750922004.799978971 0.083577215 0.011566124 0.227134107 -0.050804478 -0.708260868 -0.046145289 0.702606619 -0.170552383 -0.463103963 -2.003911909
1750922004.899979115 0.276643141 -0.084471777 0.197317188 -0.030955192 -0.667581445 -0.041384123 0.742740968 -0.058585238 -0.972545699 -2.024594108
1750922004.999979019 0.459603827 -0.157308772 0.168247359 -0.017963076 -0.622273862 -0.037705619 0.781684626 -0.178539134 -0.338772385 -2.079392620
1750922005.099978924 0.648066291 -0.202693387 0.114046341 -0.003823626 -0.571211921 -0.037076263 0.819955897 -0.002496029 -0.175284227 -1.783666905
1750922005.199979067 0.808908090 -0.232685728 0.041701517 0.007730721 -0.513535779 -0.037752118 0.857202437 0.081945260 -0.139304607 -1.814009890
1750922005.299978971 0.953441481 -0.253837568 -0.054370211 0.015131714 -0.461471511 -0.038321203 0.886197811 -0.018303328 -0.042077259 -1.800288699
1750922005.399979115 1.107271155 -0.260021448 -0.169401898 0.022638232 -0.401401632 -0.041389858 0.914686351 0.204815090 -0.083643975 -1.916812414
1750922005.499979019 1.240118485 -0.270868849 -0.310062167 0.032170270 -0.341971063 -0.039419606 0.938332010 -0.022394341 -0.099445211 -1.821331741
1750922005.599978924 1.335604568 -0.263117639 -0.441150373 0.034690117 -0.287371516 -0.041558489 0.956288188 -0.098160105 -0.068026353 -1.645789734
1750922005.699979067 1.426845304 -0.260925715 -0.605062190 0.038456871 -0.226732350 -0.047627838 0.972031429 -0.196858099 -0.035611156 -1.806099783
1750922005.799978018 1.483968139 -0.261780162 -0.779187070 0.045871280 -0.170692287 -0.047363447 0.983115798 -0.174008914 -0.183333485 -1.729976724
1750922005.899977922 1.523876617 -0.255960237 -0.947823973 0.052639364 -0.117522120 -0.047032733 0.990558212 -0.125782391 -0.095699245 -1.809308414
1750922005.999978065 1.544539112 -0.245065235 -1.128208073 0.056311829 -0.061834956 -0.047410049 0.995368125 -0.073500546 -0.060650002 -1.875559811
1750922006.099977970 1.546249081 -0.233781160 -1.315184974 0.061083599 -0.004824798 -0.045772966 0.997070886 -0.146414648 -0.189595651 -1.807533598
1750922006.199978113 1.527625558 -0.220988933 -1.488560363 0.066483232 0.049458194 -0.046340684 0.995483002 -0.018662943 -0.223460700 -1.920352943
1750922006.299978018 1.481210447 -0.219069899 -1.674695069 0.080048167 0.107475239 -0.044485683 0.989981004 -0.084210217 -0.297310125 -1.902915739
1750922006.399977922 1.421548734 -0.210779192 -1.865340073 0.090796264 0.169172664 -0.044242212 0.980397509 -0.063877807 -0.271952628 -1.949720821
1750922006.499978065 1.342065065 -0.197373693 -2.033745720 0.092664233 0.225107986 -0.044946541 0.968875401 0.041896503 -0.002093416 -1.762478778
1750922006.599977970 1.266509097 -0.165838543 -2.187909808 0.092332886 0.286152961 -0.041717140 0.952812049 0.402310599 -0.202818557 -1.958683882
1750922006.699978113 1.203027683 -0.108362712 -2.352356556 0.089422448 0.353111712 -0.040551416 0.930414600 -0.000251240 0.049101294 -1.794076382
1750922006.799978018 1.079157568 -0.089743250 -2.468626255 0.089584825 0.407689909 -0.037003337 0.907961591 -0.048947461 -0.176800794 -1.759750850
1750922006.899976969 0.929735086 -0.062338959 -2.573631267 0.091501233 0.462212476 -0.037170841 0.881252222 -0.115566107 -0.169459581 -1.764384096
1750922006.999977112 0.764448638 -0.043922740 -2.659208334 0.091987733 0.514929279 -0.035125660 0.851558737 -0.144973069 -0.248682516 -1.962731199
1750922007.099977016 0.594938059 -0.026125256 -2.726459867 0.095512752 0.562520561 -0.035627969 0.820474607 -0.112333306 -0.046064542 -1.783226840
1750922007.199976921 0.418877801 -0.007668280 -2.774392952 0.099458061 0.608476844 -0.035052680 0.786533746 0.008546809 -0.143990620 -1.733638297
1750922007.299977064 0.251476351 0.015289162 -2.800255875 0.099842101 0.652529785 -0.035804981 0.750302897 0.061681383 -0.111163601 -1.809197508
1750922007.399976969 0.084019421 0.030377058 -2.814918492 0.104384064 0.692946669 -0.038635605 0.712345542 0.110988862 -0.202310042 -1.725384241
1750922007.499977112 -0.100924539 0.043922046 -2.800493542 0.110421336 0.730623581 -0.038603667 0.672685713 -0.103738963 -0.306005494 -1.834527422
1750922007.599977016 -0.294366611 0.035081327 -2.770592646 0.115301340 0.767851251 -0.038886687 0.628965725 0.010850958 -0.548932729 -1.895515048
1750922007.699976921 -0.461936216 0.034700794 -2.772540689 0.123149642 0.807512293 -0.039887082 0.575471184 1.430975640 -0.729759613 -1.625859299
1750922007.799977064 -0.655050464 0.020253473 -2.724085239 0.129986333 0.845065723 -0.047688812 0.516423522 -0.280557321 -0.473129324 -2.017319697
1750922007.899976015 -0.815649097 0.035863647 -2.610778473 0.131270263 0.874959225 -0.042139931 0.464153745 -0.249629877 -0.095073903 -1.884538740
1750922007.999975920 -0.963548626 0.060726409 -2.508090046 0.132641612 0.902096210 -0.038191844 0.408864298 -0.042526131 -0.196391607 -1.784874603
1750922008.099976063 -1.100371467 0.073749412 -2.378411222 0.136447594 0.927129695 -0.035078313 0.347249325 0.060307574 -0.195377770 -1.885763618
1750922008.199975967 -1.225799853 0.081328618 -2.228599613 0.136956122 0.947920766 -0.032491777 0.285715816 0.159678936 -0.030747834 -1.934162205
1750922008.299976110 -1.305364482 0.084853495 -2.070591251 0.137663209 0.962742890 -0.026138319 0.231282851 -0.171543248 -0.110993138 -1.742828743
1750922008.399976015 -1.359563724 0.082700411 -1.903574096 0.139465690 0.974517561 -0.021667219 0.174342700 -0.172427412 -0.250280762 -1.782075652
1750922008.499975920 -1.396156785 0.081886121 -1.724876966 0.137762282 0.983581243 -0.012965775 0.115850680 -0.126602907 -0.086354825 -1.749401592
1750922008.599976063 -1.412840009 0.073082612 -1.552092601 0.134142476 0.989044869 -0.007082012 0.061203668 -0.213231856 -0.192720616 -1.830143217
1750922008.699975967 -1.406286861 0.057889442 -1.370709811 0.131596378 0.991299163 -0.000222660 0.002883251 -0.185885836 -0.127510464 -1.732961307
1750922008.799976110 -1.378228970 0.036106669 -1.188749353 0.132302054 0.989640070 0.007491280 -0.055250146 -0.223280986 -0.214881609 -1.655972568
1750922008.899976015 -1.333444219 0.012980649 -1.031321759 0.133032077 0.985109724 0.013818825 -0.108029339 -0.173252347 -0.066222820 -1.703071333
1750922008.999974966 -1.278639933 -0.019969621 -0.840865118 0.130163297 0.977357322 0.021553866 -0.165425547 -0.014654081 -0.262061588 -2.206402047
1750922009.099975109 -1.209724084 -0.042025047 -0.666949165 0.122430003 0.966065031 0.032825709 -0.225059375 0.418937052 -0.039940692 -2.108270732
1750922009.199975014 -1.150193110 -0.065502940 -0.493024945 0.111647655 0.951402385 0.042109898 -0.283892688 0.770304611 -0.351733828 -2.168036484
1750922009.299974918 -1.058977458 -0.087081882 -0.343159063 0.102755539 0.932445229 0.050477940 -0.342693991 -0.077903880 -0.059347986 -1.587898207
1750922009.399975061 -0.928045350 -0.132258233 -0.223791818 0.097227016 0.910885197 0.054458464 -0.397327749 -0.144257402 0.119263710 -1.604268075
1750922009.499974966 -0.792872820 -0.157784591 -0.120983631 0.088160486 0.887831450 0.059097163 -0.447761735 -0.253833129 0.007606504 -1.967012987
1750922009.599975109 -0.701455919 -0.125391164 -0.086209857 0.083697161 0.859654033 0.069933173 -0.499098266 -0.447684860 0.453984064 -0.609439260
1750922009.699975014 -0.562579587 -0.103815700 -0.036684419 -0.075526895 -0.829788126 -0.078439473 0.547352357 -0.167021154 0.778993221 -1.757126600
1750922009.799974918 -0.447999352 -0.103203425 0.025209402 -0.069469541 -0.795905716 -0.083423316 0.595607777 -0.370477765 1.138411300 -0.259732265
1750922009.899975061 -0.313514931 -0.084477603 0.014865229 -0.068898462 -0.758665203 -0.094102973 0.640956116 -0.013250588 0.202508026 -1.690747588
1750922009.999974012 -0.165734015 -0.111182177 0.034978128 -0.062182654 -0.717990975 -0.094751030 0.686763801 -0.002645777 0.519812340 -1.251321047
1750922010.099973917 -0.004856896 -0.156263395 0.020680652 -0.053271970 -0.677572297 -0.095053668 0.727339453 -0.281484863 -0.200679585 -1.784409944
1750922010.199974060 0.160685508 -0.216504106 -0.022615926 -0.043171344 -0.634746020 -0.098018506 0.765262110 -0.161092111 -0.769940703 -1.905091724
1750922010.299973965 0.323289113 -0.316327682 -0.074995978 -0.020335867 -0.587572293 -0.098195863 0.802933886 0.394545779 -0.549989275 -1.597653081
1750922010.399974108 0.444544489 -0.374787883 -0.138613987 -0.004934021 -0.539501567 -0.097309791 0.836327997 -0.270161473 -0.090762323 -1.571925546
1750922010.499974012 0.575878350 -0.403048239 -0.235643566 0.008703180 -0.489243053 -0.096294291 0.866771538 -0.205027605 -0.113013231 -1.588665607
1750922010.599973917 0.693552296 -0.424795323 -0.348645743 0.021205152 -0.440285286 -0.097985067 0.892243316 -0.254367361 -0.061902888 -1.553252999
1750922010.699974060 0.802431237 -0.448404824 -0.464066369 0.029510572 -0.389881345 -0.096621388 0.915306490 -0.085189732 -0.249821249 -1.642575826
1750922010.799973965 0.929363184 -0.460678029 -0.589295242 0.040548367 -0.328791146 -0.096506782 0.938583322 0.398020705 0.187329646 -1.872533147
1750922010.899974108 1.041709149 -0.468368804 -0.728860470 0.055369573 -0.261750121 -0.099114506 0.958434870 0.179764256 -0.041480374 -1.583170373
1750922010.999974012 1.096238866 -0.465311367 -0.873600072 0.062292007 -0.208929148 -0.100434795 0.970763189 -0.181965117 -0.033732023 -1.531791522
1750922011.099972963 1.143058146 -0.457037787 -1.038926292 0.072359822 -0.151136848 -0.101314479 0.980641161 -0.197827140 -0.161936329 -1.639681083
1750922011.199973106 1.170043415 -0.449143775 -1.210517784 0.085265235 -0.092463266 -0.099320728 0.987074352 -0.195231711 -0.126201194 -1.605861518
1750922011.299973011 1.175017309 -0.435321794 -1.369271718 0.097349738 -0.036306565 -0.096011333 0.989942769 -0.267936285 -0.244395062 -1.649057146
1750922011.399972916 1.165833008 -0.410912187 -1.539190716 0.103781640 0.022736068 -0.094228464 0.989865364 -0.113778258 -0.047245268 -1.704392666
1750922011.499973059 1.133032693 -0.381339256 -1.701904479 0.111986697 0.079267573 -0.090630651 0.986388218 -0.152969160 -0.150901964 -1.680133944
1750922011.599972963 1.087805999 -0.353203715 -1.854275952 0.120554836 0.133732368 -0.090231218 0.979510343 0.035765547 -0.365733129 -1.953183331
1750922011.699973106 1.021214882 -0.334263963 -2.042688712 0.135461025 0.194092352 -0.086615061 0.967717056 0.093963009 -0.367742691 -2.106897241
1750922011.799973011 0.947161243 -0.295486920 -2.194623335 0.140357825 0.255324636 -0.083353775 0.952974900 0.082252669 -0.083675308 -1.610505235
1750922011.899972916 0.865998221 -0.261292800 -2.355232855 0.149779864 0.313797691 -0.079665898 0.934211082 -0.249850191 -0.201114426 -1.722526603
1750922011.999973059 0.770075800 -0.206099440 -2.476444117 0.149814049 0.374418934 -0.071312833 0.912294192 0.081938873 -0.034455550 -1.709539868
1750922012.099972010 0.651752088 -0.141916790 -2.581214902 0.149622548 0.430857197 -0.064665297 0.887577359 -0.150985724 -0.101742232 -1.629079206
1750922012.199971914 0.523285123 -0.098059217 -2.670169531 0.150540029 0.483848456 -0.061113613 0.859938078 -0.107328140 -0.344047497 -1.832686485
1750922012.299972057 0.367019613 -0.060876675 -2.740236346 0.151206088 0.535502519 -0.056395878 0.828971215 -0.215776631 -0.217108602 -1.665391520
1750922012.399971962 0.199609555 -0.029965496 -2.790828684 0.154634099 0.584436025 -0.054096317 0.794730405 -0.184624449 -0.156246746 -1.724201951
1750922012.499972105 0.043689607 -0.002059051 -2.812666956 0.157397808 0.626732201 -0.050728026 0.761484961 -0.091679598 -0.202166149 -1.648751418
1750922012.599972010 -0.125443071 0.027277922 -2.826223801 0.160825396 0.670841201 -0.049121722 0.722284107 -0.124520124 -0.137631859 -1.529823982
1750922012.699971914 -0.283349602 0.055755055 -2.814029601 0.164244054 0.712020145 -0.045535710 0.681159087 -0.059026414 -0.179318094 -1.469612494
1750922012.799972057 -0.431163952 0.078951190 -2.792363649 0.165584127 0.749378175 -0.043632627 0.639617418 -0.015198612 -0.242223433 -1.681553113
1750922012.899971962 -0.592586865 0.104220034 -2.752328753 0.166737160 0.786062143 -0.040570801 0.593851022 0.019751714 -0.130863506 -1.335556792
1750922012.999972105 -0.749386623 0.101324457 -2.693156459 0.169018990 0.820764587 -0.040223915 0.544205944 -0.219928309 -0.376512610 -1.726313906
1750922013.099972010 -0.894262393 0.096283233 -2.604527014 0.174059317 0.849470374 -0.040393030 0.496459305 -0.123771169 -0.491386964 -1.802450628
1750922013.199970961 -1.053245751 0.089330167 -2.494093899 0.177825686 0.877515055 -0.043413695 0.443238767 -0.130610842 -0.325425809 -1.633375797
1750922013.299971104 -1.169891777 0.100766125 -2.390922389 0.179619746 0.902021924 -0.037391140 0.390762200 0.213436836 -0.136310689 -1.186040193
1750922013.399971008 -1.249267066 0.121808478 -2.317959980 0.180269641 0.923247250 -0.027886987 0.338141519 0.311462589 -0.087517073 -1.117780662
1750922013.499970913 -1.316423183 0.159459567 -2.268694831 0.177737512 0.944630642 -0.013698530 0.275489885 0.297793550 -0.063457381 -0.758879914
1750922013.599971056 -1.354602362 0.199740083 -2.242479228 0.172869134 0.960043660 0.000543395 0.220073029 -0.096792580 0.122646090 -0.454155562
1750922013.699970961 -1.357153268 0.209669228 -2.207263554 0.169668978 0.967042834 0.005796084 0.189755105 -0.166823122 0.075740895 -0.226329397
1750922013.799971104 -1.345577831 0.214823117 -2.188182227 0.167053987 0.971619552 0.008763698 0.167247152 -0.153490830 0.166654018 -0.042387583
1750922013.899971008 -1.326843851 0.220857340 -2.187465879 0.164592714 0.975736733 0.011549531 0.143922460 -0.191882314 0.089837642 0.091296461
1750922013.999970913 -1.304177215 0.226077285 -2.192180146 0.162269823 0.979218234 0.014839720 0.120747413 -0.190945983 0.190156113 0.191519805
1750922014.099971056 -1.274288852 0.230301474 -2.209284659 0.160201625 0.981937046 0.017294397 0.099176515 -0.231815625 0.019437305 0.237716783
1750922014.199970007 -1.243481909 0.232411475 -2.229912201 0.158319347 0.983931319 0.019755982 0.080148888 -0.291594428 0.164837732 0.341278298
1750922014.299969912 -1.212294920 0.230910130 -2.253562976 0.157939236 0.985108107 0.020239131 0.064865959 -0.363534018 0.016054894 0.362870813
1750922014.399970055 -1.153818925 0.254588064 -2.362019109 0.132330088 0.989223262 0.017945788 0.060033610 -1.053908561 2.134443095 4.604155515
1750922014.499969959 -1.293678281 0.289224182 -2.604441186 0.140877655 0.988305102 0.007036306 0.057939633 0.000000000 0.000000000 0.000000000
1750922014.599970102 -1.293678281 0.289224182 -2.604441186 0.140877655 0.988305102 0.007036306 0.057939633 0.000000000 0.000000000 0.000000000
1750922014.699970007 -1.293678281 0.289224182 -2.604441186 0.140877655 0.988305102 0.007036306 0.057939633 0.000000000 0.000000000 0.000000000
1750922014.799969912 -1.293678281 0.289224182 -2.604441186 0.140877655 0.988305102 0.007036306 0.057939633 0.000000000 0.000000000 0.000000000
1750922014.899970055 -1.293678281 0.289224182 -2.604441186 0.140877655 0.988305102 0.007036306 0.057939633 0.000000000 0.000000000 0.000000000
1750922014.999969959 -1.293678281 0.289224182 -2.604441186 0.140877655 0.988305102 0.007036306 0.057939633 0.000000000 0.000000000 0.000000000
1750922015.099970102 -1.293678281 0.289224182 -2.604441186 0.140877655 0.988305102 0.007036306 0.057939633 0.000000000 0.000000000 0.000000000
1750922015.199970007 -1.293678281 0.289224182 -2.604441186 0.140877655 0.988305102 0.007036306 0.057939633 0.000000000 0.000000000 0.000000000
1750922015.299968958 -1.293678281 0.289224182 -2.604441186 0.140877655 0.988305102 0.007036306 0.057939633 0.000000000 0.000000000 0.000000000
1750922015.399969101 -1.293678281 0.289224182 -2.604441186 0.140877655 0.988305102 0.007036306 0.057939633 0.000000000 0.000000000 0.000000000
1750922015.499969006 -1.293678281 0.289224182 -2.604441186 0.140877655 0.988305102 0.007036306 0.057939633 0.000000000 0.000000000 0.000000000
