5.065643000 0.000000000 0.000000000 0.000000000 -0.000000000 -0.000000000 -0.000000000 1.000000000
5.165951000 0.000000000 0.000000000 0.000000000 -0.000000000 -0.000000000 -0.000000000 1.000000000
5.266121000 0.000000000 0.000000000 0.000000000 -0.000000000 -0.000000000 -0.000000000 1.000000000
5.366190000 -0.000078290 -0.000053589 -0.000082145 0.000019887 -0.000178015 -0.000050885 0.999999983
5.466203000 -0.001284262 0.002022664 -0.000718250 0.000579485 -0.002604889 -0.000308411 0.999996392
5.566125000 -0.001866098 -0.002797345 0.001622720 0.001145051 -0.007217873 -0.000983250 0.999972812
5.666080000 -0.001622339 -0.003639975 0.007902152 0.001672364 -0.015431545 -0.002599320 0.999876149
5.766098000 -0.001820338 -0.007100259 0.016435946 0.002512067 -0.023871018 -0.004657305 0.999701042
5.866079000 -0.004648546 -0.011758580 0.017437375 0.002466590 -0.030558352 -0.006684344 0.999507590
5.966076000 -0.005955344 -0.013023676 0.026105120 0.002661756 -0.038622266 -0.009240934 0.999207606
6.066371000 -0.005966188 -0.015393060 0.022715981 0.004072998 -0.046058090 -0.011454420 0.998864785
6.167130000 -0.017901891 -0.015011250 0.023311500 0.006705215 -0.051765812 -0.014174740 0.998536137
6.267914000 -0.020874494 -0.015577844 0.021603545 0.009519494 -0.053580266 -0.011377951 0.998453342
6.368629000 -0.022915443 -0.028616634 0.022040874 0.007271757 -0.055363820 -0.013598035 0.998347165
6.469516000 -0.030775245 -0.054103256 0.037851014 0.006266334 -0.056804880 -0.015153021 0.998250632
6.570368000 -0.038548512 -0.097261480 0.054090340 0.006342710 -0.056119022 -0.019713052 0.998209307
6.670993000 -0.044210233 -0.139032549 0.066499212 0.003543545 -0.051216012 -0.034291144 0.998092421
6.771279000 -0.046686415 -0.183019820 0.070830568 0.001018862 -0.047904682 -0.038546657 0.998107338
6.871285000 -0.045052379 -0.213897315 0.068879522 0.001493280 -0.048513230 -0.026477044 0.998470432
6.971115000 -0.039981000 -0.249681458 0.084724240 0.001925976 -0.048882119 -0.020104961 0.998600330
7.070994000 -0.033425885 -0.294557729 0.099834861 0.001919787 -0.049180302 -0.016403835 0.998653357
7.171136000 -0.027600814 -0.337140810 0.113646709 0.000606722 -0.049339282 -0.014674395 0.998674086
7.271368000 -0.024376896 -0.380307950 0.127238957 0.000975027 -0.048925294 -0.015551745 0.998680884
7.371613000 -0.022235622 -0.425684989 0.146183927 -0.000928426 -0.048191844 -0.016010334 0.998709344
7.471789000 -0.019356011 -0.450039449 0.166662583 -0.017492689 -0.048073049 -0.015655575 0.998567920
7.571761000 -0.021583789 -0.488721582 0.179982787 -0.042210193 -0.047890713 -0.016399169 0.997825559
7.671541000 -0.022932389 -0.505591761 0.187888498 -0.047909437 -0.046867514 -0.019473018 0.997561489
7.771162000 -0.024279737 -0.529295514 0.184052096 -0.038805021 -0.046330934 -0.019773012 0.997976274
7.870738000 -0.025742007 -0.551130753 0.172767150 -0.027682992 -0.046809504 -0.016212156 0.998388546
7.970470000 -0.027826020 -0.570944776 0.153283959 -0.016030378 -0.046767702 -0.014117160 0.998677383
8.070540000 -0.030770829 -0.590223987 0.129831556 -0.001424693 -0.046050492 -0.013019215 0.998853254
8.170917000 -0.037263251 -0.611256812 0.106206537 0.007035172 -0.045790323 -0.012930107 0.998842613
8.271215000 -0.040537848 -0.623995022 0.093789570 0.008134961 -0.045644363 -0.013086608 0.998838904
8.371414000 -0.044400302 -0.637012782 0.080501045 0.012972703 -0.044229538 -0.019237282 0.998751913
8.471664000 -0.052019963 -0.664295994 0.054950155 0.023759763 -0.041294135 -0.030690515 0.998392889
8.571804000 -0.055568854 -0.693998574 0.038363407 0.033033380 -0.038444225 -0.040503524 0.997892931
8.671731000 -0.053373845 -0.710286325 0.035190381 0.032649867 -0.038817081 -0.038505878 0.997970199
8.771611000 -0.046085655 -0.745840608 0.033969140 0.032926271 -0.041925137 -0.026461288 0.998227401
8.871588000 -0.036540313 -0.781518209 0.043364209 0.031333121 -0.044422208 -0.018780099 0.998344735
8.971692000 -0.027780085 -0.821712312 0.051631804 0.029857493 -0.045877585 -0.015197118 0.998385109
9.071848000 -0.020525078 -0.864246039 0.063383319 0.024386059 -0.046784687 -0.013843886 0.998511322
9.171938000 -0.014228183 -0.909887462 0.073487384 0.024467185 -0.046974429 -0.013629257 0.998503382
9.271789000 -0.009512618 -0.955515331 0.091786683 0.024936462 -0.047139713 -0.014072730 0.998477831
9.371429000 -0.004361240 -1.003539887 0.112915274 0.028536600 -0.046989834 -0.014814232 0.998377762
9.471095000 -0.000255372 -1.054498468 0.138143768 0.029513363 -0.047173062 -0.014154067 0.998350302
9.570960000 0.001935427 -1.106879532 0.168564263 0.024214995 -0.047010910 -0.014130963 0.998500838
9.670957000 0.005923587 -1.155312705 0.212285051 0.019708676 -0.046980925 -0.013791841 0.998606101
9.770914000 0.005351051 -1.209170334 0.237817682 0.019250843 -0.046833435 -0.013844662 0.998621229
9.870697000 0.005840583 -1.257745315 0.277159748 0.016611343 -0.045277404 -0.018750750 0.998660317
9.970450000 0.005843847 -1.305570148 0.320432991 0.014445181 -0.042869217 -0.027905493 0.998586426
10.070385000 0.006053797 -1.348693439 0.362862039 0.009756639 -0.036550592 -0.048379102 0.998112381
10.170543000 0.013981364 -1.390971260 0.407636078 0.005622783 -0.028503655 -0.075375894 0.996731860
10.270761000 0.034712199 -1.415420116 0.445624916 0.003819656 -0.021537867 -0.093692913 0.995360823
10.370965000 0.071524390 -1.433967393 0.495013082 0.003060022 -0.019161155 -0.085853465 0.996118803
10.471059000 0.117984234 -1.446949355 0.539185695 0.005133918 -0.017612117 -0.069229753 0.997432052
10.570878000 0.176818271 -1.453520569 0.589433112 0.006877694 -0.019485709 -0.044273034 0.998805738
10.670534000 0.237908645 -1.454936126 0.638437040 0.006469951 -0.024806938 -0.020852496 0.999453815
10.770210000 0.296004721 -1.455427535 0.692704214 0.006630383 -0.028910089 -0.010942988 0.999500123
10.869948000 0.353883266 -1.460433701 0.727487211 0.006760260 -0.033138642 -0.007857556 0.999397012
10.969808000 0.410767978 -1.466366112 0.777536927 0.006813883 -0.037844105 -0.008150924 0.999227180
11.069763000 0.463028386 -1.477470346 0.824523553 0.007400720 -0.042178052 -0.009229226 0.999040071
11.169931000 0.513527793 -1.491622423 0.872256758 0.007639985 -0.046165386 -0.010493005 0.998849480
11.269947000 0.562769000 -1.509961738 0.918482944 0.008030685 -0.049091787 -0.011400960 0.998696912
11.369887000 0.608282705 -1.530746675 0.962450865 0.008164672 -0.049760041 -0.012071673 0.998654871
11.469670000 0.652318025 -1.549436362 1.009875588 0.007810868 -0.049189179 -0.012293058 0.998683281
11.569473000 0.695158330 -1.571054480 1.052113111 0.007714123 -0.047744179 -0.009602138 0.998783653
11.669295000 0.732214953 -1.584997098 1.097543131 0.004222710 -0.048684810 0.007248376 0.998778964
11.769154000 0.767444525 -1.590063579 1.162351170 0.003325914 -0.044044129 0.009149548 0.998982151
11.869126000 0.796729031 -1.600818835 1.209159144 0.004745981 -0.036203211 0.004090921 0.999324806
11.969080000 0.819756661 -1.604956386 1.253552996 0.006939323 -0.027642632 -0.001112442 0.999593164
12.069056000 0.841964667 -1.605915506 1.302789589 0.007347214 -0.020084264 -0.003350718 0.999765679
12.169159000 0.862814409 -1.605321143 1.351120538 0.000963088 -0.014480392 -0.002612161 0.999891278
12.269086000 0.882569033 -1.604032302 1.403118209 -0.010124203 -0.010861861 -0.002845646 0.999885705
12.369185000 0.891729873 -1.601562942 1.427610127 -0.018350242 -0.009894760 -0.002193404 0.999780252
12.469487000 0.907900676 -1.598547969 1.463765113 -0.007865649 -0.009664650 -0.002840858 0.999918324
12.569817000 0.922572762 -1.597098007 1.496498556 0.001237214 -0.009847551 -0.002937317 0.999946432
12.670282000 0.935832019 -1.599488876 1.527245165 0.006005490 -0.010357777 -0.003683124 0.999921539
12.770842000 0.948141758 -1.605917478 1.556832754 0.007380249 -0.010672675 -0.003286982 0.999910407
12.871327000 0.955838677 -1.614767483 1.580875616 0.006242068 -0.011393371 -0.003522616 0.999909405
12.971634000 0.968052334 -1.632586753 1.610516192 0.006808481 -0.012074496 -0.003599283 0.999897443
13.071809000 0.978957882 -1.651021761 1.641895211 0.006656386 -0.013197282 -0.003833061 0.999883409
13.171960000 0.986073399 -1.669170792 1.672602149 0.007019626 -0.014902326 -0.004329976 0.999854938
13.271925000 0.989574508 -1.689052538 1.698756254 0.006807732 -0.014862256 -0.013493929 0.999775316
13.371883000 0.999621963 -1.701005520 1.723994011 0.007561652 -0.014001741 -0.019932589 0.999674679
13.471768000 1.012478107 -1.717439393 1.757729472 0.009208257 -0.016268443 -0.011049015 0.999764205
13.571604000 1.022980455 -1.736283417 1.788599172 0.008808993 -0.017066633 -0.007066476 0.999790576
13.671390000 1.032198238 -1.758417126 1.814949104 0.010284192 -0.016818685 -0.004541264 0.999795351
13.771060000 1.038003216 -1.778293848 1.847131151 0.009513033 -0.015907607 -0.003453636 0.999822246
13.870733000 1.041255804 -1.787406935 1.863152399 0.010035468 -0.014950319 -0.003297913 0.999832437
13.970369000 1.045292321 -1.809764925 1.894784177 0.015734180 -0.012802817 -0.002505590 0.999791101
14.070028000 1.049662498 -1.833101001 1.933475275 0.020200003 -0.009861950 -0.002319675 0.999744628
14.169973000 1.051915261 -1.856184972 1.974633370 0.021816186 -0.006456315 -0.001008305 0.999740643
14.270000000 1.051929424 -1.879181118 2.016111641 0.017674486 -0.002432245 0.000362512 0.999840770
14.370138000 1.050217828 -1.897167416 2.061170003 0.010752555 0.003135689 0.001995601 0.999935282
14.470316000 1.048056610 -1.911768082 2.104032985 0.008298067 0.009579845 0.002900530 0.999915474
14.570361000 1.044767589 -1.923648859 2.156583859 0.005806199 0.016565025 0.005685711 0.999829766
14.670168000 1.039842197 -1.930301007 2.209702469 0.005538331 0.024034795 0.008834568 0.999656744
14.769977000 1.033031559 -1.937244915 2.256765716 0.004858788 0.032179379 0.010228451 0.999417960
14.869916000 1.026233738 -1.947135979 2.308121982 -0.000073967 0.039560404 0.012326577 0.999141143
14.970099000 1.017745425 -1.958497246 2.357017096 -0.013014735 0.045466931 0.012958210 0.998797006
15.070584000 1.009238935 -1.974167556 2.394033858 -0.021317518 0.049195339 0.013556008 0.998469637
15.171197000 0.999944467 -1.991062791 2.427773836 -0.026042490 0.052100306 0.014059342 0.998203227
15.271608000 0.991019858 -2.010463801 2.454791318 -0.028343628 0.056553524 0.013567722 0.997904933
15.371633000 0.982894612 -2.027031460 2.476147337 -0.026638488 0.060996333 0.020161142 0.997578752
15.471121000 0.973481817 -2.040663135 2.487406793 -0.021830439 0.063470455 0.037803141 0.997028513
15.570258000 0.957494394 -2.051843689 2.485792934 -0.017356297 0.070295222 0.044375440 0.996387556
15.669549000 0.937046007 -2.056270399 2.488683570 -0.016629420 0.078722379 0.049215148 0.995542123
15.769314000 0.911832294 -2.054326349 2.488877398 -0.019246862 0.088530264 0.052316925 0.994512388
15.869533000 0.882648525 -2.041176504 2.487711755 -0.020640768 0.098702130 0.055130761 0.993374274
15.970106000 0.848051981 -2.021576020 2.487987681 -0.023652886 0.107916616 0.058703952 0.992143332
16.070691000 0.810004644 -1.992070379 2.489614175 -0.025919212 0.113694102 0.062808090 0.991189684
16.171177000 0.766056366 -1.968186011 2.477533003 -0.023045391 0.119401011 0.056899380 0.990946401
16.271372000 0.719528038 -1.948232734 2.457541220 -0.015555441 0.125040461 0.045960436 0.990964454
16.371544000 0.670826749 -1.934674428 2.431923739 -0.007554501 0.128553952 0.039631189 0.990881517
16.471676000 0.623186335 -1.926973584 2.404238207 -0.003014320 0.130662521 0.037330948 0.990719244
16.571591000 0.575209130 -1.924580538 2.377514175 -0.000637859 0.132103765 0.036405485 0.990566923
16.671364000 0.529266344 -1.923474550 2.348018672 0.001066614 0.133471266 0.035758847 0.990406779
16.771007000 0.481373561 -1.928232038 2.321076879 0.005244919 0.134754309 0.036522483 0.990191838
16.870416000 0.436152815 -1.937035116 2.293301725 0.007202158 0.136227811 0.038105775 0.989918210
16.969794000 0.389824963 -1.949463571 2.267348519 0.007681631 0.137763543 0.040237698 0.989617667
17.069148000 0.341437322 -1.964475840 2.244103481 0.007277982 0.139882764 0.041670646 0.989264070
17.168755000 0.293337604 -1.977193045 2.218399468 0.006961638 0.142312222 0.043038781 0.988861179
17.268414000 0.245275854 -1.995722964 2.200448093 0.006416451 0.145259872 0.043362096 0.988422039
17.368390000 0.203387440 -2.014126367 2.174979999 0.005422512 0.146966960 0.046135374 0.988050017
17.468515000 0.162361264 -2.029956339 2.170779958 0.002404506 0.139820983 0.063945475 0.988106921
17.568853000 0.102861809 -2.041064950 2.159663859 0.002808895 0.134265601 0.064376547 0.988848077
17.669235000 0.038411153 -2.054728990 2.140189366 0.003740273 0.130258380 0.054941592 0.989949588
17.769574000 -0.026483691 -2.065710916 2.118056490 0.003770768 0.127039516 0.044653641 0.990884855
17.869891000 -0.084796359 -2.079200138 2.093693791 0.004768800 0.123634755 0.038824818 0.991556524
17.970157000 -0.142310632 -2.085738762 2.067435912 0.004199750 0.117453710 0.034876541 0.992456858
18.070463000 -0.208016032 -2.089048462 2.051535650 0.005348439 0.109707942 0.024141444 0.993656255
18.170873000 -0.275643795 -2.105099335 2.041813013 -0.011928797 0.105801732 -0.010597780 0.994259214
18.271137000 -0.330028055 -2.111651423 2.032652230 -0.039344115 0.103606261 -0.053097849 0.992420476
18.371118000 -0.365957901 -2.113876381 2.011674740 -0.045736834 0.096756429 -0.070231372 0.991773104
18.470790000 -0.381651342 -2.112215292 1.982975048 -0.043612009 0.084937350 -0.066315403 0.993219969
18.570396000 -0.380687790 -2.112181822 1.947662920 -0.040433870 0.071646995 -0.056768201 0.994992051
18.670004000 -0.365530699 -2.112554238 1.902417460 -0.032324496 0.060194111 -0.042075236 0.996775537
18.769538000 -0.338451454 -2.116026698 1.854710527 -0.016579892 0.050789177 -0.019053397 0.998389971
18.869150000 -0.310042386 -2.125740353 1.803848839 -0.002290582 0.043752795 0.000112115 0.999039756
18.968958000 -0.283861765 -2.139824515 1.749489133 0.001775389 0.040975918 0.007468498 0.999130644
19.068969000 -0.259578183 -2.156707828 1.692989696 0.005866227 0.040140022 0.012138820 0.999103105
19.169051000 -0.248532063 -2.165387468 1.668950030 0.006182957 0.040582132 0.013114250 0.999071008
19.269261000 -0.225787294 -2.181717950 1.623484793 0.006412369 0.041838355 0.014683813 0.998995906
19.369589000 -0.212515029 -2.189660968 1.595646216 0.006079570 0.042846894 0.015623505 0.998940984
19.469752000 -0.191626709 -2.193673231 1.553326019 0.019373719 0.044360805 0.016361312 0.998693690
19.569611000 -0.173121214 -2.188670611 1.515440141 0.039520241 0.045593956 0.017422878 0.998025944
19.669091000 -0.158253563 -2.182171716 1.487635711 0.049557640 0.046678418 0.017903356 0.997519241
19.768578000 -0.147903322 -2.172476962 1.468435232 0.055162555 0.048338035 0.012841950 0.997223952
19.868147000 -0.140070843 -2.170762121 1.477815996 0.052151622 0.052778969 -0.003386142 0.997237746
19.967863000 -0.130508460 -2.170728869 1.486196230 0.036085117 0.058214417 -0.024777459 0.997343985
