5.065643000 0.004789707 -0.065479710 0.026527952 -0.016028518 -0.000420321 0.011711296 0.999802858
5.165951000 0.004789707 -0.065479710 0.026527952 -0.016028518 -0.000420321 0.011711296 0.999802858
5.266121000 0.004789707 -0.065479710 0.026527952 -0.016028518 -0.000420321 0.011711296 0.999802858
5.366190000 0.004707837 -0.065530215 0.026441798 -0.016010741 -0.000597718 0.011657559 0.999803681
5.466203000 0.003516970 -0.063345372 0.025857537 -0.015479726 -0.003026538 0.011360908 0.999811056
5.566125000 0.002803319 -0.068364547 0.028107003 -0.014968201 -0.007634409 0.010611749 0.999802510
5.666080000 0.003036770 -0.069443977 0.034537228 -0.014536315 -0.015826694 0.008862991 0.999729793
5.766098000 0.002753734 -0.073278626 0.043200282 -0.013793673 -0.024241277 0.006667735 0.999588734
5.866079000 -0.000267577 -0.078033259 0.044080190 -0.013915210 -0.030894188 0.004531661 0.999415519
5.966076000 -0.001638278 -0.079588520 0.052954775 -0.013810787 -0.038917694 0.001842728 0.999145275
6.066371000 -0.001708185 -0.081912661 0.049390984 -0.012482342 -0.046332956 -0.000494115 0.998847938
6.167130000 -0.013977348 -0.081252274 0.050030990 -0.009913364 -0.052026639 -0.003310341 0.998591005
6.267914000 -0.017049842 -0.081706911 0.048259419 -0.007118387 -0.053918488 -0.000545339 0.998519818
6.368629000 -0.019463607 -0.095078732 0.048281863 -0.009385800 -0.055639737 -0.002793871 0.998402885
6.469516000 -0.028156197 -0.121616497 0.063711908 -0.010407008 -0.057043773 -0.004372357 0.998307861
6.570368000 -0.037185646 -0.166340532 0.079000615 -0.010323869 -0.056285837 -0.008921012 0.998321460
6.670993000 -0.044011265 -0.209562771 0.090392843 -0.013069315 -0.051117297 -0.023417834 0.998332520
6.771279000 -0.047617114 -0.254873956 0.093400398 -0.015556749 -0.047708850 -0.027618196 0.998358196
6.871285000 -0.046681558 -0.286597332 0.090373680 -0.015090298 -0.048516444 -0.015556664 0.998587216
6.971115000 -0.042319683 -0.324035628 0.105483594 -0.014661411 -0.048992518 -0.009190411 0.998649244
7.070994000 -0.036651015 -0.370834010 0.119536870 -0.014670385 -0.049349915 -0.005494170 0.998658690
7.171136000 -0.031678696 -0.415214092 0.132330896 -0.015984658 -0.049521215 -0.003766825 0.998638048
7.271368000 -0.029396457 -0.460124817 0.144883064 -0.015612055 -0.049097562 -0.004637441 0.998661197
7.371613000 -0.028278693 -0.507458288 0.162868928 -0.017507193 -0.048334627 -0.005083050 0.998664821
7.471789000 -0.025893760 -0.533244621 0.183124371 -0.034064383 -0.048027493 -0.004721151 0.998253820
7.571761000 -0.029111852 -0.573403568 0.195551440 -0.058763292 -0.047543488 -0.005459981 0.997124205
7.671541000 -0.030902181 -0.590977905 0.203127827 -0.064446489 -0.046404365 -0.008517520 0.996805265
7.771162000 -0.032861608 -0.615191203 0.198402298 -0.055344358 -0.045969881 -0.008807824 0.997369638
7.870738000 -0.034897771 -0.637234785 0.186077790 -0.044235238 -0.046635859 -0.005255187 0.997918195
7.970470000 -0.037528730 -0.656914702 0.165388915 -0.032588181 -0.046764233 -0.003161449 0.998369231
8.070540000 -0.041034223 -0.675893044 0.140636467 -0.017979333 -0.046235889 -0.002056304 0.998766618
8.170917000 -0.048231628 -0.696583327 0.115653108 -0.009517881 -0.046076271 -0.001966724 0.998890644
8.271215000 -0.051913392 -0.709192306 0.102466533 -0.008416606 -0.045940709 -0.002121361 0.998906458
8.371414000 -0.056207061 -0.722045808 0.088375091 -0.003564439 -0.044484197 -0.008251197 0.998969654
8.471664000 -0.064715721 -0.749072085 0.061206330 0.007255812 -0.041491974 -0.019663860 0.998918967
8.571804000 -0.069090690 -0.778979740 0.043172209 0.016564866 -0.038593733 -0.029439008 0.998683871
8.671731000 -0.067226849 -0.795675068 0.039369031 0.016176663 -0.038994076 -0.027446666 0.998731424
8.771611000 -0.060587091 -0.832367389 0.036931638 0.016417554 -0.042297922 -0.015451372 0.998850642
8.871588000 -0.051623220 -0.869591108 0.045406088 0.014796822 -0.044899010 -0.007809678 0.998851411
8.971692000 -0.043576459 -0.911402612 0.052573017 0.013305299 -0.046394265 -0.004249638 0.998825551
9.071848000 -0.037132914 -0.955698414 0.063247856 0.007822866 -0.047258854 -0.002907434 0.998847811
9.171938000 -0.031750729 -1.003112140 0.072127050 0.007901972 -0.047452946 -0.002696016 0.998838580
9.271789000 -0.027991063 -1.050744212 0.089437360 0.008369443 -0.047616574 -0.003142547 0.998825680
9.371429000 -0.023839494 -1.100944406 0.109577994 0.011971919 -0.047496960 -0.003884186 0.998792083
9.471095000 -0.020832258 -1.154271458 0.133839895 0.012947062 -0.047702161 -0.003227820 0.998772476
9.570960000 -0.019826930 -1.209186281 0.163397196 0.007649234 -0.047478423 -0.003198131 0.998837855
9.670957000 -0.016871044 -1.260523937 0.206761588 0.003142610 -0.047401149 -0.002855469 0.998866909
9.770914000 -0.018746391 -1.316729166 0.231246560 0.002686330 -0.047247486 -0.002905546 0.998875376
9.870697000 -0.019395174 -1.367983913 0.270107196 0.000062885 -0.045582229 -0.007784158 0.998930259
9.970450000 -0.020524229 -1.418585336 0.313036337 -0.002077311 -0.043002380 -0.016898452 0.998929889
10.070385000 -0.021327702 -1.464329738 0.355251988 -0.006691937 -0.036301731 -0.037270327 0.998623215
10.170543000 -0.014170299 -1.509468054 0.399897650 -0.010719957 -0.027774669 -0.064147247 0.997496256
10.270761000 0.006584884 -1.536359043 0.438136636 -0.012426874 -0.020494966 -0.082364302 0.996314032
10.370965000 0.044031242 -1.557945369 0.488274136 -0.013167378 -0.018235800 -0.074479108 0.996968875
10.471059000 0.091534152 -1.573869696 0.533218931 -0.011089812 -0.016978361 -0.057819337 0.998121073
10.570878000 0.151924284 -1.583700890 0.584607464 -0.009379850 -0.019272602 -0.032882214 0.999229376
10.670534000 0.214759299 -1.588244329 0.634884246 -0.009850375 -0.024963676 -0.009543823 0.999594268
10.770210000 0.274538782 -1.591939079 0.690608424 -0.009734604 -0.029226751 0.000298439 0.999525360
10.869948000 0.333976303 -1.599627887 0.726144802 -0.009651325 -0.033505403 0.003314223 0.999386440
10.969808000 0.392376408 -1.608748791 0.777353503 -0.009650221 -0.038205792 0.002943480 0.999218958
11.069763000 0.445893172 -1.622974965 0.825247124 -0.009111710 -0.042528395 0.001793485 0.999052099
11.169931000 0.497525205 -1.640317164 0.873810307 -0.008916665 -0.046497409 0.000463712 0.998878506
11.269947000 0.547761206 -1.661884682 0.920687058 -0.008558251 -0.049413191 -0.000492921 0.998741633
11.369887000 0.594102553 -1.685802527 0.965165245 -0.008431724 -0.050072114 -0.001174762 0.998709322
11.469670000 0.638975211 -1.707644463 1.013269638 -0.008779321 -0.049493685 -0.001386471 0.998734888
11.569473000 0.682545426 -1.732297516 1.055944007 -0.008859602 -0.048091010 0.001328295 0.998802782
11.669295000 0.720352369 -1.749024614 1.102162119 -0.012354185 -0.049260654 0.018161823 0.998544396
11.769154000 0.756503053 -1.757220520 1.168605204 -0.013198914 -0.044640943 0.020139760 0.998712854
11.869126000 0.786392073 -1.770528636 1.216355338 -0.011694918 -0.036737264 0.015211225 0.999140741
11.969080000 0.810002843 -1.776802064 1.261848596 -0.009408241 -0.028120770 0.010148322 0.999508739
12.069056000 0.832849392 -1.779947441 1.312428370 -0.008915618 -0.020532865 0.008033485 0.999717148
12.169159000 0.854335673 -1.781432929 1.362129620 -0.015234560 -0.014867222 0.008865873 0.999734100
12.269086000 0.874713870 -1.782298945 1.415626312 -0.026277296 -0.011115813 0.008695029 0.999555070
12.369185000 0.884209190 -1.780788572 1.440885879 -0.034488423 -0.010062976 0.009364866 0.999310555
12.469487000 0.900934628 -1.779270796 1.478149975 -0.024005687 -0.009945379 0.008718438 0.999624332
12.569817000 0.916078915 -1.779213198 1.511845336 -0.014907252 -0.010233316 0.008615569 0.999799392
12.670282000 0.929676220 -1.783005188 1.543372397 -0.010145806 -0.010787320 0.007859435 0.999859453
12.770842000 0.942198813 -1.790887689 1.573575484 -0.008774661 -0.011124601 0.008249744 0.999865586
12.871327000 0.949915010 -1.800965871 1.598001829 -0.009921141 -0.011828048 0.008003071 0.999848798
12.971634000 0.962064142 -1.820559746 1.627883975 -0.009362657 -0.012514438 0.007915124 0.999846528
13.071809000 0.972853565 -1.840812575 1.659535422 -0.009527744 -0.013631469 0.007663295 0.999832325
13.171960000 0.979750631 -1.860657911 1.690509814 -0.009184297 -0.015332454 0.007138662 0.999814785
13.271925000 0.982885478 -1.882047583 1.716749071 -0.009398255 -0.015142992 -0.002023685 0.999839121
13.371883000 0.992945504 -1.895412290 1.742299102 -0.008635499 -0.014188232 -0.008448779 0.999826355
13.471768000 1.005790947 -1.913732261 1.776437657 -0.007013466 -0.016616199 0.000397069 0.999837265
13.571604000 1.016155479 -1.934379129 1.807552295 -0.007420748 -0.017473401 0.004366505 0.999810255
13.671390000 1.025117055 -1.958228419 1.833911557 -0.005941951 -0.017283256 0.006894630 0.999809205
13.771060000 1.030624975 -1.979867277 1.866347755 -0.006702262 -0.016380770 0.007997286 0.999811379
13.870733000 1.033758958 -1.989844286 1.882520863 -0.006168817 -0.015432290 0.008168221 0.999828520
13.970369000 1.037387513 -2.013973651 1.914311521 -0.000445083 -0.013364633 0.008991930 0.999870158
14.070028000 1.041339111 -2.039349618 1.953329931 0.004055124 -0.010479606 0.009222525 0.999894334
14.169973000 1.043119713 -2.064496763 1.994896576 0.005711488 -0.007114588 0.010587498 0.999902328
14.270000000 1.042599665 -2.089510255 2.036798214 0.001616703 -0.003064821 0.012025458 0.999921688
14.370138000 1.040426778 -2.109449145 2.082549264 -0.005239484 0.002556864 0.013751487 0.999888447
14.470316000 1.037871931 -2.125823655 2.126154585 -0.007617321 0.009013999 0.014760327 0.999821413
14.570361000 1.034227092 -2.139694013 2.179814861 -0.010024348 0.015982379 0.017656965 0.999666098
14.670168000 1.029025205 -2.148167589 2.234233484 -0.010200585 0.023403414 0.020923017 0.999455079
14.769977000 1.021873970 -2.156695980 2.282416987 -0.010780198 0.031532109 0.022444660 0.999192549
14.869916000 1.014666916 -2.168396589 2.334918616 -0.015620220 0.038935935 0.024659511 0.998815253
14.970099000 1.005684169 -2.181486960 2.384842626 -0.028483482 0.044982871 0.025387101 0.998258848
15.070584000 0.996573142 -2.198615595 2.422407859 -0.036735465 0.048798336 0.026044198 0.997793029
15.171197000 0.986620394 -2.216876623 2.456563562 -0.041421003 0.051750110 0.026592861 0.997446262
15.271608000 0.976984497 -2.237501227 2.483722188 -0.043664960 0.056237405 0.026170190 0.997118773
15.371633000 0.968236538 -2.255045042 2.505150492 -0.041900126 0.060553823 0.032828985 0.996744637
15.471121000 0.958229993 -2.269205961 2.516293026 -0.037047814 0.062688605 0.050498698 0.996066002
15.570258000 0.941512850 -2.280263583 2.514284567 -0.032481592 0.069354554 0.057169705 0.995422783
15.669549000 0.920371565 -2.284418041 2.517137182 -0.031640580 0.077694319 0.062133327 0.994536031
15.769314000 0.894480348 -2.281818317 2.517432175 -0.034124834 0.087481640 0.065380739 0.993432342
15.869533000 0.864774538 -2.267556277 2.516703399 -0.035379914 0.097623202 0.068344318 0.992243431
15.970106000 0.829656650 -2.246578859 2.517676711 -0.038262293 0.106814391 0.072051349 0.990926479
16.070691000 0.791228290 -2.215378358 2.520369960 -0.040443499 0.112551898 0.076237066 0.989891056
16.171177000 0.746587339 -2.189363335 2.508787103 -0.037501994 0.118318835 0.070416937 0.989765482
16.271372000 0.699193637 -2.167067164 2.488941906 -0.029952362 0.124044784 0.059567605 0.990034064
16.371544000 0.649407653 -2.151108404 2.463102626 -0.021913183 0.127565364 0.053291588 0.990154986
16.471676000 0.600570807 -2.141129638 2.434941932 -0.017347569 0.129657284 0.051021789 0.990093343
16.571591000 0.551259974 -2.136631985 2.407595548 -0.014952645 0.131085310 0.050116826 0.989990588
16.671364000 0.504009656 -2.133415254 2.377353762 -0.013230198 0.132443012 0.049489643 0.989865943
16.771007000 0.454613158 -2.136264663 2.349547551 -0.009033924 0.133664719 0.050269420 0.989709612
16.870416000 0.407867530 -2.143310627 2.320747511 -0.007054763 0.135089746 0.051871991 0.989449487
16.969794000 0.359896444 -2.154117665 2.293703174 -0.006551686 0.136585515 0.054024388 0.989132366
17.069148000 0.309745381 -2.167621131 2.269361540 -0.006924167 0.138686226 0.055487050 0.988756479
17.168755000 0.259944675 -2.178690611 2.242566191 -0.007204963 0.141097150 0.056889270 0.988333594
17.268414000 0.210046586 -2.195993433 2.223552633 -0.007708347 0.144045606 0.057254854 0.987883255
17.368390000 0.166498665 -2.213066863 2.196804675 -0.008674970 0.145719702 0.060051009 0.987463614
17.468515000 0.123909984 -2.228216696 2.192014397 -0.011769495 0.138324986 0.077744994 0.987260550
17.568853000 0.062427756 -2.237838933 2.180289824 -0.011441945 0.132758742 0.078095447 0.988000658
17.669235000 -0.004213551 -2.249693681 2.159890695 -0.010579302 0.128892169 0.068610630 0.989225691
17.769574000 -0.071248413 -2.258692267 2.136846441 -0.010605825 0.125838089 0.058284054 0.990280395
17.869891000 -0.131573492 -2.270353826 2.111417941 -0.009661080 0.122515456 0.052409254 0.991034761
17.970157000 -0.190910555 -2.274825451 2.084268439 -0.010318496 0.116405201 0.048373465 0.991969438
18.070463000 -0.258591292 -2.276121515 2.067888318 -0.009284484 0.108819071 0.037529895 0.993309476
18.170873000 -0.328553878 -2.290675622 2.057444123 -0.026628326 0.105672535 0.002749232 0.994040587
18.271137000 -0.384663135 -2.295800520 2.047874398 -0.054052343 0.104480551 -0.039787659 0.992259593
18.371118000 -0.421689046 -2.296530848 2.026270925 -0.060520847 0.097981834 -0.057032491 0.991707660
18.470790000 -0.437807093 -2.293498127 1.996828075 -0.058556403 0.086076825 -0.053290685 0.993137468
18.570396000 -0.436831946 -2.292321942 1.960509917 -0.055558929 0.072598098 -0.043938973 0.994842746
18.670004000 -0.421269975 -2.291577215 1.913944319 -0.047607693 0.060816244 -0.029414998 0.996578973
18.769538000 -0.393519211 -2.294225889 1.864730001 -0.031992537 0.050859090 -0.006536156 0.998171884
18.869150000 -0.364552408 -2.303219740 1.812063619 -0.017790808 0.043349281 0.012514399 0.998823166
18.968958000 -0.337985135 -2.316538295 1.755658263 -0.013756525 0.040407384 0.019824178 0.998891888
19.068969000 -0.313437925 -2.332618672 1.696962306 -0.009673878 0.039448897 0.024478139 0.998874878
19.169051000 -0.302295196 -2.341016062 1.671937835 -0.009351108 0.039871589 0.025459954 0.998836625
19.269261000 -0.279312403 -2.356854983 1.624610558 -0.009105166 0.041099751 0.027048367 0.998747362
19.369589000 -0.265863622 -2.364423259 1.595700459 -0.009424813 0.042096950 0.028003536 0.998676535
19.469752000 -0.244492107 -2.367655575 1.552016276 0.003888719 0.043443149 0.028756979 0.998634371
19.569611000 -0.225352400 -2.361707649 1.513192939 0.024056860 0.044423380 0.029821813 0.998277762
19.669091000 -0.209914162 -2.354466229 1.484792121 0.034113305 0.045382589 0.030309426 0.997926872
19.768578000 -0.199041960 -2.344113868 1.465351375 0.039739156 0.047057489 0.025269805 0.997781454
19.868147000 -0.190938593 -2.342848774 1.475046105 0.036773784 0.051792916 0.009117521 0.997938903
19.967863000 -0.181096640 -2.343321351 1.483654197 0.020763408 0.057758279 -0.012174460 0.998040402
