5.065643000 0.011366000 -0.014793000 0.000026000 -0.000193000 -0.001197000 -0.000721000 0.999999005
5.165951000 0.011366000 -0.014793000 0.000026000 -0.000193000 -0.001197000 -0.000721000 0.999999005
5.266121000 0.011366000 -0.014793000 0.000026000 -0.000193000 -0.001197000 -0.000721000 0.999999005
5.366190000 0.011287591 -0.014846670 -0.000055978 -0.000173046 -0.001374991 -0.000771943 0.999998742
5.466203000 0.010077108 -0.012771915 -0.000688389 0.000387994 -0.003801405 -0.001030604 0.999992168
5.566125000 0.009507827 -0.017593657 0.001652098 0.000956082 -0.008413818 -0.001706993 0.999962689
5.666080000 0.009767834 -0.018438348 0.007930601 0.001487401 -0.016626674 -0.003325208 0.999855132
5.766098000 0.009595257 -0.021902193 0.016463502 0.002330758 -0.025064926 -0.005385699 0.999668601
5.866079000 0.006776172 -0.026564973 0.017469892 0.002287714 -0.031751664 -0.007413833 0.999465674
5.966076000 0.005491956 -0.027835283 0.026140249 0.002485692 -0.039814576 -0.009971994 0.999154232
6.066371000 0.005476413 -0.030203378 0.022750227 0.003899710 -0.047248538 -0.012188355 0.998801187
6.167130000 -0.006458368 -0.029839014 0.023374463 0.006532847 -0.052953438 -0.014912687 0.998464254
6.267914000 -0.009434232 -0.030409239 0.021673409 0.009351795 -0.054766302 -0.012119560 0.998381847
6.368629000 -0.011455330 -0.043451126 0.022110567 0.007102709 -0.056550919 -0.014337219 0.998271501
6.469516000 -0.019240507 -0.068955133 0.037929593 0.006096484 -0.057992287 -0.015891209 0.998171928
6.570368000 -0.026912648 -0.112130762 0.054170745 0.006166915 -0.057305445 -0.020451164 0.998128151
6.670993000 -0.032484422 -0.153914720 0.066576937 0.003346790 -0.052401505 -0.035024861 0.998006082
6.771279000 -0.034886815 -0.197907178 0.070897152 0.000814625 -0.049091195 -0.039276719 0.998021408
6.871285000 -0.033212946 -0.228781532 0.068930229 0.001303859 -0.049702164 -0.027208065 0.998392566
6.971115000 -0.028052066 -0.264564408 0.084748886 0.001744423 -0.050072126 -0.020836671 0.998526701
7.070994000 -0.021396107 -0.309436980 0.099826372 0.001742869 -0.050371091 -0.017135638 0.998582037
7.171136000 -0.015476604 -0.352016919 0.113607725 0.000431986 -0.050531376 -0.015404673 0.998603570
7.271368000 -0.012157928 -0.395184584 0.127175479 0.000798940 -0.050116962 -0.016282388 0.998610302
7.371613000 -0.009905890 -0.440565763 0.146097674 -0.001105594 -0.049384831 -0.016738577 0.998638942
7.471789000 -0.006942151 -0.464923912 0.166559934 -0.017669474 -0.049277878 -0.016363866 0.998494719
7.571761000 -0.009082266 -0.503614334 0.179870433 -0.042387832 -0.049112331 -0.017077302 0.997747271
7.671541000 -0.010387614 -0.520489477 0.187772808 -0.048091436 -0.048092333 -0.020143938 0.997481109
7.771162000 -0.011709972 -0.544193673 0.183930452 -0.038987855 -0.047549628 -0.020455025 0.997898077
7.870738000 -0.013167779 -0.566026661 0.172640574 -0.027861310 -0.048021359 -0.016907876 0.998314490
7.970470000 -0.015269869 -0.585836181 0.153154746 -0.016206286 -0.047971906 -0.014827030 0.998607136
8.070540000 -0.018243027 -0.605110606 0.129701986 -0.001599852 -0.047244588 -0.013746558 0.998787476
8.170917000 -0.024761669 -0.626143694 0.106084423 0.006859926 -0.046978324 -0.013667518 0.998778843
8.271215000 -0.028047620 -0.638881842 0.093670392 0.007959422 -0.046831537 -0.013825305 0.998775408
8.371414000 -0.031923110 -0.651900052 0.080386104 0.012788793 -0.045411934 -0.019981428 0.998686610
8.471664000 -0.039564587 -0.679184406 0.054842950 0.023560086 -0.042466116 -0.031446736 0.998324924
8.571804000 -0.043110360 -0.708885699 0.038253229 0.032819989 -0.039607030 -0.041269925 0.997823093
8.671731000 -0.040899477 -0.725169046 0.035068643 0.032439122 -0.039980641 -0.039271950 0.997901281
8.771611000 -0.033562987 -0.760712307 0.033816175 0.032732134 -0.043091127 -0.027228488 0.998163499
8.871588000 -0.023943757 -0.796379710 0.043174534 0.031149958 -0.045590967 -0.019545966 0.998283076
8.971692000 -0.015105827 -0.836564309 0.051405551 0.029679662 -0.047048146 -0.015961532 0.998324005
9.071848000 -0.007761398 -0.879092039 0.063123174 0.024210483 -0.047959604 -0.014602018 0.998449052
9.171938000 -0.001374542 -0.924728211 0.073194439 0.024292004 -0.048149320 -0.014387518 0.998441055
9.271789000 0.003450592 -0.970356259 0.091464706 0.024760874 -0.048314149 -0.014831565 0.998415077
9.371429000 0.008721767 -1.018381450 0.112562283 0.028360032 -0.048161411 -0.015577275 0.998315349
9.471095000 0.012961481 -1.069343746 0.137761117 0.029337721 -0.048344030 -0.014918295 0.998288334
9.570960000 0.015300616 -1.121733282 0.168155969 0.024039240 -0.048185882 -0.014888927 0.998438058
9.670957000 0.019463258 -1.170177449 0.211848303 0.019533290 -0.048159338 -0.014544481 0.998542732
9.770914000 0.019029494 -1.224045655 0.237361347 0.019075285 -0.048012186 -0.014596736 0.998557910
9.870697000 0.019683243 -1.272634994 0.276683292 0.016428785 -0.046457160 -0.019499388 0.998594813
9.970450000 0.019859056 -1.320476398 0.319937857 0.014249945 -0.044048682 -0.028651011 0.998516786
10.070385000 0.020232756 -1.363615642 0.362349558 0.009532437 -0.037728924 -0.049117426 0.998034638
10.170543000 0.028328439 -1.405899186 0.407088097 0.005360734 -0.029678113 -0.076106694 0.996643489
10.270761000 0.049185392 -1.430332710 0.445017720 0.003530926 -0.022708456 -0.094419204 0.995267237
10.370965000 0.086142425 -1.448845845 0.494310431 0.002778817 -0.020334714 -0.086578942 0.996033566
10.471059000 0.132726563 -1.461777750 0.538366669 0.004871239 -0.018788963 -0.069958377 0.997361054
10.570878000 0.191690149 -1.468283400 0.588470558 0.006645972 -0.020667757 -0.045005122 0.998750827
10.670534000 0.252899654 -1.469629666 0.637327560 0.006269975 -0.025994570 -0.021585614 0.999409341
10.770210000 0.311126142 -1.470058126 0.691455319 0.006445218 -0.030099569 -0.011677133 0.999457913
10.869948000 0.369094958 -1.474994165 0.726097727 0.006581857 -0.034328497 -0.008592601 0.999351990
10.969808000 0.426107832 -1.480863748 0.776008830 0.006638554 -0.039033656 -0.008886819 0.999176325
11.069763000 0.478496542 -1.491910642 0.822865916 0.007227261 -0.043366744 -0.009966524 0.998983364
11.169931000 0.529130439 -1.506008203 0.870472612 0.007467925 -0.047353429 -0.011231220 0.998787136
11.269947000 0.578508569 -1.524294232 0.916573682 0.007859677 -0.050279188 -0.012140097 0.998630486
11.369887000 0.624157330 -1.545030390 0.960424467 0.007993351 -0.050947165 -0.012811068 0.998587187
11.469670000 0.668332967 -1.563674761 1.007736396 0.007638865 -0.050376550 -0.013031940 0.998616052
11.569473000 0.711305397 -1.585247290 1.049862866 0.007544280 -0.048932260 -0.010340700 0.998720075
11.669295000 0.748490746 -1.599153898 1.095198643 0.004073720 -0.049878654 0.006513798 0.998725736
11.769154000 0.783882652 -1.604194460 1.159920197 0.003175815 -0.045239235 0.008416791 0.998935675
11.869126000 0.813294619 -1.614925449 1.206653765 0.004584106 -0.037396734 0.003357736 0.999284342
11.969080000 0.836434415 -1.619046838 1.250990760 0.006764993 -0.028833900 -0.001846789 0.999559618
12.069056000 0.858761603 -1.619992843 1.300173677 0.007164722 -0.021275020 -0.004084217 0.999739646
12.169159000 0.879726124 -1.619386978 1.348454806 0.000777422 -0.015676049 -0.003337028 0.999871252
12.269086000 0.899603310 -1.618089625 1.400405537 -0.010312746 -0.012065464 -0.003556538 0.999867703
12.369185000 0.908819195 -1.615616465 1.424876412 -0.018538673 -0.011104294 -0.002894188 0.999762290
12.469487000 0.925072153 -1.612592063 1.460993752 -0.008055058 -0.010866665 -0.003554246 0.999902195
12.569817000 0.939820465 -1.611133517 1.493692540 0.001047807 -0.011043018 -0.003661657 0.999931771
12.670282000 0.953156732 -1.613517073 1.524406393 0.005815558 -0.011549632 -0.004413251 0.999906650
12.770842000 0.965546531 -1.619939281 1.553961936 0.007191019 -0.011863602 -0.004018808 0.999895691
12.871327000 0.973313743 -1.628787413 1.577982872 0.006053077 -0.012585071 -0.004253218 0.999893438
12.971634000 0.985624007 -1.646600435 1.607587215 0.006619891 -0.013265758 -0.004330686 0.999880714
13.071809000 0.996631217 -1.665031750 1.638932890 0.006468329 -0.014388590 -0.004564488 0.999865138
13.171960000 1.003846390 -1.683182297 1.669615668 0.006832209 -0.016093241 -0.005062146 0.999834338
13.271925000 1.007438766 -1.703069021 1.695753607 0.006609332 -0.016051460 -0.014225771 0.999748116
13.371883000 1.017563838 -1.715017195 1.720962604 0.007354943 -0.015189039 -0.020665088 0.999644013
13.471768000 1.030524394 -1.731445469 1.754660820 0.009013797 -0.017456373 -0.011783996 0.999737548
13.571604000 1.041127776 -1.750286185 1.785497984 0.008619871 -0.018255650 -0.007801156 0.999765758
13.671390000 1.050440518 -1.772416698 1.811817191 0.010097912 -0.018007132 -0.005277668 0.999772935
13.771060000 1.056351179 -1.792297392 1.843977542 0.009327393 -0.017096853 -0.004188962 0.999801555
13.870733000 1.059655251 -1.801411933 1.859987423 0.009849322 -0.016139231 -0.004033687 0.999813105
13.970369000 1.063799717 -1.823776231 1.891600777 0.015547436 -0.013987726 -0.003247742 0.999776011
14.070028000 1.068296154 -1.847120845 1.930272253 0.020011366 -0.011043623 -0.003066571 0.999734055
14.169973000 1.070680729 -1.870217357 1.971415884 0.021626662 -0.007637074 -0.001756477 0.999735404
14.270000000 1.070827352 -1.893229396 2.012885083 0.017483687 -0.003616379 -0.000379999 0.999840536
14.370138000 1.069249572 -1.911235457 2.057940436 0.010559685 0.001946131 0.001262380 0.999941554
14.470316000 1.067212036 -1.925855696 2.100802804 0.008101640 0.008388360 0.002171504 0.999929639
14.570361000 1.064065976 -1.937761398 2.153356790 0.005608088 0.015371301 0.004961075 0.999853819
14.670168000 1.059277373 -1.944441055 2.206484455 0.005338638 0.022840470 0.008111816 0.999691958
14.769977000 1.052589454 -1.951412865 2.253561174 0.004654938 0.030984573 0.009508255 0.999463797
14.869916000 1.045928879 -1.961333458 2.304929726 -0.000280569 0.038361960 0.011613908 0.999196376
14.970099000 1.037574045 -1.972725746 2.353840610 -0.013224761 0.044259441 0.012262418 0.998857267
15.070584000 1.029178806 -1.988422533 2.390871549 -0.021529445 0.047982136 0.012871110 0.998533190
15.171197000 1.019989512 -2.005344121 2.424627125 -0.026255853 0.050883915 0.013380852 0.998269708
15.271608000 1.011157593 -2.024768365 2.451658369 -0.028560730 0.055335921 0.012893061 0.997975946
15.371633000 1.003107393 -2.041355933 2.473027351 -0.026850840 0.059779073 0.019485526 0.997660167
15.471121000 0.993741244 -2.055005497 2.484304020 -0.022023356 0.062253913 0.037122627 0.997126538
15.570258000 0.977766137 -2.066208479 2.482724100 -0.017546148 0.069081398 0.043691343 0.996499353
15.669549000 0.957331132 -2.070665791 2.485661959 -0.016819391 0.077509148 0.048532412 0.995667638
15.769314000 0.932115179 -2.068758188 2.485916895 -0.019439991 0.087315770 0.051639954 0.994651375
15.869533000 0.902909777 -2.055650006 2.484826211 -0.020837641 0.097487441 0.054458240 0.993527197
15.970106000 0.868285774 -2.036099554 2.485192551 -0.023851885 0.106700529 0.058037699 0.992309281
16.070691000 0.830199946 -2.006649453 2.486921555 -0.026117278 0.112476725 0.062146348 0.991365072
16.171177000 0.786188484 -1.982823862 2.474954879 -0.023254600 0.118187132 0.056235481 0.991124914
16.271372000 0.739583708 -1.962930041 2.455082266 -0.015781821 0.123834066 0.045288658 0.991143277
16.371544000 0.690801730 -1.949432155 2.429586695 -0.007790982 0.127354643 0.038950578 0.991061526
16.471676000 0.643084114 -1.941789400 2.402018268 -0.003255048 0.129467122 0.036645428 0.990900995
16.571591000 0.595039662 -1.939455293 2.375410086 -0.000880707 0.130910439 0.035717510 0.990750191
16.671364000 0.549024840 -1.938404243 2.346025073 0.000822035 0.132279484 0.035069211 0.990591547
16.771007000 0.501074597 -1.943220456 2.319196156 0.005000366 0.133565648 0.035828248 0.990379498
16.870416000 0.455800216 -1.952078080 2.291525917 0.006958489 0.135040582 0.037409677 0.990109154
16.969794000 0.409428322 -1.964563374 2.265678864 0.007439464 0.136576606 0.039541537 0.989812079
17.069148000 0.361006855 -1.979636491 2.242543900 0.007036071 0.138695681 0.040975631 0.989461975
17.168755000 0.312864115 -1.992413186 2.216950169 0.006719691 0.141125126 0.042344902 0.989062917
17.268414000 0.264786284 -2.011005514 2.199106709 0.006172851 0.144072844 0.042669755 0.988627434
17.368390000 0.222863585 -2.029459532 2.173731823 0.005181074 0.145779123 0.045444818 0.988259264
17.468515000 0.181850332 -2.045347051 2.169623862 0.002189531 0.138627472 0.063257094 0.988319872
17.568853000 0.122340508 -2.056537203 2.158645914 0.002598298 0.133071417 0.063686074 0.989054766
17.669235000 0.057863174 -2.070286712 2.139320457 0.003521058 0.129065374 0.054248446 0.990144857
17.769574000 -0.007068578 -2.081353729 2.117338728 0.003541378 0.125847401 0.043959174 0.991068858
17.869891000 -0.065419904 -2.094917688 2.093110455 0.004534757 0.122443684 0.038128020 0.991732441
17.970157000 -0.122987396 -2.101529177 2.066987791 0.003965265 0.116261919 0.034178586 0.992622419
18.070463000 -0.188725838 -2.104927540 2.051243572 0.005106456 0.108517623 0.023439765 0.993805025
18.170873000 -0.256353477 -2.121072210 2.041676623 -0.012209646 0.104604943 -0.011279932 0.994374926
18.271137000 -0.310750013 -2.127699217 2.032643507 -0.039673871 0.102400111 -0.053746240 0.992497629
18.371118000 -0.346726737 -2.129967939 2.011751222 -0.046082029 0.095549759 -0.070872950 0.991828471
18.470790000 -0.362491227 -2.128318460 1.983089824 -0.043944276 0.083729736 -0.066962852 0.993264420
18.570396000 -0.361612274 -2.128270031 1.947775506 -0.040745472 0.070437722 -0.057423307 0.995028089
18.670004000 -0.346563035 -2.128603197 1.902493753 -0.032610606 0.058985725 -0.042743559 0.996810022
18.769538000 -0.319593114 -2.132018259 1.854720794 -0.016831991 0.049585777 -0.019743569 0.998432835
18.869150000 -0.291291931 -2.141671380 1.803787486 -0.002514806 0.042555228 -0.000597007 0.999090773
18.968958000 -0.265221261 -2.155696873 1.749359810 0.001561951 0.039779756 0.006753901 0.999184425
19.068969000 -0.241048712 -2.172523427 1.692795865 0.005658983 0.038945942 0.011419180 0.999160043
19.169051000 -0.230047680 -2.181177886 1.668726463 0.005976568 0.039388130 0.012394338 0.999129239
19.269261000 -0.207388316 -2.197458071 1.623200583 0.006206967 0.040644305 0.013963922 0.999056817
19.369589000 -0.194171305 -2.205371238 1.595327238 0.005874577 0.041652487 0.014904245 0.999003715
19.469752000 -0.173378609 -2.209337103 1.552955609 0.019168552 0.043176135 0.015626609 0.998761331
19.569611000 -0.154971107 -2.204293237 1.515027485 0.039315565 0.044424405 0.016664778 0.998099716
19.669091000 -0.140179454 -2.197762218 1.487190068 0.049352845 0.045516617 0.017133815 0.997596595
19.768578000 -0.129889200 -2.188045167 1.467968629 0.054950556 0.047181604 0.012066238 0.997300726
19.868147000 -0.122036764 -2.186322635 1.477331281 0.051916996 0.051623478 -0.004157386 0.997307554
19.967863000 -0.112454401 -2.186278810 1.485688614 0.035820962 0.057051338 -0.025528478 0.997401775
