5.065643000 0.000000000 0.000000000 0.000000000 -0.000000000 -0.000000000 -0.000000000 1.000000000
5.165951000 0.000000000 0.000000000 0.000000000 -0.000000000 -0.000000000 -0.000000000 1.000000000
5.266121000 0.000000000 0.000000000 0.000000000 -0.000000000 -0.000000000 -0.000000000 1.000000000
5.366190000 0.000117085 0.000562718 -0.002745072 0.000085237 -0.000762452 0.000011989 0.999999706
5.466203000 -0.000000650 -0.000033277 0.001640495 0.000344363 -0.002240960 -0.000187535 0.999997412
5.566125000 0.009689149 -0.020552975 0.063764097 0.000891610 -0.005495976 -0.001100716 0.999983894
5.666080000 0.005682873 -0.016028593 0.039330435 0.001456992 -0.013862207 -0.002458957 0.999899830
5.766098000 0.005211544 -0.015993839 0.045266195 0.002204293 -0.022269214 -0.004643658 0.999738796
5.866079000 0.004706826 -0.021647202 0.047601527 0.002011963 -0.028732140 -0.006532038 0.999563779
5.966076000 -0.000532806 -0.017650169 0.050633122 0.001803431 -0.036759138 -0.008961589 0.999282344
6.066371000 -0.000618468 -0.027114995 0.057850556 0.003419847 -0.044205474 -0.011036072 0.998955648
6.167130000 0.001424338 -0.045269399 0.098971506 0.006150564 -0.049891711 -0.013987269 0.998637744
6.267914000 -0.001046591 -0.051552779 0.110972345 0.008559862 -0.051633302 -0.010645707 0.998572681
6.368629000 -0.003463808 -0.064223754 0.110522134 0.005872637 -0.053325935 -0.013584237 0.998467488
6.469516000 -0.008009690 -0.083221111 0.117712474 0.004608520 -0.054245050 -0.015861057 0.998391037
6.570368000 -0.010342845 -0.098026419 0.111128506 0.003152930 -0.052693947 -0.022342534 0.998355757
6.670993000 -0.015843716 -0.134091422 0.123639734 0.000157387 -0.047780365 -0.036907341 0.998175766
6.771279000 -0.017036425 -0.179139749 0.135975871 -0.002591933 -0.044268080 -0.041856562 0.998139092
6.871285000 -0.021743919 -0.217601356 0.133371048 -0.000406581 -0.045278853 -0.025856740 0.998639619
6.971115000 -0.010391648 -0.265810047 0.161273590 0.000454063 -0.045894674 -0.015586114 0.998824582
7.070994000 -0.003551709 -0.311735095 0.180069963 0.000223030 -0.046137326 -0.012428445 0.998857763
7.171136000 0.003343221 -0.353292937 0.193486489 -0.001042892 -0.046320744 -0.010300816 0.998872962
7.271368000 0.000236895 -0.392360345 0.191997759 -0.000556728 -0.046047131 -0.011415794 0.998873882
7.371613000 0.001022658 -0.439169944 0.208234246 -0.002692835 -0.045476273 -0.011682108 0.998893481
7.471789000 0.000956803 -0.491005373 0.226617504 -0.030490341 -0.045212745 -0.010618411 0.998455505
7.571761000 -0.001648284 -0.531567063 0.245252862 -0.055357940 -0.044776489 -0.011373634 0.997397215
7.671541000 -0.006130719 -0.549629909 0.242869102 -0.061104322 -0.043078013 -0.016396699 0.997066545
7.771162000 -0.005818229 -0.577376633 0.245202018 -0.052201775 -0.043010891 -0.016677947 0.997570491
7.870738000 -0.005501485 -0.598588384 0.231460546 -0.040735771 -0.043502835 -0.013027142 0.998137462
7.970470000 -0.008539749 -0.620626008 0.215228143 -0.029392084 -0.043371999 -0.010722113 0.998568982
8.070540000 -0.011637594 -0.638233756 0.187170438 -0.014470714 -0.042744377 -0.009706422 0.998934083
8.170917000 -0.016688803 -0.659174387 0.165180644 -0.005993852 -0.042388327 -0.009494082 0.999038120
8.271215000 -0.019137168 -0.681303372 0.145561032 -0.003695234 -0.042353892 -0.009449620 0.999051149
8.371414000 -0.025696124 -0.695956332 0.128186569 -0.000188213 -0.041420840 -0.013634207 0.999048741
8.471664000 -0.032752370 -0.723861730 0.096049838 0.010827351 -0.038235235 -0.024965101 0.998898182
8.571804000 -0.037902751 -0.746792304 0.076820438 0.018114703 -0.036473428 -0.032454160 0.998643217
8.671731000 -0.041114413 -0.797099659 0.059227677 0.021475505 -0.035190212 -0.035838345 0.998506918
8.771611000 -0.005356669 -0.835992077 0.106980562 0.021669983 -0.038250863 -0.023907234 0.998747079
8.871588000 0.006497723 -0.869274595 0.120836888 0.020177575 -0.040846163 -0.016302834 0.998828651
8.971692000 0.017038360 -0.905705803 0.135161700 0.018874203 -0.042058944 -0.012639513 0.998856873
9.071848000 0.023452227 -0.949557458 0.146698013 0.012966264 -0.042944639 -0.011379411 0.998928497
9.171938000 0.029463410 -0.994285135 0.155140037 0.013135080 -0.043373418 -0.011200398 0.998909789
9.271789000 0.034479616 -1.041250630 0.171337405 0.013537599 -0.043355315 -0.011478104 0.998902049
9.371429000 0.039330822 -1.088200421 0.195381862 0.017174377 -0.043097418 -0.012377818 0.998846556
9.471095000 0.044955635 -1.137825523 0.218298046 0.018646255 -0.043197782 -0.011530554 0.998825968
9.570960000 0.047773278 -1.191451963 0.245739086 0.012777746 -0.043156695 -0.011664166 0.998918503
9.670957000 0.047326147 -1.240486573 0.279214139 0.008158639 -0.043335230 -0.011553496 0.998960465
9.770914000 0.048001423 -1.292388881 0.310782531 0.008049320 -0.043172503 -0.011539397 0.998968561
9.870697000 0.046945130 -1.342643696 0.348172302 0.005257258 -0.041606744 -0.016391526 0.998985765
9.970450000 0.046446014 -1.390215811 0.386355322 0.003188579 -0.039106378 -0.025528828 0.998903801
10.070385000 0.046167557 -1.436228538 0.429715286 -0.001484047 -0.032579667 -0.046087030 0.998404902
10.170543000 0.053846676 -1.478239205 0.468389613 -0.005623231 -0.024240126 -0.073238733 0.997003954
10.270761000 0.071466208 -1.506750066 0.514722600 -0.007046401 -0.017006017 -0.091871512 0.995600708
10.370965000 0.102597847 -1.528027601 0.566165430 -0.007939710 -0.014938845 -0.083462495 0.996367304
10.471059000 0.149634072 -1.540872652 0.606768143 -0.005879730 -0.013616702 -0.066554188 0.997672569
10.570878000 0.205302266 -1.548043785 0.653017434 -0.004090853 -0.015364076 -0.041905590 0.998995061
10.670534000 0.265662364 -1.549442290 0.699664345 -0.004765047 -0.020903501 -0.017937571 0.999609214
10.770210000 0.325795135 -1.548853636 0.748077336 -0.004594414 -0.025022254 -0.008141366 0.999643184
10.869948000 0.384666613 -1.550875529 0.801640579 -0.004553013 -0.029293135 -0.005303875 0.999546423
10.969808000 0.439928742 -1.559354373 0.841377296 -0.004463306 -0.033999653 -0.005519480 0.999396637
11.069763000 0.492912196 -1.571449951 0.898015405 -0.003845117 -0.038434132 -0.006816892 0.999230485
11.169931000 0.540468294 -1.585470690 0.942162605 -0.003750901 -0.042418136 -0.008195200 0.999059293
11.269947000 0.587456542 -1.604498790 0.985481120 -0.003333268 -0.045368777 -0.009055635 0.998923700
11.369887000 0.632380512 -1.625217901 1.029542800 -0.003188973 -0.046140600 -0.009793318 0.998881858
11.469670000 0.678540916 -1.644427614 1.084565037 -0.003413499 -0.045606839 -0.009990328 0.998903678
11.569473000 0.721802954 -1.665624865 1.128277410 -0.003387064 -0.044146926 -0.008108305 0.998986402
11.669295000 0.762005020 -1.682914950 1.172063214 -0.007262377 -0.045537511 0.010256885 0.998883571
11.769154000 0.793893333 -1.695625802 1.222413717 -0.008077399 -0.040636066 0.011376006 0.999076600
11.869126000 0.820540467 -1.706664211 1.259091490 -0.006535826 -0.032697372 0.006472551 0.999422969
11.969080000 0.844588621 -1.713574362 1.299815105 -0.004332806 -0.024031901 0.001457191 0.999700741
12.069056000 0.866890385 -1.716278515 1.353652383 -0.003755118 -0.016513091 -0.000689073 0.999856361
12.169159000 0.888094893 -1.716025724 1.403405546 -0.010230597 -0.010814065 0.000159252 0.999889177
12.269086000 0.908394673 -1.715150727 1.455626512 -0.021309062 -0.007273626 -0.000140519 0.999746467
12.369185000 0.923952223 -1.711021648 1.495794922 -0.030592438 -0.005593841 0.000659638 0.999516071
12.469487000 0.941119753 -1.708656421 1.533039093 -0.020196460 -0.005258644 0.000157490 0.999782189
12.569817000 0.956357216 -1.708614001 1.568261123 -0.010947950 -0.005492394 0.000105362 0.999924980
12.670282000 0.969066738 -1.711544965 1.583719753 -0.005911331 -0.005849343 -0.000550285 0.999965269
12.770842000 0.980102400 -1.669800656 1.625005282 -0.004063577 -0.005958171 0.000002998 0.999973993
12.871327000 0.991681943 -1.682197183 1.648898840 -0.005086917 -0.007079987 -0.000429069 0.999961906
12.971634000 1.001878775 -1.699315835 1.687305711 -0.004330980 -0.007699602 -0.000495511 0.999960856
13.071809000 1.014155107 -1.718793598 1.732277280 -0.004495234 -0.008963727 -0.000554461 0.999949567
13.171960000 1.018799715 -1.737389484 1.760154110 -0.004060638 -0.010788781 -0.001175076 0.999932864
13.271925000 1.014926481 -1.760334876 1.813208158 -0.004337074 -0.010660296 -0.010206665 0.999881679
13.371883000 1.020264239 -1.775833015 1.835496106 -0.004344443 -0.010014184 -0.015520442 0.999819963
13.471768000 1.031132049 -1.793540757 1.866478466 -0.002648534 -0.012479172 -0.006476612 0.999897649
13.571604000 1.042381362 -1.813473282 1.901656392 -0.003000735 -0.013230414 -0.002612324 0.999904559
13.671390000 1.054413342 -1.834390050 1.940100530 -0.001836076 -0.013166413 -0.000179569 0.999911617
13.771060000 1.058948008 -1.856971658 1.975692331 -0.002276477 -0.012309270 0.001150523 0.999920985
13.870733000 1.068165210 -1.877270204 2.025985460 -0.000276835 -0.011122320 0.001598159 0.999936830
13.970369000 1.068090674 -1.896420705 2.042642779 0.005747546 -0.009294428 0.002656871 0.999936758
14.070028000 1.070708078 -1.916289198 2.074808988 0.009958337 -0.006197797 0.002510023 0.999928057
14.169973000 1.072721582 -1.939772860 2.119589043 0.011533215 -0.002785877 0.003865580 0.999922138
14.270000000 1.072409117 -1.963272391 2.165451925 0.007501235 0.001453405 0.005411497 0.999956166
14.370138000 1.072562838 -1.984379446 2.214453071 0.000468119 0.007259029 0.007421820 0.999946001
14.470316000 1.070255904 -2.000658202 2.253898883 -0.001915046 0.013637409 0.008263814 0.999871023
14.570361000 1.067076195 -2.012076768 2.308004081 -0.004417305 0.020656490 0.011073898 0.999715542
14.670168000 1.061580645 -2.023680556 2.362748424 -0.004642231 0.028025263 0.014246537 0.999494908
14.769977000 1.055811249 -2.033837080 2.410050917 -0.005190732 0.036224866 0.015735936 0.999206283
14.869916000 1.049530832 -2.044246340 2.458893777 -0.010226087 0.043348682 0.017739521 0.998850153
14.970099000 1.040612604 -2.055325920 2.508419805 -0.023334292 0.049136680 0.018254951 0.998352570
15.070584000 1.031756321 -2.071651047 2.551195598 -0.031387514 0.053093571 0.019181381 0.997911805
15.171197000 1.022636553 -2.088703707 2.584420367 -0.036266273 0.056095789 0.019452774 0.997576869
15.271608000 1.013127674 -2.109094439 2.609378252 -0.038417001 0.060545924 0.019012021 0.997244638
15.371633000 1.004418375 -2.131532652 2.630562347 -0.036635338 0.065022047 0.025522899 0.996884430
15.471121000 0.993780161 -2.148608197 2.636718052 -0.031810156 0.067346731 0.044142458 0.996244937
15.570258000 0.976163254 -2.165400571 2.651051955 -0.027009465 0.074175493 0.050134237 0.995617920
15.669549000 0.957126404 -2.170933517 2.653715437 -0.026548314 0.082650882 0.055231477 0.994692667
15.769314000 0.932458613 -2.170350286 2.658842911 -0.029142394 0.092136225 0.058162971 0.993618994
15.869533000 0.906136438 -2.157984356 2.664679586 -0.030584321 0.102219772 0.061153791 0.992409155
15.970106000 0.875408447 -2.140252642 2.671540069 -0.033508486 0.111236945 0.064865610 0.991108458
16.070691000 0.837170456 -2.116785490 2.674649057 -0.035860539 0.116898288 0.068890863 0.990102450
16.171177000 0.794955040 -2.093289530 2.664065421 -0.033686091 0.122659677 0.063071114 0.989869631
16.271372000 0.749394406 -2.072748213 2.646964093 -0.024853789 0.128372175 0.052185873 0.990040155
16.371544000 0.701735028 -2.058811479 2.624400125 -0.016902971 0.131915493 0.045854113 0.990055550
16.471676000 0.653426099 -2.048687032 2.602325463 -0.012322292 0.134058763 0.043498313 0.989941567
16.571591000 0.606237401 -2.043812711 2.578949490 -0.010297526 0.135622351 0.042586759 0.989791345
16.671364000 0.558948255 -2.046056410 2.548797803 -0.008763576 0.136938941 0.041994162 0.989650149
16.771007000 0.510938862 -2.049843689 2.516721376 -0.004284963 0.138101569 0.042900224 0.989479240
16.870416000 0.466376739 -2.058228188 2.491027503 -0.002272525 0.139506442 0.044633053 0.989212151
16.969794000 0.420504536 -2.069436358 2.472576064 -0.001909369 0.141004995 0.046516993 0.988913603
17.069148000 0.372843278 -2.083610704 2.451430533 -0.002209258 0.143108801 0.048110627 0.988534449
17.168755000 0.324974312 -2.097400556 2.424554824 -0.002513814 0.145609193 0.049534457 0.988098164
17.268414000 0.277100110 -2.112672458 2.403458445 -0.003131215 0.148612569 0.049844472 0.987633550
17.368390000 0.231362291 -2.128830461 2.376004296 -0.003935162 0.150226943 0.052030157 0.987273641
17.468515000 0.188942834 -2.143338515 2.371060249 -0.007355890 0.142561337 0.070786841 0.987224077
17.568853000 0.154461653 -2.156677279 2.347038164 -0.007119584 0.138303127 0.071921145 0.987749414
17.669235000 0.088997936 -2.165707527 2.322573318 -0.006264810 0.134692647 0.062428397 0.988899054
17.769574000 0.015835367 -2.174494517 2.318122476 -0.006226311 0.131490367 0.052074466 0.989929173
17.869891000 -0.051014899 -2.182196243 2.305885728 -0.005030299 0.128209270 0.046291930 0.990653389
17.970157000 -0.117256674 -2.182318365 2.307613348 -0.005832630 0.122229129 0.042341191 0.991581184
18.070463000 -0.183570731 -2.185040651 2.295184812 -0.004504141 0.114387853 0.031749227 0.992918485
18.170873000 -0.254369805 -2.201329306 2.283210562 -0.021530621 0.110983753 -0.003225622 0.993583733
18.271137000 -0.310884568 -2.207803842 2.268268314 -0.048715829 0.109368181 -0.045649611 0.991756766
18.371118000 -0.348757931 -2.206343319 2.254008727 -0.055372126 0.102851936 -0.063409966 0.991127935
18.470790000 -0.366513089 -2.204699112 2.228092389 -0.053216076 0.090958579 -0.059304907 0.992661833
18.570396000 -0.367807369 -2.205811916 2.196034792 -0.050288145 0.077581348 -0.050261807 0.994447579
18.670004000 -0.354632498 -2.207652185 2.153185209 -0.042492809 0.066172881 -0.035922310 0.996255539
18.769538000 -0.328608808 -2.210974384 2.106182999 -0.026678092 0.055954902 -0.011612174 0.998009261
18.869150000 -0.301837800 -2.222412112 2.055986137 -0.012294145 0.048825868 0.007292477 0.998705016
18.968958000 -0.276090785 -2.236363741 2.003759938 -0.009119009 0.045959876 0.014361992 0.998798411
19.068969000 -0.249056273 -2.254573042 1.952044116 -0.004474890 0.045253800 0.018882431 0.998787026
19.169051000 -0.227968738 -2.270923999 1.915213201 -0.004298040 0.046109064 0.020490980 0.998716977
19.269261000 -0.177400206 -2.283733829 1.814250466 -0.003810276 0.047586211 0.022160494 0.998614013
19.369589000 -0.178548234 -2.292371898 1.807838025 -0.003903299 0.048826385 0.023225620 0.998529578
19.469752000 -0.156725164 -2.293337993 1.766923809 0.009554866 0.050408786 0.023986372 0.998394868
19.569611000 -0.136410130 -2.289263643 1.729389903 0.029617035 0.051443601 0.025142538 0.997919957
19.669091000 -0.121978117 -2.283565142 1.702522627 0.039906248 0.052309982 0.025724130 0.997501592
19.768578000 -0.110327288 -2.272510271 1.683567184 0.045524101 0.053893422 0.020585898 0.997295982
19.868147000 -0.101651093 -2.268017846 1.680699143 0.042512282 0.058354117 0.004707847 0.997379235
19.967863000 -0.091913948 -2.269087658 1.688935049 0.026536420 0.064294819 -0.017324765 0.997427615
