5.065643000 0.011366000 -0.014793000 0.000026000 -0.000193000 -0.001197000 -0.000721000 0.999999005
5.165951000 0.011366000 -0.014793000 0.000026000 -0.000193000 -0.001197000 -0.000721000 0.999999005
5.266121000 0.011366000 -0.014793000 0.000026000 -0.000193000 -0.001197000 -0.000721000 0.999999005
5.366190000 0.011475701 -0.014229059 -0.002719126 -0.000107199 -0.001959392 -0.000709260 0.999997823
5.466203000 0.011369326 -0.014826908 0.001666479 0.000152754 -0.003437670 -0.000909378 0.999993666
5.566125000 0.021237408 -0.035356479 0.063758748 0.000701257 -0.006692096 -0.001823831 0.999975699
5.666080000 0.017166125 -0.030828491 0.039336501 0.001271061 -0.015057548 -0.003184302 0.999880750
5.766098000 0.016708959 -0.030796698 0.045273386 0.002021839 -0.023463394 -0.005371402 0.999708222
5.866079000 0.016217984 -0.036451680 0.047607727 0.001831942 -0.029925878 -0.007260671 0.999524071
5.966076000 0.010979869 -0.032463375 0.050653405 0.001626344 -0.037952213 -0.009691316 0.999231236
6.066371000 0.010925132 -0.041931087 0.057867353 0.003245707 -0.045396584 -0.011768933 0.998894443
6.167130000 0.013092555 -0.060098326 0.098976253 0.005977050 -0.051079897 -0.014724264 0.998568132
6.267914000 0.010659427 -0.066389875 0.110980536 0.008391614 -0.052820316 -0.011385879 0.998503859
6.368629000 0.008259407 -0.079064150 0.110531199 0.005702115 -0.054514192 -0.014321440 0.998394003
6.469516000 0.003758144 -0.098070806 0.117725034 0.004435951 -0.055433686 -0.016596867 0.998314566
6.570368000 0.001430576 -0.112876933 0.111140930 0.002971493 -0.053882341 -0.023076270 0.998276189
6.670993000 -0.003988329 -0.148954638 0.123651305 -0.000044990 -0.048967897 -0.037636399 0.998091000
6.771279000 -0.005086558 -0.194009376 0.135972795 -0.002802756 -0.045456599 -0.042581620 0.998054431
6.871285000 -0.009744827 -0.232476729 0.133364335 -0.000597623 -0.046469482 -0.026584986 0.998565706
6.971115000 0.001743701 -0.280679714 0.161220929 0.000275723 -0.047086886 -0.016315652 0.998757502
7.070994000 0.008694820 -0.326602067 0.179983068 0.000048638 -0.047330353 -0.013157781 0.998792625
7.171136000 0.015681753 -0.368155073 0.193366937 -0.001214606 -0.047515113 -0.011028685 0.998808894
7.271368000 0.012628191 -0.407226346 0.191870499 -0.000729975 -0.047240935 -0.012144191 0.998809431
7.371613000 0.013520304 -0.454040998 0.208086908 -0.002866814 -0.046671590 -0.012407852 0.998829109
7.471789000 0.013573186 -0.505883529 0.226450172 -0.030663124 -0.046427785 -0.011310516 0.998386852
7.571761000 0.011071199 -0.546456093 0.245075984 -0.055531713 -0.046008047 -0.012035124 0.997323741
7.671541000 0.006609112 -0.564524468 0.242695958 -0.061285263 -0.044312350 -0.017050740 0.996990373
7.771162000 0.006967185 -0.592271607 0.245017361 -0.052383207 -0.044239359 -0.017342994 0.997495914
7.870738000 0.007281604 -0.613477597 0.231266946 -0.040912599 -0.044724419 -0.013706421 0.998067142
7.970470000 0.004236255 -0.635513341 0.215033319 -0.029566342 -0.044586365 -0.011415259 0.998502669
8.070540000 0.001096626 -0.653114756 0.186976285 -0.014644294 -0.043948619 -0.010417572 0.998872133
8.170917000 -0.003977026 -0.674054200 0.164990528 -0.006167463 -0.043586623 -0.010215385 0.998978385
8.271215000 -0.006440456 -0.696179153 0.145368254 -0.003868821 -0.043550555 -0.010173678 0.998991931
8.371414000 -0.013019863 -0.710834881 0.128003861 -0.000367485 -0.042614164 -0.014362277 0.998988300
8.471664000 -0.020112799 -0.738738077 0.095873296 0.010632237 -0.039418253 -0.025705622 0.998835511
8.571804000 -0.025276145 -0.761668665 0.076647390 0.017909397 -0.037649443 -0.033202872 0.998578661
8.671731000 -0.028457397 -0.811973836 0.059042863 0.021265245 -0.036362989 -0.036590731 0.998442107
8.771611000 0.007470606 -0.850832982 0.106694934 0.021476165 -0.039426087 -0.024660628 0.998687244
8.871588000 0.019406106 -0.884103688 0.120509939 0.019994717 -0.042024026 -0.017055009 0.998770904
8.971692000 0.030033516 -0.920525156 0.134795352 0.018696600 -0.043238486 -0.013390386 0.998800064
9.071848000 0.036538193 -0.964371943 0.146299276 0.012790800 -0.044128769 -0.012123436 0.998870397
9.171938000 0.042634041 -1.009094144 0.154709544 0.012960143 -0.044557438 -0.011944695 0.998851337
9.271789000 0.047756711 -1.056058575 0.170876647 0.013362317 -0.044538982 -0.012222873 0.998843496
9.371429000 0.052733147 -1.103010555 0.194891217 0.016997840 -0.044278223 -0.013126850 0.998788365
9.471095000 0.058484342 -1.152636295 0.217774629 0.018470807 -0.044377664 -0.012281353 0.998768552
9.570960000 0.061444980 -1.206269155 0.245188051 0.012602096 -0.044340894 -0.012407999 0.998859907
9.670957000 0.061148685 -1.255317219 0.278645064 0.007983247 -0.044522830 -0.012291865 0.998900844
9.770914000 0.061974360 -1.307230626 0.310191623 0.007873826 -0.044360195 -0.012277609 0.998909123
9.870697000 0.061080037 -1.357501277 0.347564327 0.005074826 -0.042795535 -0.017126101 0.998924164
9.970450000 0.060740921 -1.405088732 0.385729985 0.002993425 -0.040294801 -0.026260376 0.998838206
10.070385000 0.060632610 -1.451118471 0.429072648 -0.001708414 -0.033766900 -0.046811346 0.998331396
10.170543000 0.068464856 -1.493132876 0.467712191 -0.005885837 -0.025423435 -0.073955447 0.996920056
10.270761000 0.086236352 -1.521636094 0.513991811 -0.007336254 -0.018185083 -0.092584096 0.995511761
10.370965000 0.117521710 -1.542888468 0.565351719 -0.008221135 -0.016121098 -0.084174172 0.996286722
10.471059000 0.164673482 -1.555681259 0.605836741 -0.006142123 -0.014802297 -0.067269034 0.997606156
10.570878000 0.220462530 -1.562789857 0.651949862 -0.004322738 -0.016554720 -0.042623892 0.998944673
10.670534000 0.280936094 -1.564119219 0.698451608 -0.004964367 -0.022099986 -0.018656602 0.999569346
10.770210000 0.341183695 -1.563462430 0.746720744 -0.004779045 -0.026220543 -0.008861430 0.999605482
10.869948000 0.400186103 -1.565419984 0.800142124 -0.004731149 -0.030491822 -0.006024746 0.999505662
10.969808000 0.455555380 -1.573834375 0.839743155 -0.004638278 -0.035198050 -0.006241259 0.999350104
11.069763000 0.508691670 -1.585875277 0.896249580 -0.004018413 -0.039631629 -0.007540146 0.999177828
11.169931000 0.556373494 -1.599844367 0.940277378 -0.003922942 -0.043615091 -0.008919210 0.999000892
11.269947000 0.603492705 -1.618821314 0.983475911 -0.003504186 -0.046565099 -0.009780616 0.998861227
11.369887000 0.648551863 -1.639492532 1.027421893 -0.003360209 -0.047336625 -0.010518590 0.998817957
11.469670000 0.694871517 -1.658656783 1.082326025 -0.003585360 -0.046803014 -0.010715244 0.998840231
11.569473000 0.738268602 -1.679808404 1.125926494 -0.003557741 -0.045343546 -0.008833032 0.998926065
11.669295000 0.778600270 -1.697057306 1.169609232 -0.007410044 -0.046740345 0.009536584 0.998834063
11.769154000 0.810627335 -1.709741494 1.219878327 -0.008227297 -0.041839940 0.010657486 0.999033608
11.869126000 0.837378094 -1.720755548 1.256487927 -0.006697386 -0.033899610 0.005753473 0.999386241
11.969080000 0.861533619 -1.727646652 1.297151178 -0.004506673 -0.025231924 0.000736954 0.999671194
12.069056000 0.883968095 -1.730339320 1.350933866 -0.003937005 -0.017712477 -0.001408661 0.999834378
12.169159000 0.905291279 -1.730075062 1.400636223 -0.010415578 -0.012018329 -0.000551509 0.999873378
12.269086000 0.925714749 -1.729190851 1.452808782 -0.021496916 -0.008485652 -0.000837233 0.999732552
12.369185000 0.941362461 -1.725054771 1.492941435 -0.030780491 -0.006812441 -0.000025474 0.999502952
12.469487000 0.958615687 -1.722679095 1.530145319 -0.020385418 -0.006469970 -0.000540193 0.999771115
12.569817000 0.973937361 -1.722628231 1.565330788 -0.011136838 -0.006697213 -0.000603539 0.999915373
12.670282000 0.986688070 -1.725546799 1.580757813 -0.006100760 -0.007050451 -0.001265312 0.999955734
12.770842000 0.997762362 -1.683802483 1.622032990 -0.004252269 -0.007158064 -0.000714269 0.999965084
12.871327000 1.009416938 -1.696191475 1.645893953 -0.005275314 -0.008280519 -0.001145319 0.999951145
12.971634000 1.019730364 -1.713310158 1.684269665 -0.004519010 -0.008899574 -0.001212784 0.999949451
13.071809000 1.032142400 -1.732787472 1.729204164 -0.004682421 -0.010163792 -0.001271773 0.999936575
13.171960000 1.036880541 -1.751387350 1.757062584 -0.004247249 -0.011988391 -0.001893248 0.999917324
13.271925000 1.033167425 -1.774358691 1.810116851 -0.004534578 -0.011858301 -0.010924435 0.999859728
13.371883000 1.038580867 -1.789857678 1.832385947 -0.004548762 -0.011211095 -0.016238029 0.999794952
13.471768000 1.049548341 -1.807561630 1.863335336 -0.002840267 -0.013676697 -0.007196770 0.999876536
13.571604000 1.060910569 -1.827491424 1.898478502 -0.003187301 -0.014428946 -0.003332214 0.999885265
13.671390000 1.073064700 -1.848405586 1.936885616 -0.002019779 -0.014364583 -0.000900848 0.999894378
13.771060000 1.077717118 -1.870994304 1.972457702 -0.002459207 -0.013508027 0.000429928 0.999905646
13.870733000 1.087083960 -1.891298859 2.022720750 -0.000459890 -0.012319741 0.000875388 0.999923620
13.970369000 1.087076913 -1.910455847 2.039370773 0.005564434 -0.010487712 0.001927240 0.999927663
14.070028000 1.089799963 -1.930332903 2.071522919 0.009772814 -0.007388009 0.001775956 0.999923375
14.169973000 1.091954527 -1.953830842 2.116288917 0.011346854 -0.003975212 0.003130289 0.999922821
14.270000000 1.091785747 -1.977348422 2.162143301 0.007313666 0.000260820 0.004681825 0.999962261
14.370138000 1.092087216 -1.998474061 2.211135751 0.000278779 0.006060992 0.006701692 0.999959136
14.470316000 1.089898202 -2.014771285 2.250580657 -0.002107960 0.012437574 0.007547823 0.999891941
14.570361000 1.086864509 -2.026215216 2.304688880 -0.004611884 0.019454488 0.010362366 0.999746405
14.670168000 1.081516780 -2.037847955 2.359441718 -0.004838282 0.026822743 0.013536853 0.999536835
14.769977000 1.075875303 -2.048030967 2.406753944 -0.005390856 0.035022000 0.015028697 0.999258994
14.869916000 1.069726859 -2.058468043 2.455607659 -0.010428875 0.042142218 0.017039939 0.998911864
14.970099000 1.060943217 -2.069579507 2.505150593 -0.023540527 0.047921256 0.017572535 0.998419052
15.070584000 1.052212919 -2.085933828 2.547941130 -0.031595400 0.051872685 0.018509685 0.997982137
15.171197000 1.043197317 -2.103012391 2.581181020 -0.036475929 0.054871731 0.018787739 0.997650049
15.271608000 1.033777626 -2.123426407 2.606153687 -0.038630327 0.059320794 0.018350659 0.997322413
15.371633000 1.025151427 -2.145885299 2.627349867 -0.036844030 0.063797372 0.024860522 0.996972601
15.471121000 1.014552608 -2.162978535 2.633524398 -0.031998118 0.066122704 0.043475196 0.996350248
15.570258000 0.996994296 -2.179801810 2.647893918 -0.027195062 0.072954515 0.049462993 0.995736652
15.669549000 0.977971873 -2.185363234 2.650600816 -0.026733742 0.081430352 0.054561979 0.994825309
15.769314000 0.953315614 -2.184817556 2.655787549 -0.029330943 0.090914534 0.057499180 0.993764604
15.869533000 0.926989691 -2.172491851 2.661692009 -0.030776325 0.100997903 0.060494541 0.992568714
15.970106000 0.896252685 -2.154807117 2.668632901 -0.033702294 0.110013799 0.064212535 0.991280924
16.070691000 0.857988458 -2.131396343 2.671842510 -0.036053414 0.115673868 0.068242417 0.990284141
16.171177000 0.815713997 -2.107957236 2.661369067 -0.033890044 0.121438221 0.062421351 0.990054442
16.271372000 0.770082984 -2.087475090 2.644384813 -0.025074932 0.127158978 0.051526528 0.990225661
16.371544000 0.722349678 -2.073598448 2.621940398 -0.017134259 0.130709228 0.045185930 0.990242267
16.471676000 0.673973490 -2.063535213 2.599985365 -0.012557927 0.132856390 0.042825145 0.990130034
16.571591000 0.626721981 -2.058719982 2.576724307 -0.010535353 0.134421792 0.041911578 0.989981418
16.671364000 0.579364062 -2.061020305 2.546685035 -0.009003036 0.135739770 0.041317502 0.989841666
16.771007000 0.531283517 -2.064864505 2.514722155 -0.004524148 0.136905656 0.042218549 0.989673667
16.870416000 0.486672136 -2.073303401 2.489131776 -0.002510599 0.138311964 0.043949432 0.989409897
16.969794000 0.440772091 -2.084570637 2.470785851 -0.002146211 0.139810771 0.045833440 0.989114573
17.069148000 0.393080824 -2.098805591 2.449748974 -0.002445636 0.141914505 0.047428110 0.988739029
17.168755000 0.345167576 -2.112654149 2.422982582 -0.002750206 0.144414922 0.048853101 0.988306704
17.268414000 0.297265065 -2.127986984 2.401994941 -0.003369311 0.147418346 0.049164769 0.987845790
17.368390000 0.251484984 -2.144200394 2.374644092 -0.004171735 0.149032148 0.051351985 0.987489235
17.468515000 0.209074769 -2.158767720 2.369795974 -0.007564472 0.141360523 0.070111301 0.987443359
17.568853000 0.174555436 -2.172146976 2.345851326 -0.007323840 0.137101639 0.071244121 0.987964461
17.669235000 0.109046416 -2.181262241 2.321539753 -0.006478048 0.133492235 0.061748833 0.989103099
17.769574000 0.035886143 -2.190153045 2.317260648 -0.006449833 0.130290751 0.051393506 0.990121925
17.869891000 -0.030982057 -2.197946490 2.305180970 -0.005258518 0.127010769 0.045608388 0.990838275
17.970157000 -0.097219261 -2.198164826 2.307067102 -0.006061444 0.121029708 0.041656791 0.991755908
18.070463000 -0.163558892 -2.200977989 2.294796284 -0.004740240 0.113189841 0.031060770 0.993076442
18.170873000 -0.234362879 -2.217364149 2.282985227 -0.021806242 0.109779422 -0.003894801 0.993709111
18.271137000 -0.290903864 -2.223914456 2.268175793 -0.049040687 0.108154626 -0.046285201 0.991844377
18.371118000 -0.328813326 -2.222503086 2.254007473 -0.055713417 0.101637768 -0.064038375 0.991193657
18.470790000 -0.346632835 -2.220874533 2.228134349 -0.053544176 0.089743349 -0.059939303 0.992716693
18.570396000 -0.348002261 -2.221976884 2.196079513 -0.050596123 0.076364360 -0.050903586 0.994493510
18.670004000 -0.334927382 -2.223781681 2.153197806 -0.042775754 0.064956593 -0.036576939 0.996299655
18.769538000 -0.309011541 -2.227048276 2.106132152 -0.026924925 0.054743236 -0.012288994 0.998061725
18.869150000 -0.282344335 -2.238428086 2.055866921 -0.012513357 0.047620098 0.006596543 0.998765352
18.968958000 -0.256702353 -2.252322491 2.003573835 -0.009327714 0.044754922 0.013661630 0.998861027
19.068969000 -0.229765519 -2.270472903 1.951786392 -0.004677677 0.044051336 0.018176377 0.998852951
19.169051000 -0.208742679 -2.286779270 1.914898768 -0.004499505 0.044906500 0.019784928 0.998785121
19.269261000 -0.158397611 -2.299477346 1.813810316 -0.004010788 0.046383798 0.021454216 0.998685222
19.369589000 -0.159548536 -2.308114597 1.807397293 -0.004103414 0.047623800 0.022519753 0.998603022
19.469752000 -0.137822118 -2.309033490 1.766430584 0.009354533 0.049215917 0.023264797 0.998473352
19.569611000 -0.117602903 -2.304915417 1.728849740 0.029417412 0.050265541 0.024397490 0.998004386
19.669091000 -0.103243489 -2.299185781 1.701950206 0.039706767 0.051139728 0.024967234 0.997589464
19.768578000 -0.091654026 -2.288106832 1.682971216 0.045317362 0.052728455 0.019822736 0.997383129
19.868147000 -0.082991208 -2.283600795 1.680084157 0.042283307 0.057189939 0.003949107 0.997459692
19.967863000 -0.073232840 -2.284659725 1.688296316 0.026276796 0.063123311 -0.018063248 0.997496214
