5.065643000 -0.015588396 -0.038008867 -0.011671537 -0.024293870 0.007776198 0.000956854 0.999674158
5.165951000 -0.015588396 -0.038008867 -0.011671537 -0.024293870 0.007776198 0.000956854 0.999674158
5.266121000 -0.015588396 -0.038008867 -0.011671537 -0.024293870 0.007776198 0.000956854 0.999674158
5.366190000 -0.015430693 -0.037326924 -0.014332627 -0.024209477 0.007013619 0.000950979 0.999681852
5.466203000 -0.015614182 -0.038119627 -0.010065732 -0.023950243 0.005540174 0.000717614 0.999697543
5.566125000 -0.007089999 -0.061209090 0.049973855 -0.023398859 0.002307775 -0.000270104 0.999723509
5.666080000 -0.010639459 -0.055602439 0.026187841 -0.022829062 -0.006023928 -0.001826834 0.999719565
5.766098000 -0.011192584 -0.055850100 0.031998347 -0.022069148 -0.014377088 -0.004209405 0.999644203
5.866079000 -0.011731948 -0.061500197 0.034009404 -0.022248664 -0.020793209 -0.006255842 0.999516635
5.966076000 -0.016912299 -0.057715976 0.037090691 -0.022439078 -0.028760557 -0.008881500 0.999294970
6.066371000 -0.017121009 -0.067334615 0.043710048 -0.020806246 -0.036158157 -0.011123950 0.999067538
6.167130000 -0.015773511 -0.087088480 0.083167129 -0.018051187 -0.041775930 -0.014191396 0.998863119
6.267914000 -0.018390518 -0.093811999 0.094588775 -0.015668745 -0.043600944 -0.010874560 0.998866954
6.368629000 -0.020773965 -0.106201960 0.093506876 -0.018331308 -0.045219884 -0.013874250 0.998712486
6.469516000 -0.025372019 -0.125150626 0.099577452 -0.019576330 -0.046082772 -0.016182560 0.998614676
6.570368000 -0.027582376 -0.139340094 0.092385072 -0.020978703 -0.044373596 -0.022635595 0.998538185
6.670993000 -0.033224371 -0.175265430 0.102841081 -0.023850937 -0.039106313 -0.037099753 0.998261207
6.771279000 -0.034650985 -0.219995260 0.112762826 -0.026556623 -0.035472591 -0.041983448 0.998135177
6.871285000 -0.039287038 -0.257550795 0.108305546 -0.024509528 -0.036869931 -0.025995923 0.998681182
6.971115000 -0.028650151 -0.306147375 0.133519805 -0.023734114 -0.037734450 -0.015736735 0.998881954
7.070994000 -0.022297030 -0.352062159 0.149851831 -0.023990664 -0.038053256 -0.012587754 0.998908377
7.171136000 -0.015801078 -0.393441157 0.161121554 -0.025273263 -0.038286973 -0.010475104 0.998892207
7.271368000 -0.018884400 -0.431647113 0.157753324 -0.024778348 -0.037986820 -0.011579290 0.998903877
7.371613000 -0.018432491 -0.478293147 0.171442868 -0.026911618 -0.037407482 -0.011848241 0.998867391
7.471789000 -0.018856419 -0.529964569 0.186983349 -0.054697446 -0.037146688 -0.010995066 0.997751182
7.571761000 -0.021758166 -0.570594664 0.203269633 -0.079524942 -0.036676662 -0.011933833 0.996086437
7.671541000 -0.026146097 -0.588171600 0.200004761 -0.085220732 -0.034853783 -0.016959000 0.995607871
7.771162000 -0.025917034 -0.615473668 0.200972717 -0.076331078 -0.034784450 -0.017168816 0.996327677
7.870738000 -0.025428031 -0.635606065 0.186502135 -0.064911444 -0.035371488 -0.013441447 0.997173350
7.970470000 -0.028193369 -0.656421564 0.169500481 -0.053599736 -0.035304191 -0.011045367 0.997877088
8.070540000 -0.030829565 -0.672332548 0.141122340 -0.038699395 -0.034712887 -0.009898379 0.998598715
8.170917000 -0.035479832 -0.691794252 0.118501119 -0.030229133 -0.034369414 -0.009611441 0.998905683
8.271215000 -0.037614805 -0.712539240 0.098185203 -0.027931893 -0.034338169 -0.009548270 0.998974239
8.371414000 -0.043805286 -0.726055863 0.080363003 -0.024392524 -0.033307135 -0.013681557 0.999053780
8.471664000 -0.050277712 -0.751854745 0.047437047 -0.013285732 -0.029859008 -0.024845853 0.999156951
8.571804000 -0.055070495 -0.773397761 0.027424169 -0.005934638 -0.027924792 -0.032233247 0.999072572
8.671731000 -0.058027702 -0.821850808 0.007739382 -0.002544076 -0.026564055 -0.035559151 0.999011224
8.771611000 -0.023739119 -0.862318479 0.053218791 -0.002451203 -0.029911880 -0.023704540 0.999268415
8.871588000 -0.012372282 -0.895620225 0.065389338 -0.004006723 -0.032689013 -0.016177195 0.999326610
8.971692000 -0.002306127 -0.932026875 0.077848847 -0.005340003 -0.033988928 -0.012554639 0.999329084
9.071848000 0.003743221 -0.975563027 0.087159628 -0.011258404 -0.034898737 -0.011362338 0.999262840
9.171938000 0.009443563 -1.019809316 0.093390658 -0.011090990 -0.035332033 -0.011192505 0.999251402
9.271789000 0.014045829 -1.066615764 0.107098777 -0.010686238 -0.035307634 -0.011466558 0.999253568
9.371429000 0.018366202 -1.113780284 0.128493923 -0.007042053 -0.035031875 -0.012331486 0.999285300
9.471095000 0.023458703 -1.163514447 0.148667794 -0.005576839 -0.035154358 -0.011475511 0.999300447
9.570960000 0.025722164 -1.217378948 0.173041810 -0.011444606 -0.035103704 -0.011653627 0.999250191
9.670957000 0.024697538 -1.267023833 0.203497351 -0.016064259 -0.035280123 -0.011583209 0.999181206
9.770914000 0.024798825 -1.319390591 0.231965063 -0.016173693 -0.035117624 -0.011566004 0.999185364
9.870697000 0.023114892 -1.370416334 0.266188920 -0.018926034 -0.033431693 -0.016400209 0.999127199
9.970450000 0.021969444 -1.418852225 0.301326377 -0.020918601 -0.030708819 -0.025489955 0.998984306
10.070385000 0.020963605 -1.466007126 0.341614032 -0.025411475 -0.023684205 -0.045919712 0.998340972
10.170543000 0.027841729 -1.509034898 0.377622366 -0.029296159 -0.014694695 -0.072893495 0.996801053
10.270761000 0.044374392 -1.539220817 0.421929551 -0.030532961 -0.007019831 -0.091356868 0.995325265
10.370965000 0.074094923 -1.562592285 0.471793792 -0.031508014 -0.005150804 -0.082906585 0.996045788
10.471059000 0.119596131 -1.577219723 0.511680436 -0.029610633 -0.004231681 -0.065954399 0.997374213
10.570878000 0.173487312 -1.586575442 0.557501492 -0.028047812 -0.006568723 -0.041341107 0.998729736
10.670534000 0.231983784 -1.590303799 0.604058673 -0.028928387 -0.012683199 -0.017520127 0.999347452
10.770210000 0.290233226 -1.592168477 0.652437576 -0.028838753 -0.017038496 -0.007825815 0.999408211
10.869948000 0.347162634 -1.596833863 0.705719210 -0.028821166 -0.021377711 -0.005092776 0.999342983
10.969808000 0.400753140 -1.607159898 0.745090559 -0.028730676 -0.026078709 -0.005422096 0.999232230
11.069763000 0.451844279 -1.621830179 0.800815285 -0.028102806 -0.030482107 -0.006822167 0.999116876
11.169931000 0.497799475 -1.637779751 0.844126776 -0.027997556 -0.034432750 -0.008296244 0.998980328
11.269947000 0.543202755 -1.658595501 0.886378968 -0.027572898 -0.037362980 -0.009224964 0.998878693
11.369887000 0.586567096 -1.681099110 0.929247332 -0.027422635 -0.038117094 -0.009980075 0.998847078
11.469670000 0.630978945 -1.702648528 0.982945899 -0.027645576 -0.037578336 -0.010165778 0.998859473
11.569473000 0.672717583 -1.725600312 1.025423935 -0.027634397 -0.036164002 -0.008248617 0.998929660
11.669295000 0.711459202 -1.744719913 1.068113635 -0.031650091 -0.037997387 0.010046573 0.998725957
11.769154000 0.741951632 -1.759646176 1.117327455 -0.032473549 -0.033122446 0.011278251 0.998859937
11.869126000 0.767514255 -1.772270398 1.153144382 -0.030895167 -0.025065997 0.006581574 0.999186603
11.969080000 0.790471643 -1.781036059 1.193082797 -0.028652321 -0.016281455 0.001795763 0.999455219
12.069056000 0.811521559 -1.786300883 1.246044266 -0.028054717 -0.008712296 -0.000162499 0.999568408
12.169159000 0.831562023 -1.788471036 1.295128277 -0.034530027 -0.003029285 0.000773677 0.999398770
12.269086000 0.850678146 -1.790146994 1.346646208 -0.045595697 0.000526774 0.000473730 0.998959724
12.369185000 0.865331516 -1.788049298 1.386437719 -0.054875066 0.002193663 0.001242025 0.998490046
12.469487000 0.881606332 -1.787544388 1.423304387 -0.044484714 0.002533072 0.000829280 0.999006509
12.569817000 0.896015222 -1.789215025 1.458049629 -0.035242505 0.002292926 0.000843545 0.999375804
12.670282000 0.908242130 -1.792852212 1.473249980 -0.030203749 0.001947515 0.000218644 0.999541841
12.770842000 0.918499172 -1.753936765 1.515860374 -0.028361216 0.001823581 0.000783480 0.999595769
12.871327000 0.929474284 -1.767248966 1.538857098 -0.029381642 0.000713512 0.000316331 0.999567962
12.971634000 0.938863827 -1.785876883 1.575828230 -0.028626002 0.000094982 0.000240735 0.999590159
13.071809000 0.950189336 -1.807134008 1.619150798 -0.028790680 -0.001167230 0.000149806 0.999584770
13.171960000 0.954291116 -1.826695406 1.645649457 -0.028352740 -0.002977157 -0.000511581 0.999593416
13.271925000 0.949645296 -1.851699359 1.696480556 -0.028557488 -0.002629436 -0.009539304 0.999543174
13.371883000 0.954517216 -1.867960446 1.717661286 -0.028521416 -0.001854915 -0.014835770 0.999481360
13.471768000 0.964677678 -1.886813446 1.747339806 -0.026900632 -0.004539828 -0.005841509 0.999610736
13.571604000 0.975144848 -1.908047340 1.781029003 -0.027283655 -0.005384313 -0.001999462 0.999611231
13.671390000 0.986328349 -1.930403096 1.817883508 -0.026138403 -0.005380493 0.000443118 0.999643755
13.771060000 0.990198242 -1.954237567 1.851749837 -0.026588411 -0.004555448 0.001790184 0.999634483
13.870733000 0.998440144 -1.976545654 1.900200964 -0.024592151 -0.003381550 0.002282075 0.999689243
13.970369000 0.998083337 -1.996105445 1.915608239 -0.018576215 -0.001585739 0.003431695 0.999820300
14.070028000 1.000128924 -2.017113713 1.946218254 -0.014362479 0.001509354 0.003392860 0.999889959
14.169973000 1.001383668 -2.042264203 1.989006139 -0.012795247 0.004885677 0.004843105 0.999894473
14.270000000 1.000340086 -2.067476601 2.032818878 -0.016834705 0.009090144 0.006460186 0.999796093
14.370138000 0.999709416 -2.090495061 2.079827708 -0.023875360 0.014851689 0.008556194 0.999568000
14.470316000 0.996818345 -2.108321317 2.117666702 -0.026256371 0.021209232 0.009534266 0.999384745
14.570361000 0.992854142 -2.122081265 2.170087762 -0.028769173 0.028158944 0.012494348 0.999111255
14.670168000 0.986608080 -2.136047964 2.223091025 -0.029006286 0.035446739 0.015843009 0.998824891
14.769977000 0.980209413 -2.148241284 2.268867388 -0.029551332 0.043605768 0.017526581 0.998457848
14.869916000 0.973285497 -2.160754504 2.316133225 -0.034585159 0.050680637 0.019663082 0.997922193
14.970099000 0.963762471 -2.173951218 2.363996379 -0.047675474 0.056462900 0.020216548 0.997060821
15.070584000 0.954395584 -2.191966834 2.404996366 -0.055718782 0.060400274 0.021175760 0.996392900
15.171197000 0.944915250 -2.210239793 2.436599315 -0.060587052 0.063396984 0.021481741 0.995915943
15.271608000 0.935174652 -2.231389170 2.459937111 -0.062721323 0.067855851 0.021132200 0.995497388
15.371633000 0.926273081 -2.254366979 2.479491805 -0.060977836 0.072167835 0.027763209 0.995139544
15.471121000 0.915717276 -2.271369395 2.484547576 -0.056281256 0.074029831 0.046470086 0.994581588
15.570258000 0.898190797 -2.288468239 2.497523932 -0.051506956 0.080701335 0.052662541 0.994012568
15.669549000 0.879466886 -2.293974314 2.499580424 -0.051055004 0.089042494 0.057966721 0.993028036
15.769314000 0.855190632 -2.293591607 2.504257117 -0.053635875 0.098447662 0.061106496 0.991815127
15.869533000 0.829298353 -2.281692586 2.510165209 -0.055061549 0.108447237 0.064328939 0.990489379
15.970106000 0.799076462 -2.264574269 2.517265233 -0.057973398 0.117363981 0.068234627 0.989044396
16.070691000 0.761553421 -2.241639948 2.520848630 -0.060326129 0.122920118 0.072376852 0.987933699
16.171177000 0.720338122 -2.218016147 2.510956512 -0.058095965 0.128817122 0.066715652 0.987714549
16.271372000 0.675936486 -2.196969712 2.494486467 -0.049180572 0.134785078 0.056041582 0.988065582
16.371544000 0.629549643 -2.182130442 2.472317231 -0.041180091 0.138473577 0.049859807 0.988252634
16.471676000 0.582512373 -2.171048849 2.450435825 -0.036577766 0.140668111 0.047592355 0.988235558
16.571591000 0.536586032 -2.165052607 2.427046130 -0.034541426 0.142250229 0.046734684 0.988123288
16.671364000 0.490654094 -2.165708607 2.396676574 -0.032998677 0.143578220 0.046186059 0.988009732
16.771007000 0.444042728 -2.167783916 2.364336573 -0.028523305 0.144712843 0.047154733 0.987937774
16.870416000 0.400708504 -2.174676052 2.338083651 -0.026517164 0.146071159 0.048936521 0.987707079
16.969794000 0.355974056 -2.184677307 2.318772537 -0.026160090 0.147520787 0.050858791 0.987403996
17.069148000 0.309521326 -2.197452881 2.296653077 -0.026461049 0.149582530 0.052500321 0.986999795
17.168755000 0.262953083 -2.209578224 2.268934205 -0.026763587 0.152044416 0.053981645 0.986535447
17.268414000 0.216289053 -2.223431204 2.246807348 -0.027369036 0.155036259 0.054359277 0.986032334
17.368390000 0.171816713 -2.237854435 2.218441229 -0.028179429 0.156594979 0.056576873 0.985638367
17.468515000 0.130257729 -2.251740636 2.212260227 -0.031751029 0.148479086 0.075114571 0.985547378
17.568853000 0.096779699 -2.263589973 2.187562515 -0.031540458 0.144198566 0.076147397 0.986110312
17.669235000 0.032921588 -2.271126477 2.162165176 -0.030643528 0.140828000 0.066577777 0.987317501
17.769574000 -0.038794798 -2.279360755 2.156272606 -0.030552617 0.137886274 0.056150709 0.988383028
17.869891000 -0.104198168 -2.286174807 2.142898927 -0.029332763 0.134751214 0.050300340 0.989167112
17.970157000 -0.169206846 -2.286227896 2.143578474 -0.030132372 0.128876982 0.046200256 0.990125396
18.070463000 -0.234073770 -2.288154445 2.130262394 -0.028761942 0.121304709 0.035432858 0.991565646
18.170873000 -0.303367804 -2.303386833 2.116676537 -0.045530322 0.118772858 0.000254942 0.991876975
18.271137000 -0.358588981 -2.308892649 2.100867617 -0.072333936 0.118200260 -0.042407618 0.989443325
18.371118000 -0.395521751 -2.306696974 2.086389337 -0.078840914 0.112119086 -0.060372853 0.988720658
18.470790000 -0.412540286 -2.303811197 2.060804172 -0.076766133 0.100139741 -0.056539833 0.990394992
18.570396000 -0.413321175 -2.303371566 2.029320549 -0.073965660 0.086558262 -0.047800188 0.992346658
18.670004000 -0.399744059 -2.303163206 1.987448018 -0.066339209 0.074811750 -0.033680171 0.994418402
18.769538000 -0.373501169 -2.304238105 1.941631393 -0.050771068 0.064005018 -0.009501534 0.996611949
18.869150000 -0.346488521 -2.313115254 1.892309071 -0.036562538 0.056410687 0.009336283 0.997694266
18.968958000 -0.320453132 -2.324356905 1.840862944 -0.033448422 0.053371571 0.016358649 0.997880290
19.068969000 -0.293168952 -2.339798044 1.789733519 -0.028841367 0.052551374 0.020896564 0.997982897
19.169051000 -0.271943583 -2.354113852 1.753186870 -0.028674563 0.053366568 0.022526675 0.997908978
19.269261000 -0.220811358 -2.361970612 1.654419289 -0.028196025 0.054801407 0.024235225 0.997804812
19.369589000 -0.221852460 -2.370127367 1.647706983 -0.028294063 0.056014733 0.025329328 0.997707483
19.469752000 -0.199819899 -2.369174004 1.607903967 -0.014841412 0.057564212 0.026232799 0.997886734
19.569611000 -0.179310820 -2.363438936 1.571630408 0.005217757 0.058547713 0.027569281 0.997890212
19.669091000 -0.164733630 -2.356607221 1.545796251 0.015510088 0.059386584 0.028251342 0.997714655
19.768578000 -0.152997710 -2.344897229 1.527927355 0.021172576 0.061087361 0.023196741 0.997638195
19.868147000 -0.144435864 -2.340377774 1.525463267 0.018287455 0.065935871 0.007408891 0.997628758
19.967863000 -0.135011503 -2.341840369 1.533630114 0.002492638 0.072425557 -0.014596405 0.997263892
