0.065342000 0.000000000 0.000000000 0.000000000 -0.000000000 -0.000000000 -0.000000000 1.000000000
0.165343000 0.000000000 0.000000000 0.000000000 -0.000000000 -0.000000000 -0.000000000 1.000000000
0.265258000 0.000000000 0.000000000 0.000000000 -0.000000000 -0.000000000 -0.000000000 1.000000000
0.365208000 0.000000000 0.000000000 0.000000000 -0.000000000 -0.000000000 -0.000000000 1.000000000
0.465196000 0.000000000 0.000000000 0.000000000 -0.000000000 -0.000000000 -0.000000000 1.000000000
0.565255000 0.000000000 0.000000000 0.000000000 -0.000000000 -0.000000000 -0.000000000 1.000000000
0.665338000 0.000000000 0.000000000 0.000000000 -0.000000000 -0.000000000 -0.000000000 1.000000000
0.765444000 0.000000000 0.000000000 0.000000000 -0.000000000 -0.000000000 -0.000000000 1.000000000
0.865505000 0.000000000 0.000000000 0.000000000 -0.000000000 -0.000000000 -0.000000000 1.000000000
0.965496000 0.000000000 0.000000000 0.000000000 -0.000000000 -0.000000000 -0.000000000 1.000000000
1.065447000 0.000000000 0.000000000 0.000000000 -0.000000000 -0.000000000 -0.000000000 1.000000000
1.165457000 0.000000000 0.000000000 0.000000000 -0.000000000 -0.000000000 -0.000000000 1.000000000
1.265385000 0.000000000 0.000000000 0.000000000 -0.000000000 -0.000000000 -0.000000000 1.000000000
1.365333000 0.000000000 0.000000000 0.000000000 -0.000000000 -0.000000000 -0.000000000 1.000000000
1.465337000 0.000000000 0.000000000 0.000000000 -0.000000000 -0.000000000 -0.000000000 1.000000000
1.565355000 0.000000000 0.000000000 0.000000000 -0.000000000 -0.000000000 -0.000000000 1.000000000
1.665394000 0.000000000 0.000000000 0.000000000 -0.000000000 -0.000000000 -0.000000000 1.000000000
1.765431000 0.000000000 0.000000000 0.000000000 -0.000000000 -0.000000000 -0.000000000 1.000000000
1.865431000 0.000000000 0.000000000 0.000000000 -0.000000000 -0.000000000 -0.000000000 1.000000000
1.965417000 0.000000000 0.000000000 0.000000000 -0.000000000 -0.000000000 -0.000000000 1.000000000
2.065379000 0.000000000 0.000000000 0.000000000 -0.000000000 -0.000000000 -0.000000000 1.000000000
2.165472000 0.000000000 0.000000000 0.000000000 -0.000000000 -0.000000000 -0.000000000 1.000000000
2.265517000 0.000000000 0.000000000 0.000000000 -0.000000000 -0.000000000 -0.000000000 1.000000000
2.365615000 0.000000000 0.000000000 0.000000000 -0.000000000 -0.000000000 -0.000000000 1.000000000
2.465688000 0.000000000 0.000000000 0.000000000 -0.000000000 -0.000000000 -0.000000000 1.000000000
2.565694000 0.000000000 0.000000000 0.000000000 -0.000000000 -0.000000000 -0.000000000 1.000000000
2.665626000 0.000000000 0.000000000 0.000000000 -0.000000000 -0.000000000 -0.000000000 1.000000000
2.765480000 0.000000000 0.000000000 0.000000000 -0.000000000 -0.000000000 -0.000000000 1.000000000
2.865305000 0.000000000 0.000000000 0.000000000 -0.000000000 -0.000000000 -0.000000000 1.000000000
2.965135000 -0.003242115 0.007953613 -0.010815426 -0.000469803 -0.000727969 -0.000080424 0.999999621
3.065036000 -0.006441363 0.005407314 -0.006199463 -0.000375886 -0.000913819 0.000137946 0.999999502
3.165080000 -0.006441363 0.005407314 -0.006199463 -0.000375886 -0.000913819 0.000137946 0.999999502
3.265104000 -0.008086686 0.004100031 -0.002855733 -0.000297735 -0.000895147 -0.000159662 0.999999542
3.365186000 -0.009455924 0.003012109 -0.000073078 -0.000232697 -0.000879608 -0.000407332 0.999999503
3.465288000 -0.009455924 0.003012109 -0.000073078 -0.000232697 -0.000879608 -0.000407332 0.999999503
3.565400000 -0.009455924 0.003012109 -0.000073078 -0.000232697 -0.000879608 -0.000407332 0.999999503
3.665486000 -0.009455924 0.003012109 -0.000073078 -0.000232697 -0.000879608 -0.000407332 0.999999503
3.765567000 -0.011571996 0.001329054 0.002009419 -0.000132612 -0.000985736 -0.000255701 0.999999473
3.865595000 -0.014558994 -0.004110120 0.003291702 0.000392489 -0.001284082 0.000407556 0.999999015
3.965591000 -0.014369546 -0.003846734 0.002062562 0.000449340 -0.001213868 -0.000171788 0.999999148
4.065531000 -0.016138536 -0.003231269 0.003067563 0.000355693 -0.001363030 -0.000731431 0.999998740
4.165534000 -0.016839958 0.000313826 0.005292663 0.000093405 -0.001229392 -0.000691680 0.999999001
4.265424000 -0.016839958 0.000313826 0.005292663 0.000093405 -0.001229392 -0.000691680 0.999999001
4.365315000 -0.016839958 0.000313826 0.005292663 0.000093405 -0.001229392 -0.000691680 0.999999001
4.465255000 -0.000246376 -0.008602494 0.015774616 0.000753486 -0.000346110 -0.000454475 0.999999553
4.565249000 -0.000246376 -0.008602494 0.015774616 0.000753486 -0.000346110 -0.000454475 0.999999553
4.665313000 0.004477914 0.001527948 -0.010091393 0.000116661 -0.000848191 -0.000143398 0.999999623
4.765391000 0.005074769 0.002807803 -0.013359241 0.000036206 -0.000911622 -0.000104097 0.999999578
4.865516000 0.005074769 0.002807803 -0.013359241 0.000036206 -0.000911622 -0.000104097 0.999999578
4.965507000 0.005074769 0.002807803 -0.013359241 0.000036206 -0.000911622 -0.000104097 0.999999578
5.065643000 0.005074769 0.002807803 -0.013359241 0.000036206 -0.000911622 -0.000104097 0.999999578
5.165951000 0.005074769 0.002807803 -0.013359241 0.000036206 -0.000911622 -0.000104097 0.999999578
5.266121000 0.005074769 0.002807803 -0.013359241 0.000036206 -0.000911622 -0.000104097 0.999999578
5.366190000 0.004425591 0.002522669 -0.012536420 0.000076637 -0.001062073 -0.000022948 0.999999433
5.466203000 0.001877959 0.013482441 0.010833205 -0.003296155 -0.000201250 -0.009460284 0.999949798
5.566125000 0.009083557 -0.005534002 0.078417087 -0.003232336 -0.004785110 -0.011407406 0.999918260
5.666080000 0.000350788 0.001213917 0.115289307 -0.004859893 -0.013603778 -0.015266026 0.999779109
5.766098000 -0.006789347 -0.000043862 0.144341390 -0.005396506 -0.022334679 -0.018342058 0.999567711
5.866079000 -0.007281222 -0.000273781 0.150833135 -0.005104251 -0.027729126 -0.021968234 0.999361015
5.966076000 -0.000039958 0.050911189 0.173360601 -0.012911850 -0.030681651 -0.038230962 0.998714331
6.066371000 -0.009528988 0.025074551 0.175914315 -0.008107963 -0.040043815 -0.036684157 0.998491375
6.167130000 -0.020621333 -0.096763032 0.131022956 0.011655170 -0.056468948 -0.003770520 0.998329203
6.267914000 0.009361588 -0.088997599 0.162603196 0.008898838 -0.052855218 -0.001221617 0.998561788
6.368629000 0.018110503 -0.104715466 0.148134606 0.007513450 -0.052193666 -0.004014012 0.998600649
6.469516000 0.032250709 -0.056919637 0.097673033 -0.002733125 -0.051466246 0.002961416 0.998666604
6.570368000 0.031962747 -0.078912729 0.110357124 -0.004506554 -0.049455381 -0.002825882 0.998762169
6.670993000 -0.005377794 -0.118253808 0.108544315 -0.006479548 -0.049245177 -0.018465746 0.998594985
6.771279000 -0.006230581 -0.170032791 0.127130860 -0.008771893 -0.045270421 -0.024366115 0.998639042
6.871285000 -0.007734953 -0.164545979 0.153928175 -0.016154969 -0.047388313 -0.009443179 0.998701252
6.971115000 0.007824616 -0.148824511 0.191380163 -0.027795024 -0.047557025 0.004655140 0.998470879
7.070994000 0.014215640 -0.203118776 0.195463010 -0.026941788 -0.047696096 0.008533407 0.998462019
7.171136000 0.013392866 -0.254543155 0.209158864 -0.026635741 -0.048941315 0.011197931 0.998383639
7.271368000 0.011808240 -0.299976310 0.219443578 -0.025896349 -0.048997479 0.010420857 0.998408750
7.371613000 0.011130937 -0.348286078 0.238627275 -0.027882616 -0.048671487 0.010266480 0.998372799
7.471789000 0.026148334 -0.399722727 0.249353662 -0.055434282 -0.045632805 0.011964118 0.997347255
7.571761000 0.042573953 -0.461194265 0.252529162 -0.076665243 -0.042056192 0.012706910 0.996088476
7.671541000 0.046349406 -0.483746881 0.258654559 -0.082831094 -0.038977169 0.006181011 0.995781896
7.771162000 0.031924616 -0.501321493 0.256178730 -0.074471561 -0.039430761 0.005765472 0.996426596
7.870738000 0.019077430 -0.521980200 0.249903129 -0.063184105 -0.041259226 0.009232482 0.997105915
7.970470000 0.018800967 -0.537206776 0.242330502 -0.052475795 -0.041766947 0.012158319 0.997674290
8.070540000 0.011733428 -0.557973724 0.205122546 -0.037334712 -0.041663148 0.012751705 0.998352491
8.170917000 0.001571057 -0.578977508 0.173649125 -0.028568521 -0.042130069 0.013359809 0.998614246
8.271215000 0.116089440 -0.575136504 0.123612021 -0.027662826 -0.030171933 0.023759655 0.998879323
8.371414000 0.109261471 -0.593402935 0.101208070 -0.023630994 -0.028622084 0.015444561 0.999191582
8.471664000 0.097630841 -0.618130751 0.066601007 -0.012190003 -0.025560902 0.004084412 0.999590597
8.571804000 0.081698592 -0.648689910 0.035672050 -0.002657222 -0.023213530 -0.006673160 0.999704726
8.671731000 0.078841582 -0.658044086 0.037608329 -0.005833495 -0.024131804 -0.005988577 0.999673828
8.771611000 0.084710924 -0.681579101 0.033530490 -0.006859517 -0.026464181 0.006577547 0.999604587
8.871588000 0.091913849 -0.717538066 0.029683970 -0.008600051 -0.028980944 0.013541939 0.999451229
8.971692000 0.096432893 -0.754070885 0.027130499 -0.010168742 -0.029180356 0.017816872 0.999363629
9.071848000 0.096672105 -0.793886266 0.031139476 -0.015697722 -0.028926544 0.020321400 0.999251659
9.171938000 0.100453354 -0.832969511 0.033289241 -0.015477749 -0.028080755 0.021403216 0.999256630
9.271789000 0.096840639 -0.879843773 0.039048074 -0.014213581 -0.027775529 0.022681727 0.999255740
9.371429000 0.103579832 -0.898790408 0.039761254 -0.011998633 -0.024984755 0.024153523 0.999323973
9.471095000 0.102431415 -0.929742599 0.071507670 -0.013953663 -0.025429457 0.024110507 0.999288408
9.570960000 0.097218276 -0.982380746 0.091683347 -0.018899611 -0.024484348 0.024632886 0.999217965
9.670957000 0.094159374 -1.034509322 0.115203374 -0.022532660 -0.023070141 0.025163299 0.999163078
9.770914000 0.091516548 -1.083776427 0.148720095 -0.023261497 -0.022657979 0.024618611 0.999169376
9.870697000 0.088749828 -1.139260749 0.180795032 -0.025037728 -0.020556384 0.019105428 0.999292515
9.970450000 0.085694002 -1.187691726 0.216710771 -0.026659179 -0.017224924 0.009096665 0.999454772
10.070385000 0.080330351 -1.233701993 0.248836249 -0.029452560 -0.009102746 -0.011455462 0.999459083
10.170543000 0.072058396 -1.280717389 0.289718855 -0.032404504 -0.000779117 -0.036909329 0.998792793
10.270761000 0.093453166 -1.323458243 0.330895310 -0.032307681 0.007461554 -0.055807575 0.997890802
10.370965000 0.119848235 -1.349953295 0.370768240 -0.033203914 0.009290558 -0.048134288 0.998245599
10.471059000 0.143379157 -1.373187637 0.396156987 -0.029336212 0.008524350 -0.028039187 0.999139893
10.570878000 0.205786779 -1.389159524 0.447511100 -0.028346163 0.007239142 -0.004299045 0.999562708
10.670534000 0.267663122 -1.401894250 0.498062556 -0.029548234 0.001774103 0.019098748 0.999379303
10.770210000 0.326030174 -1.410943323 0.549285314 -0.029271217 -0.002216228 0.028774861 0.999154789
10.869948000 0.379814328 -1.420119759 0.596574429 -0.028208790 -0.005641707 0.032432175 0.999059853
10.969808000 0.433272716 -1.436091522 0.644341745 -0.027821057 -0.010256385 0.031523279 0.999063100
11.069763000 0.482837659 -1.456913125 0.691128461 -0.027361628 -0.014330683 0.029268184 0.999094263
11.169931000 0.531845816 -1.478802586 0.737399545 -0.027429131 -0.017711674 0.027725627 0.999082193
11.269947000 0.575261075 -1.506370402 0.783368817 -0.026747784 -0.020804513 0.026803983 0.999066201
11.369887000 0.614942624 -1.530689180 0.827899947 -0.026709280 -0.021803805 0.027112370 0.999037601
11.469670000 0.657890927 -1.561026686 0.857331531 -0.027267605 -0.019898792 0.023815582 0.999146303
11.569473000 0.672478894 -1.572109721 0.885018225 -0.027403430 -0.019755621 0.028045458 0.999035645
11.669295000 0.707967831 -1.594009255 0.928075550 -0.031802470 -0.021190933 0.045747617 0.998221770
11.769154000 0.735307378 -1.612162082 0.975605355 -0.032319475 -0.016358482 0.046342185 0.998268628
11.869126000 0.762203998 -1.627895665 1.032347335 -0.030553307 -0.008456364 0.041365782 0.998641005
11.969080000 0.778683675 -1.644275398 1.072513002 -0.027399301 0.000071619 0.036433051 0.998960413
12.069056000 0.796973234 -1.657087724 1.115941609 -0.026173397 0.007606493 0.033342210 0.999072265
12.169159000 0.813071679 -1.662682208 1.163312968 -0.031956949 0.013304482 0.033894658 0.998825759
12.269086000 0.828085117 -1.663581053 1.208406167 -0.042522453 0.019300706 0.035702641 0.998270828
12.369185000 0.833196812 -1.666853134 1.242715904 -0.051766912 0.020162817 0.036435254 0.997790619
12.469487000 0.847320714 -1.665313465 1.280566490 -0.041465432 0.019865302 0.036188069 0.998286738
12.569817000 0.859835415 -1.666427797 1.311469583 -0.032638919 0.019464548 0.035876617 0.998633417
12.670282000 0.870383466 -1.675309017 1.339025456 -0.027730944 0.018846733 0.035031195 0.998823613
12.770842000 0.872683886 -1.679692647 1.346784313 -0.026755757 0.018035478 0.035117629 0.998862154
12.871327000 0.871230196 -1.699108966 1.363978667 -0.027216362 0.015943275 0.034716814 0.998899306
12.971634000 0.866849404 -1.712172505 1.364977351 -0.026223263 0.014454573 0.036102864 0.998899389
13.071809000 0.873245667 -1.726652867 1.390572517 -0.026812638 0.015393557 0.038733369 0.998771168
13.171960000 0.881810879 -1.746646149 1.423745551 -0.026466604 0.013846219 0.038300169 0.998819753
13.271925000 0.882886674 -1.768884504 1.451632386 -0.026625808 0.014074099 0.029891951 0.999099323
13.371883000 0.897524046 -1.784907222 1.528643135 -0.026371688 0.014968700 0.027704993 0.999156097
13.471768000 0.903324693 -1.797730482 1.565577864 -0.025770297 0.011611138 0.038463842 0.998860153
13.571604000 0.910936901 -1.819088233 1.594853671 -0.026455032 0.011008479 0.041720520 0.998718350
13.671390000 0.914699758 -1.836738178 1.615346057 -0.025099488 0.011282486 0.045475513 0.998586350
13.771060000 0.920709326 -1.853690776 1.654395736 -0.027037714 0.013804289 0.048524714 0.998360534
13.870733000 0.925585453 -1.870540959 1.687551948 -0.025859643 0.015429345 0.049034199 0.998343058
13.970369000 0.941509179 -1.892432501 1.732623960 -0.020478010 0.018268991 0.050382596 0.998352888
14.070028000 0.943195307 -1.918819420 1.763638708 -0.015765792 0.021404747 0.049766272 0.998407029
14.169973000 0.941966357 -1.944611693 1.801929994 -0.014010826 0.024651674 0.051013701 0.998295344
14.270000000 0.940009912 -1.972604181 1.842798695 -0.017714847 0.029678095 0.050715264 0.998114902
14.370138000 0.932578352 -1.991461315 1.885884142 -0.024729267 0.035447361 0.052582938 0.997680802
14.470316000 0.922525122 -2.004913649 1.924508593 -0.027355336 0.043433131 0.055931401 0.997114300
14.570361000 0.913478329 -2.020074163 1.971488297 -0.029472672 0.050228370 0.058400730 0.996593110
14.670168000 0.904030256 -2.031392726 2.014284730 -0.029497941 0.057373114 0.061384201 0.996027197
14.769977000 0.894337226 -2.040829627 2.061416463 -0.029912501 0.065627687 0.062267990 0.995450123
14.869916000 0.883200036 -2.052872926 2.108170265 -0.034435332 0.073118627 0.064206028 0.994658464
14.970099000 0.871216333 -2.068313247 2.149977763 -0.047052072 0.079658578 0.064246953 0.993636222
15.070584000 0.858210441 -2.087216781 2.187070184 -0.054689356 0.083874002 0.064555120 0.992878070
15.171197000 0.842980772 -2.100491699 2.212178329 -0.060248838 0.088171734 0.066881295 0.992029594
15.271608000 0.829089062 -2.120220248 2.235980300 -0.062323916 0.092727675 0.066621797 0.991503325
15.371633000 0.819274016 -2.138733375 2.255759601 -0.060812927 0.096920462 0.073931073 0.990677752
15.471121000 0.811608958 -2.151598262 2.266282015 -0.056373108 0.098627312 0.092339689 0.989226015
15.570258000 0.797877993 -2.160569563 2.275715407 -0.051790275 0.105256470 0.098111949 0.988237263
15.669549000 0.780262400 -2.162293356 2.278200813 -0.051099786 0.113817542 0.102685780 0.986858657
15.769314000 0.755874071 -2.157073478 2.277380460 -0.053321552 0.123389390 0.105083076 0.985337210
15.869533000 0.728800735 -2.141701267 2.270286067 -0.054994868 0.134137112 0.109526897 0.983354798
15.970106000 0.699214075 -2.119032373 2.270889240 -0.057956231 0.143372924 0.113047450 0.981481306
16.070691000 0.670032349 -2.105301628 2.269981504 -0.058935815 0.149832503 0.115723310 0.980145350
16.171177000 0.634677528 -2.069773767 2.252186350 -0.057781288 0.156083907 0.108034297 0.980116181
16.271372000 0.592069001 -2.044220711 2.231600020 -0.049167245 0.162024689 0.095751367 0.980898699
16.371544000 0.550123694 -2.026795153 2.204348682 -0.040749388 0.165793505 0.089054894 0.981285497
16.471676000 0.508576607 -2.013696570 2.173481906 -0.035919662 0.168189886 0.085773054 0.981358713
16.571591000 0.466081929 -1.998493849 2.138336171 -0.034639447 0.169969902 0.085718380 0.981102798
16.671364000 0.424183003 -1.986297521 2.107847963 -0.034014968 0.171365136 0.086252155 0.980835123
16.771007000 0.386493203 -1.983877216 2.076025071 -0.029403805 0.173137687 0.086767617 0.980627421
16.870416000 0.343289035 -1.985775154 2.044937792 -0.027481575 0.174491703 0.087892691 0.980342942
16.969794000 0.300306039 -1.991555427 2.015934357 -0.027251749 0.176189491 0.089612322 0.979889911
17.069148000 0.254342214 -2.000401940 1.988075810 -0.027443477 0.178333748 0.090958559 0.979372488
17.168755000 0.206900230 -2.007441502 1.952909681 -0.027837267 0.180269079 0.093042556 0.978811130
17.268414000 0.158850040 -2.019442170 1.925995419 -0.028012631 0.182947713 0.093257879 0.978288503
17.368390000 0.113121061 -2.032430843 1.898933314 -0.028497594 0.184480683 0.096050360 0.977716264
17.468515000 0.078565213 -2.046729667 1.906259449 -0.033255817 0.176447687 0.111516906 0.977406898
17.568853000 0.089677712 -2.049763215 1.914322532 -0.034457072 0.173562286 0.112190852 0.977804712
17.669235000 0.043710723 -2.057597617 1.872670609 -0.033326075 0.170032631 0.102142807 0.979563742
17.769574000 -0.020619982 -2.060406899 1.853450934 -0.033402774 0.167230293 0.090515306 0.981185642
17.869891000 -0.080662128 -2.065188788 1.829534469 -0.031986607 0.164395212 0.084779651 0.982223743
17.970157000 -0.139734249 -2.067874097 1.805833155 -0.032169585 0.158508085 0.080250426 0.983565033
18.070463000 -0.200115954 -2.057229555 1.788371479 -0.031178048 0.150959547 0.068200282 0.985691567
18.170873000 -0.245732645 -2.062454939 1.747352092 -0.047392303 0.149828405 0.030914549 0.987091540
18.271137000 -0.298102641 -2.068761301 1.718980118 -0.072266751 0.149751884 -0.013066390 0.985992474
18.371118000 -0.316462336 -2.065221464 1.686808280 -0.078310169 0.144947322 -0.031323861 0.985838023
18.470790000 -0.330136497 -2.061640483 1.662545733 -0.077088442 0.133185799 -0.027555527 0.987704211
18.570396000 -0.324202584 -2.061925120 1.630181925 -0.074659473 0.119798263 -0.019244409 0.989799976
18.670004000 -0.307477325 -2.062481226 1.594810493 -0.067928073 0.108056262 -0.005676814 0.991805119
18.769538000 -0.276151294 -2.065907170 1.549467658 -0.053180970 0.096736921 0.019278958 0.993701200
18.869150000 -0.244434632 -2.075465160 1.500148695 -0.040045339 0.088855020 0.037804661 0.994520972
18.968958000 -0.209598838 -2.099440095 1.440038976 -0.035660250 0.085029525 0.044914743 0.994726592
19.068969000 -0.178799487 -2.123423605 1.404373672 -0.030830195 0.084440655 0.049995457 0.994695797
19.169051000 -0.156662763 -2.136641784 1.398819092 -0.031080898 0.085565737 0.051235551 0.994528733
19.269261000 -0.129657856 -2.135797494 1.392219526 -0.031896279 0.088923831 0.050472123 0.994247326
19.369589000 -0.136422925 -2.137668382 1.404004519 -0.032535251 0.090329772 0.051008020 0.994072518
19.469752000 -0.113156985 -2.138591608 1.364508974 -0.019509644 0.091397766 0.052185115 0.994254764
19.569611000 -0.092165667 -2.133677436 1.327806252 0.001035688 0.091638692 0.054682039 0.994289270
19.669091000 -0.073935567 -2.120168846 1.298041187 0.012151372 0.091848289 0.054942746 0.994181840
19.768578000 -0.059947707 -2.112432490 1.282983405 0.017836231 0.093899029 0.049905302 0.994170158
19.868147000 -0.056438962 -2.110048940 1.281966336 0.016084551 0.098278599 0.033362929 0.994469466
19.967863000 -0.047954872 -2.118079379 1.288013307 0.002011569 0.105040901 0.010870896 0.994406449
20.067791000 -0.028715438 -2.120426419 1.297551224 -0.014702239 0.106465089 0.010102277 0.994156413
20.168192000 -0.003301956 -2.123232017 1.316423020 -0.023246460 0.104421244 0.018549153 0.994088394
20.268860000 0.023920980 -2.123218218 1.337720090 -0.028453060 0.099871042 0.033327462 0.994034948
20.369665000 0.047492014 -2.124570909 1.351814192 -0.031133459 0.096744343 0.040655915 0.993991115
20.470333000 0.070638272 -2.135154075 1.369252791 -0.031362024 0.095686891 0.042945634 0.993989997
20.570632000 0.094464096 -2.150577596 1.385323243 -0.030505987 0.094814369 0.044863997 0.994015514
20.670779000 0.118532342 -2.171416933 1.400358595 -0.029499862 0.094539923 0.044390681 0.994093270
20.770893000 0.123159420 -2.187158002 1.429739933 -0.027276176 0.096289258 0.036103747 0.994324348
20.870837000 0.153549527 -2.189642720 1.409687112 -0.026187367 0.100894527 0.021430463 0.994321503
20.970675000 0.168743993 -2.199440398 1.429262259 -0.026306124 0.102709834 0.017090238 0.994216577
21.070430000 0.196979827 -2.212745902 1.441783645 -0.026822170 0.099885168 0.029017041 0.994214029
21.170198000 0.229040307 -2.225429080 1.461399972 -0.026393028 0.097192948 0.037942818 0.994191773
21.269832000 0.255339069 -2.239825036 1.481677829 -0.025148209 0.095735701 0.042105992 0.994197832
21.369358000 0.284753546 -2.252302710 1.500260988 -0.026332858 0.095337535 0.042359967 0.994194633
21.468779000 0.319850604 -2.270542267 1.515440422 -0.027387078 0.095764371 0.041465254 0.994162847
21.568150000 0.375029121 -2.273774391 1.532072914 -0.029805426 0.097911353 0.040300154 0.993932040
21.667843000 0.400228143 -2.292514576 1.554881422 -0.030911262 0.097471421 0.040012163 0.993953139
21.768285000 0.411435454 -2.298275136 1.569557566 -0.030689449 0.096543516 0.039634037 0.994065717
21.869213000 0.433095918 -2.302943416 1.590502881 -0.032240070 0.097071436 0.039540746 0.993968935
21.970125000 0.450096118 -2.316700275 1.611032267 -0.034344630 0.096070470 0.037806081 0.994063183
22.070867000 0.460074972 -2.325880551 1.624503118 -0.034507742 0.095367482 0.037274794 0.994145286
22.171290000 0.468256050 -2.356910000 1.646259945 -0.032672637 0.092588608 0.037049033 0.994478365
22.271212000 0.476358755 -2.362808434 1.680536418 -0.032983694 0.091795616 0.037407445 0.994528192
22.370789000 0.499254724 -2.359875383 1.708233603 -0.032554909 0.094345236 0.030750989 0.994531815
22.470085000 0.514845810 -2.357363188 1.736641091 -0.031538335 0.097935869 0.019732320 0.994497126
22.569302000 0.555669570 -2.354142215 1.762187971 -0.029772702 0.101776770 0.018328246 0.994192713
22.668604000 0.574613580 -2.336117686 1.796501645 -0.030209086 0.099540490 0.024658002 0.994269121
22.768067000 0.593773877 -2.329076507 1.831761208 -0.027012344 0.098319428 0.027660054 0.994403613
22.867767000 0.610556505 -2.323677052 1.862339635 -0.025376813 0.097150598 0.031069870 0.994460880
22.967781000 0.633561503 -2.335085230 1.890655204 -0.025073259 0.096610303 0.029662411 0.994564187
23.068008000 0.654115368 -2.336573537 1.942413815 -0.026793768 0.096903131 0.025867610 0.994596775
23.168587000 0.675179419 -2.327201975 1.980623893 -0.026293484 0.097482920 0.024474832 0.994588717
23.269240000 0.688539320 -2.315970923 2.002162249 -0.023342664 0.098248344 0.025315968 0.994565978
23.369691000 0.708326093 -2.309656884 2.043432329 -0.026778627 0.098179421 0.024090216 0.994516650
23.469929000 0.718614414 -2.297358007 2.077821324 -0.030728177 0.097008166 0.028464530 0.994401813
23.569977000 0.725677164 -2.279642133 2.115417796 -0.033058376 0.096216970 0.033103180 0.994260337
23.669884000 0.740825081 -2.274627016 2.153372939 -0.034065129 0.096087223 0.033819981 0.994214776
23.769756000 0.758887213 -2.270631310 2.196121581 -0.035037022 0.095649292 0.034176311 0.994211044
23.869706000 0.771935924 -2.269293571 2.212586081 -0.034021594 0.095098318 0.033891604 0.994308906
23.969792000 0.786385169 -2.269446054 2.240112595 -0.032260157 0.101873088 0.018213293 0.994107354
24.070009000 0.780619856 -2.261177612 2.316479429 -0.033426237 0.095502452 0.033505515 0.994303449
24.170146000 0.798943041 -2.261269938 2.358210920 -0.034688766 0.093315933 0.040166394 0.994221045
24.270024000 0.826012237 -2.233041813 2.498930432 -0.039748736 0.096769327 0.039449644 0.993730075
24.369690000 0.857329008 -2.227259261 2.562247069 -0.041338876 0.099046759 0.046116569 0.993153613
24.469281000 0.867379739 -2.230023436 2.583438757 -0.041516855 0.100492330 0.050676401 0.992778699
24.568896000 0.888792591 -2.213198470 2.620723812 -0.040286932 0.104821816 0.055934205 0.992099146
24.668790000 0.904210694 -2.206631856 2.664915597 -0.041700569 0.110452789 0.062501550 0.991037235
24.768864000 0.922323036 -2.222734168 2.707000651 -0.041880251 0.114955504 0.066971829 0.990225253
24.869066000 0.950330632 -2.232975254 2.774965212 -0.038920025 0.119248410 0.072594147 0.989441832
24.969190000 0.949564213 -2.226539342 2.818810129 -0.040888643 0.122864472 0.069189305 0.989163930
25.069130000 0.954648290 -2.259316539 2.813911372 -0.034556843 0.130759875 0.050993074 0.989498553
25.169165000 0.964069150 -2.264190412 2.862553324 -0.036004830 0.139804386 0.038492805 0.988775348
25.269221000 0.978520160 -2.274613538 2.911045693 -0.036301596 0.146530736 0.041567012 0.987665490
25.369382000 0.990308825 -2.274324511 2.947071093 -0.040129071 0.150118997 0.055088945 0.986315950
25.469698000 1.010896640 -2.251619294 2.995775469 -0.043459948 0.157533247 0.054855026 0.985030677
25.569802000 1.042931868 -2.235614766 3.054039318 -0.045000836 0.164812591 0.057273660 0.983631772
25.669703000 1.066178629 -2.249000950 3.103310369 -0.046700941 0.172540542 0.057777031 0.982196823
25.769513000 1.093775030 -2.261525277 3.158866829 -0.047732450 0.180291644 0.058940922 0.980684712
25.869272000 1.115389895 -2.273015413 3.205715876 -0.048898007 0.187916094 0.061632682 0.979029080
25.969016000 1.140043451 -2.286119809 3.265522847 -0.049694398 0.196659316 0.064886452 0.977059532
26.068870000 1.157428901 -2.294416559 3.315826568 -0.049439351 0.205133365 0.069210030 0.975031294
26.168953000 1.172327692 -2.287979389 3.365075795 -0.053269093 0.213890959 0.080569017 0.972070828
26.268935000 1.190858643 -2.300430786 3.417948735 -0.059440203 0.216681119 0.107608453 0.968471257
26.368785000 1.202797339 -2.310893973 3.465489358 -0.065272627 0.219998484 0.128156897 0.964839863
26.468584000 1.205369007 -2.319120839 3.511369599 -0.076337505 0.222377676 0.147239203 0.960750421
26.568646000 1.190918996 -2.324067980 3.536696360 -0.090055013 0.227017789 0.157367084 0.956863950
26.669111000 1.168325959 -2.333275046 3.560162230 -0.081896042 0.233814631 0.151895387 0.956844579
26.769650000 1.145297322 -2.345805150 3.575725794 -0.069001936 0.243919577 0.135945217 0.957737371
26.869925000 1.118102626 -2.359428816 3.580220664 -0.061305177 0.250579410 0.127881690 0.957652290
26.969909000 1.080596659 -2.361131603 3.580105640 -0.056927895 0.255541922 0.122163082 0.957357677
27.069508000 1.042125920 -2.367457254 3.585464207 -0.051033430 0.262620819 0.110020997 0.957246716
27.168870000 1.001425853 -2.373857760 3.590981203 -0.047555721 0.267432468 0.104192959 0.956745607
27.268083000 0.975747382 -2.374837417 3.585683791 -0.048075946 0.271849424 0.104814998 0.955405888
27.367329000 0.939638975 -2.377410168 3.587378711 -0.046929073 0.274671487 0.105520382 0.954577752
27.466795000 0.899832582 -2.376972226 3.584664894 -0.045349266 0.276889562 0.105767766 0.953985741
27.566623000 0.855884816 -2.368793853 3.576612217 -0.048163745 0.278947595 0.108898738 0.952895355
27.666744000 0.815431245 -2.366469683 3.571370154 -0.052559594 0.281360471 0.110569905 0.951760511
27.767213000 0.772819104 -2.367434709 3.567674777 -0.060980750 0.283835179 0.111703088 0.950390109
27.867856000 0.730382070 -2.377138512 3.569480642 -0.064258922 0.286382568 0.112292803 0.949339845
27.968290000 0.682472996 -2.374965512 3.566521220 -0.073483474 0.287108897 0.116301648 0.947967609
28.068615000 0.642657391 -2.386154928 3.561769463 -0.075534398 0.288196296 0.117164768 0.947369974
28.168965000 0.606743796 -2.401991923 3.553990200 -0.076735720 0.289528588 0.116043913 0.947005088
28.269175000 0.571578383 -2.421984457 3.543374580 -0.078822010 0.290639579 0.115560795 0.946552391
28.369304000 0.535656139 -2.440550631 3.527839489 -0.080353681 0.291090410 0.116282727 0.946196590
28.469326000 0.503554534 -2.468222824 3.508406830 -0.083778677 0.291959904 0.115029415 0.945784744
28.569343000 0.474254392 -2.495084022 3.487230649 -0.087997541 0.293020242 0.113202093 0.945294058
28.669172000 0.445170261 -2.518544570 3.463295682 -0.092646919 0.292439676 0.114602033 0.944860814
28.768920000 0.421024848 -2.547427362 3.437207639 -0.098231172 0.293738576 0.112417607 0.944156008
28.868707000 0.401737242 -2.573284472 3.401563051 -0.109037048 0.295232470 0.109173787 0.942883765
28.968623000 0.388244281 -2.587730840 3.362914785 -0.114436342 0.296194710 0.107281248 0.942159090
29.068623000 0.379990350 -2.593565718 3.320431025 -0.118040217 0.296858713 0.107057204 0.941530757
29.168691000 0.376578307 -2.592762280 3.274158483 -0.119591248 0.297843990 0.106532431 0.941083276
29.268514000 0.381524376 -2.581063609 3.222577196 -0.116835422 0.298824673 0.107589057 0.940998349
29.368196000 0.391249995 -2.553282288 3.166581292 -0.115083259 0.298850706 0.109317689 0.941006770
29.467846000 0.406235790 -2.522993324 3.105944104 -0.111815216 0.299126700 0.109078398 0.941340787
29.567521000 0.427157119 -2.483475673 3.038657282 -0.105816167 0.298745850 0.109468795 0.942109568
29.667203000 0.451760613 -2.445348364 2.966802559 -0.091859121 0.296186059 0.113159745 0.943944168
29.767099000 0.477673393 -2.409519986 2.890147458 -0.082468277 0.293358298 0.116078363 0.945338937
29.867306000 0.505641017 -2.374832549 2.806757705 -0.067714627 0.289545571 0.121685051 0.946979852
29.967630000 0.530623789 -2.343924024 2.720794019 -0.055753965 0.287284190 0.125982202 0.947885950
30.068092000 0.552332826 -2.309892726 2.635612691 -0.034414161 0.286794365 0.134760369 0.947841918
30.168721000 0.562857535 -2.274725183 2.555752716 -0.025655466 0.290226326 0.141118154 0.946148056
30.269151000 0.573698311 -2.237905475 2.488087033 -0.026493432 0.297118136 0.143137649 0.943679249
30.369377000 0.564913642 -2.215355723 2.426699471 -0.043054815 0.305868667 0.141979579 0.940442683
30.469662000 0.556211080 -2.186445737 2.365237548 -0.052691485 0.315076105 0.140072925 0.937192740
30.569919000 0.556705168 -2.138449245 2.320748981 -0.057442022 0.324683372 0.139245975 0.933751402
30.669974000 0.548474470 -2.101978619 2.268342206 -0.058285499 0.331521490 0.139182931 0.931302536
30.769957000 0.537134669 -2.065578472 2.217003898 -0.056023274 0.335799306 0.139877139 0.929803530
30.869739000 0.513002710 -2.012054443 2.166726994 -0.059364185 0.339175862 0.140834699 0.928224766
30.969155000 0.497934822 -1.984503756 2.122082334 -0.046945790 0.348317623 0.123701276 0.927991875
31.068472000 0.488197331 -1.951862562 2.076329740 -0.040850882 0.356447018 0.106922395 0.927277914
31.167992000 0.481090259 -1.919866537 2.037938785 -0.040655714 0.360355037 0.101527608 0.926381943
31.267552000 0.466922102 -1.904681795 2.008820049 -0.043516192 0.359712366 0.110206538 0.925509521
31.367457000 0.476854846 -1.882124815 1.988743864 -0.047239803 0.359951454 0.116620464 0.924447413
31.467541000 0.522119480 -1.879125100 1.959048565 -0.045601511 0.361496006 0.120018621 0.923491565
31.567618000 0.551012981 -1.864137701 1.930140706 -0.051618525 0.359074894 0.135025440 0.922046028
31.667712000 0.550094372 -1.856181326 1.899574986 -0.053224106 0.355865593 0.143494731 0.921919810
31.767770000 0.558501946 -1.847819953 1.870014768 -0.053027082 0.354374333 0.146697311 0.922001551
31.867767000 0.559074053 -1.841648603 1.861497081 -0.053875474 0.354556537 0.147639390 0.921731906
31.967730000 0.568613709 -1.820180043 1.838300934 -0.056697241 0.353987110 0.151172608 0.921208658
32.067807000 0.568984221 -1.795580410 1.829066397 -0.059173988 0.354843148 0.150067446 0.920904198
32.168221000 0.577808518 -1.856486689 1.776754218 -0.054796905 0.355507839 0.153880533 0.920289225
32.268576000 0.570714842 -1.858564471 1.743005859 -0.054409490 0.357180102 0.157013517 0.919134777
32.368833000 0.570110835 -1.855570522 1.719985435 -0.053804685 0.358948540 0.156811952 0.918515658
32.469000000 0.559913692 -1.860083747 1.702459092 -0.052511362 0.359806350 0.157651800 0.918111027
32.569043000 0.512022338 -1.815589031 1.696278619 -0.055657801 0.360414133 0.158307242 0.917574345
32.668927000 0.501837137 -1.801434566 1.662321520 -0.054738995 0.361988101 0.157465231 0.917154817
32.768715000 0.521495935 -1.793825683 1.635338486 -0.053411911 0.364407958 0.156574445 0.916427003
32.868423000 0.525551834 -1.771537286 1.615108911 -0.051951972 0.366463854 0.157726463 0.915493091
32.968084000 0.520925715 -1.743876310 1.593007649 -0.050647378 0.368531702 0.160304354 0.914287560
33.067729000 0.519744298 -1.725030371 1.569513699 -0.049770415 0.370196769 0.160801363 0.913575492
33.167481000 0.513887971 -1.708520282 1.541386112 -0.046690463 0.372471735 0.157053243 0.913465427
33.267161000 0.502298465 -1.701721729 1.520618762 -0.035341726 0.381404730 0.133135034 0.914087773
33.367107000 0.500640070 -1.801428508 1.445341452 -0.026349540 0.382178757 0.136631261 0.913551858
33.467447000 0.500632774 -1.826466599 1.415173437 -0.030677779 0.378884300 0.150502120 0.912608718
33.568183000 0.506873875 -1.830032705 1.405401142 -0.036858735 0.372726499 0.164927049 0.912422851
33.669031000 0.506070477 -1.838873686 1.399128021 -0.041134431 0.366879267 0.169688493 0.913735945
33.769642000 0.514061215 -1.849813309 1.386465527 -0.041686059 0.359713395 0.170521651 0.916401065
33.869905000 0.516511501 -1.870476881 1.377013267 -0.042160028 0.350458399 0.168727101 0.920289415
33.969887000 0.515573543 -1.890031481 1.364906892 -0.044574875 0.341680428 0.163304054 0.924445429
34.069727000 0.517409558 -1.913739730 1.355035873 -0.041094767 0.334540679 0.152752763 0.929010413
34.169705000 0.521108645 -1.935601279 1.344366777 -0.042327468 0.326688724 0.153831533 0.931567884
34.269558000 0.525654712 -1.957799751 1.330753961 -0.042606895 0.323774992 0.154361530 0.932484276
34.369427000 0.530257839 -1.986464926 1.315332349 -0.040587466 0.325385223 0.153665647 0.932128738
34.469393000 0.528526200 -1.995687667 1.298953829 -0.041271765 0.329123906 0.155526168 0.930476065
34.569429000 0.504392777 -1.984404635 1.422956379 -0.046430606 0.331025773 0.147057943 0.930935067
34.669642000 0.517808366 -2.014336632 1.434369200 -0.046837323 0.329261708 0.144320605 0.931968109
34.770137000 0.515906146 -2.042260317 1.425843228 -0.045807892 0.320961435 0.139592608 0.935627756
34.870609000 0.513205386 -2.066692939 1.420259076 -0.044971058 0.310116538 0.133365214 0.940222876
34.970743000 0.510001192 -2.091964905 1.414329986 -0.043328437 0.299798768 0.125525271 0.944715170
35.070408000 0.506004864 -2.100452649 1.415730965 -0.042215484 0.291248064 0.117339403 0.948485046
35.169890000 0.491790442 -2.108412213 1.411291298 -0.037827081 0.286126764 0.109386551 0.951175677
35.269209000 0.405826476 -2.109026741 1.551007752 -0.035933970 0.286233859 0.095684982 0.952692664
35.368555000 0.517074603 -2.157779485 1.498647219 -0.027425084 0.296763615 0.079459426 0.951244144
35.468107000 0.400187598 -2.131821456 1.575681389 -0.032924988 0.289945410 0.087523029 0.952463818
35.567968000 0.293355968 -2.087959925 1.543625868 -0.039251651 0.275078150 0.097181582 0.955691927
35.668092000 0.300440607 -2.094040293 1.564849740 -0.044463707 0.271123381 0.111908943 0.954982450
35.768417000 0.298611457 -2.108326741 1.587202465 -0.047428963 0.270120300 0.119074971 0.954257129
35.868847000 0.332655129 -2.119421367 1.616398048 -0.048114207 0.273138477 0.120804410 0.953145681
35.969174000 0.389129966 -2.141188198 1.670485604 -0.049082449 0.279504144 0.119827325 0.951372566
36.069346000 0.419616600 -2.180484799 1.670665376 -0.046821973 0.281732252 0.123305707 0.950384314
36.169436000 0.426892401 -2.210167736 1.679886619 -0.046016654 0.281337197 0.124244259 0.950418441
36.269308000 0.432555678 -2.223359951 1.692514226 -0.049624540 0.281578808 0.122637450 0.950374051
36.369135000 0.437932321 -2.235112959 1.710664261 -0.054262794 0.282442776 0.120276460 0.950165881
36.468894000 0.406133739 -2.224766267 1.692634485 -0.055196427 0.277161831 0.119806532 0.951725312
36.568664000 0.405326414 -2.228965740 1.710135054 -0.051355362 0.276809981 0.119566286 0.952072878
36.668504000 0.401797847 -2.230163279 1.722804893 -0.047688339 0.280136406 0.110695962 0.952363282
36.768525000 0.409533815 -2.230593208 1.735801034 -0.048400797 0.279103370 0.114426151 0.952189754
36.868618000 0.422649056 -2.218460622 1.758652681 -0.048443718 0.281420147 0.110702991 0.951945773
36.968734000 0.410598907 -2.207179618 1.888926995 -0.044759381 0.288555132 0.099857862 0.951189225
37.069014000 0.411930665 -2.210331727 1.907589249 -0.044847777 0.290164926 0.096800875 0.951011348
37.169402000 0.426730505 -2.211810403 1.920098393 -0.044733232 0.289397567 0.101511913 0.950759337
37.269504000 0.443022201 -2.204377160 1.944391430 -0.043477862 0.288332661 0.108936840 0.950319271
37.369410000 0.464838977 -2.191147189 1.961915908 -0.041352799 0.289027242 0.116480223 0.949307936
37.469219000 0.478628196 -2.188895479 1.982093535 -0.039213741 0.289847394 0.120947606 0.948589715
37.569116000 0.488900050 -2.185523806 2.004833063 -0.037877216 0.291188681 0.122732938 0.948003742
37.669107000 0.508399977 -2.186567874 2.027759773 -0.036537936 0.292390800 0.125239456 0.947358263
37.769078000 0.517246249 -2.200483339 2.029458323 -0.039488429 0.289729186 0.135362564 0.946665009
37.868994000 0.531058819 -2.210184949 2.040981056 -0.047498497 0.285563652 0.150915422 0.945209939
37.968835000 0.539884872 -2.222871870 2.048945412 -0.070626507 0.280299464 0.171761532 0.941776026
38.068515000 0.533344110 -2.229402257 2.038137467 -0.084088202 0.279455155 0.177825498 0.939793639
38.168410000 0.522365170 -2.226246129 2.028230817 -0.083619463 0.277782855 0.178972576 0.940113444
38.268396000 0.507012390 -2.221385998 2.006151359 -0.073789468 0.279176689 0.175257142 0.941222835
38.368545000 0.482713441 -2.201408946 1.971123699 -0.054908362 0.282988356 0.163065928 0.943563546
38.468802000 0.452235808 -2.176600560 1.933464690 -0.040651047 0.289327487 0.145062614 0.945300976
38.569000000 0.417507388 -2.144949526 1.898473860 -0.034378554 0.293062198 0.135308026 0.945845865
38.669053000 0.391052362 -2.116834407 1.865281935 -0.030409703 0.295773095 0.130610013 0.945798367
38.769072000 0.359896876 -2.081257769 1.828145393 -0.028858790 0.297445158 0.129964648 0.945411412
38.869243000 0.330578390 -2.052965404 1.797947984 -0.028789433 0.298382661 0.127374648 0.945470600
38.969533000 0.303126711 -2.022350976 1.765803623 -0.029302468 0.298803173 0.126481282 0.945441968
39.069870000 0.284153731 -2.006823556 1.733383876 -0.028168795 0.299884926 0.125004324 0.945330349
39.170161000 0.255043365 -1.987338568 1.702580147 -0.026623688 0.299858967 0.125840637 0.945272402
39.270186000 0.226189405 -1.966828740 1.671517457 -0.025779693 0.300273317 0.126843453 0.945030201
39.369907000 0.199465148 -1.947263009 1.645132923 -0.025285557 0.301955128 0.127038569 0.944481309
39.469455000 0.173915526 -1.926883773 1.612774770 -0.024626877 0.303395566 0.129304529 0.943729297
39.569145000 0.148613823 -1.909430817 1.579765013 -0.023629618 0.304531899 0.130686423 0.943198295
39.669007000 0.115257897 -1.895533083 1.549409632 -0.023600182 0.306082379 0.129248660 0.942895218
39.769062000 0.085361948 -1.897290132 1.524019345 -0.021454229 0.308372820 0.125501620 0.942706351
39.869220000 0.048087950 -1.887939421 1.496422540 -0.020281827 0.309034699 0.125697926 0.942489381
39.969248000 0.010816981 -1.884999465 1.470015902 -0.018420016 0.309906588 0.125957359 0.942206641
40.069114000 -0.024281403 -1.881619558 1.443195800 -0.017349002 0.310816159 0.126644751 0.941835142
40.168961000 -0.057607547 -1.872443386 1.418557108 -0.015887351 0.312302533 0.126225668 0.941425409
40.268704000 -0.097508411 -1.862961674 1.390682368 -0.013791333 0.314746410 0.119742128 0.941491540
40.368551000 -0.127012543 -1.852004748 1.366746020 -0.006729103 0.322748331 0.098063056 0.941367023
40.468486000 -0.152090971 -1.828789575 1.351586338 -0.013513317 0.319329936 0.116678158 0.940336105
40.568502000 -0.172978864 -1.814991869 1.335715448 -0.017585449 0.317979781 0.124510134 0.939721681
40.668550000 -0.191554468 -1.807352280 1.318123593 -0.019228461 0.317797969 0.128827808 0.939168842
40.768359000 -0.215458715 -1.803355979 1.302451583 -0.019863152 0.318112265 0.130434100 0.938827454
40.867924000 -0.247438110 -1.811998149 1.287291470 -0.018961737 0.318255247 0.131719401 0.938618160
40.967491000 -0.276929151 -1.810467037 1.265670802 -0.016467298 0.318366389 0.130500457 0.938797796
41.067410000 -0.308107272 -1.829248230 1.252421022 -0.012527181 0.319305525 0.129355518 0.938698142
41.167816000 -0.335157191 -1.832063119 1.240150908 -0.012119720 0.320907168 0.128871589 0.938223755
41.268381000 -0.358474909 -1.833524223 1.224308199 -0.011507321 0.322750571 0.128401683 0.937663404
41.368906000 -0.388897869 -1.824824963 1.213456762 -0.012116241 0.323985959 0.127982751 0.937286888
41.469271000 -0.421262321 -1.821823149 1.207925288 -0.011703172 0.325243143 0.127600834 0.936908726
41.569255000 -0.406579263 -1.777316153 1.189482349 -0.014557324 0.329504542 0.120799831 0.936281070
41.668988000 -0.415469851 -1.772943185 1.170801012 -0.012025314 0.330416667 0.120937421 0.935977755
41.768679000 -0.465076043 -1.769013779 1.169535688 -0.011454176 0.329626186 0.124023943 0.935859733
41.868582000 -0.507743675 -1.778528970 1.158990229 -0.009487228 0.329592743 0.126940019 0.935502457
41.968628000 -0.542697838 -1.778394089 1.148431522 -0.008371438 0.330008209 0.129267558 0.935047806
42.068741000 -0.577081745 -1.765318698 1.150334906 -0.011585048 0.331570819 0.128713299 0.934537032
42.168814000 -0.668738268 -1.700969374 1.214675245 -0.021865155 0.333881723 0.117387600 0.935021423
42.268615000 -0.698386855 -1.688553378 1.207998616 -0.037387888 0.337122221 0.111573989 0.934078155
42.368230000 -0.770876566 -1.651986371 1.278394622 -0.042870959 0.336179079 0.104851297 0.934960915
42.467741000 -0.787644389 -1.627094371 1.280798509 -0.032889338 0.335211148 0.106924238 0.935477945
42.567349000 -0.786261189 -1.596748861 1.285680582 -0.020111202 0.335342201 0.108001971 0.935669131
42.667217000 -0.841273668 -1.544946289 1.316092005 -0.016389721 0.333944145 0.106425853 0.936422033
42.767276000 -0.844742163 -1.508662902 1.311445812 -0.023615853 0.337087081 0.098063461 0.936054565
42.867435000 -0.883057431 -1.478238379 1.319152291 -0.018490846 0.334543904 0.098762545 0.937008231
42.967615000 -0.906903288 -1.451746163 1.357215043 -0.019500428 0.334620233 0.096076400 0.937239755
43.067827000 -0.902909097 -1.424322135 1.339507408 -0.016506444 0.332967077 0.095269536 0.937968112
43.168210000 -0.912987836 -1.399668649 1.320313986 -0.015344790 0.333046472 0.094492584 0.938038238
43.268481000 -0.958490971 -1.367568441 1.311063077 -0.020265181 0.329509303 0.094025423 0.939240204
43.368792000 -0.980375223 -1.319086713 1.297355970 -0.023546776 0.330483507 0.079544160 0.940158991
43.469166000 -1.006178488 -1.296139651 1.276853294 -0.010416839 0.333804852 0.055008396 0.940978154
43.569629000 -1.031979663 -1.263501829 1.266027121 -0.019649748 0.324285013 0.074402303 0.942824170
43.669984000 -1.048061693 -1.246905123 1.258742171 -0.023506900 0.316986095 0.083800761 0.944428226
43.770133000 -1.051044540 -1.258215227 1.228593104 -0.023500402 0.312672521 0.094093613 0.944896829
43.870173000 -1.065416522 -1.255562846 1.213874252 -0.034518281 0.310088563 0.092748187 0.945542884
43.970168000 -1.082901891 -1.251520740 1.201078601 -0.070401871 0.310410585 0.081730983 0.944462224
44.070006000 -1.087585690 -1.241758389 1.186764920 -0.080572914 0.313180625 0.077105412 0.943122822
44.169821000 -1.136969581 -1.282544094 1.175448295 -0.075298324 0.311531344 0.078942334 0.943952590
44.269546000 -1.129416907 -1.265327931 1.148321459 -0.058864332 0.312916372 0.082401218 0.944366652
44.369396000 -1.121597644 -1.245766387 1.111430361 -0.035605525 0.312969123 0.087412441 0.945061712
44.469167000 -1.109176120 -1.231556616 1.078099832 -0.020269817 0.312645619 0.085671945 0.945781248
44.568919000 -1.103417144 -1.226096675 1.037959998 -0.015369387 0.306598621 0.093035092 0.947156555
44.668788000 -1.099126745 -1.217430096 0.995192270 -0.013337837 0.296764327 0.094419740 0.950177851
44.768813000 -1.094621995 -1.213388108 0.959605825 -0.012875243 0.290122942 0.092686396 0.952403349
44.868986000 -1.076257612 -1.212568843 0.923755861 -0.012211412 0.283514220 0.090417737 0.954617830
44.969189000 -1.076805893 -1.210949414 0.888916421 -0.011360023 0.274630763 0.087657103 0.957478525
45.069266000 -1.058958801 -1.219003804 0.846818685 -0.010722380 0.264759739 0.085619801 0.960446022
45.169179000 -1.058275391 -1.228619037 0.808560561 -0.010618949 0.253393377 0.082445749 0.963785107
45.268828000 -1.054002773 -1.230498044 0.780400240 -0.010317811 0.242585686 0.079900994 0.966778961
45.368506000 -1.059490195 -1.231052703 0.747165703 -0.010692108 0.230641963 0.075072899 0.970079390
45.468131000 -1.061598333 -1.242861571 0.720343365 -0.009548906 0.224523692 0.071442885 0.971799282
45.567776000 -1.067734555 -1.253887288 0.695382664 -0.007390337 0.219932701 0.067038049 0.973180811
45.667448000 -1.067585043 -1.254506713 0.672713356 -0.006470495 0.218329588 0.057057779 0.974184137
45.766920000 -1.069536223 -1.240118937 0.659734000 -0.002353434 0.215608096 0.046943801 0.975348086
45.866278000 -1.062981446 -1.221091288 0.647838281 0.000594760 0.212324750 0.038452038 0.976442158
45.965682000 -1.047377022 -1.194527331 0.642969959 0.000993875 0.208338464 0.030691356 0.977574620
46.065404000 -1.029417535 -1.167849573 0.637259312 0.002794574 0.200324248 0.025004729 0.979406529
46.165512000 -1.008207285 -1.144691533 0.646814545 0.004067996 0.194513348 0.018320264 0.980720336
46.265836000 -0.972389138 -1.114260572 0.656047614 0.003477799 0.188229639 0.016184591 0.981985523
46.366343000 -0.923400849 -1.079479652 0.675565568 -0.002210287 0.177055310 0.033205543 0.983638106
46.467036000 -0.876989283 -1.056945412 0.694579059 -0.005282733 0.167062785 0.047945535 0.984765629
46.567884000 -0.831611531 -1.027513449 0.712960187 -0.006739084 0.161373627 0.053363350 0.985426552
46.668621000 -0.784887165 -1.005118462 0.725479988 -0.007258553 0.157488991 0.057030528 0.985845855
46.769288000 -0.744237808 -0.985929623 0.740303440 -0.006830769 0.153504006 0.059203240 0.986349247
46.869895000 -0.706743447 -0.955558825 0.756990955 -0.007468434 0.148284140 0.058530615 0.987182964
46.970326000 -0.666981283 -0.927368118 0.770108152 -0.008082125 0.143091473 0.056844486 0.988042618
47.070459000 -0.634187281 -0.898281471 0.787038736 -0.009001324 0.137348764 0.056417034 0.988873810
47.170429000 -0.600576005 -0.872191736 0.802374809 -0.009734600 0.132344937 0.054190230 0.989673418
47.270158000 -0.565964064 -0.839085068 0.829769657 -0.011208594 0.130751267 0.048671514 0.990156330
47.369747000 -0.530168641 -0.829410838 0.836130556 -0.038629815 0.129064786 0.044354365 0.989890251
47.469505000 -0.500821856 -0.820750729 0.861067383 -0.058295188 0.128635161 0.041194098 0.989119666
47.569471000 -0.473943636 -0.808722542 0.860576500 -0.060033854 0.126407023 0.040366194 0.989337036
47.669603000 -0.443778934 -0.792921733 0.855845675 -0.059404470 0.125084631 0.041066406 0.989514272
47.769783000 -0.407825154 -0.774680724 0.839276870 -0.052861071 0.123559427 0.042843798 0.990001608
47.870032000 -0.363988498 -0.760110218 0.809994017 -0.034116725 0.122517753 0.046589424 0.990784979
47.970032000 -0.324191085 -0.738000600 0.769145682 -0.023544508 0.120586400 0.049816899 0.991172464
48.069910000 -0.292981529 -0.719900537 0.752638131 -0.020906643 0.120061553 0.052700187 0.991146218
48.169874000 -0.256075383 -0.716998850 0.718823450 -0.016822381 0.120155519 0.053745131 0.991156456
48.269804000 -0.224095399 -0.698832900 0.694283103 -0.016157210 0.120273261 0.053774183 0.991151666
48.369722000 -0.200430659 -0.713332235 0.625401739 -0.008769838 0.116655341 0.055660248 0.991572770
48.469566000 -0.170184088 -0.679401856 0.611614715 -0.013337932 0.117747032 0.055897023 0.991379473
48.569487000 -0.122371212 -0.652872556 0.609760755 -0.017890520 0.120563330 0.060040416 0.990726784
48.669436000 -0.106065185 -0.643054849 0.567485239 -0.019396868 0.117983334 0.062894744 0.990831946
48.769342000 -0.085879752 -0.631516397 0.535265378 -0.019968193 0.115614894 0.065406366 0.990937170
48.869187000 -0.067847872 -0.618305936 0.510143757 -0.021701777 0.111630875 0.069273261 0.991094746
48.969029000 -0.039648774 -0.604365351 0.495251142 -0.033127954 0.105190066 0.080310018 0.990650236
49.068816000 -0.018389645 -0.592607526 0.479784963 -0.044743626 0.099165115 0.085522499 0.990378811
49.168604000 -0.004035905 -0.581942914 0.446032322 -0.046630414 0.093145692 0.082433972 0.991137793
49.268411000 0.011483106 -0.572400310 0.418955351 -0.035052056 0.090992050 0.070160663 0.992758421
49.368362000 0.023033757 -0.562755348 0.393015237 -0.025964824 0.087014426 0.061667010 0.993957493
49.468347000 0.034169843 -0.555118749 0.369060064 -0.021833703 0.082423111 0.056361464 0.994762839
49.568317000 0.044954328 -0.545200779 0.337630574 -0.019566379 0.076947478 0.052352431 0.995467461
49.668297000 0.056872647 -0.538882651 0.299806037 -0.017870312 0.072428296 0.047622845 0.996075729
49.768135000 0.072105916 -0.534487695 0.258440490 -0.015988838 0.067883638 0.045144125 0.996543113
49.867884000 0.085900318 -0.534918280 0.212794550 -0.014111992 0.062659702 0.043324759 0.996994272
49.967717000 0.101012187 -0.531907401 0.164486980 -0.011673996 0.057479536 0.042340712 0.997380111
50.067763000 0.097831878 -0.544279939 0.132507466 -0.009981145 0.053031790 0.042339319 0.997644921
50.167982000 0.111287620 -0.532223743 0.097235958 -0.007730459 0.048598172 0.040826019 0.997953753
50.268112000 0.055518957 -0.555731589 0.125186313 -0.007472166 0.043203721 0.040478608 0.998217956
50.368185000 0.062583035 -0.561186580 0.096380807 -0.008287652 0.040640808 0.041384838 0.998281992
50.468238000 0.073276893 -0.565798557 0.084151253 -0.013660511 0.039652033 0.042236494 0.998227021
50.568256000 0.096343896 -0.562846232 0.064845117 -0.017326287 0.039977446 0.041609695 0.998183469
50.668190000 0.127647477 -0.584184429 -0.014301496 -0.015521015 0.037761005 0.045238057 0.998141635
50.768079000 0.138554243 -0.578302134 -0.053600799 -0.013054797 0.034820575 0.046421966 0.998229483
50.867877000 0.155441571 -0.553715756 -0.064542129 -0.012967396 0.032413614 0.047645159 0.998254047
50.967612000 0.170439174 -0.525056980 -0.069229698 -0.013740992 0.026510380 0.054822397 0.998049543
51.067357000 0.193698366 -0.525918318 -0.107888401 -0.015631173 0.020035613 0.065788804 0.997509937
51.167310000 0.209369208 -0.490760224 -0.122950369 -0.013305014 0.014564076 0.067787565 0.997504742
51.267401000 0.213443722 -0.467791389 -0.141302587 -0.007350502 0.009938546 0.059013206 0.998180664
51.367681000 0.218256637 -0.429021842 -0.157843511 0.004799116 0.006513746 0.046655982 0.998878250
51.467974000 0.222319775 -0.389076970 -0.174479997 0.009235158 0.002152357 0.040587813 0.999130977
51.568194000 0.231989924 -0.370266785 -0.198833518 0.011782397 -0.002076937 0.040249341 0.999118037
51.668372000 0.242761918 -0.359437326 -0.232224923 0.014850052 -0.006331693 0.047289770 0.998750751
51.768346000 0.259710259 -0.326481591 -0.271804353 0.015336730 -0.013092937 0.060567845 0.997960368
51.868299000 0.270434255 -0.317861845 -0.298655232 0.022847195 -0.015855348 0.051458991 0.998287827
51.968178000 0.272633432 -0.285715693 -0.318810694 0.024815732 -0.018317329 0.042734129 0.998610259
52.068025000 0.276445069 -0.291568931 -0.351928843 0.035631146 -0.023753448 0.040004940 0.998281423
52.168102000 0.266733461 -0.299425578 -0.401075510 0.035596540 -0.029340386 0.044453112 0.997945865
52.268194000 0.261119055 -0.296990300 -0.403389845 0.024598676 -0.036664246 0.051097702 0.997717226
52.368471000 0.238419228 -0.290771948 -0.419120310 0.035471733 -0.035585039 0.023838815 0.998452388
52.468778000 0.231250071 -0.289986940 -0.453585094 0.041690640 -0.035528054 0.023309950 0.998226575
52.568812000 0.205916712 -0.315371560 -0.474205794 0.042404955 -0.033689579 0.006407718 0.998511779
52.668737000 0.244924785 -0.269451923 -0.451878439 0.035457066 -0.025581432 -0.005061911 0.999030912
52.768639000 0.241174139 -0.267907909 -0.460320772 0.035201555 -0.024212735 -0.010541675 0.999031264
52.868694000 0.219404754 -0.269164815 -0.475745837 0.031797182 -0.012936518 -0.064024305 0.997357746
52.968728000 0.206241852 -0.245017097 -0.369397763 0.033747856 -0.017001976 -0.038345555 0.998549765
53.068629000 0.235363047 -0.241314679 -0.352138421 0.034678130 -0.017369160 -0.014713854 0.999139251
53.168697000 0.203737754 -0.244957913 -0.324133303 0.035262865 -0.022316914 -0.009016453 0.999088179
53.268685000 0.293786402 -0.253012353 -0.203651728 0.033252924 -0.019958774 -0.006109160 0.999228987
53.368638000 0.297136094 -0.190625726 -0.277955711 0.030699639 -0.022822362 0.005332845 0.999253838
53.468580000 0.262065593 -0.176499588 -0.340960050 0.030492540 -0.028657226 0.007943031 0.999092527
53.568413000 0.282520825 -0.166842858 -0.410405316 0.028462219 -0.030606102 0.024277725 0.998831197
53.668323000 0.276486798 -0.199486794 -0.378581235 0.032799075 -0.032578364 0.014887434 0.998819921
53.768239000 0.281532360 -0.209114962 -0.363599116 0.036393772 -0.034641986 0.008991137 0.998696443
53.868016000 0.291107655 -0.218627061 -0.348314411 0.038232699 -0.036253927 0.004911441 0.998598914
53.967777000 0.278752549 -0.287509356 -0.519685571 0.058797823 -0.040316940 0.015262408 0.997338668
54.067678000 0.272656218 -0.345663387 -0.558560953 0.075358643 -0.040167622 0.018521534 0.996174980
54.167824000 0.268647714 -0.338250121 -0.549492673 0.078196185 -0.039134752 0.013635142 0.996076257
54.268077000 0.274939387 -0.349321273 -0.517401017 0.076059800 -0.039240802 0.004047777 0.996322579
54.368587000 0.275087291 -0.333473893 -0.439177232 0.072311438 -0.034719673 -0.001759875 0.996776055
54.469023000 0.270659434 -0.324932529 -0.426529539 0.072988886 -0.026845930 0.006247064 0.996951801
54.569235000 0.275790862 -0.360757632 -0.448413378 0.080556956 -0.013611970 0.011777972 0.996587463
54.668973000 0.266980805 -0.365406240 -0.486891976 0.083353695 -0.015681675 0.018323397 0.996228136
54.769583000 0.263659044 -0.359530661 -0.549951436 0.084928797 -0.014051743 0.020710671 0.996072646
54.869942000 0.254505966 -0.393916525 -0.472601013 0.087970735 -0.014173481 0.020237741 0.995816598
54.969943000 0.249268644 -0.396257711 -0.479531150 0.089660280 -0.014965425 0.023383058 0.995585407
55.069491000 0.222196774 -0.393909252 -0.655043802 0.091735044 -0.013650471 0.024799875 0.995380989
55.168727000 0.223016565 -0.390845872 -0.648414323 0.091256439 -0.014151094 0.024076791 0.995435742
55.267736000 0.229200678 -0.402254565 -0.648267337 0.091611928 -0.013202655 0.021853923 0.995467403
55.366791000 0.229200678 -0.402254565 -0.648267337 0.091611928 -0.013202655 0.021853923 0.995467403
55.466039000 0.229200678 -0.402254565 -0.648267337 0.091611928 -0.013202655 0.021853923 0.995467403
55.565571000 0.229200678 -0.402254565 -0.648267337 0.091611928 -0.013202655 0.021853923 0.995467403
55.665409000 0.229200678 -0.402254565 -0.648267337 0.091611928 -0.013202655 0.021853923 0.995467403
55.765523000 0.229200678 -0.402254565 -0.648267337 0.091611928 -0.013202655 0.021853923 0.995467403
55.865850000 0.229200678 -0.402254565 -0.648267337 0.091611928 -0.013202655 0.021853923 0.995467403
55.966209000 0.229200678 -0.402254565 -0.648267337 0.091611928 -0.013202655 0.021853923 0.995467403
56.066512000 0.229200678 -0.402254565 -0.648267337 0.091611928 -0.013202655 0.021853923 0.995467403
56.166955000 0.229200678 -0.402254565 -0.648267337 0.091611928 -0.013202655 0.021853923 0.995467403
56.267250000 0.229200678 -0.402254565 -0.648267337 0.091611928 -0.013202655 0.021853923 0.995467403
56.367372000 0.229200678 -0.402254565 -0.648267337 0.091611928 -0.013202655 0.021853923 0.995467403
56.467305000 0.229200678 -0.402254565 -0.648267337 0.091611928 -0.013202655 0.021853923 0.995467403
56.567132000 0.229200678 -0.402254565 -0.648267337 0.091611928 -0.013202655 0.021853923 0.995467403
56.666955000 0.229200678 -0.402254565 -0.648267337 0.091611928 -0.013202655 0.021853923 0.995467403
56.766748000 0.229200678 -0.402254565 -0.648267337 0.091611928 -0.013202655 0.021853923 0.995467403
56.866520000 0.229200678 -0.402254565 -0.648267337 0.091611928 -0.013202655 0.021853923 0.995467403
56.966354000 0.229200678 -0.402254565 -0.648267337 0.091611928 -0.013202655 0.021853923 0.995467403
