0.065342000 0.009072000 -0.010528000 0.006218000 -0.000035000 0.000029000 -0.000165000 0.999999985
0.165343000 0.009072000 -0.010528000 0.006218000 -0.000035000 0.000029000 -0.000165000 0.999999985
0.265258000 0.009072000 -0.010528000 0.006218000 -0.000035000 0.000029000 -0.000165000 0.999999985
0.365208000 0.009072000 -0.010528000 0.006218000 -0.000035000 0.000029000 -0.000165000 0.999999985
0.465196000 0.009072000 -0.010528000 0.006218000 -0.000035000 0.000029000 -0.000165000 0.999999985
0.565255000 0.009072000 -0.010528000 0.006218000 -0.000035000 0.000029000 -0.000165000 0.999999985
0.665338000 0.009072000 -0.010528000 0.006218000 -0.000035000 0.000029000 -0.000165000 0.999999985
0.765444000 0.009072000 -0.010528000 0.006218000 -0.000035000 0.000029000 -0.000165000 0.999999985
0.865505000 0.009072000 -0.010528000 0.006218000 -0.000035000 0.000029000 -0.000165000 0.999999985
0.965496000 0.009072000 -0.010528000 0.006218000 -0.000035000 0.000029000 -0.000165000 0.999999985
1.065447000 0.009072000 -0.010528000 0.006218000 -0.000035000 0.000029000 -0.000165000 0.999999985
1.165457000 0.009072000 -0.010528000 0.006218000 -0.000035000 0.000029000 -0.000165000 0.999999985
1.265385000 0.009072000 -0.010528000 0.006218000 -0.000035000 0.000029000 -0.000165000 0.999999985
1.365333000 0.009072000 -0.010528000 0.006218000 -0.000035000 0.000029000 -0.000165000 0.999999985
1.465337000 0.009072000 -0.010528000 0.006218000 -0.000035000 0.000029000 -0.000165000 0.999999985
1.565355000 0.009072000 -0.010528000 0.006218000 -0.000035000 0.000029000 -0.000165000 0.999999985
1.665394000 0.009072000 -0.010528000 0.006218000 -0.000035000 0.000029000 -0.000165000 0.999999985
1.765431000 0.009072000 -0.010528000 0.006218000 -0.000035000 0.000029000 -0.000165000 0.999999985
1.865431000 0.009072000 -0.010528000 0.006218000 -0.000035000 0.000029000 -0.000165000 0.999999985
1.965417000 0.009072000 -0.010528000 0.006218000 -0.000035000 0.000029000 -0.000165000 0.999999985
2.065379000 0.009072000 -0.010528000 0.006218000 -0.000035000 0.000029000 -0.000165000 0.999999985
2.165472000 0.009072000 -0.010528000 0.006218000 -0.000035000 0.000029000 -0.000165000 0.999999985
2.265517000 0.009072000 -0.010528000 0.006218000 -0.000035000 0.000029000 -0.000165000 0.999999985
2.365615000 0.009072000 -0.010528000 0.006218000 -0.000035000 0.000029000 -0.000165000 0.999999985
2.465688000 0.009072000 -0.010528000 0.006218000 -0.000035000 0.000029000 -0.000165000 0.999999985
2.565694000 0.009072000 -0.010528000 0.006218000 -0.000035000 0.000029000 -0.000165000 0.999999985
2.665626000 0.009072000 -0.010528000 0.006218000 -0.000035000 0.000029000 -0.000165000 0.999999985
2.765480000 0.009072000 -0.010528000 0.006218000 -0.000035000 0.000029000 -0.000165000 0.999999985
2.865305000 0.009072000 -0.010528000 0.006218000 -0.000035000 0.000029000 -0.000165000 0.999999985
2.965135000 0.005827888 -0.002574700 -0.004597057 -0.000504681 -0.000699044 -0.000245463 0.999999598
3.065036000 0.002629212 -0.005122378 0.000018542 -0.000410739 -0.000884886 -0.000027097 0.999999524
3.165080000 0.002629212 -0.005122378 0.000018542 -0.000410739 -0.000884886 -0.000027097 0.999999524
3.265104000 0.000984127 -0.006430438 0.003362085 -0.000332583 -0.000866191 -0.000324702 0.999999517
3.365186000 -0.000384913 -0.007519006 0.006144584 -0.000267540 -0.000850632 -0.000572369 0.999999439
3.465288000 -0.000384913 -0.007519006 0.006144584 -0.000267540 -0.000850632 -0.000572369 0.999999439
3.565400000 -0.000384913 -0.007519006 0.006144584 -0.000267540 -0.000850632 -0.000572369 0.999999439
3.665486000 -0.000384913 -0.007519006 0.006144584 -0.000267540 -0.000850632 -0.000572369 0.999999439
3.765567000 -0.002500550 -0.009202905 0.008226841 -0.000167442 -0.000956749 -0.000420739 0.999999440
3.865595000 -0.005485828 -0.014643155 0.009508570 0.000357689 -0.001255032 0.000242523 0.999999119
3.965591000 -0.005296395 -0.014379620 0.008279459 0.000414545 -0.001184788 -0.000336817 0.999999155
4.065531000 -0.007065647 -0.013764809 0.009284401 0.000320939 -0.001333946 -0.000896468 0.999998657
4.165534000 -0.007768368 -0.010220102 0.011509708 0.000058628 -0.001200352 -0.000856720 0.999998911
4.265424000 -0.007768368 -0.010220102 0.011509708 0.000058628 -0.001200352 -0.000856720 0.999998911
4.365315000 -0.007768368 -0.010220102 0.011509708 0.000058628 -0.001200352 -0.000856720 0.999998911
4.465255000 0.008827548 -0.019131679 0.021992000 0.000718556 -0.000316970 -0.000619465 0.999999500
4.565249000 0.008827548 -0.019131679 0.021992000 0.000718556 -0.000316970 -0.000619465 0.999999500
4.665313000 0.013549995 -0.008997868 -0.003873026 0.000081805 -0.000819167 -0.000308424 0.999999614
4.765391000 0.014146617 -0.007717587 -0.007140750 0.000001359 -0.000882612 -0.000269128 0.999999574
4.865516000 0.014146617 -0.007717587 -0.007140750 0.000001359 -0.000882612 -0.000269128 0.999999574
4.965507000 0.014146617 -0.007717587 -0.007140750 0.000001359 -0.000882612 -0.000269128 0.999999574
5.065643000 0.014146617 -0.007717587 -0.007140750 0.000001359 -0.000882612 -0.000269128 0.999999574
5.165951000 0.014146617 -0.007717587 -0.007140750 0.000001359 -0.000882612 -0.000269128 0.999999574
5.266121000 0.014146617 -0.007717587 -0.007140750 0.000001359 -0.000882612 -0.000269128 0.999999574
5.366190000 0.013497485 -0.008002993 -0.006317987 0.000041813 -0.001033060 -0.000187983 0.999999448
5.466203000 0.010944881 0.002954302 0.017052258 -0.003330846 -0.000172464 -0.009625378 0.999948113
5.566125000 0.018152835 -0.016064494 0.084635226 -0.003266213 -0.004756246 -0.011572654 0.999916388
5.666080000 0.009415702 -0.009322039 0.121507412 -0.004892198 -0.013575052 -0.015431606 0.999776800
5.766098000 0.002274298 -0.010584208 0.150558992 -0.005427274 -0.022305940 -0.018507925 0.999565129
5.866079000 0.001782122 -0.010814744 0.157050693 -0.005134016 -0.027700217 -0.022134247 0.999358001
5.966076000 0.009005188 0.040371036 0.179582161 -0.012940634 -0.030653480 -0.038397198 0.998708446
6.066371000 -0.000475463 0.014531089 0.182133516 -0.008135239 -0.040014912 -0.036850544 0.998486185
6.167130000 -0.011524998 -0.107307004 0.137232987 0.011629655 -0.056437941 -0.003936883 0.998330612
6.267914000 0.018453528 -0.099533888 0.168815509 0.008872645 -0.052824748 -0.001387972 0.998563416
6.368629000 0.027208468 -0.115247854 0.154346327 0.007487227 -0.052163326 -0.004180390 0.998601749
6.469516000 0.041335827 -0.067443829 0.103888920 -0.002759672 -0.051437839 0.002794755 0.998668475
6.570368000 0.041054387 -0.089437903 0.116571455 -0.004533269 -0.049427061 -0.002992539 0.998762965
6.670993000 0.003726936 -0.128791175 0.114753726 -0.006505838 -0.049216640 -0.018632425 0.998593125
6.771279000 0.002890158 -0.180571738 0.133336597 -0.008798669 -0.045242054 -0.024532729 0.998636012
6.871285000 0.001382422 -0.175087299 0.160134209 -0.016181830 -0.047361685 -0.009610092 0.998700488
6.971115000 0.016934630 -0.159363319 0.197588200 -0.027822258 -0.047532818 0.004487922 0.998472039
7.070994000 0.023343334 -0.213655758 0.201667617 -0.026969111 -0.047671884 0.008366210 0.998463853
7.171136000 0.022536736 -0.265081364 0.215359824 -0.026662933 -0.048917148 0.011030712 0.998385959
7.271368000 0.020966507 -0.310515759 0.225641267 -0.025923511 -0.048973162 0.010253653 0.998410969
7.371613000 0.020304034 -0.358827091 0.244821543 -0.027909826 -0.048647493 0.010099236 0.998374914
7.471789000 0.035337782 -0.410259533 0.255545201 -0.055462006 -0.045613447 0.011796351 0.997348598
7.571761000 0.051783502 -0.471725869 0.258717352 -0.076693534 -0.042040399 0.012538860 0.996089094
7.671541000 0.055566042 -0.494277667 0.264841389 -0.082859693 -0.038962174 0.006012941 0.995781133
7.771162000 0.041147196 -0.511856864 0.262363493 -0.074500096 -0.039414354 0.005597522 0.996426070
7.870738000 0.028307192 -0.532519370 0.256085701 -0.063212463 -0.041241058 0.009064683 0.997106409
7.970470000 0.028036193 -0.547745507 0.248511992 -0.052504174 -0.041747098 0.011990719 0.997675656
8.070540000 0.020977665 -0.568512181 0.211302173 -0.037363149 -0.041640802 0.012584436 0.998354481
8.170917000 0.010824051 -0.589517114 0.179826693 -0.028596908 -0.042106290 0.013192734 0.998616658
8.271215000 0.125344062 -0.585634816 0.129796501 -0.027693497 -0.030148361 0.023592981 0.998883135
8.371414000 0.118523420 -0.603901931 0.107390875 -0.023661691 -0.028597547 0.015278007 0.999194119
8.471664000 0.106902958 -0.628631161 0.072781407 -0.012220889 -0.025534068 0.003918231 0.999591571
8.571804000 0.090982588 -0.659193410 0.041849387 -0.002688188 -0.023184743 -0.006839001 0.999704191
8.671731000 0.088128553 -0.668548664 0.043784846 -0.005864328 -0.024103566 -0.006154537 0.999673321
8.771611000 0.094005897 -0.692081455 0.039705700 -0.006890327 -0.026436554 0.006411487 0.999606185
8.871588000 0.101220912 -0.728037772 0.035857081 -0.008630643 -0.028953852 0.013375766 0.999453989
8.971692000 0.105752159 -0.764568919 0.033301315 -0.010199422 -0.029153675 0.017650661 0.999367044
9.071848000 0.106004278 -0.804384499 0.037307520 -0.015728512 -0.028900867 0.020155056 0.999255286
9.171938000 0.109798300 -0.843466645 0.039454768 -0.015508710 -0.028055079 0.021236907 0.999260420
9.271789000 0.106200719 -0.890342499 0.045210111 -0.014244630 -0.027749689 0.022515465 0.999259776
9.371429000 0.112946123 -0.909286959 0.045922356 -0.012030187 -0.024958599 0.023987412 0.999328248
9.471095000 0.111806080 -0.940241750 0.077666539 -0.013985141 -0.025403623 0.023944329 0.999292620
9.570960000 0.106609142 -0.992883027 0.097838229 -0.018931258 -0.024459351 0.024466610 0.999222064
9.670957000 0.103566078 -1.045014256 0.121354430 -0.022564554 -0.023045764 0.024996976 0.999167096
9.770914000 0.100937567 -1.094284577 0.154867549 -0.023293443 -0.022633703 0.024452280 0.999173267
9.870697000 0.098187297 -1.149772054 0.186938442 -0.025069865 -0.020532204 0.018939099 0.999295372
9.970450000 0.095145371 -1.198206551 0.222850614 -0.026691581 -0.017200657 0.008930379 0.999455825
10.070385000 0.089795041 -1.244220835 0.254972561 -0.029485706 -0.009078220 -0.011621545 0.999456412
10.170543000 0.081536231 -1.291241820 0.295851396 -0.032438262 -0.000754207 -0.037075096 0.998785576
10.270761000 0.102942717 -1.333978494 0.337026101 -0.032342219 0.007487115 -0.055972902 0.997880232
10.370965000 0.129344215 -1.360467626 0.376898707 -0.033238989 0.009315713 -0.048299636 0.998236211
10.471059000 0.152881331 -1.383695979 0.402287193 -0.029371775 0.008549466 -0.028204597 0.999133978
10.570878000 0.215291242 -1.399650866 0.453643808 -0.028382217 0.007263603 -0.004464541 0.999560782
10.670534000 0.277168853 -1.412368711 0.504197962 -0.029584058 0.001797541 0.018933055 0.999381355
10.770210000 0.335535918 -1.421402109 0.555423473 -0.029306656 -0.002193089 0.028609074 0.999158562
10.869948000 0.389320355 -1.430564106 0.602715065 -0.028243766 -0.005618524 0.032266314 0.999064366
10.969808000 0.442781240 -1.446521571 0.650484364 -0.027855246 -0.010233106 0.031357267 0.999067611
11.069763000 0.492350339 -1.467330092 0.697272498 -0.027395080 -0.014307248 0.029102038 0.999098535
11.169931000 0.541363033 -1.489206619 0.743544893 -0.027461980 -0.017688197 0.027559363 0.999086307
11.269947000 0.584784722 -1.516763325 0.789514754 -0.026780096 -0.020780891 0.026637633 0.999070277
11.369887000 0.624471711 -1.541072124 0.834046484 -0.026741435 -0.021780189 0.026945991 0.999041757
11.469670000 0.667428317 -1.571397516 0.863478436 -0.027299982 -0.019875149 0.023649235 0.999149840
11.569473000 0.682018335 -1.582477675 0.891165200 -0.027435949 -0.019732152 0.027879131 0.999039872
11.669295000 0.717512000 -1.604368511 0.934223051 -0.031835237 -0.021168833 0.045581246 0.998228806
11.769154000 0.744854780 -1.622515642 0.981753171 -0.032353059 -0.016336487 0.046175960 0.998275603
11.869126000 0.771753300 -1.638244321 1.038495610 -0.030588063 -0.008433892 0.041199824 0.998646992
11.969080000 0.788236052 -1.654621427 1.078661087 -0.027435333 0.000094793 0.036267430 0.998965448
12.069056000 0.806527320 -1.667430757 1.122089858 -0.026210586 0.007629980 0.033176870 0.999076616
12.169159000 0.822624863 -1.673023244 1.169461759 -0.031995086 0.013326989 0.033729390 0.998829832
12.269086000 0.837635982 -1.673920292 1.214555766 -0.042561612 0.019321390 0.035537368 0.998274656
12.369185000 0.842746767 -1.677193088 1.248865570 -0.051806217 0.020181936 0.036269822 0.997794220
12.469487000 0.856867965 -1.675651408 1.286717083 -0.041504699 0.019886144 0.036022844 0.998290667
12.569817000 0.869381241 -1.676763774 1.317620824 -0.032678123 0.019486867 0.035711577 0.998637615
12.670282000 0.879930624 -1.685643442 1.345176687 -0.027770028 0.018869897 0.034866244 0.998827862
12.770842000 0.882232041 -1.690026855 1.352935371 -0.026794711 0.018058801 0.034952672 0.998866475
12.871327000 0.880783761 -1.709444857 1.370128281 -0.027254961 0.015966537 0.034551764 0.998903605
12.971634000 0.876407223 -1.722509911 1.371125797 -0.026261656 0.014477950 0.035937791 0.998903994
13.071809000 0.882806780 -1.736989953 1.396720320 -0.026851258 0.015416741 0.038568332 0.998776160
13.171960000 0.891376665 -1.756982730 1.429892452 -0.026504958 0.013869477 0.038135080 0.998824730
13.271925000 0.892458182 -1.779222681 1.457777793 -0.026663965 0.014097633 0.029726820 0.999102901
13.371883000 0.907096375 -1.795245959 1.534788269 -0.026409931 0.014992354 0.027539891 0.999159296
13.471768000 0.912899112 -1.808069890 1.571722437 -0.025808288 0.011634506 0.038298689 0.998865247
13.571604000 0.920516670 -1.829427177 1.600997191 -0.026493013 0.011031616 0.041555349 0.998723974
13.671390000 0.924284163 -1.847077314 1.621488559 -0.025137619 0.011305712 0.045310413 0.998592633
13.771060000 0.930297060 -1.864030662 1.660537400 -0.027076341 0.013827082 0.048359683 0.998367179
13.870733000 0.935176825 -1.880881556 1.693692716 -0.025898552 0.015452314 0.048869262 0.998349782
13.970369000 0.951105161 -1.902770997 1.738764119 -0.020517428 0.018292801 0.050217913 0.998359940
14.070028000 0.952798198 -1.929159530 1.769777118 -0.015805711 0.021429357 0.049601826 0.998414053
14.169973000 0.951575539 -1.954954888 1.808066527 -0.014051313 0.024676527 0.050849438 0.998302541
14.270000000 0.949625962 -1.982950881 1.848933155 -0.017756148 0.029702342 0.050551099 0.998121774
14.370138000 0.942198126 -2.001813483 1.892016851 -0.024771559 0.035470372 0.052418843 0.997687570
14.470316000 0.932147097 -2.015271838 1.930639777 -0.027399023 0.043455575 0.055767603 0.997121297
14.570361000 0.923102583 -2.030438625 1.977617895 -0.029517534 0.050250363 0.058237195 0.996600244
14.670168000 0.913655764 -2.041763301 2.020412988 -0.029544048 0.057394982 0.061221008 0.996034615
14.769977000 0.903963115 -2.051206700 2.067543498 -0.029959976 0.065649439 0.062105169 0.995457432
14.869916000 0.892827189 -2.063256947 2.114295811 -0.034484071 0.073139542 0.064043469 0.994665718
14.970099000 0.880846158 -2.078704149 2.156101533 -0.047101855 0.079677380 0.064084426 0.993642852
15.070584000 0.867844354 -2.097614570 2.193191876 -0.054739817 0.083891511 0.064392644 0.992884361
15.171197000 0.852617610 -2.110896271 2.218298208 -0.060300046 0.088188220 0.066718948 0.992035949
15.271608000 0.838731031 -2.130631070 2.242097992 -0.062375850 0.092743812 0.066459636 0.991509433
15.371633000 0.828920948 -2.149148819 2.261875428 -0.060865736 0.096936569 0.073769239 0.990684997
15.471121000 0.821259526 -2.162016972 2.272396497 -0.056426681 0.098643465 0.092178282 0.989236403
15.570258000 0.807530975 -2.170993464 2.281828465 -0.051845075 0.105273148 0.097951070 0.988248572
15.669549000 0.789915808 -2.172723244 2.284312728 -0.051156083 0.113834134 0.102525449 0.986870497
15.769314000 0.765525805 -2.167511357 2.283491326 -0.053379445 0.123405487 0.104923266 0.985349090
15.869533000 0.738447809 -2.152147584 2.276396438 -0.055054594 0.134152720 0.109367742 0.983367041
15.970106000 0.708853635 -2.129488497 2.276999481 -0.058017517 0.143387865 0.112888841 0.981493758
16.070691000 0.679667432 -2.115767319 2.276091013 -0.058998198 0.149847150 0.115565119 0.980158022
16.171177000 0.644301921 -2.080249882 2.258296295 -0.057844478 0.156099013 0.107876363 0.980127443
16.271372000 0.601686158 -2.054709446 2.237709282 -0.049231087 0.162041669 0.095593762 0.980908064
16.371544000 0.559736683 -2.037295823 2.210456730 -0.040813671 0.165812119 0.088897602 0.981293943
16.471676000 0.518187066 -2.024208791 2.179588461 -0.035984248 0.168209414 0.085615974 0.981366716
16.571591000 0.475689411 -2.009017633 2.144441325 -0.034704316 0.169989636 0.085561441 0.981110786
16.671364000 0.433788231 -1.996832998 2.113951540 -0.034080073 0.171384946 0.086095327 0.980843180
16.771007000 0.396099479 -1.994422903 2.082126631 -0.029469210 0.173158234 0.086611019 0.980635673
16.870416000 0.352897743 -1.996332922 2.051036713 -0.027547227 0.174512520 0.087736243 0.980351408
16.969794000 0.309918339 -2.002125348 2.022030380 -0.027317715 0.176210272 0.089456015 0.979898619
17.069148000 0.263959051 -2.010985078 1.994168548 -0.027509818 0.178354435 0.090802407 0.979381350
17.168755000 0.216521432 -2.018037833 1.958999174 -0.027903968 0.180289612 0.092886553 0.978820266
17.268414000 0.168476766 -2.030052473 1.932081285 -0.028079762 0.182968195 0.093102051 0.978297590
17.368390000 0.122753645 -2.043054341 1.905015618 -0.028565038 0.184500970 0.095894666 0.977725751
17.468515000 0.088202092 -2.057365081 1.912338747 -0.033322374 0.176466639 0.111360843 0.977419003
17.568853000 0.099315124 -2.060395526 1.920402263 -0.034523186 0.173581028 0.112034588 0.977816970
17.669235000 0.053353139 -2.068242180 1.878747125 -0.033391377 0.170051962 0.101986162 0.979574484
17.769574000 -0.010975521 -2.071071346 1.859523521 -0.033467333 0.167250065 0.090358293 0.981194543
17.869891000 -0.071014699 -2.075871374 1.835603239 -0.032050568 0.164415449 0.084622409 0.982231831
17.970157000 -0.130084556 -2.078574517 1.811898310 -0.032232490 0.158528489 0.080092751 0.983572537
18.070463000 -0.190468758 -2.067948679 1.794433876 -0.031239433 0.150980599 0.068042021 0.985697337
18.170873000 -0.236081343 -2.073186244 1.753411477 -0.047452469 0.149848127 0.030755548 0.987090623
18.271137000 -0.288447610 -2.079507902 1.725036024 -0.072325590 0.149769009 -0.013225933 0.985983432
18.371118000 -0.306806606 -2.075971871 1.692863369 -0.078367680 0.144964084 -0.031483722 0.985825896
18.470790000 -0.320480541 -2.072393704 1.668600279 -0.077144187 0.133202685 -0.027716072 0.987693089
18.570396000 -0.314544658 -2.072674117 1.636236796 -0.074713324 0.119815320 -0.019405698 0.989790699
18.670004000 -0.297817165 -2.073222228 1.600866295 -0.067980450 0.108074013 -0.005838650 0.991798657
18.769538000 -0.266487376 -2.076634659 1.555525038 -0.053232269 0.096756287 0.019116841 0.993699699
18.869150000 -0.234764702 -2.086178730 1.506207246 -0.040095904 0.088875929 0.037642513 0.994523217
18.968958000 -0.199917512 -2.110137959 1.446097870 -0.035710397 0.085050915 0.044752554 0.994730274
19.068969000 -0.169108180 -2.134108807 1.410432674 -0.030880391 0.084462663 0.049833393 0.994700504
19.169051000 -0.146966773 -2.147319292 1.404878453 -0.031131310 0.085587655 0.051073546 0.994533603
19.269261000 -0.119961764 -2.146465628 1.398280513 -0.031947213 0.088945633 0.050310259 0.994251944
19.369589000 -0.126726899 -2.148339573 1.410064983 -0.032586427 0.090351445 0.050846215 0.994077162
19.469752000 -0.103458365 -2.149252357 1.370570723 -0.019561037 0.091421552 0.052023695 0.994260027
19.569611000 -0.082466541 -2.144328688 1.333869563 0.000984182 0.091665782 0.054521218 0.994295657
19.669091000 -0.064239174 -2.130811999 1.304106501 0.012099827 0.091877201 0.054782272 0.994188653
19.768578000 -0.050252995 -2.123069974 1.289050072 0.017784494 0.093929055 0.049745067 0.994176279
19.868147000 -0.046744978 -2.120685195 1.288033373 0.016032561 0.098308923 0.033202747 0.994472669
19.967863000 -0.038258589 -2.128713257 1.294080274 0.001959118 0.105069689 0.010710554 0.994405253
20.067791000 -0.019018934 -2.131054615 1.303619143 -0.014754894 0.106491138 0.009941541 0.994154463
20.168192000 0.006394378 -2.133853148 1.322492217 -0.023299020 0.104445586 0.018388109 0.994087598
20.268860000 0.033616073 -2.133831857 1.343790867 -0.028505296 0.099894006 0.033166116 0.994036541
20.369665000 0.057186734 -2.135177756 1.357886242 -0.031185390 0.096766607 0.040494389 0.993993913
20.470333000 0.080335472 -2.145754504 1.375325443 -0.031413847 0.095709038 0.042784065 0.993993196
20.570632000 0.104165453 -2.161171287 1.391396197 -0.030557723 0.094836590 0.044702418 0.994019085
20.670779000 0.128239703 -2.182003733 1.406431487 -0.029551541 0.094562329 0.044229108 0.994096805
20.770893000 0.132870271 -2.197745331 1.435811992 -0.027327912 0.096312328 0.035942262 0.994326543
20.870837000 0.163262359 -2.200218616 1.415760760 -0.026239437 0.100918290 0.021269172 0.994321182
20.970675000 0.178458923 -2.210012650 1.435336102 -0.026358364 0.102733726 0.016929024 0.994215483
21.070430000 0.206698420 -2.223309712 1.447858195 -0.026874290 0.099908558 0.028855713 0.994214967
21.170198000 0.238761946 -2.235983683 1.467475494 -0.026444962 0.097216095 0.037781412 0.994194277
21.269832000 0.265064281 -2.250372379 1.487753869 -0.025200023 0.095758908 0.041944570 0.994201108
21.369358000 0.294481797 -2.262841646 1.506337861 -0.026384614 0.095360538 0.042198497 0.994197921
21.468779000 0.329583992 -2.281070683 1.521518055 -0.027438877 0.095787230 0.041303774 0.994165938
21.568150000 0.384762608 -2.284285763 1.538153521 -0.029857537 0.097933847 0.040138717 0.993934793
21.667843000 0.409966490 -2.303019228 1.560962179 -0.030963293 0.097493743 0.039850675 0.993955818
21.768285000 0.421174850 -2.308777116 1.575638570 -0.030741320 0.096565892 0.039472505 0.994068368
21.869213000 0.442835639 -2.313439715 1.596584815 -0.032292022 0.097093556 0.039379203 0.993971501
21.970125000 0.459839187 -2.327192400 1.617114224 -0.034396370 0.096092306 0.037644426 0.994065418
22.070867000 0.469820289 -2.336370326 1.630585012 -0.034559353 0.095389312 0.037113097 0.994147448
22.171290000 0.478010345 -2.367398596 1.652340141 -0.032723795 0.092610759 0.036887237 0.994480634
22.271212000 0.486113008 -2.373296756 1.686616671 -0.033034733 0.091817704 0.037245604 0.994530533
22.370789000 0.509006402 -2.370358088 1.714315390 -0.032606176 0.094367628 0.030589249 0.994532999
22.470085000 0.524595011 -2.367842737 1.742723958 -0.031589874 0.097958814 0.019570741 0.994496424
22.569302000 0.565416224 -2.364610081 1.768273432 -0.029824823 0.101800046 0.018166903 0.994191729
22.668604000 0.584352295 -2.346581704 1.802589466 -0.030261024 0.099563475 0.024496555 0.994269231
22.768067000 0.603508223 -2.339536671 1.837850633 -0.027064173 0.098342839 0.027498635 0.994404365
22.867767000 0.620287295 -2.334133819 1.868430411 -0.025428550 0.097174161 0.030908448 0.994462286
22.967781000 0.643294414 -2.345536387 1.896746516 -0.025124869 0.096633969 0.029500962 0.994565388
23.068008000 0.663845768 -2.347021535 1.948506215 -0.026845318 0.096926647 0.025706116 0.994597280
23.168587000 0.684904509 -2.337645697 1.986718171 -0.026345089 0.097506567 0.024313374 0.994588993
23.269240000 0.698259454 -2.326411745 2.008258088 -0.023394419 0.098272447 0.025154626 0.994566474
23.369691000 0.718041749 -2.320094066 2.049529758 -0.026830333 0.098202999 0.023928780 0.994516826
23.469929000 0.728324017 -2.307794202 2.083920210 -0.030779812 0.097030936 0.028302957 0.994402606
23.569977000 0.735378740 -2.290078631 2.121518332 -0.033110010 0.096239189 0.032941535 0.994261837
23.669884000 0.750522800 -2.285061173 2.159474704 -0.034116761 0.096109249 0.033658310 0.994216363
23.769756000 0.768581134 -2.281062499 2.202224674 -0.035088592 0.095671145 0.034014597 0.994212668
23.869706000 0.781628448 -2.279721607 2.218690024 -0.034073068 0.095120352 0.033729884 0.994310535
23.969792000 0.796076146 -2.279871249 2.246217366 -0.032312288 0.101895955 0.018051895 0.994106262
24.070009000 0.790303676 -2.271610056 2.322584444 -0.033477767 0.095524597 0.033343828 0.994305023
24.170146000 0.808624471 -2.271699257 2.364316991 -0.034740125 0.093337635 0.040004607 0.994223738
24.270024000 0.835676190 -2.243472053 2.505040048 -0.039800627 0.096790204 0.039287912 0.993732372
24.369690000 0.866987379 -2.237683599 2.568358907 -0.041391316 0.099067124 0.045954966 0.993156888
24.469281000 0.877037793 -2.240445941 2.589550984 -0.041569652 0.100512495 0.050514905 0.992782678
24.568896000 0.898442929 -2.223616520 2.626838459 -0.040340573 0.104841980 0.055773008 0.992103910
24.668790000 0.913856302 -2.217047912 2.671031598 -0.041755292 0.110472459 0.062340684 0.991042870
24.768864000 0.931971516 -2.233147193 2.713116575 -0.041935818 0.114974965 0.066811250 0.990231489
24.869066000 0.959978549 -2.243383794 2.781082044 -0.038976436 0.119268139 0.072433933 0.989448975
24.969190000 0.959207464 -2.236951205 2.824927367 -0.040945542 0.122883988 0.069029206 0.989170338
25.069130000 0.964302641 -2.269726379 2.820026610 -0.034614529 0.130781082 0.050833380 0.989501951
25.169165000 0.973722288 -2.274600548 2.868668768 -0.036063621 0.139825770 0.038333506 0.988776371
25.269221000 0.988173925 -2.285022300 2.917161245 -0.036361547 0.146551932 0.041408122 0.987666815
25.369382000 0.999960405 -2.284731905 2.953187349 -0.040189959 0.150139049 0.054930292 0.986319267
25.469698000 1.020537902 -2.262023305 3.001894509 -0.043522007 0.157552720 0.054696748 0.985033624
25.569802000 1.052564468 -2.246012285 3.060161336 -0.045064117 0.164831684 0.057115823 0.983634853
25.669703000 1.075812788 -2.259394247 3.109432798 -0.046765462 0.172559295 0.057619652 0.982199703
25.769513000 1.103410099 -2.271913356 3.164989982 -0.047798231 0.180310142 0.058784034 0.980687524
25.869272000 1.125026038 -2.283399638 3.211839479 -0.048965066 0.187934258 0.061476300 0.979032074
25.969016000 1.149680449 -2.296500085 3.271646963 -0.049762925 0.196677177 0.064730678 0.977062781
26.068870000 1.167065718 -2.304794619 3.321951111 -0.049509330 0.205151058 0.069054895 0.975035020
26.168953000 1.181959528 -2.298355981 3.371201653 -0.053340743 0.213907537 0.080414566 0.972076041
26.268935000 1.200491521 -2.310804963 3.424074796 -0.059512972 0.216695628 0.107454514 0.968480634
26.368785000 1.212430913 -2.321267538 3.471615379 -0.065346412 0.220011206 0.128003504 0.964852330
26.468584000 1.215002635 -2.329496767 3.517495194 -0.076412092 0.222387785 0.147086246 0.960765581
26.568646000 1.200552789 -2.334450450 3.542820770 -0.090130524 0.227025168 0.157214533 0.956880166
26.669111000 1.177961431 -2.343666613 3.566284685 -0.081972515 0.233823547 0.151743314 0.956859981
26.769650000 1.154936027 -2.356205406 3.581846036 -0.069079645 0.243931204 0.135793724 0.957750299
26.869925000 1.127745568 -2.369838360 3.586338375 -0.061383748 0.250592587 0.127730668 0.957663964
26.969909000 1.090240172 -2.371553516 3.586221056 -0.057007109 0.255556013 0.122012409 0.957368417
27.069508000 1.051771212 -2.377892237 3.591576948 -0.051113456 0.262636304 0.109870761 0.957255453
27.168870000 1.011072939 -2.384306559 3.597091135 -0.047636354 0.267448716 0.104043075 0.956753364
27.268083000 0.985395100 -2.385294319 3.591792165 -0.048157279 0.271865526 0.104665475 0.955413602
27.367329000 0.949287446 -2.387879105 3.593484810 -0.047010863 0.274687729 0.105371128 0.954585541
27.466795000 0.909481068 -2.387454109 3.590768715 -0.045431409 0.276906039 0.105618733 0.953993562
27.566623000 0.865531073 -2.379289675 3.582714061 -0.048246280 0.278963466 0.108749875 0.952903534
27.666744000 0.825077041 -2.376978488 3.577469813 -0.052642536 0.281375526 0.110421186 0.951768742
27.767213000 0.782465435 -2.377957317 3.573771897 -0.061064085 0.283848765 0.111554438 0.950398161
27.867856000 0.740031501 -2.387675250 3.575574621 -0.064342658 0.286395562 0.112144320 0.949347806
27.968290000 0.692121884 -2.385517853 3.572612572 -0.073567397 0.287120188 0.116153149 0.947975886
28.068615000 0.652310249 -2.396720075 3.567857722 -0.075618505 0.288207201 0.117016347 0.947378291
28.168965000 0.616402334 -2.412568375 3.560075267 -0.076820002 0.289539324 0.115895564 0.947013139
28.269175000 0.581244136 -2.432571770 3.549456208 -0.078906445 0.290649974 0.115412499 0.946560257
28.369304000 0.545328922 -2.451148709 3.533917733 -0.080438199 0.291100517 0.116134461 0.946204509
28.469326000 0.513237577 -2.478830134 3.514481276 -0.083863287 0.291969478 0.114881148 0.945792311
28.569343000 0.483947529 -2.505699517 3.493301515 -0.088082256 0.293029170 0.113053822 0.945301145
28.669172000 0.454872530 -2.529167985 3.469363219 -0.092731564 0.292447775 0.114453678 0.944867986
28.768920000 0.430738162 -2.558056917 3.443271754 -0.098315943 0.293745809 0.112269252 0.944162587
28.868707000 0.411461157 -2.583917895 3.407624237 -0.109121927 0.295237997 0.109025381 0.942889387
28.968623000 0.397975205 -2.598366009 3.368974177 -0.114521299 0.296199391 0.107132838 0.942164183
29.068623000 0.389725664 -2.604200636 3.326489530 -0.118125255 0.296862789 0.106908817 0.941535668
29.168691000 0.386316039 -2.603395085 3.280216847 -0.119676418 0.297847816 0.106384107 0.941088017
29.268514000 0.391261239 -2.591691171 3.228636666 -0.116920781 0.298828914 0.107440861 0.941003333
29.368196000 0.400980936 -2.563902722 3.172643271 -0.115168673 0.298855176 0.109169544 0.941012099
29.467846000 0.415960251 -2.533604569 3.112009072 -0.111900681 0.299131727 0.108930302 0.941346183
29.567521000 0.436872440 -2.494075306 3.044726230 -0.105901607 0.298751876 0.109320733 0.942115250
29.667203000 0.461467517 -2.455934849 2.972875603 -0.091944310 0.296194312 0.113011695 0.943951021
29.767099000 0.487372917 -2.420092556 2.896224513 -0.082553133 0.293368039 0.115930256 0.945346682
29.867306000 0.515333929 -2.385390053 2.812838811 -0.067799074 0.289557597 0.121536968 0.946989149
29.967630000 0.540311484 -2.354467267 2.726878738 -0.055838196 0.287298066 0.125834237 0.947896441
30.068092000 0.562014229 -2.320422844 2.641701051 -0.034498564 0.286811453 0.134613013 0.947854618
30.168721000 0.572531963 -2.285246239 2.561844149 -0.025740561 0.290244588 0.140971451 0.946162012
30.269151000 0.583364512 -2.248418218 2.494181672 -0.026579636 0.297136117 0.142991571 0.943693309
30.369377000 0.574575962 -2.225867069 2.432795179 -0.043142316 0.305883862 0.141833861 0.940455719
30.469662000 0.565867424 -2.196955653 2.371334775 -0.052780336 0.315089682 0.139927786 0.937204857
30.569919000 0.566348253 -2.148955886 2.326849596 -0.057532313 0.324696094 0.139101602 0.933762938
30.669974000 0.558108559 -2.112484310 2.274444896 -0.058376831 0.331534004 0.139039177 0.931313834
30.769957000 0.546759723 -2.076084313 2.223108478 -0.056115280 0.335812126 0.139733848 0.929814897
30.869739000 0.522613018 -2.022564730 2.172833921 -0.059456720 0.339188051 0.140691689 0.928236076
30.969155000 0.507538628 -1.995015892 2.128190315 -0.047039329 0.348332454 0.123558985 0.928000528
31.068472000 0.497793019 -1.962374710 2.082439441 -0.040945251 0.356463421 0.106780684 0.927283776
31.167992000 0.490677615 -1.930378344 2.044050313 -0.040750540 0.360371635 0.101386187 0.926386809
31.267552000 0.476506136 -1.915196240 2.014931818 -0.043611133 0.359728163 0.110065155 0.925515737
31.367457000 0.486432600 -1.892634578 1.994857788 -0.047334932 0.359966381 0.116479157 0.924454550
31.467541000 0.531697964 -1.889617847 1.965165325 -0.045696960 0.361511057 0.119877573 0.923499275
31.567618000 0.560588193 -1.874618890 1.936260191 -0.051713959 0.359088385 0.134884371 0.922056074
31.667712000 0.559668731 -1.866660679 1.905694975 -0.053319252 0.355878519 0.143353524 0.921931290
31.767770000 0.568075260 -1.858294462 1.876135830 -0.053122077 0.354387182 0.146556044 0.922013610
31.867767000 0.568645824 -1.852122328 1.867618608 -0.053970517 0.354569205 0.147498149 0.921744085
31.967730000 0.578179740 -1.830648997 1.844424517 -0.056792274 0.353999174 0.151031352 0.921221338
32.067807000 0.578542670 -1.806048596 1.835191724 -0.059269120 0.354854833 0.149926198 0.920916584
32.168221000 0.587390099 -1.866948298 1.782875794 -0.054892236 0.355520095 0.153739537 0.920302374
32.268576000 0.580299066 -1.869026058 1.749126878 -0.054505147 0.357192279 0.156872781 0.919148408
32.368833000 0.579695406 -1.866030696 1.726106629 -0.053900606 0.358960805 0.156671397 0.918529225
32.469000000 0.569500769 -1.870546059 1.708579378 -0.052607435 0.359818788 0.157511380 0.918124754
32.569043000 0.521595093 -1.826066717 1.702399241 -0.055753975 0.360426013 0.158166840 0.917588052
32.668927000 0.511407190 -1.811913237 1.668442542 -0.054835389 0.362000150 0.157324980 0.917168372
32.768715000 0.531065041 -1.804295978 1.641461181 -0.053508653 0.364420236 0.156434438 0.916440387
32.868423000 0.535114758 -1.782004827 1.621233402 -0.052049054 0.366476305 0.157586724 0.915506656
32.968084000 0.530480792 -1.754343832 1.599133807 -0.050744834 0.368544243 0.160164924 0.914301536
33.067729000 0.529294519 -1.735496639 1.575641108 -0.049868135 0.370209417 0.160662134 0.913589533
33.167481000 0.523434375 -1.718986515 1.547514337 -0.046788446 0.372485019 0.156914201 0.913478891
33.267161000 0.511843830 -1.712190333 1.526746791 -0.035440511 0.381420742 0.132996532 0.914097429
33.367107000 0.510222704 -1.811892383 1.451462406 -0.026448536 0.382196115 0.136493135 0.913562384
33.467447000 0.510225420 -1.836928363 1.421292638 -0.030776600 0.378900431 0.150363909 0.912621476
33.568183000 0.516468264 -1.840491725 1.411520456 -0.036956952 0.372741100 0.164788473 0.912437952
33.669031000 0.515668147 -1.849332531 1.405246670 -0.041231867 0.366893034 0.169549372 0.913751851
33.769642000 0.523663229 -1.860268630 1.392583874 -0.041782430 0.359727119 0.170381823 0.916417297
33.869905000 0.526120882 -1.880930731 1.383130309 -0.042254956 0.350472221 0.168586294 0.920305603
33.969887000 0.525190079 -1.900484792 1.371022511 -0.044668343 0.341694161 0.163162184 0.924460892
34.069727000 0.527034491 -1.924191742 1.361149940 -0.041186911 0.334555488 0.152609991 0.929024464
34.169705000 0.530741410 -1.946051323 1.350479528 -0.042418437 0.326703367 0.153688029 0.931582297
34.269558000 0.535295592 -1.968247340 1.336865422 -0.042697431 0.323789597 0.154217764 0.932498851
34.369427000 0.539909073 -1.996909915 1.321442071 -0.040678235 0.325400175 0.153522055 0.932143222
34.469393000 0.538181427 -2.006132080 1.305062805 -0.041363147 0.329138632 0.155382960 0.930490724
34.569429000 0.514037091 -1.994865694 1.429064744 -0.046522072 0.331039957 0.146914576 0.930948093
34.669642000 0.527461895 -2.024794061 1.440476249 -0.046928455 0.329275951 0.144176994 0.931980720
34.770137000 0.525569385 -2.052717775 1.431948212 -0.045897645 0.320976120 0.139448133 0.935639864
34.870609000 0.522877011 -2.077150896 1.426362193 -0.045059002 0.310131712 0.133219625 0.940234300
34.970743000 0.519681501 -2.102423503 1.420431149 -0.043414608 0.299814618 0.125378628 0.944725657
35.070408000 0.515687893 -2.110912664 1.421831302 -0.042300139 0.291264493 0.117191871 0.948494469
35.169890000 0.501476356 -2.118876607 1.417390253 -0.037910755 0.286144274 0.109238523 0.951184091
35.269209000 0.415504496 -2.119529284 1.557101677 -0.036017317 0.286252205 0.095536762 0.952698880
35.368555000 0.526771741 -2.168241648 1.504744185 -0.027509647 0.296783890 0.079312061 0.951247675
35.468107000 0.409871710 -2.142327586 1.581773391 -0.033008703 0.289964531 0.087375064 0.952468684
35.567968000 0.303027470 -2.098499068 1.549714742 -0.039333306 0.275095983 0.097032381 0.955698597
35.668092000 0.310112884 -2.104578584 1.570938600 -0.044545111 0.271139818 0.111759569 0.954991482
35.768417000 0.308287153 -2.118867199 1.593290219 -0.047510384 0.270135976 0.118925596 0.954267269
35.868847000 0.342332791 -2.129952634 1.622487000 -0.048196138 0.273153947 0.120655304 0.953155995
35.969174000 0.398811672 -2.151704614 1.676576308 -0.049165339 0.279519437 0.119678706 0.951382500
36.069346000 0.429311262 -2.190991165 1.676755099 -0.046905297 0.281747768 0.123157395 0.950394836
36.169436000 0.436596323 -2.220672345 1.685974686 -0.046099942 0.281352814 0.124095950 0.950429158
36.269308000 0.442263221 -2.233863574 1.698601698 -0.049707819 0.281593884 0.122489053 0.950384369
36.369135000 0.447642689 -2.245616078 1.716751223 -0.054346140 0.282457164 0.120127993 0.950175622
36.468894000 0.415841740 -2.235278618 1.698720326 -0.055278943 0.277176126 0.119657595 0.951735096
36.568664000 0.415034786 -2.239479582 1.716220554 -0.051437825 0.276824929 0.119417391 0.952082767
36.668504000 0.411505880 -2.240679172 1.728890105 -0.047771104 0.280152277 0.110547242 0.952371740
36.768525000 0.419241236 -2.241107458 1.741886664 -0.048483493 0.279118988 0.114277403 0.952198832
36.868618000 0.432351147 -2.228972145 1.764739921 -0.048526680 0.281435882 0.110554363 0.951954168
36.968734000 0.420289722 -2.217704239 1.895014325 -0.044843179 0.288571832 0.099709716 0.951195753
37.069014000 0.421621438 -2.220857214 1.913676436 -0.044931746 0.290181713 0.096652812 0.951017321
37.169402000 0.436421039 -2.222331882 1.926186335 -0.044817202 0.289414201 0.101363868 0.950766115
37.269504000 0.452708873 -2.214894964 1.950480837 -0.043561857 0.288349229 0.108788867 0.950327348
37.369410000 0.474520265 -2.201659021 1.968007507 -0.041437092 0.289043868 0.116332502 0.949317312
37.469219000 0.488307571 -2.199404174 1.988186091 -0.039298273 0.289864195 0.120800094 0.948599879
37.569116000 0.498576993 -2.196030703 2.010926451 -0.037962001 0.291205623 0.122585609 0.948014209
37.669107000 0.518075934 -2.197069941 2.033854219 -0.036622969 0.292407857 0.125092314 0.947369155
37.769078000 0.526926699 -2.210982605 2.035552308 -0.039573293 0.289745382 0.135215358 0.946677546
37.868994000 0.540741801 -2.220680463 2.047075163 -0.047583073 0.285577940 0.150768077 0.945224882
37.968835000 0.549571579 -2.233365028 2.055039143 -0.070710699 0.280309106 0.171613899 0.941793752
38.068515000 0.543033599 -2.239896817 2.044230362 -0.084172361 0.279462306 0.177677772 0.939811919
38.168410000 0.532054192 -2.236743618 2.034323296 -0.083703390 0.277790053 0.178824752 0.940131978
38.268396000 0.516701090 -2.231887008 2.012243288 -0.073873556 0.279185671 0.175109469 0.941241060
38.368545000 0.492397581 -2.211915524 1.977215616 -0.054992808 0.283000948 0.162918550 0.943580310
38.468802000 0.461913947 -2.187114560 1.939556576 -0.040736078 0.289343112 0.144915585 0.945315084
38.569000000 0.427177113 -2.155472539 1.904565946 -0.034463937 0.293079215 0.135161220 0.945858475
38.669053000 0.400714735 -2.127363828 1.871374455 -0.030495396 0.295790930 0.130463425 0.945810262
38.769072000 0.369549664 -2.091794873 1.834238595 -0.028944726 0.297463260 0.129818227 0.945423207
38.869243000 0.340223594 -2.063510071 1.804041466 -0.028875451 0.298400867 0.127228252 0.945481942
38.969533000 0.312763678 -2.032902453 1.771897655 -0.029388529 0.298821325 0.126334891 0.945453133
39.069870000 0.293787455 -2.017379025 1.739477895 -0.028254987 0.299903313 0.124858022 0.945341278
39.170161000 0.264672446 -1.997901488 1.708673841 -0.026709898 0.299877578 0.125694388 0.945283524
39.270186000 0.235813521 -1.977399008 1.677610913 -0.025865992 0.300292025 0.126697283 0.945041506
39.369907000 0.209084339 -1.957840250 1.651226198 -0.025372120 0.301973895 0.126892563 0.944492615
39.469455000 0.183529869 -1.937467181 1.618867989 -0.024713717 0.303414341 0.129158716 0.943740958
39.569145000 0.158224323 -1.920020265 1.585857986 -0.023716667 0.304550774 0.130540767 0.943210185
39.669007000 0.124865572 -1.906131414 1.555501643 -0.023687435 0.306101301 0.129103109 0.942906828
39.769062000 0.094971677 -1.907896551 1.530109499 -0.021541744 0.308392221 0.125356242 0.942717351
39.869220000 0.057696196 -1.898556209 1.502511186 -0.020369450 0.309054281 0.125552641 0.942500436
39.969248000 0.020425790 -1.895626703 1.476102592 -0.018507780 0.309926460 0.125812206 0.942217778
40.069114000 -0.014672152 -1.892256501 1.449280690 -0.017436923 0.310836172 0.126499722 0.941846404
40.168961000 -0.047999894 -1.883089602 1.424640707 -0.015975491 0.312322790 0.126080801 0.941436610
40.268704000 -0.087902268 -1.873619107 1.396764316 -0.013879691 0.314767242 0.119597396 0.941501673
40.368551000 -0.117408626 -1.862670242 1.372827024 -0.006818148 0.322771083 0.097918830 0.941373594
40.468486000 -0.142493835 -1.839462285 1.357667512 -0.013602302 0.319350888 0.116533785 0.940345609
40.568502000 -0.163385359 -1.825670361 1.341796376 -0.017674416 0.317999769 0.124365697 0.939732374
40.668550000 -0.181962463 -1.818035671 1.324203978 -0.019317504 0.317817518 0.128683409 0.939180195
40.768359000 -0.205867119 -1.814046161 1.308530861 -0.019952282 0.318131644 0.130289749 0.938839041
40.867924000 -0.237842781 -1.822697823 1.293368288 -0.019050920 0.318274723 0.131575116 0.938629987
40.967491000 -0.267333072 -1.821174929 1.271746016 -0.016556471 0.318386325 0.130356219 0.938809506
41.067410000 -0.298504225 -1.839965482 1.258493113 -0.012616472 0.319326148 0.129211443 0.938709773
41.167816000 -0.325552502 -1.842788438 1.246221233 -0.012209245 0.320927862 0.128727661 0.938235275
41.268381000 -0.348868818 -1.844256128 1.230377069 -0.011597117 0.322771366 0.128257929 0.937674814
41.368906000 -0.379294018 -1.835566148 1.219524476 -0.012206215 0.324006657 0.127839085 0.937298172
41.469271000 -0.411659138 -1.832574627 1.213991335 -0.011793329 0.325263912 0.127457286 0.936919925
41.569255000 -0.396989698 -1.788061497 1.195552363 -0.014647965 0.329525059 0.120656453 0.936290923
41.668988000 -0.405880646 -1.783690156 1.176870816 -0.012116099 0.330437589 0.120794199 0.935987693
41.768679000 -0.455488058 -1.779777031 1.175602889 -0.011544916 0.329647091 0.123880729 0.935870224
41.868582000 -0.498151936 -1.789305564 1.165054289 -0.009578035 0.329613860 0.126796920 0.935513499
41.968628000 -0.533105530 -1.789181478 1.154493564 -0.008462365 0.330029415 0.129124581 0.935059258
42.068741000 -0.567493860 -1.776117568 1.156395868 -0.011676199 0.331591499 0.128570368 0.934548236
42.168814000 -0.659175344 -1.711802998 1.220735394 -0.021956375 0.333901117 0.117244372 0.935030330
42.268615000 -0.688827640 -1.699396320 1.214057914 -0.037479441 0.337139230 0.111430579 0.934085466
42.368230000 -0.761333496 -1.662858165 1.284452274 -0.042962192 0.336195445 0.104707550 0.934966952
42.467741000 -0.778109672 -1.637971868 1.286856930 -0.032980490 0.335229103 0.106780661 0.935484701
42.567349000 -0.776736769 -1.607626245 1.291741207 -0.020202414 0.335362232 0.107858738 0.935676508
42.667217000 -0.831768104 -1.555843959 1.322153065 -0.016480683 0.333964867 0.106282554 0.936429321
42.767276000 -0.835248302 -1.519561393 1.317509210 -0.023707078 0.337106893 0.097920124 0.936060130
42.867435000 -0.873574055 -1.489150055 1.325215595 -0.018581705 0.334564565 0.098619110 0.937014164
42.967615000 -0.897430861 -1.462668375 1.363278818 -0.019591230 0.334640828 0.095932900 0.937245207
43.067827000 -0.893444693 -1.435241790 1.345573334 -0.016596975 0.332988215 0.095125945 0.937973584
43.168210000 -0.903530454 -1.410590288 1.326381053 -0.015435314 0.333067831 0.094349018 0.938043620
43.268481000 -0.949043643 -1.378504450 1.317129751 -0.020355150 0.329529902 0.093881392 0.939245440
43.368792000 -0.970943098 -1.330028987 1.303424768 -0.023636518 0.330504097 0.079399917 0.940161693
43.469166000 -0.996752746 -1.307089006 1.282922201 -0.010506446 0.333828491 0.054864515 0.940977172
43.569629000 -1.022564062 -1.274458942 1.272096816 -0.019738411 0.324306504 0.074257516 0.942826340
43.669984000 -1.038651145 -1.257867034 1.264812095 -0.023594688 0.317006667 0.083655342 0.944432024
43.770133000 -1.041628512 -1.269176011 1.234662063 -0.023587793 0.312692748 0.093947966 0.944902451
43.870173000 -1.056000515 -1.266527343 1.219942563 -0.034605229 0.310107037 0.092602023 0.945547973
43.970168000 -1.073486475 -1.262490111 1.207146181 -0.070488514 0.310423493 0.081583968 0.944464229
44.070006000 -1.078172665 -1.252728304 1.192832911 -0.080659833 0.313191978 0.076958420 0.943123628
44.169821000 -1.127542437 -1.293529511 1.181510567 -0.075385053 0.311543527 0.078795301 0.943953932
44.269546000 -1.119993872 -1.276308958 1.154385374 -0.058951405 0.312931157 0.082254641 0.944369100
44.369396000 -1.112178926 -1.256742252 1.117496099 -0.035692777 0.312987591 0.087266426 0.945065799
44.469167000 -1.099760159 -1.242526049 1.084167285 -0.020356990 0.312666699 0.085526245 0.945785594
44.568919000 -1.094000657 -1.237061398 1.044028168 -0.015455824 0.306620292 0.092889095 0.947162462
44.668788000 -1.089710639 -1.228390409 1.001261295 -0.013422797 0.296786372 0.094272959 0.950184344
44.768813000 -1.085205159 -1.224344444 0.965675395 -0.012959135 0.290145189 0.092539029 0.952409764
44.868986000 -1.066838969 -1.223516609 0.929826554 -0.012294225 0.283536720 0.090269793 0.954624086
44.969189000 -1.067385764 -1.221894921 0.894987195 -0.011441391 0.274653584 0.087508400 0.957484613
45.069266000 -1.049533574 -1.229940474 0.852889931 -0.010802164 0.264782822 0.085470282 0.960452082
45.169179000 -1.048844772 -1.239552803 0.814631174 -0.010696882 0.253416685 0.082295284 0.963790977
45.268828000 -1.044569901 -1.241428428 0.786470969 -0.010393992 0.242609220 0.079749666 0.966784734
45.368506000 -1.050055213 -1.241982571 0.753236075 -0.010766294 0.230665700 0.074920597 0.970084700
45.468131000 -1.052157898 -1.253790256 0.726412789 -0.009622037 0.224547795 0.071290118 0.971804210
45.567776000 -1.058289034 -1.264816250 0.701450960 -0.007462631 0.219957354 0.066884956 0.973185221
45.667448000 -1.058138003 -1.265434039 0.678781617 -0.006542270 0.218354772 0.056904492 0.974186980
45.766920000 -1.060093178 -1.251045999 0.665803155 -0.002424508 0.215634347 0.046790346 0.975349483
45.866278000 -1.053543991 -1.232015355 0.653909148 0.000524436 0.212351816 0.038298373 0.976442352
45.965682000 -1.037948052 -1.205445909 0.649043591 0.000924394 0.208365900 0.030537376 0.977573663
46.065404000 -1.019997038 -1.178761826 0.643335853 0.002726516 0.200352234 0.024850219 0.979404929
46.165512000 -0.998794986 -1.155597457 0.652893937 0.004001045 0.194541816 0.018165371 0.980717846
46.265836000 -0.962987418 -1.125155325 0.662131214 0.003411902 0.188258121 0.016029252 0.981982842
46.366343000 -0.914011742 -1.090359607 0.681654444 -0.002274891 0.177082306 0.033049375 0.983638359
46.467036000 -0.867608717 -1.067811384 0.700672205 -0.005346155 0.167088791 0.047788742 0.984768496
46.567884000 -0.822241746 -1.038365735 0.719058025 -0.006801748 0.161399222 0.053206207 0.985430427
46.668621000 -0.775525499 -1.015956207 0.731582104 -0.007320697 0.157514385 0.056873164 0.985850429
46.769288000 -0.734883337 -0.996754992 0.746409257 -0.006892336 0.153529409 0.059045666 0.986354310
46.869895000 -0.697399968 -0.966372991 0.763101073 -0.007529150 0.148309485 0.058372702 0.987188045
46.970326000 -0.657647870 -0.938170083 0.776222549 -0.008141965 0.143116801 0.056686232 0.988047550
47.070459000 -0.624864450 -0.909073801 0.793157071 -0.009060233 0.137373979 0.056258415 0.988878806
47.170429000 -0.591262675 -0.882974049 0.808496920 -0.009792647 0.132370133 0.054031283 0.989678166
47.270158000 -0.556663250 -0.849857879 0.835896093 -0.011266235 0.130776427 0.048512389 0.990160162
47.369747000 -0.520871390 -0.840172283 0.842259746 -0.038687043 0.129085565 0.044194429 0.989892460
47.469505000 -0.491528910 -0.831504235 0.867198881 -0.058352226 0.128652783 0.041033704 0.989120677
47.569471000 -0.464654633 -0.819467145 0.866710399 -0.060090508 0.126424394 0.040205636 0.989337915
47.669603000 -0.434494872 -0.803656051 0.861982430 -0.059460932 0.125102086 0.040905791 0.989515327
47.769783000 -0.398546153 -0.785402019 0.845416988 -0.052917350 0.123577914 0.042683239 0.990003230
47.870032000 -0.354712610 -0.770814998 0.816137698 -0.034172969 0.122539224 0.046429243 0.990787905
47.970032000 -0.314920127 -0.748689388 0.775293219 -0.023600540 0.120609514 0.049656893 0.991176348
48.069910000 -0.283715588 -0.730577871 0.758788745 -0.020962671 0.120085000 0.052540243 0.991150686
48.169874000 -0.246808441 -0.727661638 0.724976409 -0.016878455 0.120179604 0.053585307 0.991161236
48.269804000 -0.214833031 -0.709483418 0.700439188 -0.016213305 0.120297455 0.053614383 0.991156471
48.369722000 -0.191159513 -0.723970120 0.631558183 -0.008825405 0.116680700 0.055500466 0.991578249
48.469566000 -0.160923341 -0.690028797 0.617775288 -0.013393679 0.117771623 0.055737179 0.991384800
48.569487000 -0.113119115 -0.663483590 0.615925959 -0.017946829 0.120587006 0.059880646 0.990732554
48.669436000 -0.096813877 -0.653657543 0.573652076 -0.019452838 0.118006665 0.062734823 0.990838209
48.769342000 -0.076630385 -0.642110175 0.541434194 -0.020023849 0.115638046 0.065246328 0.990943896
48.869187000 -0.058601408 -0.628892005 0.516314543 -0.021756893 0.111653610 0.069113007 0.991102165
48.969029000 -0.030406049 -0.614941073 0.501424540 -0.033182312 0.105210516 0.080149280 0.990659262
49.068816000 -0.009149904 -0.603175150 0.485960417 -0.044797131 0.099183459 0.085361258 0.990388466
49.168604000 0.005202273 -0.592503439 0.452209356 -0.046682863 0.093163854 0.082272341 0.991147047
49.268411000 0.020719704 -0.582953819 0.425133953 -0.035103850 0.091012599 0.069999025 0.992766117
49.368362000 0.032268676 -0.573303230 0.399195184 -0.026015758 0.087036807 0.061505299 0.993964221
49.468347000 0.043403630 -0.565661279 0.375241192 -0.021883754 0.082446383 0.056199579 0.994768969
49.568317000 0.054186664 -0.555737551 0.343813022 -0.019615435 0.076971285 0.052190304 0.995473168
49.668297000 0.066105091 -0.549412842 0.305989618 -0.017918506 0.072452566 0.047460509 0.996080847
49.768135000 0.081339307 -0.545009963 0.264625263 -0.016036227 0.067908319 0.044981607 0.996548019
49.867884000 0.095136498 -0.545432800 0.218980093 -0.014158482 0.062684769 0.043162038 0.996999095
49.967717000 0.110250174 -0.542413553 0.170673611 -0.011719616 0.057505051 0.042177817 0.997385007
50.067763000 0.107075802 -0.554784901 0.138693046 -0.010026041 0.053057592 0.042176274 0.997650005
50.167982000 0.120529610 -0.542721795 0.103423163 -0.007774590 0.048624408 0.040662833 0.997958795
50.268112000 0.064767087 -0.566250000 0.131368637 -0.007515406 0.043230019 0.040315197 0.998223106
50.368185000 0.071834635 -0.571700643 0.102563159 -0.008330498 0.040666942 0.041221303 0.998287337
50.468238000 0.082530724 -0.576308235 0.090333903 -0.013703216 0.039677249 0.042072778 0.998232347
50.568256000 0.105597871 -0.573346946 0.071029312 -0.017369026 0.040002078 0.041445891 0.998188554
50.668190000 0.136913081 -0.594669271 -0.008116978 -0.015563492 0.037785806 0.045074234 0.998147446
50.768079000 0.147820184 -0.588780626 -0.047415237 -0.013096826 0.034845744 0.046258098 0.998235661
50.867877000 0.164700032 -0.564187911 -0.058353866 -0.013009065 0.032438756 0.047481205 0.998260500
50.967612000 0.179688449 -0.535523859 -0.063038559 -0.013781888 0.026535137 0.054658247 0.998057324
51.067357000 0.202950166 -0.536374815 -0.101695973 -0.015671299 0.020059659 0.065624462 0.997519649
51.167310000 0.218610278 -0.501210497 -0.116754571 -0.013344295 0.014588436 0.067623100 0.997515024
51.267401000 0.222678276 -0.478239034 -0.135104945 -0.007388789 0.009964215 0.058848640 0.998189841
51.367681000 0.227479356 -0.439466743 -0.151642876 0.004761727 0.006541872 0.046491534 0.998885913
51.467974000 0.231530277 -0.399519368 -0.168276331 0.009198656 0.002181435 0.040423299 0.999137920
51.568194000 0.241195630 -0.380704287 -0.192627974 0.011746603 -0.002047427 0.040084755 0.999125136
51.668372000 0.251965986 -0.369868937 -0.226017996 0.014814769 -0.006301934 0.047125184 0.998759243
51.768346000 0.268905746 -0.336904840 -0.265594136 0.015302205 -0.013063585 0.060403167 0.997971263
51.868299000 0.279628453 -0.328279675 -0.292443790 0.022813378 -0.015824429 0.051294380 0.998297563
51.968178000 0.281818191 -0.296131388 -0.312596874 0.024782563 -0.018285770 0.042569436 0.998618695
52.068025000 0.285633680 -0.301981050 -0.345715212 0.035598965 -0.023720019 0.039840425 0.998289945
52.168102000 0.275927515 -0.309837460 -0.394862992 0.035565163 -0.029307128 0.044288456 0.997955282
52.268194000 0.270312440 -0.307403873 -0.397177482 0.024568323 -0.036633041 0.050932508 0.997727567
52.368471000 0.247611474 -0.301191911 -0.412908828 0.035441967 -0.035551065 0.023673853 0.998458581
52.468778000 0.240444057 -0.300406856 -0.447373973 0.041660888 -0.035493042 0.023145208 0.998232896
52.568812000 0.215120272 -0.325798391 -0.467997919 0.042375379 -0.033653849 0.006243014 0.998515283
52.668737000 0.254111895 -0.279867447 -0.445665088 0.035426467 -0.025546432 -0.005226618 0.999032045
52.768639000 0.250361229 -0.278324080 -0.454107530 0.035170889 -0.024177586 -0.010706342 0.999031445
52.868694000 0.228593154 -0.279587090 -0.469533946 0.031766265 -0.012900107 -0.064188399 0.997348656
52.968728000 0.215416117 -0.255451162 -0.363184946 0.033716824 -0.016966107 -0.038509932 0.998545098
53.068629000 0.244535088 -0.251740343 -0.345923655 0.034646452 -0.017333948 -0.014878314 0.999138526
53.168697000 0.212909375 -0.255395974 -0.317920627 0.035231840 -0.022281806 -0.009181061 0.999088558
53.268685000 0.302953690 -0.263429132 -0.197434393 0.033221421 -0.019924096 -0.006273767 0.999229707
53.368638000 0.306287102 -0.201036201 -0.271733815 0.030668276 -0.022788505 0.005168060 0.999256440
53.468580000 0.271215595 -0.186917226 -0.334739199 0.030462069 -0.028623499 0.007778062 0.999095721
53.568413000 0.291671666 -0.177248885 -0.404182602 0.028431605 -0.030573289 0.024112672 0.998837072
53.668323000 0.285646567 -0.209897038 -0.372361156 0.032769060 -0.032544507 0.014722439 0.998824456
53.768239000 0.290694437 -0.219524590 -0.357379418 0.036364272 -0.034607333 0.008826195 0.998700190
53.868016000 0.300271984 -0.229034598 -0.342094824 0.038203587 -0.036218831 0.004746512 0.998602099
53.967777000 0.287949548 -0.297908969 -0.513471521 0.058769125 -0.040278849 0.015098141 0.997344399
54.067678000 0.281874662 -0.356062287 -0.552351327 0.075329866 -0.040126946 0.018357944 0.996181823
54.167824000 0.277863186 -0.348650979 -0.543282760 0.078167383 -0.039093440 0.013471687 0.996082364
54.268077000 0.284156652 -0.359722301 -0.511191514 0.076031285 -0.039199500 0.003884216 0.996327033
54.368587000 0.284294790 -0.343880349 -0.432966612 0.072282330 -0.034678773 -0.001923461 0.996779287
54.469023000 0.279863381 -0.335341332 -0.420318578 0.072958240 -0.026805193 0.006083744 0.996956150
54.569235000 0.285007900 -0.371163208 -0.442204627 0.080523979 -0.013570189 0.011615395 0.996592606
54.668973000 0.276201609 -0.375812029 -0.480684061 0.083320882 -0.015639672 0.018160887 0.996234517
54.769583000 0.272881566 -0.369933132 -0.543743302 0.084895651 -0.014009568 0.020548290 0.996079429
54.869942000 0.263735350 -0.404327430 -0.466395817 0.087937632 -0.014130795 0.020075486 0.995823412
54.969943000 0.258499203 -0.406669859 -0.473326422 0.089627224 -0.014922577 0.023220862 0.995592823
55.069491000 0.231436737 -0.404318046 -0.648840479 0.091701737 -0.013607336 0.024637819 0.995388673
55.168727000 0.232255133 -0.401254860 -0.642210738 0.091223234 -0.014108012 0.023914695 0.995443305
55.267736000 0.238443002 -0.412661521 -0.642064192 0.091578630 -0.013159435 0.021691865 0.995474584
55.366791000 0.238443002 -0.412661521 -0.642064192 0.091578630 -0.013159435 0.021691865 0.995474584
55.466039000 0.238443002 -0.412661521 -0.642064192 0.091578630 -0.013159435 0.021691865 0.995474584
55.565571000 0.238443002 -0.412661521 -0.642064192 0.091578630 -0.013159435 0.021691865 0.995474584
55.665409000 0.238443002 -0.412661521 -0.642064192 0.091578630 -0.013159435 0.021691865 0.995474584
55.765523000 0.238443002 -0.412661521 -0.642064192 0.091578630 -0.013159435 0.021691865 0.995474584
55.865850000 0.238443002 -0.412661521 -0.642064192 0.091578630 -0.013159435 0.021691865 0.995474584
55.966209000 0.238443002 -0.412661521 -0.642064192 0.091578630 -0.013159435 0.021691865 0.995474584
56.066512000 0.238443002 -0.412661521 -0.642064192 0.091578630 -0.013159435 0.021691865 0.995474584
56.166955000 0.238443002 -0.412661521 -0.642064192 0.091578630 -0.013159435 0.021691865 0.995474584
56.267250000 0.238443002 -0.412661521 -0.642064192 0.091578630 -0.013159435 0.021691865 0.995474584
56.367372000 0.238443002 -0.412661521 -0.642064192 0.091578630 -0.013159435 0.021691865 0.995474584
56.467305000 0.238443002 -0.412661521 -0.642064192 0.091578630 -0.013159435 0.021691865 0.995474584
56.567132000 0.238443002 -0.412661521 -0.642064192 0.091578630 -0.013159435 0.021691865 0.995474584
56.666955000 0.238443002 -0.412661521 -0.642064192 0.091578630 -0.013159435 0.021691865 0.995474584
56.766748000 0.238443002 -0.412661521 -0.642064192 0.091578630 -0.013159435 0.021691865 0.995474584
56.866520000 0.238443002 -0.412661521 -0.642064192 0.091578630 -0.013159435 0.021691865 0.995474584
56.966354000 0.238443002 -0.412661521 -0.642064192 0.091578630 -0.013159435 0.021691865 0.995474584
