0.065342000 -0.131118906 0.009728167 0.183628183 -0.033611298 0.004421251 -0.022222944 0.999178099
0.165343000 -0.131118906 0.009728167 0.183628183 -0.033611298 0.004421251 -0.022222944 0.999178099
0.265258000 -0.131118906 0.009728167 0.183628183 -0.033611298 0.004421251 -0.022222944 0.999178099
0.365208000 -0.131118906 0.009728167 0.183628183 -0.033611298 0.004421251 -0.022222944 0.999178099
0.465196000 -0.131118906 0.009728167 0.183628183 -0.033611298 0.004421251 -0.022222944 0.999178099
0.565255000 -0.131118906 0.009728167 0.183628183 -0.033611298 0.004421251 -0.022222944 0.999178099
0.665338000 -0.131118906 0.009728167 0.183628183 -0.033611298 0.004421251 -0.022222944 0.999178099
0.765444000 -0.131118906 0.009728167 0.183628183 -0.033611298 0.004421251 -0.022222944 0.999178099
0.865505000 -0.131118906 0.009728167 0.183628183 -0.033611298 0.004421251 -0.022222944 0.999178099
0.965496000 -0.131118906 0.009728167 0.183628183 -0.033611298 0.004421251 -0.022222944 0.999178099
1.065447000 -0.131118906 0.009728167 0.183628183 -0.033611298 0.004421251 -0.022222944 0.999178099
1.165457000 -0.131118906 0.009728167 0.183628183 -0.033611298 0.004421251 -0.022222944 0.999178099
1.265385000 -0.131118906 0.009728167 0.183628183 -0.033611298 0.004421251 -0.022222944 0.999178099
1.365333000 -0.131118906 0.009728167 0.183628183 -0.033611298 0.004421251 -0.022222944 0.999178099
1.465337000 -0.131118906 0.009728167 0.183628183 -0.033611298 0.004421251 -0.022222944 0.999178099
1.565355000 -0.131118906 0.009728167 0.183628183 -0.033611298 0.004421251 -0.022222944 0.999178099
1.665394000 -0.131118906 0.009728167 0.183628183 -0.033611298 0.004421251 -0.022222944 0.999178099
1.765431000 -0.131118906 0.009728167 0.183628183 -0.033611298 0.004421251 -0.022222944 0.999178099
1.865431000 -0.131118906 0.009728167 0.183628183 -0.033611298 0.004421251 -0.022222944 0.999178099
1.965417000 -0.131118906 0.009728167 0.183628183 -0.033611298 0.004421251 -0.022222944 0.999178099
2.065379000 -0.131118906 0.009728167 0.183628183 -0.033611298 0.004421251 -0.022222944 0.999178099
2.165472000 -0.131118906 0.009728167 0.183628183 -0.033611298 0.004421251 -0.022222944 0.999178099
2.265517000 -0.131118906 0.009728167 0.183628183 -0.033611298 0.004421251 -0.022222944 0.999178099
2.365615000 -0.131118906 0.009728167 0.183628183 -0.033611298 0.004421251 -0.022222944 0.999178099
2.465688000 -0.131118906 0.009728167 0.183628183 -0.033611298 0.004421251 -0.022222944 0.999178099
2.565694000 -0.131118906 0.009728167 0.183628183 -0.033611298 0.004421251 -0.022222944 0.999178099
2.665626000 -0.131118906 0.009728167 0.183628183 -0.033611298 0.004421251 -0.022222944 0.999178099
2.765480000 -0.131118906 0.009728167 0.183628183 -0.033611298 0.004421251 -0.022222944 0.999178099
2.865305000 -0.131118906 0.009728167 0.183628183 -0.033611298 0.004421251 -0.022222944 0.999178099
2.965135000 -0.134796984 0.018636568 0.172859214 -0.034064169 0.003686141 -0.022329839 0.999163362
3.065036000 -0.138057597 0.015507706 0.177465259 -0.033967160 0.003495191 -0.022117477 0.999172074
3.165080000 -0.138057597 0.015507706 0.177465259 -0.033967160 0.003495191 -0.022117477 0.999172074
3.265104000 -0.139742034 0.013832555 0.180846718 -0.033888174 0.003525587 -0.022413868 0.999168044
3.365186000 -0.141143823 0.012438492 0.183660770 -0.033822439 0.003550883 -0.022660524 0.999164618
3.465288000 -0.141143823 0.012438492 0.183660770 -0.033822439 0.003550883 -0.022660524 0.999164618
3.565400000 -0.141143823 0.012438492 0.183660770 -0.033822439 0.003550883 -0.022660524 0.999164618
3.665486000 -0.141143823 0.012438492 0.183660770 -0.033822439 0.003550883 -0.022660524 0.999164618
3.765567000 -0.143293081 0.010438582 0.185694079 -0.033720747 0.003441970 -0.022512141 0.999171791
3.865595000 -0.146170881 0.004537218 0.186619328 -0.033192364 0.003133243 -0.021857126 0.999205042
3.965591000 -0.145975724 0.004907319 0.185356611 -0.033134563 0.003224136 -0.022433385 0.999193900
4.065531000 -0.147861417 0.005396756 0.186429843 -0.033222330 0.003091824 -0.022997987 0.999178568
4.165534000 -0.148777572 0.008905092 0.188993702 -0.033487557 0.003218189 -0.022954942 0.999170305
4.265424000 -0.148777572 0.008905092 0.188993702 -0.033487557 0.003218189 -0.022954942 0.999170305
4.365315000 -0.148777572 0.008905092 0.188993702 -0.033487557 0.003218189 -0.022954942 0.999170305
4.465255000 -0.131095197 -0.000367621 0.199491368 -0.032848715 0.004107443 -0.022685338 0.999194409
4.565249000 -0.131095197 -0.000367621 0.199491368 -0.032848715 0.004107443 -0.022685338 0.999194409
4.665313000 -0.126431962 0.012239866 0.173248244 -0.033475237 0.003581167 -0.022394209 0.999182207
4.765391000 -0.125842821 0.013832665 0.169932752 -0.033554388 0.003514679 -0.022357427 0.999180612
4.865516000 -0.125842821 0.013832665 0.169932752 -0.033554388 0.003514679 -0.022357427 0.999180612
4.965507000 -0.125842821 0.013832665 0.169932752 -0.033554388 0.003514679 -0.022357427 0.999180612
5.065643000 -0.125842821 0.013832665 0.169932752 -0.033554388 0.003514679 -0.022357427 0.999180612
5.165951000 -0.125842821 0.013832665 0.169932752 -0.033554388 0.003514679 -0.022357427 0.999180612
5.266121000 -0.125842821 0.013832665 0.169932752 -0.033554388 0.003514679 -0.022357427 0.999180612
5.366190000 -0.126514408 0.013447302 0.170764779 -0.033511001 0.003362522 -0.022281220 0.999184294
5.466203000 -0.129869764 0.023113506 0.195903178 -0.036856758 0.004464666 -0.031695675 0.998807805
5.566125000 -0.121967100 -0.001152160 0.265205986 -0.036681456 -0.000048702 -0.033794283 0.998755433
5.666080000 -0.131694661 0.002883753 0.304079081 -0.038089961 -0.008767213 -0.037950242 0.998514932
5.766098000 -0.139322802 -0.000805580 0.334244139 -0.038411402 -0.017400409 -0.041314877 0.998255915
5.866079000 -0.139876088 -0.001525694 0.341000092 -0.037976527 -0.022662961 -0.045113501 0.998002478
5.966076000 -0.134874122 0.050606899 0.368184006 -0.045618457 -0.025242815 -0.061482249 0.996745549
6.066371000 -0.143604246 0.023041078 0.368936926 -0.040609809 -0.034543503 -0.060225196 0.996760009
6.167130000 -0.149154852 -0.101384045 0.313412244 -0.020637973 -0.051622928 -0.027799699 0.998066292
6.267914000 -0.118418660 -0.094126742 0.347250275 -0.023491434 -0.048158066 -0.025148784 0.998246709
6.368629000 -0.108426701 -0.109096861 0.331138142 -0.024879345 -0.047433817 -0.027923637 0.998173994
6.469516000 -0.095493808 -0.055035728 0.281958560 -0.035166721 -0.047168866 -0.020976261 0.998047292
6.570368000 -0.094863400 -0.078882077 0.293656392 -0.036961005 -0.045004123 -0.026701179 0.997945670
6.670993000 -0.132042267 -0.121510937 0.288603258 -0.038862281 -0.044313001 -0.042326132 0.997363815
6.771279000 -0.130654212 -0.176866325 0.304369793 -0.041216467 -0.040193940 -0.048099168 0.997182090
6.871285000 -0.132689315 -0.173101920 0.332714438 -0.048614478 -0.042975470 -0.033293708 0.997337090
6.971115000 -0.117447595 -0.158626082 0.373084228 -0.060295806 -0.043877601 -0.019258991 0.997029720
7.070994000 -0.108258276 -0.215248195 0.373610929 -0.059457029 -0.044127989 -0.015384616 0.997136348
7.171136000 -0.106817866 -0.269887599 0.384296758 -0.059132708 -0.045455288 -0.012761041 0.997133038
7.271368000 -0.106427915 -0.318072827 0.391832979 -0.058390084 -0.045468744 -0.013536653 0.997165959
7.371613000 -0.105023302 -0.369843792 0.408467955 -0.060380072 -0.045182131 -0.013687929 0.997058405
7.471789000 -0.087001288 -0.423555506 0.416224008 -0.087949657 -0.042819820 -0.011988574 0.995131948
7.571761000 -0.066979767 -0.487136421 0.415408924 -0.109203626 -0.039748492 -0.011192072 0.993161298
7.671541000 -0.062025187 -0.510916472 0.420264189 -0.115393677 -0.036591035 -0.017629565 0.992489090
7.771162000 -0.076262683 -0.529738237 0.416291909 -0.107050767 -0.036841664 -0.018037376 0.993407005
7.870738000 -0.088677593 -0.551436070 0.408153589 -0.095770116 -0.038531313 -0.014599864 0.994550284
7.970470000 -0.088196098 -0.566796469 0.399177721 -0.085091363 -0.038896474 -0.011658784 0.995545377
8.070540000 -0.094326679 -0.586159996 0.358800906 -0.069990450 -0.038473227 -0.011010526 0.996744659
8.170917000 -0.103725356 -0.606317626 0.324360898 -0.061232574 -0.038764236 -0.010385675 0.997316421
8.271215000 0.016188930 -0.593498246 0.273629099 -0.060648259 -0.027144181 0.000405665 0.997789967
8.371414000 0.010078077 -0.611286189 0.248885488 -0.056627915 -0.025225145 -0.007839616 0.998045847
8.471664000 -0.000657129 -0.635174896 0.210897113 -0.045227541 -0.021528633 -0.019045821 0.998563090
8.571804000 -0.015644408 -0.665603565 0.176293535 -0.035711035 -0.018609263 -0.029676043 0.998748091
8.671731000 -0.018208204 -0.675628404 0.177628602 -0.038866279 -0.019620515 -0.029036243 0.998629733
8.771611000 -0.010940478 -0.699617228 0.171785475 -0.039892856 -0.022396446 -0.016561839 0.998815631
8.871588000 -0.001699287 -0.736519071 0.165327605 -0.041601666 -0.025184581 -0.009692050 0.998769795
8.971692000 0.004753273 -0.774234481 0.160150455 -0.043180592 -0.025562763 -0.005432322 0.998725423
9.071848000 0.006835142 -0.816033767 0.161548205 -0.048717978 -0.025516706 -0.002943278 0.998482245
9.171938000 0.012599644 -0.856774877 0.161094529 -0.048521932 -0.024703063 -0.001833061 0.998514908
9.271789000 0.010971755 -0.906237777 0.163782819 -0.047271209 -0.024412970 -0.000539733 0.998583571
9.371429000 0.018897308 -0.925738453 0.163272464 -0.045128901 -0.021624435 0.001032931 0.998746564
9.471095000 0.018900936 -0.960312628 0.194234223 -0.047071056 -0.022110929 0.000967150 0.998646327
9.570960000 0.015758966 -1.016877418 0.211552475 -0.052033884 -0.021294380 0.001500565 0.998417134
9.670957000 0.014819357 -1.073047027 0.232421222 -0.055695875 -0.019980143 0.002063232 0.998245714
9.770914000 0.014104027 -1.126917561 0.263931542 -0.056431076 -0.019566181 0.001529483 0.998213584
9.870697000 0.013561111 -1.187176785 0.293499607 -0.058232314 -0.017319936 -0.003919121 0.998145109
9.970450000 0.012356515 -1.240363402 0.327568634 -0.059887670 -0.013690123 -0.013818458 0.998015580
10.070385000 0.008655352 -1.290864552 0.357825324 -0.062768533 -0.004945895 -0.034093142 0.997433360
10.170543000 0.001893798 -1.343165593 0.397122583 -0.065768093 0.004157883 -0.059244565 0.996065937
10.270761000 0.025941558 -1.389659577 0.437346826 -0.065740611 0.013025140 -0.077829826 0.994711534
10.370965000 0.054466300 -1.418886375 0.477402718 -0.066722604 0.014576383 -0.070113218 0.995198352
10.471059000 0.079955789 -1.443823446 0.502534671 -0.062959957 0.013225288 -0.050063160 0.996671870
10.570878000 0.145545075 -1.461221503 0.555703607 -0.062061333 0.011167071 -0.026390746 0.997660872
10.670534000 0.210433727 -1.475211121 0.608255682 -0.063238250 0.004892569 -0.003197110 0.997981345
10.770210000 0.271476432 -1.485565881 0.661728952 -0.062908018 0.000585454 0.006343144 0.997999000
10.869948000 0.327764670 -1.495987743 0.711037039 -0.061783319 -0.002936946 0.009889124 0.998036272
10.969808000 0.384026595 -1.513545927 0.760364640 -0.061289444 -0.007508651 0.008827512 0.998052754
11.069763000 0.436452996 -1.536273125 0.808286542 -0.060730926 -0.011493456 0.006438667 0.998067232
11.169931000 0.488351288 -1.560103461 0.855589273 -0.060716013 -0.014821374 0.004783708 0.998033571
11.269947000 0.534671111 -1.590093252 0.902118530 -0.059961881 -0.017865623 0.003762235 0.998033686
11.369887000 0.576947026 -1.616765243 0.947333699 -0.059901604 -0.018873730 0.004037587 0.998017674
11.469670000 0.623035338 -1.648499655 0.976398466 -0.060490883 -0.016871400 0.000802654 0.998025834
11.569473000 0.638590376 -1.661337606 1.004684364 -0.060644760 -0.016874026 0.005035725 0.998004069
11.669295000 0.676381772 -1.685575946 1.048485102 -0.065059198 -0.019004509 0.022673729 0.997442746
11.769154000 0.705444726 -1.706597878 1.097129592 -0.065687373 -0.014207296 0.023426906 0.997464035
11.869126000 0.733860732 -1.725766330 1.155556342 -0.064088779 -0.006103514 0.018719727 0.997749942
11.969080000 0.751545155 -1.744921097 1.196519549 -0.061115809 0.002654759 0.014084533 0.998027773
12.069056000 0.770929549 -1.760501494 1.241158826 -0.060048453 0.010315065 0.011252424 0.998078737
12.169159000 0.787655557 -1.768932693 1.290396471 -0.065948035 0.015860185 0.011975842 0.997625125
12.269086000 0.803045207 -1.772355801 1.337573053 -0.076627451 0.021553462 0.013949499 0.996729198
12.369185000 0.808278123 -1.777951143 1.373218365 -0.085870569 0.022182678 0.014680287 0.995951135
12.469487000 0.822679475 -1.778361393 1.412994933 -0.075586526 0.022124838 0.014457825 0.996788914
12.569817000 0.835576208 -1.781124337 1.445314936 -0.066768637 0.021932566 0.014164479 0.997426829
12.670282000 0.846806199 -1.791843035 1.473574891 -0.061853621 0.021453585 0.013316459 0.997765777
12.770842000 0.849356367 -1.796855929 1.481392803 -0.060862885 0.020661934 0.013379010 0.997842571
12.871327000 0.848613011 -1.818386422 1.497967328 -0.061276093 0.018574850 0.012905341 0.997864554
12.971634000 0.844637090 -1.832284400 1.498047129 -0.060256858 0.017062855 0.014244603 0.997935399
13.071809000 0.851804086 -1.848896479 1.523822853 -0.060873936 0.017898988 0.016904750 0.997841781
13.171960000 0.861438039 -1.871692619 1.557146975 -0.060493518 0.016375387 0.016420348 0.997899170
13.271925000 0.863388709 -1.896803469 1.584714025 -0.060629877 0.016883389 0.008019784 0.997985297
13.371883000 0.878847568 -1.918268112 1.664148605 -0.060388086 0.017856659 0.005864554 0.997998009
13.471768000 0.885227316 -1.933978638 1.701872522 -0.059750194 0.014152294 0.016510944 0.997976460
13.571604000 0.893958834 -1.957967205 1.731022018 -0.060430606 0.013424826 0.019744813 0.997886796
13.671390000 0.898560527 -1.977647043 1.751219856 -0.059094431 0.013601938 0.023514856 0.997882702
13.771060000 0.905335595 -1.997803938 1.790864661 -0.061092997 0.015975109 0.026642761 0.997648538
13.870733000 0.910966325 -2.017490902 1.824351612 -0.059953673 0.017607808 0.027212044 0.997674810
13.970369000 0.928289753 -2.042766037 1.870044774 -0.054645860 0.020519438 0.028678352 0.997882926
14.070028000 0.931048470 -2.072396183 1.900593236 -0.050006296 0.023778291 0.028187562 0.998067846
14.169973000 0.930676249 -2.102053590 1.938748569 -0.048326690 0.027019128 0.029553340 0.998028606
14.270000000 0.929626684 -2.134221099 1.979432672 -0.052131984 0.031968337 0.029411727 0.997694959
14.370138000 0.922409421 -2.157269351 2.023012073 -0.059262516 0.037512286 0.031450413 0.997041451
14.470316000 0.912233073 -2.174486917 2.062284619 -0.062059657 0.045318082 0.035065515 0.996426254
14.570361000 0.903124510 -2.194028631 2.110171221 -0.064319663 0.051975381 0.037763432 0.995859159
14.670168000 0.893448881 -2.209286806 2.153955389 -0.064497858 0.059010911 0.040997060 0.995327574
14.769977000 0.883395861 -2.222899296 2.202394827 -0.065080029 0.067217230 0.042168560 0.994720185
14.869916000 0.871958050 -2.239270300 2.250241443 -0.069747574 0.074532863 0.044354382 0.993787109
14.970099000 0.859832267 -2.258874832 2.292676909 -0.082465103 0.080781162 0.044582025 0.992313637
15.070584000 0.846836193 -2.281806339 2.329936090 -0.090165669 0.084809689 0.045014707 0.991287620
15.171197000 0.831344286 -2.298125036 2.355054096 -0.095797856 0.088898403 0.047477698 0.990285672
15.271608000 0.817562932 -2.321021086 2.378370657 -0.097953639 0.093410881 0.047374065 0.989664180
15.371633000 0.808017084 -2.342177709 2.397616787 -0.096541636 0.097384476 0.054843286 0.989033968
15.471121000 0.800525564 -2.356691417 2.407617786 -0.092175991 0.098563433 0.073346033 0.988134199
15.570258000 0.786519385 -2.367347319 2.416689141 -0.087736532 0.105090602 0.079378598 0.987399263
15.669549000 0.768166812 -2.370133565 2.418972706 -0.087210748 0.113500155 0.084270108 0.986108792
15.769314000 0.742435052 -2.365757113 2.418218460 -0.089602864 0.122927458 0.087011144 0.984524874
15.869533000 0.713469831 -2.350473384 2.411596557 -0.091466666 0.133471033 0.091849214 0.982539085
15.970106000 0.681476874 -2.328237774 2.413495089 -0.094583437 0.142506831 0.095705843 0.980605001
16.070691000 0.650336952 -2.315199524 2.413194235 -0.095672694 0.148843486 0.098621976 0.979268124
16.171177000 0.611854138 -2.278521275 2.396723708 -0.094623065 0.155373717 0.091155153 0.979079272
16.271372000 0.566276877 -2.252384896 2.376561770 -0.086120119 0.161917351 0.079102691 0.979851448
16.371544000 0.521824315 -2.234225128 2.348879169 -0.077776329 0.166096926 0.072567019 0.980355385
16.471676000 0.478018220 -2.220305194 2.317123126 -0.072991778 0.168709299 0.069388148 0.980507347
16.571591000 0.433156016 -2.203932745 2.281037063 -0.071743329 0.170517008 0.069404695 0.980285587
16.671364000 0.389021433 -2.190996795 2.249609214 -0.071143733 0.171905849 0.069993636 0.980044815
16.771007000 0.349754366 -2.187968937 2.216148358 -0.066571049 0.173761173 0.070593255 0.979995889
16.870416000 0.304919322 -2.189751431 2.183093264 -0.064675901 0.175117721 0.071777735 0.979795269
16.969794000 0.260481088 -2.195719909 2.151944024 -0.064476370 0.176759419 0.073564101 0.979381044
17.069148000 0.213061549 -2.205104794 2.121742952 -0.064704153 0.178850116 0.074991954 0.978878039
17.168755000 0.164068451 -2.212158136 2.084023416 -0.065130974 0.180702578 0.077150021 0.978341663
17.268414000 0.114608272 -2.224995696 2.054564588 -0.065349107 0.183365565 0.077466039 0.977806513
17.368390000 0.067621881 -2.238746185 2.024907263 -0.065860851 0.184790109 0.080318322 0.977273724
17.468515000 0.032112227 -2.255771452 2.031180211 -0.070494630 0.176136755 0.095487995 0.977183910
17.568853000 0.043808436 -2.258990887 2.039505592 -0.071647126 0.173206137 0.096050253 0.977568756
17.669235000 -0.003555797 -2.266347985 1.994975128 -0.070453318 0.170050022 0.085857740 0.979156662
17.769574000 -0.070523593 -2.270892747 1.974017602 -0.070470783 0.167646269 0.074109223 0.980528643
17.869891000 -0.132880065 -2.276965920 1.948064742 -0.069002310 0.165042362 0.068266183 0.981498563
17.970157000 -0.194322273 -2.280822735 1.922493910 -0.069079366 0.159314171 0.063512190 0.982757975
18.070463000 -0.257804948 -2.271276698 1.904357242 -0.067939092 0.152208295 0.051175360 0.984681673
18.170873000 -0.304929916 -2.275940989 1.860673769 -0.083997088 0.151977165 0.013779454 0.984711916
18.271137000 -0.359160910 -2.282935990 1.830045448 -0.108618000 0.152821321 -0.030253461 0.981800643
18.371118000 -0.378271316 -2.277823594 1.796507677 -0.114463767 0.148499380 -0.048680700 0.981058698
18.470790000 -0.392546474 -2.273009528 1.771280731 -0.113061054 0.136656266 -0.045346854 0.983100161
18.570396000 -0.386081637 -2.270751181 1.737537105 -0.110443758 0.123063631 -0.037528375 0.985519731
18.670004000 -0.368300470 -2.268065851 1.700751132 -0.103584330 0.111033713 -0.024381394 0.988102904
18.769538000 -0.335045812 -2.266996941 1.653511712 -0.088771864 0.099220986 0.000196473 0.991097732
18.869150000 -0.301065407 -2.272025491 1.601695711 -0.075581330 0.091018427 0.018481887 0.992804879
18.968958000 -0.263067140 -2.291186406 1.537637554 -0.071153178 0.087055456 0.025472364 0.993332639
19.068969000 -0.229475673 -2.312265668 1.499055138 -0.066335435 0.086403503 0.030551149 0.993579726
19.169051000 -0.205674442 -2.324638971 1.492569108 -0.066610802 0.087479669 0.031830643 0.993426957
19.269261000 -0.177434182 -2.322046643 1.486030208 -0.067487306 0.090841298 0.031183361 0.993086562
19.369589000 -0.184508926 -2.325140986 1.498129512 -0.068153490 0.092213099 0.031767133 0.992896115
19.469752000 -0.159841729 -2.322245944 1.457082933 -0.055173653 0.093530924 0.033032696 0.993537455
19.569611000 -0.137846798 -2.313564314 1.419336553 -0.034662761 0.094144458 0.035625735 0.994316912
19.669091000 -0.119193606 -2.296535132 1.389405527 -0.023558412 0.094591668 0.035944805 0.994588050
19.768578000 -0.104817908 -2.286758966 1.374378543 -0.017901135 0.096936320 0.031005824 0.994646439
19.868147000 -0.101253801 -2.284039252 1.373521683 -0.019685624 0.101830697 0.014609854 0.994499642
19.967863000 -0.092055900 -2.292449691 1.379363658 -0.033795757 0.109030406 -0.007697223 0.993433928
20.067791000 -0.071907801 -2.294681921 1.389364715 -0.050515675 0.110106722 -0.008485681 0.992598947
20.168192000 -0.045356032 -2.297765386 1.409144937 -0.059042513 0.107590468 -0.000150708 0.992440552
20.268860000 -0.017063310 -2.297995633 1.431674283 -0.064207257 0.102431345 0.014440684 0.992560685
20.369665000 0.007531226 -2.299311971 1.446548497 -0.066846896 0.099001137 0.021647145 0.992603480
20.470333000 0.032087850 -2.310511124 1.464262916 -0.067061859 0.097862510 0.023898454 0.992650241
20.570632000 0.057591793 -2.326630994 1.480217129 -0.066196475 0.096945363 0.025789131 0.992750998
20.670779000 0.083610458 -2.348315445 1.494713784 -0.065185599 0.096709754 0.025309700 0.992853202
20.770893000 0.088957962 -2.366591001 1.524334800 -0.062973744 0.098786624 0.017093071 0.992966937
20.870837000 0.120995960 -2.366366277 1.503553999 -0.061923203 0.103905480 0.002591513 0.992654246
20.970675000 0.137187172 -2.377263813 1.523468073 -0.062059488 0.105862073 -0.001682323 0.992440936
21.070430000 0.167229215 -2.390720839 1.535913154 -0.062564983 0.102627374 0.010137512 0.992698583
21.170198000 0.201185661 -2.403852354 1.555850304 -0.062115080 0.099646798 0.018967855 0.992901029
21.269832000 0.229194251 -2.419082897 1.576295786 -0.060857509 0.098078509 0.023083997 0.993047883
21.369358000 0.260383072 -2.432049379 1.595140111 -0.062033352 0.097645793 0.023319214 0.993012274
21.468779000 0.297807765 -2.450523317 1.610088581 -0.063091167 0.098078783 0.022435628 0.992923310
21.568150000 0.355510996 -2.452519873 1.627822794 -0.065542330 0.100208397 0.021338085 0.992576025
21.667843000 0.382553781 -2.472510627 1.650593952 -0.066636917 0.099754025 0.021030186 0.992555483
21.768285000 0.394425871 -2.479036133 1.665633288 -0.066396777 0.098845019 0.020619662 0.992671124
21.869213000 0.417125705 -2.484381787 1.687407166 -0.067954190 0.099340754 0.020539487 0.992517895
21.970125000 0.435382392 -2.499392690 1.708059529 -0.070030275 0.098352562 0.018761205 0.992507205
22.070867000 0.446139576 -2.509456729 1.721587613 -0.070178041 0.097664747 0.018204180 0.992575059
22.171290000 0.455975966 -2.542976677 1.742215663 -0.068292886 0.094937999 0.017885915 0.992976813
22.271212000 0.464458595 -2.551170918 1.777674525 -0.068589324 0.094126920 0.018214896 0.993027615
22.370789000 0.488042474 -2.549007236 1.807043400 -0.068188244 0.096907721 0.011651422 0.992886449
22.470085000 0.504004565 -2.547669767 1.837045385 -0.067202418 0.100888193 0.000767761 0.992625215
22.569302000 0.546331963 -2.544226674 1.864383290 -0.065507152 0.104811021 -0.000491490 0.992332213
22.668604000 0.565027912 -2.526971284 1.901674656 -0.065924035 0.102354468 0.005754272 0.992544444
22.768067000 0.584456500 -2.521228301 1.939186169 -0.062720578 0.101105143 0.008723959 0.992858385
22.867767000 0.601512400 -2.516977427 1.971669828 -0.061077417 0.099859264 0.012097645 0.993051521
22.967781000 0.625876398 -2.529810310 2.000680460 -0.060759355 0.099373923 0.010672230 0.993136057
23.068008000 0.647033999 -2.534062334 2.054834308 -0.062469275 0.099755967 0.006882059 0.993025163
23.168587000 0.668320956 -2.526008851 2.095610045 -0.061975858 0.100393175 0.005512304 0.993000412
23.269240000 0.681595611 -2.515196335 2.119027546 -0.059047428 0.101195174 0.006392027 0.993092181
23.369691000 0.701666917 -2.510606528 2.162769853 -0.062471958 0.101090931 0.005150871 0.992900472
23.469929000 0.711582082 -2.499727884 2.199645053 -0.066407713 0.099685334 0.009467312 0.992755368
23.569977000 0.717847405 -2.483574257 2.240213612 -0.068734167 0.098686468 0.014068398 0.992642270
23.669884000 0.733155803 -2.480319692 2.280353959 -0.069738847 0.098510161 0.014776811 0.992579411
23.769756000 0.751521385 -2.478331754 2.325458779 -0.070701659 0.098038998 0.015113914 0.992552870
23.869706000 0.764972542 -2.477494746 2.342882500 -0.069676852 0.097521045 0.014813237 0.992680890
23.969792000 0.779872456 -2.478927162 2.371765669 -0.067991326 0.104855468 -0.000612212 0.992160338
24.070009000 0.772872337 -2.475952328 2.452009772 -0.069089075 0.097951030 0.014443802 0.992685082
24.170146000 0.791709863 -2.478144489 2.495769024 -0.070328655 0.095514006 0.021021964 0.992718002
24.270024000 0.817604569 -2.457372157 2.644950960 -0.075441540 0.098874034 0.020410416 0.992026166
24.369690000 0.849584038 -2.454358539 2.711797248 -0.077091085 0.100887624 0.027154189 0.991534821
24.469281000 0.860056892 -2.458271460 2.733836294 -0.077308601 0.102173132 0.031766406 0.991249175
24.568896000 0.881366888 -2.442362716 2.774172402 -0.076176309 0.106346666 0.037185947 0.990709222
24.668790000 0.896837229 -2.437917076 2.820935451 -0.077707264 0.111716164 0.043954508 0.989721719
24.768864000 0.916200604 -2.456842425 2.863939586 -0.077979334 0.116057343 0.048589705 0.988983800
24.869066000 0.945434789 -2.471021960 2.934479625 -0.075115468 0.120220069 0.054382190 0.988406485
24.969190000 0.943995731 -2.467435257 2.980696455 -0.077138434 0.123902623 0.051099159 0.987970991
25.069130000 0.950881261 -2.501042125 2.973340122 -0.070918094 0.132545326 0.033203816 0.988078877
25.169165000 0.960583512 -2.509119517 3.023882591 -0.072486312 0.141967178 0.021027489 0.986989817
25.269221000 0.975804684 -2.522742089 3.073934379 -0.072908601 0.148573169 0.024348603 0.985909476
25.369382000 0.987837469 -2.524435903 3.111692569 -0.076827096 0.151612967 0.037993097 0.984717031
25.469698000 1.007922220 -2.503237043 3.164353611 -0.080275768 0.158949281 0.038022408 0.983282881
25.569802000 1.040213333 -2.489172495 3.226648896 -0.081940832 0.166100921 0.040707998 0.981854899
25.669703000 1.064761607 -2.505534442 3.277401049 -0.083765273 0.173761476 0.041495074 0.980341006
25.769513000 1.093768090 -2.521239749 3.334822580 -0.084922508 0.181437478 0.042947576 0.978787063
25.869272000 1.116540400 -2.535528705 3.383161396 -0.086212798 0.188931966 0.045925031 0.977119725
25.969016000 1.142465120 -2.552274485 3.444948002 -0.087151021 0.197532233 0.049510246 0.975158680
26.068870000 1.160640363 -2.563671461 3.497071572 -0.087035446 0.205850697 0.054161295 0.973199299
26.168953000 1.175535055 -2.559741302 3.549099906 -0.091007376 0.214121105 0.065854158 0.970326254
26.268935000 1.195082347 -2.575599835 3.603626970 -0.097233981 0.215847087 0.093017860 0.967110783
26.368785000 1.207686505 -2.589313068 3.652655174 -0.103104127 0.218325396 0.113715830 0.963728318
26.468584000 1.210407158 -2.601009137 3.700005414 -0.114159700 0.219797277 0.132904379 0.959683878
26.568646000 1.195338990 -2.608621323 3.725943682 -0.127883199 0.223771139 0.143205617 0.955544094
26.669111000 1.171972245 -2.620921343 3.749552636 -0.119857137 0.230927536 0.138003371 0.955647325
26.769650000 1.148366317 -2.636150391 3.764674001 -0.107157678 0.241850775 0.122443118 0.956573634
26.869925000 1.120541666 -2.651932102 3.768117985 -0.099576736 0.248946828 0.114645984 0.956538681
26.969909000 1.081416068 -2.655431259 3.767473190 -0.095278147 0.254193445 0.109124773 0.956242412
27.069508000 1.041456179 -2.664182462 3.772208432 -0.089488428 0.261805137 0.097259125 0.956028532
27.168870000 0.999168189 -2.673125811 3.777079733 -0.086077896 0.266883788 0.091624115 0.955493936
27.268083000 0.972412218 -2.674959484 3.771203037 -0.086653572 0.271258722 0.092421575 0.954132127
27.367329000 0.934774326 -2.679429091 3.772401963 -0.085545640 0.274076583 0.093244707 0.953346419
27.466795000 0.893163840 -2.680618449 3.769169184 -0.083997619 0.276317010 0.093586581 0.952803685
27.566623000 0.846903156 -2.673549306 3.760860311 -0.086832714 0.278200749 0.096795941 0.951680077
27.666744000 0.804547337 -2.672622971 3.755113232 -0.091247817 0.280452765 0.098552618 0.950424886
27.767213000 0.760077089 -2.675335955 3.750727060 -0.099675996 0.282694150 0.099761270 0.948786806
27.867856000 0.716156435 -2.687543247 3.751473675 -0.102975390 0.285142130 0.100444968 0.947629064
27.968290000 0.665996686 -2.687279627 3.748018497 -0.112180103 0.285522056 0.104464642 0.946033783
28.068615000 0.624936167 -2.700453175 3.741843179 -0.114237236 0.286531330 0.105367815 0.945382078
28.168965000 0.588195216 -2.718080660 3.732223623 -0.115449958 0.287871891 0.104295459 0.944946315
28.269175000 0.552452553 -2.739807933 3.719359783 -0.117541871 0.288949842 0.103850916 0.944408219
28.369304000 0.515889815 -2.759735664 3.701451792 -0.119073535 0.289340426 0.104588543 0.944015280
28.469326000 0.483776841 -2.788709943 3.678877898 -0.122495654 0.290173396 0.103359495 0.943456957
28.569343000 0.454567776 -2.816586135 3.654570880 -0.126710043 0.291198357 0.101561567 0.942779577
28.669172000 0.425446621 -2.840710986 3.627624337 -0.131334326 0.290465976 0.102929914 0.942224095
28.768920000 0.401758259 -2.870111540 3.598103379 -0.136909507 0.291710015 0.100781915 0.941277887
28.868707000 0.383079780 -2.895458413 3.558869929 -0.147682597 0.293065947 0.097571470 0.939564798
28.968623000 0.369947888 -2.908424594 3.517362919 -0.153066112 0.293967814 0.095705062 0.938612929
29.068623000 0.361919124 -2.911896734 3.472511761 -0.156659672 0.294555935 0.095501549 0.937856067
29.168691000 0.358670292 -2.907954493 3.424222652 -0.158213963 0.295521594 0.095013411 0.937340803
29.268514000 0.363689541 -2.891888427 3.371245074 -0.155484013 0.296526823 0.096116202 0.937367719
29.368196000 0.372986549 -2.858516234 3.314837346 -0.153741794 0.296533709 0.097851848 0.937473325
29.467846000 0.387700524 -2.821958581 3.253816703 -0.150492739 0.296891621 0.097629056 0.937910373
29.567521000 0.408238449 -2.775032628 3.186564730 -0.144517723 0.296634678 0.098015770 0.938890518
29.667203000 0.432725587 -2.729064855 3.114486234 -0.130593244 0.294271211 0.101638586 0.941286065
29.767099000 0.458725785 -2.685096071 3.037249189 -0.121207061 0.291562535 0.104470284 0.943072689
29.867306000 0.486979085 -2.641747722 2.952923420 -0.106460749 0.287899618 0.109972977 0.945349599
29.967630000 0.512308782 -2.602297148 2.865613384 -0.094509117 0.285765470 0.114223333 0.946762459
30.068092000 0.534064247 -2.559795760 2.779303584 -0.073213297 0.285455040 0.123073148 0.947632963
30.168721000 0.544034356 -2.517000622 2.698508019 -0.064509246 0.288857642 0.129617428 0.946361000
30.269151000 0.554163893 -2.473327247 2.630562492 -0.065425628 0.295646372 0.131918065 0.943880466
30.369377000 0.544397685 -2.445885981 2.567959184 -0.082053957 0.304046283 0.131053767 0.940025487
30.469662000 0.534420338 -2.411801912 2.505724847 -0.091769658 0.313081715 0.129487772 0.936371233
30.569919000 0.533033253 -2.358582417 2.462647651 -0.096610469 0.322588095 0.129039887 0.932712199
30.669974000 0.523125902 -2.317229060 2.410401829 -0.097522627 0.329393140 0.129257425 0.930205362
30.769957000 0.509963600 -2.276168043 2.359232942 -0.095310013 0.333687752 0.130138160 0.928780138
30.869739000 0.482620032 -2.217911985 2.310233915 -0.098674384 0.336948123 0.131228737 0.927096730
30.969155000 0.465923214 -2.186724940 2.265392744 -0.086385774 0.346933191 0.114476743 0.926860256
31.068472000 0.454568794 -2.149904314 2.219809239 -0.080378354 0.355752155 0.098027705 0.925942921
31.167992000 0.445937661 -2.114154107 2.181894503 -0.080216227 0.359838663 0.092789480 0.924917080
31.267552000 0.430640582 -2.096917723 2.152405532 -0.083069121 0.358837385 0.101446416 0.924144944
31.367457000 0.440122568 -2.071516972 2.133134115 -0.086787643 0.358773251 0.107870247 0.923100032
31.467541000 0.487526872 -2.064205650 2.102831679 -0.085167919 0.360234498 0.111346010 0.922268723
31.567618000 0.517251079 -2.045202270 2.074014464 -0.091143946 0.357170871 0.126264640 0.920966335
31.667712000 0.516153427 -2.034791541 2.042651495 -0.092710090 0.353643305 0.134614807 0.920988657
31.767770000 0.524778050 -2.023598784 2.012467454 -0.092496994 0.352050367 0.137763687 0.921154716
31.867767000 0.525152821 -2.016535202 2.004013652 -0.093343840 0.352180711 0.138713357 0.920876908
31.967730000 0.534298785 -1.992067899 1.981404470 -0.096148668 0.351427975 0.142223684 0.920340283
32.067807000 0.533606233 -1.965742257 1.973491527 -0.098627283 0.352264068 0.141144019 0.919924481
32.168221000 0.546081673 -2.025173152 1.914704759 -0.094264758 0.352894603 0.145009331 0.919538933
32.268576000 0.539022893 -2.025288815 1.879249193 -0.093889873 0.354463693 0.148223315 0.918460685
32.368833000 0.538428289 -2.020571277 1.855419153 -0.093303164 0.356248156 0.148097788 0.917850105
32.469000000 0.528114673 -2.024513866 1.836695155 -0.092020081 0.357103985 0.148980488 0.917504149
32.569043000 0.476018332 -1.979880515 1.832843239 -0.095162300 0.357616942 0.149653835 0.916874031
32.668927000 0.464970125 -1.963193812 1.798273867 -0.094261403 0.359236481 0.148878805 0.916460059
32.768715000 0.485371402 -1.952448226 1.770849280 -0.092960785 0.361710564 0.148092127 0.915746953
32.868423000 0.488723885 -1.927588066 1.751335382 -0.091521438 0.363754364 0.149339509 0.914879391
32.968084000 0.482763830 -1.897393087 1.730150107 -0.090234748 0.365757529 0.152017342 0.913766846
33.067729000 0.480827704 -1.876135081 1.706930351 -0.089373772 0.367420862 0.152589609 0.913088522
33.167481000 0.474149621 -1.857202550 1.678658857 -0.086326637 0.369887897 0.148937098 0.912988717
33.267161000 0.461876245 -1.849182683 1.657328912 -0.075100914 0.379872426 0.125375142 0.913420969
33.367107000 0.465385357 -1.947947849 1.571734160 -0.066130765 0.380725767 0.128946178 0.913262008
33.467447000 0.466780793 -1.971936559 1.538484038 -0.070411861 0.376867444 0.142696729 0.912496982
33.568183000 0.473546706 -1.974679102 1.528099311 -0.076508421 0.370091683 0.156879633 0.912451307
33.669031000 0.473168671 -1.983495203 1.520921925 -0.080715846 0.364000006 0.161392546 0.913751276
33.769642000 0.482130677 -1.993643886 1.507022015 -0.081201036 0.356811544 0.161922499 0.916445862
33.869905000 0.485731315 -2.014416752 1.495732264 -0.081591701 0.347631130 0.159729845 0.920316124
33.969887000 0.485758628 -2.034002262 1.481712711 -0.083925203 0.339007359 0.153913181 0.924305849
34.069727000 0.488862800 -2.057949585 1.469765770 -0.080396074 0.332325642 0.143044525 0.928781138
34.169705000 0.493834239 -2.079828531 1.457135188 -0.081543998 0.324427795 0.143796209 0.931353763
34.269558000 0.499729427 -2.101812292 1.441416905 -0.081791588 0.321496486 0.144206236 0.932284671
34.369427000 0.506000677 -2.130410737 1.423357678 -0.079794576 0.323172088 0.143581876 0.931974716
34.469393000 0.504747813 -2.138955535 1.405593470 -0.080514074 0.326822650 0.145600232 0.930325218
34.569429000 0.478039979 -2.137042154 1.535581988 -0.085688928 0.328894967 0.137169882 0.930413850
34.669642000 0.493376288 -2.168446683 1.545544381 -0.086078727 0.327219886 0.134350746 0.931379341
34.770137000 0.492759638 -2.197058102 1.534665852 -0.084967788 0.319124406 0.129270876 0.935002208
34.870609000 0.491122336 -2.222272545 1.527094602 -0.084017551 0.308536647 0.122585672 0.939531235
34.970743000 0.489000693 -2.248361354 1.519098975 -0.082263318 0.298547233 0.114312809 0.943946438
35.070408000 0.485209513 -2.257497356 1.519923593 -0.081051777 0.290320095 0.105767412 0.947606515
35.169890000 0.470757204 -2.266142414 1.514577150 -0.076608444 0.285579729 0.097608571 0.950288341
35.269209000 0.379851870 -2.280599995 1.659468927 -0.074709679 0.286196041 0.083896521 0.951562748
35.368555000 0.498825904 -2.322623455 1.602590423 -0.066321365 0.297445193 0.068108030 0.949994279
35.468107000 0.374834198 -2.306374578 1.683569834 -0.071741874 0.290244732 0.075884415 0.951237433
35.567968000 0.261354168 -2.263298349 1.652022943 -0.077884147 0.274938730 0.084935612 0.954530616
35.668092000 0.268881363 -2.270809265 1.673831135 -0.083045299 0.270373242 0.099510667 0.953991308
35.768417000 0.267465919 -2.287370208 1.696146435 -0.085993130 0.269061022 0.106640099 0.953330602
35.868847000 0.303347555 -2.299428550 1.726217087 -0.086715173 0.271998448 0.108491231 0.952222125
35.969174000 0.362985214 -2.323337308 1.781769511 -0.087760166 0.278362367 0.107764031 0.950368065
36.069346000 0.396690790 -2.362929387 1.779532854 -0.085533226 0.280517596 0.111346399 0.949524052
36.169436000 0.405614174 -2.394203068 1.787158332 -0.084725086 0.280109367 0.112273704 0.949607823
36.269308000 0.412054313 -2.408591352 1.799478273 -0.088326780 0.280324413 0.110661371 0.949405427
36.369135000 0.418085074 -2.421881038 1.817661388 -0.092962986 0.281163030 0.108315480 0.948985242
36.468894000 0.384499514 -2.411286242 1.799219691 -0.093828831 0.275888367 0.107629656 0.950524916
36.568664000 0.383717608 -2.416937201 1.817187266 -0.089993723 0.275631778 0.107387040 0.950997517
36.668504000 0.379987781 -2.419242215 1.830292517 -0.086374180 0.279336388 0.098645571 0.951199104
36.768525000 0.387994702 -2.420249644 1.843913974 -0.087073755 0.278162225 0.102338679 0.951089235
36.868618000 0.400961343 -2.408600689 1.868763084 -0.087143465 0.280600205 0.098701681 0.950751029
36.968734000 0.386836442 -2.406573765 2.005429783 -0.083547339 0.288172376 0.088138384 0.949846382
37.069014000 0.388232666 -2.411115465 2.024706675 -0.083651942 0.289880846 0.085141579 0.949590627
37.169402000 0.403676472 -2.412856355 2.037822561 -0.083532797 0.288957205 0.089829060 0.949450760
37.269504000 0.420172327 -2.406063830 2.063881491 -0.082272829 0.287669565 0.097227421 0.949222962
37.369410000 0.442224536 -2.392493126 2.083339990 -0.080164307 0.288152786 0.104819820 0.948448449
37.469219000 0.456378488 -2.390930396 2.104712269 -0.078040845 0.288866470 0.109336516 0.947898368
37.569116000 0.466783557 -2.388542482 2.128799642 -0.076723424 0.290173758 0.111184394 0.947391544
37.669107000 0.487040149 -2.390347453 2.152872724 -0.075401346 0.291317551 0.113749523 0.946841997
37.769078000 0.496925363 -2.404572780 2.153766448 -0.078311720 0.288249240 0.123777211 0.946286876
37.868994000 0.511729401 -2.414866290 2.165265598 -0.086242491 0.283379937 0.139174199 0.944927821
37.968835000 0.521487873 -2.428252845 2.172786700 -0.109211254 0.276890256 0.159800296 0.941205904
38.068515000 0.515039139 -2.434604152 2.160974869 -0.122603301 0.275534900 0.165815437 0.938911173
38.168410000 0.503490972 -2.431120748 2.150734838 -0.122113605 0.273837251 0.166900329 0.939279355
38.268396000 0.487384491 -2.425203888 2.127858535 -0.112343525 0.275578176 0.163253605 0.940629503
38.368545000 0.461318586 -2.403020200 2.092426989 -0.093587418 0.280226416 0.151231986 0.943315132
38.468802000 0.428588111 -2.375897114 2.054520105 -0.079461495 0.287489972 0.133480960 0.945102227
38.569000000 0.391073553 -2.342021389 2.019832380 -0.073252341 0.291691281 0.123875541 0.945624207
38.669053000 0.362359024 -2.311578560 1.986864341 -0.069324628 0.294645845 0.119291109 0.945593757
38.769072000 0.328412203 -2.273292226 1.950250211 -0.067796289 0.296370981 0.118717931 0.945237514
38.869243000 0.296673116 -2.243007786 1.920389919 -0.067738361 0.297396569 0.116160562 0.945237282
38.969533000 0.266791786 -2.210078007 1.888679913 -0.068255408 0.297835235 0.115280432 0.945169717
39.069870000 0.246481405 -2.192473307 1.855716769 -0.067136424 0.298990442 0.113848540 0.945058689
39.170161000 0.215376549 -2.171322680 1.824608519 -0.065593760 0.298970475 0.114691412 0.945071423
39.270186000 0.184493768 -2.149073048 1.793304505 -0.064755960 0.299368464 0.115716444 0.944878242
39.369907000 0.155845459 -2.128039574 1.766841343 -0.064282019 0.301050889 0.115982310 0.944343311
39.469455000 0.128432865 -2.105682308 1.734211429 -0.063640633 0.302425294 0.118314447 0.943658043
39.569145000 0.101421329 -2.086319798 1.700698849 -0.062657708 0.303534060 0.119749609 0.943186682
39.669007000 0.066136392 -2.071224294 1.669621240 -0.062646209 0.305130905 0.118372006 0.942846038
39.769062000 0.035162484 -2.072647123 1.642667520 -0.060530006 0.307592260 0.114718716 0.942636057
39.869220000 -0.004026610 -2.062669505 1.614108867 -0.059366852 0.308272093 0.114947112 0.942460108
39.969248000 -0.042921778 -2.059462106 1.586343523 -0.057517590 0.309174670 0.115250152 0.942242088
40.069114000 -0.079563281 -2.055666405 1.558200837 -0.056458223 0.310082548 0.115980542 0.941918148
40.168961000 -0.114640121 -2.045897119 1.532760892 -0.055015180 0.311612457 0.115627330 0.941541994
40.268704000 -0.156579152 -2.035884527 1.503892863 -0.052948752 0.314319117 0.109239058 0.941523632
40.368551000 -0.187749427 -2.024130989 1.479352268 -0.045970119 0.323199516 0.087880750 0.941119437
40.468486000 -0.214934255 -2.000006388 1.464881389 -0.052720442 0.319002930 0.106358571 0.940290136
40.568502000 -0.237292564 -1.985460710 1.449053338 -0.056773198 0.317297430 0.114134380 0.939719367
40.668550000 -0.256932462 -1.977109949 1.431022040 -0.058411327 0.316931688 0.118447416 0.939208513
40.768359000 -0.281986865 -1.972940460 1.414682149 -0.059048109 0.317176122 0.120067732 0.938880380
40.867924000 -0.314895159 -1.982361815 1.397903712 -0.058149260 0.317294893 0.121365419 0.938729487
40.967491000 -0.345628587 -1.980602098 1.375120280 -0.055659990 0.317503142 0.120158249 0.938965237
41.067410000 -0.377239644 -2.000696202 1.359634363 -0.051735570 0.318567109 0.119065451 0.938968501
41.167816000 -0.405289813 -2.004015835 1.346334733 -0.051345953 0.320190659 0.118648097 0.938490364
41.268381000 -0.429474484 -2.005499354 1.329440524 -0.050754111 0.322059473 0.118255697 0.937932464
41.368906000 -0.461600140 -1.997065344 1.318392431 -0.051375477 0.323292730 0.117884307 0.937521019
41.469271000 -0.495529632 -1.995038433 1.312478126 -0.050976287 0.324569225 0.117555190 0.937143006
41.569255000 -0.482121391 -1.946639510 1.296501388 -0.053871629 0.328989509 0.110904337 0.936249955
41.668988000 -0.491476058 -1.941172009 1.277208430 -0.051352383 0.329951188 0.111090407 0.936031019
41.768679000 -0.543505038 -1.939274199 1.275626633 -0.050773827 0.329069785 0.114152971 0.936004377
41.868582000 -0.587580683 -1.950424768 1.263489192 -0.048808637 0.328980488 0.117082163 0.935778458
41.968628000 -0.624044541 -1.951153260 1.252097554 -0.047698006 0.329340167 0.119436790 0.935411571
42.068741000 -0.660613401 -1.939236833 1.254629356 -0.050924082 0.330846448 0.118932650 0.934773978
42.168814000 -0.759929384 -1.880886147 1.325319519 -0.061213302 0.333309812 0.107637717 0.934650535
42.268615000 -0.791451508 -1.868834092 1.318898759 -0.076737883 0.336393918 0.101890134 0.933042780
42.368230000 -0.869478663 -1.839002707 1.394171255 -0.082195436 0.335559563 0.095097407 0.933595294
42.467741000 -0.888189528 -1.813983606 1.398244077 -0.072227052 0.334746860 0.097168752 0.934497740
42.567349000 -0.888200730 -1.782613305 1.405482483 -0.059473521 0.335126394 0.098302251 0.935141630
42.667217000 -0.948363972 -1.733265870 1.440267663 -0.055742368 0.333868493 0.096680160 0.935990152
42.767276000 -0.953651384 -1.695254623 1.437922239 -0.062983082 0.337127707 0.088406497 0.935180374
42.867435000 -0.995186009 -1.665833452 1.447685784 -0.057840916 0.334681232 0.089020993 0.936332294
42.967615000 -1.021644552 -1.641985620 1.489022099 -0.058847270 0.334826371 0.086330012 0.936469663
43.067827000 -1.018616200 -1.611949579 1.472500337 -0.055839922 0.333271448 0.085465297 0.937287431
43.168210000 -1.030157690 -1.585348096 1.454081152 -0.054679909 0.333403018 0.084695230 0.937378927
43.268481000 -1.079154136 -1.553315635 1.446180923 -0.059555984 0.329780427 0.084061099 0.938419782
43.368792000 -1.104193152 -1.502792782 1.435031702 -0.062823388 0.331171699 0.069589555 0.938901391
43.469166000 -1.132082087 -1.478604654 1.414956114 -0.049697107 0.335610401 0.045225438 0.939601254
43.569629000 -1.160496517 -1.444990991 1.405661933 -0.058858661 0.325249511 0.064201586 0.941608501
43.669984000 -1.178028008 -1.427909322 1.399045698 -0.062645907 0.317562073 0.073294294 0.943322727
43.770133000 -1.180385364 -1.437718325 1.366745235 -0.062604811 0.312908304 0.083423316 0.944038972
43.870173000 -1.195419849 -1.434577741 1.351409290 -0.073571978 0.310129698 0.081929076 0.944295696
43.970168000 -1.213788641 -1.430266941 1.338144906 -0.109348199 0.310019541 0.070797115 0.941763571
44.070006000 -1.219031496 -1.419291968 1.323834930 -0.119506971 0.312710823 0.066253247 0.939968368
44.169821000 -1.268659058 -1.463313571 1.308628404 -0.114236075 0.311122042 0.068038106 0.941022853
44.269546000 -1.261361019 -1.443096194 1.281596105 -0.097875580 0.312756717 0.071604156 0.942059686
44.369396000 -1.253819016 -1.419731979 1.244537159 -0.074682579 0.313160943 0.076700420 0.943647064
44.469167000 -1.241243119 -1.401988251 1.210870145 -0.059368776 0.313240191 0.075002294 0.944844213
44.568919000 -1.235170152 -1.393198210 1.169409028 -0.054416771 0.307065660 0.082147245 0.946573465
44.668788000 -1.230762156 -1.380946171 1.125413235 -0.052276016 0.297251415 0.083142051 0.949734812
44.768813000 -1.225968915 -1.374013928 1.088592932 -0.051733349 0.290693868 0.081139494 0.951964872
44.868986000 -1.206534987 -1.369784683 1.051421473 -0.050987600 0.284191373 0.078604295 0.954178648
44.969189000 -1.206916243 -1.365665087 1.015156658 -0.050023440 0.275439574 0.075487537 0.957043535
45.069266000 -1.187559940 -1.370274603 0.970835080 -0.049257692 0.265672430 0.073057004 0.960028392
45.169179000 -1.186101838 -1.377575006 0.930227163 -0.048999950 0.254439155 0.069429775 0.963347926
45.268828000 -1.181331309 -1.377352586 0.900742289 -0.048548257 0.243745808 0.066458651 0.966340673
45.368506000 -1.186786223 -1.375841695 0.865947252 -0.048746407 0.231980455 0.061158080 0.969571321
45.468131000 -1.188231442 -1.386365038 0.837094396 -0.047509937 0.226022231 0.057292239 0.971274604
45.567776000 -1.193938279 -1.396388708 0.810196434 -0.045278077 0.221637143 0.052715557 0.972649959
45.667448000 -1.193578866 -1.395429914 0.786487884 -0.044312963 0.220395675 0.042671377 0.973468675
45.766920000 -1.196191864 -1.379598510 0.773924622 -0.040133212 0.218113004 0.032466575 0.974557317
45.866278000 -1.190138706 -1.358611441 0.762909770 -0.037113704 0.215188130 0.023860155 0.975575386
45.965682000 -1.175032217 -1.329841583 0.759857467 -0.036630082 0.211479843 0.015948465 0.976565492
46.065404000 -1.157462761 -1.300784947 0.755959207 -0.034689194 0.203711465 0.009964394 0.978365479
46.165512000 -1.136447799 -1.276325440 0.767787004 -0.033302289 0.198164123 0.003066545 0.979598149
46.265836000 -1.100500513 -1.243583225 0.779946026 -0.033785440 0.191949839 0.000690698 0.980822780
46.366343000 -1.051068579 -1.206421028 0.803289657 -0.039351324 0.180093498 0.017260203 0.982710482
46.467036000 -1.003753383 -1.182115589 0.825220547 -0.042302248 0.169550462 0.031613578 0.984105554
46.567884000 -0.957836690 -1.150618918 0.846963460 -0.043677140 0.163654438 0.036814593 0.984862538
46.668621000 -0.910138115 -1.125986543 0.862108560 -0.044140161 0.159640046 0.040336575 0.985362706
46.769288000 -0.868657643 -1.105141005 0.879368327 -0.043650696 0.155597041 0.042364265 0.985945965
46.869895000 -0.831012611 -1.072909631 0.899323693 -0.044196885 0.150393588 0.041495399 0.986765695
46.970326000 -0.790867560 -1.042595756 0.915423380 -0.044716115 0.145252024 0.039614307 0.987589502
47.070459000 -0.758077750 -1.011937860 0.935491714 -0.045532986 0.139511650 0.038971650 0.988405007
47.170429000 -0.724281171 -0.984255643 0.953694193 -0.046171490 0.134574021 0.036557480 0.989151948
47.270158000 -0.689859462 -0.950058545 0.984988586 -0.047600688 0.133136531 0.030972486 0.989469324
47.369747000 -0.652942842 -0.938764344 0.992694214 -0.074933862 0.130985984 0.026486877 0.988193318
47.469505000 -0.622862441 -0.930134957 1.019652344 -0.094533652 0.130222504 0.023244946 0.986694056
47.569471000 -0.595324733 -0.916314190 1.020273292 -0.096225019 0.127986347 0.022330315 0.986844262
47.669603000 -0.564495481 -0.898107977 1.016767644 -0.095575818 0.126656277 0.022984348 0.987063914
47.769783000 -0.527637944 -0.876254940 1.001136720 -0.089028141 0.125220154 0.024727115 0.987817024
47.870032000 -0.482270813 -0.856970185 0.972060309 -0.070318942 0.124473459 0.028500115 0.989317617
47.970032000 -0.441389870 -0.829193280 0.931394206 -0.059739787 0.122671873 0.031698153 0.990140392
48.069910000 -0.409485493 -0.807710558 0.915766077 -0.057104292 0.122109051 0.034573677 0.990269226
48.169874000 -0.370782343 -0.800596927 0.881065794 -0.053030440 0.122258628 0.035638750 0.990439539
48.269804000 -0.338013987 -0.778443691 0.857064371 -0.052368399 0.122390057 0.035674783 0.990457235
48.369722000 -0.312069062 -0.787618820 0.784391911 -0.044929191 0.118877749 0.037460998 0.991184202
48.469566000 -0.281932783 -0.749861182 0.772702971 -0.049512341 0.119858213 0.037718371 0.990837959
48.569487000 -0.233179344 -0.719853238 0.773143357 -0.054120155 0.122428874 0.041947394 0.990112416
48.669436000 -0.216268675 -0.705880628 0.729871972 -0.055584084 0.119722050 0.044703662 0.990241699
48.769342000 -0.195460490 -0.690643020 0.697261209 -0.056116947 0.117258907 0.047128749 0.990393921
48.869187000 -0.177036227 -0.674261255 0.672154904 -0.057782962 0.113110362 0.050847392 0.990596647
48.969029000 -0.148096595 -0.657369696 0.657888739 -0.069090470 0.106047998 0.061617954 0.990042199
49.068816000 -0.126305007 -0.643034685 0.642795799 -0.080576626 0.099593467 0.066578320 0.989523055
49.168604000 -0.111540216 -0.628869639 0.608460544 -0.082339949 0.093644226 0.063264802 0.990175973
49.268411000 -0.095556125 -0.616291636 0.581028655 -0.070723455 0.092169346 0.050944370 0.991921204
49.368362000 -0.083733804 -0.603870185 0.554747926 -0.061558047 0.088687721 0.042337535 0.993253557
49.468347000 -0.072266136 -0.593702526 0.530394252 -0.057331900 0.084373872 0.036882397 0.994099488
49.568317000 -0.061215314 -0.580644746 0.498393465 -0.054950713 0.079090990 0.032686981 0.994814855
49.668297000 -0.048761730 -0.570838505 0.459476232 -0.053155145 0.074774871 0.027803368 0.995394506
49.768135000 -0.032725755 -0.562635525 0.416763241 -0.051178972 0.070361139 0.025171866 0.995889753
49.867884000 -0.017935246 -0.559230313 0.369227801 -0.049194697 0.065246352 0.023176684 0.996386289
49.967717000 -0.001908097 -0.551987198 0.319169031 -0.046652205 0.060159404 0.022021538 0.996854789
50.067763000 -0.004408103 -0.562784414 0.284880994 -0.044870797 0.055754151 0.021872251 0.997195914
50.167982000 0.009364552 -0.547102322 0.249047856 -0.042527123 0.051426424 0.020214263 0.997566113
50.268112000 -0.048047137 -0.576165632 0.275977857 -0.042156506 0.046054991 0.019681094 0.997854910
50.368185000 -0.040186363 -0.579498659 0.245598982 -0.042920525 0.043445886 0.020495407 0.997922954
50.468238000 -0.028698043 -0.582953305 0.232623710 -0.048268912 0.042309655 0.021290596 0.997710738
50.568256000 -0.004575199 -0.577448367 0.212924317 -0.051934672 0.042574211 0.020660010 0.997528641
50.668190000 0.029753629 -0.592680280 0.129138244 -0.050096264 0.040277571 0.024219804 0.997637952
50.768079000 0.041181524 -0.583271353 0.088639880 -0.047574915 0.037354960 0.025312860 0.997847931
50.867877000 0.057768239 -0.556076821 0.079122637 -0.047440329 0.034910915 0.026453987 0.997913238
50.967612000 0.072141013 -0.525162803 0.076399283 -0.048106961 0.028753201 0.033428035 0.997868498
51.067357000 0.096791833 -0.522262512 0.036230631 -0.049882048 0.021870769 0.044171438 0.997538137
51.167310000 0.111644016 -0.483807292 0.023139145 -0.047444870 0.016388220 0.045995051 0.997679741
51.267401000 0.114969703 -0.458368906 0.005633093 -0.041376384 0.012196724 0.037083739 0.998380704
51.367681000 0.118314174 -0.416543855 -0.008866695 -0.029129455 0.009463166 0.024659773 0.999226610
51.467974000 0.120820630 -0.373520804 -0.023391988 -0.024581802 0.005409020 0.018463996 0.999512660
51.568194000 0.130236256 -0.351738599 -0.047394353 -0.021940738 0.001251128 0.017995200 0.999596524
51.668372000 0.141246451 -0.337592411 -0.081379638 -0.018799833 -0.003170220 0.024908560 0.999507919
51.768346000 0.157725415 -0.299647066 -0.120207885 -0.018195440 -0.010364880 0.037968184 0.999059514
51.868299000 0.168738565 -0.288268881 -0.147520233 -0.010600493 -0.012650507 0.028799897 0.999448928
51.968178000 0.169688432 -0.253217939 -0.166286007 -0.008551124 -0.014772039 0.020000993 0.999654253
52.068025000 0.174201089 -0.256812473 -0.201230344 0.002399326 -0.019873062 0.017146458 0.999652591
52.168102000 0.164794336 -0.261990951 -0.253195016 0.002480519 -0.025607169 0.021410493 0.999439698
52.268194000 0.158829279 -0.259546957 -0.255501203 -0.008367241 -0.033393759 0.027759915 0.999021638
52.368471000 0.134930392 -0.253000137 -0.271733385 0.002568705 -0.031154351 0.000591440 0.999511110
52.468778000 0.127664287 -0.250082871 -0.307737095 0.008791163 -0.030942433 0.000097439 0.999482502
52.568812000 0.102528479 -0.276275033 -0.331317840 0.009529177 -0.028520228 -0.016732288 0.999407736
52.668737000 0.140985123 -0.228153786 -0.304368479 0.002440073 -0.020185343 -0.027962219 0.999402177
52.768639000 0.137057081 -0.226121395 -0.313114611 0.002178571 -0.018639265 -0.033392613 0.999266113
52.868694000 0.114478169 -0.227349904 -0.329541754 -0.001180885 -0.005657750 -0.086430139 0.996241149
52.968728000 0.098771955 -0.210267708 -0.216964395 0.000704934 -0.010534343 -0.060927005 0.998086384
53.068629000 0.128907445 -0.206278457 -0.198371427 0.001518309 -0.011672237 -0.037336056 0.999233442
53.168697000 0.095803853 -0.213512253 -0.169731217 0.002189044 -0.016794653 -0.031805918 0.999350555
53.268685000 0.189385727 -0.226249253 -0.043539610 0.000110763 -0.014580214 -0.028833770 0.999477873
53.368638000 0.190539548 -0.155787243 -0.116704794 -0.002428209 -0.017882660 -0.017509259 0.999683820
53.468580000 0.153702438 -0.138231235 -0.181870442 -0.002511589 -0.023805776 -0.015094666 0.999599484
53.568413000 0.175166648 -0.122319808 -0.253473480 -0.004560367 -0.026348355 0.001157929 0.999641749
53.668323000 0.170141743 -0.158889476 -0.222602000 -0.000141350 -0.027907049 -0.008271509 0.999576290
53.768239000 0.175751348 -0.169754915 -0.207580862 0.003526471 -0.029691454 -0.014213684 0.999451826
53.868016000 0.186088268 -0.180311533 -0.192186731 0.005421024 -0.031124511 -0.018333909 0.999332650
53.967777000 0.177711969 -0.240646642 -0.376058940 0.026056132 -0.035080648 -0.008009082 0.999012653
54.067678000 0.174358443 -0.298842805 -0.420786086 0.042624726 -0.034678111 -0.004648536 0.998478318
54.167824000 0.169751766 -0.291934966 -0.410842616 0.045461905 -0.033419230 -0.009481457 0.998361894
54.268077000 0.176600038 -0.305453977 -0.378046775 0.043363741 -0.033249337 -0.019079426 0.998323616
54.368587000 0.175412370 -0.294432202 -0.295268981 0.039528422 -0.028618015 -0.024756993 0.998501680
54.469023000 0.170287060 -0.286619417 -0.281514081 0.039989028 -0.021004036 -0.016492899 0.998843177
54.569235000 0.177495153 -0.322205811 -0.306815920 0.047244573 -0.007800280 -0.010480169 0.998797914
54.668973000 0.168798790 -0.324748657 -0.347408568 0.050068147 -0.010027721 -0.003989339 0.998687494
54.769583000 0.165536009 -0.314328660 -0.412866795 0.051600404 -0.008445052 -0.001538824 0.998630919
54.869942000 0.156982419 -0.356068291 -0.334621598 0.054653244 -0.008484325 -0.001996318 0.998467352
54.969943000 0.151670446 -0.358263411 -0.342077336 0.056352864 -0.009344812 0.001132404 0.998366539
55.069491000 0.124609817 -0.344691700 -0.525440574 0.058397307 -0.008033356 0.002605969 0.998257697
55.168727000 0.125272534 -0.341926042 -0.518295859 0.057931578 -0.008519658 0.001863320 0.998282463
55.267736000 0.132269560 -0.353550300 -0.518875071 0.058274461 -0.007489245 -0.000324974 0.998272454
55.366791000 0.132269560 -0.353550300 -0.518875071 0.058274461 -0.007489245 -0.000324974 0.998272454
55.466039000 0.132269560 -0.353550300 -0.518875071 0.058274461 -0.007489245 -0.000324974 0.998272454
55.565571000 0.132269560 -0.353550300 -0.518875071 0.058274461 -0.007489245 -0.000324974 0.998272454
55.665409000 0.132269560 -0.353550300 -0.518875071 0.058274461 -0.007489245 -0.000324974 0.998272454
55.765523000 0.132269560 -0.353550300 -0.518875071 0.058274461 -0.007489245 -0.000324974 0.998272454
55.865850000 0.132269560 -0.353550300 -0.518875071 0.058274461 -0.007489245 -0.000324974 0.998272454
55.966209000 0.132269560 -0.353550300 -0.518875071 0.058274461 -0.007489245 -0.000324974 0.998272454
56.066512000 0.132269560 -0.353550300 -0.518875071 0.058274461 -0.007489245 -0.000324974 0.998272454
56.166955000 0.132269560 -0.353550300 -0.518875071 0.058274461 -0.007489245 -0.000324974 0.998272454
56.267250000 0.132269560 -0.353550300 -0.518875071 0.058274461 -0.007489245 -0.000324974 0.998272454
56.367372000 0.132269560 -0.353550300 -0.518875071 0.058274461 -0.007489245 -0.000324974 0.998272454
56.467305000 0.132269560 -0.353550300 -0.518875071 0.058274461 -0.007489245 -0.000324974 0.998272454
56.567132000 0.132269560 -0.353550300 -0.518875071 0.058274461 -0.007489245 -0.000324974 0.998272454
56.666955000 0.132269560 -0.353550300 -0.518875071 0.058274461 -0.007489245 -0.000324974 0.998272454
56.766748000 0.132269560 -0.353550300 -0.518875071 0.058274461 -0.007489245 -0.000324974 0.998272454
56.866520000 0.132269560 -0.353550300 -0.518875071 0.058274461 -0.007489245 -0.000324974 0.998272454
56.966354000 0.132269560 -0.353550300 -0.518875071 0.058274461 -0.007489245 -0.000324974 0.998272454
