1750921983.200000048 0.062408149 0.365304256 0.574128170 0.021604740 -0.719113222 0.028829135 0.693958421 -0.125988584 -0.140715692 -1.747797045
1750921983.299999952 0.219349000 0.363547000 0.556971000 0.022685271 -0.677657109 0.027993335 0.734494789 -0.142336242 -0.144526891 -1.757405620
1750921983.400000095 0.399993863 0.360347793 0.514636476 0.024487868 -0.626544283 0.028603256 0.778475728 -0.099625202 -0.207250916 -1.690370562
1750921983.500000000 0.553315667 0.358711917 0.462908243 0.021557062 -0.578045215 0.028356239 0.815226929 -0.044792279 -0.131027454 -1.725863920
1750921983.599999905 0.697633689 0.360540486 0.391562633 0.022184533 -0.529628571 0.028431102 0.847462740 -0.077946824 -0.082340513 -1.664340556
1750921983.700000048 0.847579093 0.362253045 0.294596545 0.023943589 -0.474562436 0.029739223 0.879393415 -0.106931161 -0.052053086 -1.623431593
1750921983.799998999 0.970160757 0.364798041 0.189128622 0.025648907 -0.425274719 0.031598051 0.904148832 -0.105220005 -0.051581975 -1.781551182
1750921983.899998903 1.086323569 0.368048638 0.063465774 0.024554863 -0.376984567 0.031964188 0.925342091 -0.200061817 -0.049123854 -1.699664418
1750921983.999999046 1.199253301 0.372855488 -0.084929375 0.025235776 -0.323381154 0.030861621 0.945428657 -0.024188773 -0.057673871 -1.869651166
1750921984.099998951 1.289506126 0.378275426 -0.228264844 0.023607349 -0.275904293 0.028791739 0.960463716 -0.151055108 -0.081338632 -1.697846279
1750921984.199999094 1.365007479 0.383109885 -0.381594972 0.023059809 -0.227222460 0.026520537 0.973208539 0.035423985 -0.003785523 -1.831372801
1750921984.299998999 1.424692168 0.378108809 -0.554550348 0.019904413 -0.171862902 0.024463885 0.984615903 -0.138094643 -0.093175493 -1.734870166
1750921984.399998903 1.451624467 0.376884415 -0.706837386 0.018984351 -0.124042227 0.023583372 0.991814975 -0.321098679 -0.141664182 -1.628430715
1750921984.499999046 1.471096168 0.377313723 -0.867320796 0.020522479 -0.072880500 0.021503709 0.996897613 -0.063286728 -0.118751852 -1.389411395
1750921984.599998951 1.467281712 0.373059096 -1.043890696 0.022405979 -0.011364807 0.022010661 0.999442016 -0.139772887 -0.062513405 -1.617163121
1750921984.699999094 1.451937009 0.367674826 -1.201133891 0.022343189 0.043373017 0.020886925 0.998590657 -0.132799813 -0.167606546 -1.878584462
1750921984.799998999 1.406234401 0.361972022 -1.355619628 0.016065308 0.095233901 0.021047055 0.995102724 -0.243244698 -0.097490033 -1.582959825
1750921984.899997950 1.343032148 0.354675323 -1.520230212 0.013757874 0.155503353 0.021503855 0.987505449 -0.212722302 -0.109832303 -1.600960974
1750921984.999998093 1.267091856 0.346409832 -1.661854817 0.012947682 0.209876863 0.018697296 0.977463284 -0.208430483 -0.095559834 -1.701157031
1750921985.099997997 1.181557585 0.340022297 -1.787514598 0.011652718 0.264901762 0.017378246 0.964048374 -0.135155477 -0.060309864 -1.620956280
1750921985.199997902 1.067461027 0.333384096 -1.928255795 0.006444227 0.326170118 0.013923324 0.945186578 -0.075516234 -0.034485239 -1.638698894
1750921985.299998045 0.959614858 0.322605681 -2.037674132 0.005117362 0.378657061 0.008663535 0.925482353 -0.170023972 -0.146016094 -1.538748566
1750921985.399997950 0.846949561 0.314004046 -2.133767905 -0.000223677 0.431878617 0.005437865 0.901915317 0.023205538 -0.050204889 -1.428856201
1750921985.499998093 0.706479446 0.303211475 -2.226946277 -0.002084559 0.488993854 0.002158457 0.872282068 0.068628508 -0.030222556 -1.492507992
1750921985.599997997 0.574559278 0.293263154 -2.289278806 -0.003725803 0.536705886 -0.003354197 0.843754502 -0.037198018 -0.109555281 -1.546528985
1750921985.699997902 0.440387821 0.288493296 -2.341436182 -0.007633332 0.583739959 -0.005183253 0.811888248 -0.141780117 -0.052939537 -1.570528605
1750921985.799998045 0.270699781 0.274173521 -2.377202536 -0.009142229 0.634819522 -0.007999537 0.772564950 0.071420922 -0.158770553 -1.613689214
1750921985.899996996 0.112100266 0.268083235 -2.383369600 -0.010021609 0.675851799 -0.008127329 0.736924595 -0.170064092 -0.022070294 -1.662999483
1750921985.999996901 -0.044173885 0.260008183 -2.375312503 -0.010650147 0.716378291 -0.011910302 0.697529112 -0.217224310 -0.114497098 -1.691713198
1750921986.099997044 -0.224507817 0.248740750 -2.343754189 -0.013095112 0.761216933 -0.015364171 0.648183031 -0.185819855 -0.076761099 -1.760793668
1750921986.199996948 -0.389152697 0.245599109 -2.276856377 -0.012414649 0.795378853 -0.015859034 0.605777886 -0.125393612 -0.085990163 -1.647400876
1750921986.299997091 -0.549556258 0.240033344 -2.198903193 -0.013373913 0.825938404 -0.018711833 0.563291007 -0.130305400 -0.095403842 -1.682703840
1750921986.399996996 -0.707849870 0.233201767 -2.104944078 -0.017067088 0.859809608 -0.022531405 0.509831823 -0.133647244 -0.109452876 -1.601164339
1750921986.499996901 -0.842553768 0.231059917 -1.994871658 -0.019661505 0.886922239 -0.024363465 0.460856581 -0.244857934 -0.073141220 -1.856703195
1750921986.599997044 -0.962615336 0.225761075 -1.881014898 -0.021580351 0.910707845 -0.023839919 0.411797484 -0.143438547 -0.114083663 -1.669951155
1750921986.699996948 -1.078170544 0.223972018 -1.743236887 -0.023800974 0.934094926 -0.022234411 0.355535954 -0.157722202 -0.048708125 -1.590909542
1750921986.799997091 -1.172201749 0.223272880 -1.598263371 -0.023777116 0.952256814 -0.026156194 0.303244888 -0.171883063 -0.098306343 -1.829527770
1750921986.899996996 -1.247235679 0.219451026 -1.453212855 -0.026642393 0.968012656 -0.027365681 0.247977417 -0.063230966 -0.099722722 -1.673478285
1750921986.999995947 -1.309550279 0.218772862 -1.294751030 -0.027730579 0.981312249 -0.027122398 0.188471910 -0.135002465 -0.084602222 -1.578828074
1750921987.099996090 -1.355516731 0.216945515 -1.140738860 -0.029229282 0.990151751 -0.025523870 0.134512793 -0.075764481 -0.019123708 -1.751680815
1750921987.199995995 -1.381658378 0.214097795 -0.980596088 -0.031205465 0.995919323 -0.027640224 0.080043364 -0.130959428 -0.097481163 -1.566567857
1750921987.299995899 -1.396132041 0.219998635 -0.786167054 -0.031762500 0.998912272 -0.028979788 0.018044069 -0.024027953 -0.101594316 -1.874866524
1750921987.399996042 -1.380649200 0.220464503 -0.622010812 -0.033068628 0.998329750 -0.030189544 -0.036507099 -0.062046408 -0.202937699 -1.755557485
1750921987.499995947 -1.346977793 0.225781025 -0.459512046 -0.032934491 0.994642149 -0.028747817 -0.093679654 -0.140025085 -0.040178266 -1.471476488
1750921987.599996090 -1.279147442 0.239973935 -0.268900039 -0.033030367 0.986581165 -0.033983425 -0.156242523 -0.089284125 -0.103603387 -1.408300520
1750921987.699995995 -1.216667473 0.247352793 -0.127273099 -0.032549892 0.976001470 -0.034483326 -0.212538315 -0.092772623 0.153312283 -1.880991699
1750921987.799995899 -1.142222537 0.261408671 -0.009935838 -0.034184489 0.962267487 -0.039609769 -0.267027658 -0.257605771 0.068384493 -1.771661010
1750921987.899996042 -1.019249401 0.276951271 0.151456212 -0.031908542 0.944615281 -0.042441762 -0.323855698 -0.109746833 0.074573081 -1.927095793
1750921987.999994993 -0.907094126 0.288936506 0.258967706 -0.031302357 0.925683576 -0.042443258 -0.374604656 -0.074498316 -0.023573071 -1.774546430
1750921988.099994898 -0.788272066 0.296784878 0.355364326 -0.030361557 0.904028277 -0.045190647 -0.423991575 -0.066475171 -0.223449586 -1.696096797
1750921988.199995041 -0.628138952 0.314078696 0.453541248 -0.028097982 0.876784426 -0.042584190 -0.478169594 -0.151173086 -0.133428269 -1.769375993
1750921988.299994946 -0.479735688 0.328094673 0.520410650 0.025813981 -0.850014602 0.041401523 0.524494737 -0.388176738 -0.070267518 -1.983249329
1750921988.399995089 -0.312209349 0.338156521 0.573367769 0.025042816 -0.820064642 0.039478268 0.570358052 -0.138079970 -0.148927585 -1.775855899
1750921988.499994993 -0.128473280 0.337796202 0.617284962 0.022310203 -0.784662442 0.036682305 0.618434731 -0.053637475 -0.329780261 -1.662877667
1750921988.599994898 0.059269305 0.344287772 0.642361235 0.025224467 -0.749515505 0.033725912 0.660645743 -0.126330168 -0.227366591 -2.174288219
1750921988.699995041 0.215234650 0.349141358 0.647661935 0.023623984 -0.705733019 0.029624871 0.707463908 -0.143811410 -0.002023525 -1.650646415
1750921988.799994946 0.404976679 0.355489041 0.633930933 0.026802419 -0.654758972 0.030561582 0.754743869 0.063182010 -0.082875444 -1.800372238
1750921988.899995089 0.570061806 0.357536400 0.597793012 0.025545133 -0.607260490 0.026634921 0.793645213 -0.075694385 -0.138754362 -1.937830546
1750921988.999994993 0.738332211 0.359469297 0.535910676 0.025838762 -0.558918907 0.026840704 0.828384929 -0.051972802 -0.154775326 -1.946583947
1750921989.099993944 0.916321291 0.368223606 0.441549560 0.025599424 -0.507705149 0.029228143 0.860654325 -0.100100534 -0.116351289 -2.040817638
1750921989.199994087 1.061067546 0.368376513 0.334871810 0.024721934 -0.459323598 0.031749930 0.887357087 -0.090363944 -0.091632838 -1.761123373
1750921989.299993992 1.174285066 0.365505432 0.230541196 0.024658140 -0.411677403 0.032488148 0.910416505 -0.122510023 -0.148242659 -1.731554584
1750921989.399993896 1.301791323 0.364499931 0.081285592 0.023003978 -0.354878356 0.030357753 0.934136273 -0.181061284 -0.140465305 -1.709256397
1750921989.499994040 1.387906529 0.361980825 -0.053291816 0.023336122 -0.304832114 0.027543388 0.951721687 -0.111852460 -0.075684059 -1.737034088
1750921989.599993944 1.452653684 0.357601921 -0.190087551 0.023870618 -0.255019277 0.028049604 0.966234227 -0.197755468 -0.180410257 -1.452856140
1750921989.699994087 1.518145737 0.355759510 -0.361076339 0.024865019 -0.196723709 0.028256435 0.979736233 -0.179656941 -0.155435091 -1.565712133
1750921989.799993992 1.566249960 0.352890549 -0.519088290 0.023977445 -0.145448217 0.027261978 0.988699491 -0.024947371 -0.090129732 -1.779424805
1750921989.899993896 1.605354465 0.362111340 -0.683595641 0.021401926 -0.090032530 0.023242519 0.995437535 -0.060221395 -0.034205691 -1.575479326
1750921989.999994040 1.623273275 0.365621802 -0.864745722 0.023991474 -0.023148378 0.022354175 0.999194102 0.007881116 -0.049600627 -1.766654093
1750921990.099992990 1.607825117 0.366006804 -1.043560583 0.024235312 0.035569976 0.021634897 0.998839005 -0.065632506 -0.056079110 -1.735159524
1750921990.199992895 1.582201769 0.368059116 -1.213514089 0.018629641 0.092608628 0.021261107 0.995301233 -0.053962527 -0.023839491 -1.803010358
1750921990.299993038 1.526557873 0.366772878 -1.399947380 0.016801563 0.154393240 0.019677792 0.987670603 -0.088058507 -0.044647256 -1.813615370
1750921990.399992943 1.463924849 0.363929923 -1.545622156 0.013684454 0.204548242 0.016728013 0.978617865 -0.051146998 -0.117804194 -1.614364761
1750921990.499993086 1.386734937 0.358361448 -1.691038632 0.007912145 0.253953159 0.012907741 0.967098020 0.011339685 -0.047879436 -1.713463145
1750921990.599992990 1.270662728 0.349925998 -1.833818041 0.003995263 0.306853968 0.012387479 0.951667605 -0.140820977 -0.040637031 -1.703716833
1750921990.699992895 1.153727337 0.340690843 -1.952799749 0.001593991 0.353413750 0.010757968 0.935403895 -0.139909557 -0.144718750 -1.865276047
1750921990.799993038 1.022864025 0.328279129 -2.056712155 0.000967193 0.398367002 0.008794129 0.917183438 -0.132737518 -0.103783118 -1.845468697
1750921990.899992943 0.863525134 0.318287002 -2.168636908 -0.001990841 0.445258909 0.005809681 0.895380806 -0.024491813 -0.061713567 -1.685741874
1750921990.999993086 0.723927108 0.301923370 -2.255608711 -0.000110638 0.487147804 0.001417846 0.873318381 -0.104089637 -0.272361944 -1.831407156
1750921991.099992990 0.574984172 0.303655399 -2.326496378 -0.006594579 0.527247518 -0.001649795 0.849684556 -0.029496085 -0.005244357 -1.567077566
1750921991.199991941 0.389379688 0.295058194 -2.382024006 -0.006944255 0.571558466 -0.004349165 0.820520434 -0.170894860 -0.121721716 -1.847566410
1750921991.299992085 0.217899447 0.282132538 -2.409784510 -0.007709192 0.611250818 -0.004415758 0.791387078 -0.224580170 -0.142739316 -1.819354190
1750921991.399991989 0.045236396 0.275394827 -2.425536687 -0.010200255 0.653362122 -0.004717560 0.756962111 -0.181413719 -0.029644163 -1.919947910
1750921991.499991894 -0.156281025 0.263204164 -2.406541182 -0.009038034 0.693348851 -0.007593972 0.720505389 -0.986893525 -0.026728743 -2.194546528
1750921991.599992037 -0.345697254 0.257572096 -2.368240946 -0.012941283 0.734734200 -0.007449335 0.678190744 -0.067303153 -0.086830403 -1.725145236
1750921991.699991941 -0.490937792 0.249555095 -2.352110759 -0.017070021 0.775435255 -0.009504403 0.631124747 0.137098072 0.062061585 -1.423976547
1750921991.799992085 -0.657091769 0.239395536 -2.298250212 -0.017566051 0.816910492 -0.015586169 0.576286174 0.126180208 -0.104854252 -1.378855319
1750921991.899991989 -0.798596374 0.233951126 -2.217697697 -0.017441617 0.848573775 -0.018670418 0.528459794 -0.178551374 -0.120140025 -1.716134947
1750921991.999991894 -0.924841515 0.227863359 -2.126565231 -0.018172536 0.877018783 -0.020783620 0.479662229 -0.196765252 -0.110924081 -1.747945452
1750921992.099992037 -1.045011796 0.223091163 -2.009488586 -0.020185781 0.906066449 -0.023026269 0.422025966 -0.151284710 -0.091743472 -1.408067379
1750921992.199990988 -1.152982101 0.218795547 -1.883900545 -0.022195848 0.928035330 -0.024038885 0.371052427 -0.205565818 -0.110972684 -1.682968275
1750921992.299990892 -1.238437490 0.220131195 -1.754003542 -0.022089907 0.947721056 -0.027618857 0.317134096 -0.154152762 -0.101631502 -1.709691609
1750921992.399991035 -1.326227374 0.215566043 -1.592899949 -0.024573810 0.965999991 -0.029412474 0.255685453 0.483103303 -0.184947983 -1.887160717
1750921992.499990940 -1.405790867 0.211610567 -1.436404563 -0.025714837 0.978647688 -0.028615673 0.201912340 -0.109069038 -0.038772150 -1.425478107
1750921992.599991083 -1.438320964 0.218043880 -1.307082206 -0.030175469 0.988032397 -0.023410668 0.149443515 -0.143724211 -0.061309654 -2.327191963
1750921992.699990988 -1.454926895 0.217583967 -1.119064391 -0.029200514 0.995396331 -0.027256427 0.087123823 -0.187130661 -0.129029758 -1.841384806
1750921992.799990892 -1.463855383 0.214263188 -0.968561050 -0.032542232 0.998513319 -0.029947066 0.031864199 -0.117345870 -0.143459579 -1.639644614
1750921992.899991035 -1.451791697 0.214257594 -0.802262096 -0.033750044 0.998705656 -0.030021828 -0.023380280 -0.162823958 -0.137211052 -1.617990291
1750921992.999990940 -1.415088505 0.219717784 -0.629991740 -0.033910002 0.995376024 -0.028480151 -0.085238279 -0.089843328 -0.016690291 -1.436921250
1750921993.099991083 -1.366073146 0.213461357 -0.495903085 -0.034355061 0.989028116 -0.029441370 -0.140628306 -0.069845125 -0.099289235 -1.775348556
1750921993.199990988 -1.284020516 0.225630706 -0.305361502 -0.035341779 0.979512504 -0.029674509 -0.196024582 -0.118179353 -0.043368749 -1.944574868
1750921993.299989939 -1.206027799 0.214184242 -0.157604776 -0.037971940 0.965177629 -0.032124858 -0.256823420 -0.000425251 -0.262776948 -1.575601146
1750921993.399990082 -1.108391490 0.233509873 -0.029168544 -0.041214934 0.948569830 -0.036772284 -0.311712057 -0.094943094 0.000779483 -1.887753413
1750921993.499989986 -0.997798376 0.238204866 0.081245717 -0.039519912 0.930019428 -0.041410205 -0.363025116 -0.143831972 -0.087578449 -1.669756777
1750921993.599989891 -0.861711977 0.241118474 0.189941642 -0.041308265 0.905678458 -0.044006390 -0.419646990 -0.171625199 -0.236930069 -1.866634257
1750921993.699990034 -0.735886634 0.235444164 0.270448529 -0.039828114 0.881199944 -0.046248800 -0.468787188 -0.278360389 -0.369028630 -1.746310986
1750921993.799989939 -0.564526256 0.246377452 0.340417251 0.040095621 -0.853472754 0.047394250 0.517426694 -0.185870775 0.008821577 -1.675734105
1750921993.899990082 -0.397984767 0.273143016 0.394648292 0.038155134 -0.818832545 0.046744923 0.570852312 -0.188103880 0.033847455 -1.730698350
1750921993.999989986 -0.246918311 0.289333461 0.422972390 0.036843655 -0.785606098 0.048131706 0.615750715 -0.205301003 -0.084130947 -1.684658818
1750921994.099989891 -0.083918766 0.304206090 0.434323549 0.032914172 -0.750578498 0.045439120 0.658394913 -0.216686207 0.078155461 -1.817282962
1750921994.199990034 0.097188925 0.315622700 0.423145687 0.030657011 -0.707880539 0.045130781 0.704221913 -0.153394235 -0.105711067 -1.579256933
1750921994.299988985 0.262117685 0.325406930 0.391587351 0.028160517 -0.668345071 0.043099489 0.742067574 -0.182233540 -0.073535985 -1.646572669
1750921994.399988890 0.408785117 0.332325215 0.348564332 0.030581315 -0.626417123 0.043493611 0.777672603 -0.192540762 -0.138760241 -1.540750630
1750921994.499989033 0.572632674 0.341402262 0.275095917 0.027000961 -0.577554199 0.037265158 0.815054233 -0.250277713 -0.032614874 -1.640719556
1750921994.599988937 0.702684774 0.351969146 0.195532542 0.025444193 -0.532106528 0.036131562 0.845523356 -0.203841000 -0.069866476 -1.607868411
1750921994.699989080 0.817329581 0.356845484 0.110705036 0.026037087 -0.484430391 0.034836113 0.873748082 -0.211085570 -0.072036813 -1.557308001
1750921994.799988985 0.937645061 0.360070203 -0.003246841 0.026336625 -0.429355034 0.033591232 0.902126524 -0.181908506 -0.095750007 -1.527078320
1750921994.899988890 1.027113181 0.361473663 -0.113795826 0.026421940 -0.380311247 0.030958220 0.923962567 -0.188091764 -0.102450417 -1.483117920
1750921994.999989033 1.112337422 0.364737608 -0.234703463 0.025528588 -0.330542741 0.031701551 0.942912933 -0.157320635 -0.099489391 -1.547010796
1750921995.099988937 1.195781460 0.368041003 -0.382747899 0.025091866 -0.275216775 0.030409188 0.960573478 -0.171954376 -0.107809658 -1.585517958
1750921995.199989080 1.260379729 0.366731408 -0.524392872 0.022843047 -0.226126486 0.028302675 0.973418700 -0.102413582 -0.053581981 -1.578807279
1750921995.299988985 1.308872371 0.370217231 -0.667838760 0.021685133 -0.176117369 0.025622251 0.983796690 -0.063271147 -0.027179841 -1.397224293
1750921995.399987936 1.353814058 0.372219988 -0.834344363 0.023898648 -0.118645300 0.023957957 0.992359896 -0.092993788 -0.064176779 -1.564759330
1750921995.499988079 1.370777346 0.372378869 -0.989434957 0.021814006 -0.066895397 0.022565775 0.997266234 -0.068222416 -0.082964862 -1.662354710
1750921995.599987984 1.373444887 0.369428923 -1.150701850 0.019144635 -0.014019756 0.021110162 0.999495518 -0.097937493 -0.080167527 -1.504822608
1750921995.699987888 1.356340869 0.364929270 -1.333151142 0.017689333 0.048224829 0.019874849 0.998482070 -0.044578367 -0.077844524 -1.715793196
1750921995.799988031 1.318843077 0.357456675 -1.489661034 0.015686376 0.103408559 0.019791917 0.994318303 -0.147886426 -0.128847001 -1.771770738
1750921995.899987936 1.256538741 0.352527961 -1.657044998 0.013792409 0.159922848 0.020311584 0.986824144 -0.127362244 -0.124760335 -1.783217011
1750921995.999988079 1.172803767 0.341438044 -1.822480515 0.011591674 0.225521100 0.017169241 0.974018010 -0.101741012 -0.112582769 -1.720120137
1750921996.099987984 1.081209597 0.334797980 -1.965803930 0.008453751 0.283979294 0.015534866 0.958667285 -0.080428758 -0.087618830 -1.635736628
1750921996.199987888 0.972855104 0.325382433 -2.093079355 0.006126810 0.342654463 0.012209866 0.939362177 -0.129921765 -0.095268911 -1.714683798
1750921996.299988031 0.843410953 0.318184111 -2.214398639 0.002835073 0.408350795 0.007689259 0.912788292 -0.043913280 -0.058984130 -1.786015770
1750921996.399986982 0.735701267 0.311189892 -2.296306412 0.000040619 0.465156364 0.003645861 0.885221025 0.026147748 -0.112146544 -1.628866639
1750921996.499986887 0.600182170 0.305126845 -2.377975052 -0.003471325 0.517423425 -0.001351971 0.855721404 -0.007107902 -0.076520330 -1.570950942
1750921996.599987030 0.435491899 0.293106032 -2.447024313 -0.008391929 0.570189713 -0.001733072 0.821468358 -0.132727215 0.092485276 -1.702558657
1750921996.699986935 0.291142351 0.289743356 -2.484898722 -0.006042181 0.614619748 -0.006016157 0.788777449 -0.107245802 -0.145906562 -1.834957491
1750921996.799987078 0.122274345 0.285571543 -2.501959977 -0.007583963 0.656467468 -0.006207981 0.754290665 -0.140379581 -0.127085821 -1.810750757
1750921996.899986982 -0.069973332 0.274231831 -2.503654896 -0.009187980 0.701327925 -0.008907080 0.712723920 -0.145547290 -0.078473335 -1.806515113
1750921996.999986887 -0.237730740 0.270792825 -2.476595502 -0.011052812 0.737559794 -0.009201827 0.675128663 -0.187641897 -0.065027650 -1.572098958
1750921997.099987030 -0.402117570 0.259242393 -2.438497233 -0.014498602 0.772314120 -0.009037988 0.635011028 -0.160130805 -0.091020507 -1.897938242
1750921997.199986935 -0.579586481 0.253633103 -2.361169434 -0.018597524 0.807312527 -0.012652369 0.589695288 -0.431279799 -0.031502143 -1.714806746
1750921997.299987078 -0.727921742 0.247046134 -2.293255470 -0.019459983 0.838273493 -0.014804391 0.544701469 -0.110103580 -0.039407365 -1.715904731
1750921997.399986982 -0.880653023 0.237659905 -2.201913611 -0.019200463 0.866780670 -0.018605181 0.497972349 -0.105682170 -0.091345000 -1.816937782
1750921997.499985933 -1.025686414 0.229863969 -2.092521384 -0.018752220 0.896195017 -0.019666989 0.442827343 -0.032461424 -0.114345867 -1.647845687
1750921997.599986076 -1.147856987 0.224785638 -1.974866143 -0.020740633 0.920208645 -0.022346453 0.390239045 -0.087610493 -0.122775603 -1.776573225
1750921997.699985981 -1.259341782 0.221267341 -1.842375506 -0.022249340 0.941376143 -0.024257437 0.335749163 -0.074096598 -0.069331063 -1.796370964
1750921997.799985886 -1.362652589 0.215677903 -1.683706199 -0.023969863 0.961463223 -0.027191613 0.272533545 -0.050433849 -0.158461358 -1.707161046
1750921997.899986029 -1.437644263 0.214799339 -1.521653512 -0.025468488 0.975826889 -0.026840074 0.215389995 -0.051710421 -0.078436076 -1.688106684
1750921997.999985933 -1.487998351 0.210408227 -1.379127952 -0.026735139 0.986888366 -0.025685113 0.157088703 -0.041068465 -0.096574211 -2.046247917
1750921998.099986076 -1.546312669 0.207822798 -1.163301454 -0.030203013 0.994886085 -0.025579651 0.092925435 -0.070338530 0.007006756 -2.146512695
1750921998.199985981 -1.555556502 0.205510249 -1.032009528 -0.032374373 0.998512242 -0.027018483 0.034571735 -0.055752360 -0.124908044 -1.328676171
1750921998.299985886 -1.556051366 0.201054060 -0.845172348 -0.033734445 0.998655923 -0.030936776 -0.024315639 0.019913753 -0.153116535 -1.629728331
1750921998.399986029 -1.516514027 0.206369993 -0.650147675 -0.034222477 0.995064426 -0.027768849 -0.088907262 -0.041860251 0.060077237 -2.002237013
1750921998.499984980 -1.472099864 0.213206381 -0.498162587 -0.035470484 0.988371512 -0.027827897 -0.145221233 -0.079947978 -0.008706932 -1.994715053
1750921998.599984884 -1.406462544 0.212618071 -0.340927452 -0.036185171 0.978213334 -0.030278346 -0.202169553 -0.091521634 -0.117579462 -1.641598157
1750921998.699985027 -1.300900143 0.220248546 -0.169822443 -0.035813705 0.963180300 -0.030641554 -0.264692621 -0.155496879 -0.036937609 -1.663799524
1750921998.799984932 -1.188991515 0.228342386 -0.037434231 -0.037376677 0.946550684 -0.034505914 -0.318518646 -0.216762079 -0.037670134 -1.727148035
1750921998.899985075 -1.070499172 0.236040478 0.081557247 -0.037604416 0.926916709 -0.038822968 -0.371354412 -0.132221517 -0.106906372 -1.705113886
1750921998.999984980 -0.928700405 0.248771572 0.195643733 -0.037375550 0.902176195 -0.041854276 -0.427702468 -0.169035057 -0.006146061 -1.618368863
1750921999.099984884 -0.776231176 0.259136193 0.290801565 -0.037704549 0.878123775 -0.045043199 -0.474813766 -0.057718574 -0.127112502 -1.751628136
1750921999.199985027 -0.608583473 0.273548983 0.367900417 0.038233867 -0.852129326 0.045268430 0.519965915 -0.200223332 -0.137769100 -1.898487143
1750921999.299984932 -0.433892026 0.283799213 0.432834659 0.038650236 -0.818837974 0.045731515 0.570893300 -0.112431181 -0.175864019 -1.889732709
1750921999.399985075 -0.263681130 0.294284276 0.473577052 0.036592522 -0.786490012 0.046253831 0.614780474 -0.112610195 -0.082950545 -1.843361816
1750921999.499984980 -0.044082925 0.300909031 0.473936476 0.033774307 -0.752529364 0.045583696 0.656110493 -0.556147415 -0.226762941 -2.420599473
1750921999.599983931 0.138901337 0.310320589 0.473633347 0.030872487 -0.709503491 0.044259336 0.702632762 -0.010237477 -0.008998192 -1.393078734
1750921999.699984074 0.312833813 0.324398422 0.455349158 0.030465612 -0.668637944 0.044237552 0.741645593 -0.109654042 -0.116400636 -1.791482006
1750921999.799983978 0.484276795 0.332699194 0.418872377 0.026816455 -0.626061054 0.039462418 0.778313017 -0.061890753 -0.004676943 -1.984133919
1750921999.899983883 0.674572240 0.348947510 0.356807084 0.028256739 -0.574946689 0.038985949 0.816772892 -0.085052699 -0.127587218 -1.838842247
1750921999.999984026 0.830368126 0.358430553 0.287027637 0.028931135 -0.528591299 0.036172971 0.847611788 -0.048406660 -0.075207075 -1.761203043
1750922000.099983931 0.977382225 0.368231441 0.194643696 0.028694674 -0.480444387 0.034066166 0.875893431 -0.074309504 -0.035087247 -1.745857620
1750922000.199984074 1.121566081 0.378043009 0.077823837 0.026259658 -0.422788480 0.032186755 0.905275839 -0.094040226 -0.108885207 -1.837022760
1750922000.299983978 1.240618066 0.386039271 -0.042307800 0.024156076 -0.371390773 0.028846692 0.927713990 -0.085768898 -0.053834181 -1.698842716
1750922000.399983883 1.345097281 0.391403605 -0.180778473 0.024393900 -0.318318088 0.028699147 0.947235394 -0.061108812 -0.099287544 -1.617562413
1750922000.499984026 1.436332741 0.394532309 -0.333941413 0.021510379 -0.257055767 0.024638414 0.965842940 -0.041646392 -0.085409006 -1.714056102
1750922000.599982977 1.503280763 0.395057848 -0.484865997 0.018650533 -0.203020616 0.024893759 0.978680279 -0.067913105 -0.081791755 -1.687879437
1750922000.699982882 1.555948139 0.396917715 -0.649261751 0.018303771 -0.149907382 0.021713225 0.988292105 -0.057927425 -0.060804490 -1.746809860
1750922000.799983025 1.591707110 0.396743977 -0.825397184 0.018575994 -0.088767218 0.019762964 0.995683051 -0.042863952 -0.116400546 -1.767036030
1750922000.899982929 1.603673535 0.398598560 -0.989123856 0.018625813 -0.032965941 0.018894488 0.999104261 -0.070431260 -0.087169524 -1.837902807
1750922000.999983072 1.605712934 0.395929419 -1.140189174 0.018253977 0.022368565 0.018876564 0.999404880 -0.213836160 -0.261244693 -1.734023609
1750922001.099982977 1.570494546 0.383167336 -1.314198887 0.013644329 0.087149949 0.018641284 0.995927317 -0.117615851 -0.158891026 -1.838190618
1750922001.199982882 1.522581302 0.374832471 -1.474292794 0.010201908 0.142400017 0.018038612 0.989592221 -0.072732613 -0.101250796 -1.702764441
1750922001.299983025 1.452942963 0.364172954 -1.636750648 0.008688306 0.196671874 0.015952369 0.980301081 -0.166076238 -0.141454538 -1.866928076
1750922001.399982929 1.354884067 0.349084867 -1.807810362 0.006593222 0.258956388 0.014476120 0.965758024 -0.155098513 -0.207507476 -1.829521999
1750922001.499983072 1.246230146 0.338437585 -1.945238239 0.000970464 0.313062908 0.012211687 0.949653383 -0.124292682 -0.108047689 -1.770453594
1750922001.599982977 1.122316430 0.325606107 -2.067763416 0.002043285 0.365406249 0.009729113 0.930795059 -0.197035440 -0.146587692 -1.803776900
1750922001.699981928 0.977639123 0.310926217 -2.189332890 -0.002280740 0.423463585 0.006783709 0.905884856 -0.033065231 -0.122171380 -1.652254484
1750922001.799982071 0.846498654 0.307501423 -2.283585111 0.000100218 0.472737731 0.001138119 0.881202436 -0.097563992 -0.164615469 -1.965374455
1750922001.899981976 0.695630721 0.292125831 -2.364342988 -0.002869712 0.521369466 -0.003849978 0.853317539 0.018635983 -0.172589621 -1.656304201
1750922001.999982119 0.544035391 0.288395225 -2.427344244 -0.006618009 0.574091242 -0.005621062 0.818745291 -0.089510083 0.005115314 -1.659160101
1750922002.099982023 0.388600510 0.276063391 -2.464485428 -0.007207357 0.618297949 -0.008052802 0.785869488 -0.129313429 -0.126873445 -1.629339524
1750922002.199981928 0.225423317 0.276325013 -2.483653176 -0.009286350 0.660739689 -0.008599348 0.750508414 -0.140835958 0.017239971 -1.855120191
1750922002.299982071 0.030737461 0.265223891 -2.475718346 -0.007563353 0.704361234 -0.011391939 0.709709991 -0.112746389 -0.129842669 -1.848196517
1750922002.399981976 -0.162835234 0.256443344 -2.446992337 -0.007750694 0.741102176 -0.011093106 0.671255864 -0.176497003 -0.074290927 -1.834075015
1750922002.499982119 -0.334354826 0.251281828 -2.402976411 -0.013342206 0.775495162 -0.010282076 0.631128765 -0.180546159 0.017447284 -1.973678601
1750922002.599982023 -0.525076321 0.246240968 -2.330667216 -0.014222079 0.812577947 -0.013958704 0.582511774 -0.123498749 -0.121647367 -1.973844187
1750922002.699980974 -0.683833873 0.238062516 -2.244449019 -0.014311918 0.843446295 -0.017923411 0.536723642 -0.076508083 -0.112270382 -1.666823467
1750922002.799981117 -0.828761633 0.232668036 -2.152836227 -0.017058447 0.872297734 -0.019699336 0.488280256 -0.146616176 -0.108169694 -1.902048763
1750922002.899981022 -0.977423427 0.231688043 -2.032747685 -0.020688330 0.901577687 -0.020224037 0.431648765 -0.110276507 -0.007434262 -1.766317066
1750922002.999980927 -1.095302244 0.226701301 -1.910756715 -0.021473729 0.924793841 -0.023196626 0.379153196 -0.120726405 -0.069856591 -1.827982406
1750922003.099981070 -1.200560898 0.224146151 -1.773641520 -0.021749579 0.944969940 -0.025682405 0.325421545 -0.103166908 -0.093501419 -1.635101280
1750922003.199980974 -1.298925882 0.222355354 -1.607448458 -0.024651412 0.963960878 -0.027088116 0.263510850 -0.046081108 -0.097371932 -1.866333131
1750922003.299981117 -1.366003836 0.218168141 -1.451689685 -0.024833891 0.977734966 -0.029404252 0.206283797 -0.083547294 -0.105170526 -1.656245382
1750922003.399981022 -1.413684460 0.217663735 -1.283346864 -0.028396992 0.987847708 -0.025751815 0.150623243 -0.181955436 -0.082038157 -1.647191789
1750922003.499980927 -1.457295434 0.224984994 -1.084014335 -0.029897032 0.995157413 -0.029601159 0.088835024 -0.244082381 -0.008825997 -1.978834032
1750922003.599981070 -1.468697734 0.223887292 -0.925442879 -0.032326039 0.998408186 -0.031785961 0.033552558 -0.031839341 -0.128859264 -1.685093766
1750922003.699980021 -1.456079711 0.224732721 -0.755215188 -0.031728457 0.998734701 -0.031593261 -0.022894725 -0.153201559 -0.164795547 -1.847150653
1750922003.799979925 -1.419485197 0.228852726 -0.567168187 -0.033801261 0.995348562 -0.032565427 -0.084132082 -0.154771586 -0.146777525 -1.752315917
1750922003.899980068 -1.370400292 0.238476952 -0.403225722 -0.033643353 0.988914281 -0.031848957 -0.141075558 -0.129671329 -0.179476915 -1.832885686
1750922003.999979973 -1.307374991 0.248334513 -0.253792030 -0.032751623 0.979097109 -0.033806434 -0.197871949 -0.028144907 0.038389178 -1.505906229
1750922004.099980116 -1.208683564 0.258549516 -0.075370253 -0.033196519 0.964340684 -0.036732027 -0.259991912 -0.038703365 -0.057813134 -1.849087210
1750922004.199980021 -1.098146480 0.271677122 0.057891890 -0.032320231 0.948094779 -0.041044208 -0.313667126 -0.069617972 0.004218043 -1.737270327
1750922004.299979925 -0.983945252 0.283370909 0.181324502 -0.032547316 0.929396875 -0.045016531 -0.364877558 -0.213029615 -0.062478786 -1.969326872
1750922004.399980068 -0.838960259 0.299158046 0.302831248 -0.030648860 0.905850775 -0.043730534 -0.420217397 -0.106475809 0.076477264 -1.837416785
1750922004.499979973 -0.697188094 0.314018700 0.397883082 -0.027735704 0.882104453 -0.040854457 -0.468458512 -0.069664744 0.053329554 -1.832503988
1750922004.599980116 -0.540738890 0.327382666 0.474935175 0.027231744 -0.855208521 0.041952734 0.515865084 -0.093995414 -0.021394340 -1.769322107
1750922004.699980021 -0.356830897 0.335771760 0.540270284 0.026970386 -0.821259419 0.041754550 0.568385540 -0.149356620 -0.176750959 -1.898953380
1750922004.799978971 -0.186724735 0.345605015 0.577456912 0.022053506 -0.788907234 0.038687094 0.612896670 -0.137058214 -0.041572590 -1.711382579
1750922004.899979115 -0.006122062 0.368409673 0.588496209 0.020456977 -0.753734995 0.035681341 0.655890167 -0.305936174 0.205020697 -2.093303791
1750922004.999979019 0.187270801 0.372128536 0.585418450 0.017805677 -0.710528984 0.032055902 0.702711846 -0.122241580 -0.178894186 -1.776664395
1750922005.099978924 0.375955597 0.373727583 0.568923556 0.020436756 -0.668892455 0.031533230 0.742408835 -0.107427874 -0.127598687 -1.859844929
1750922005.199979067 0.551087004 0.366942092 0.531553910 0.022530613 -0.622369877 0.031361008 0.781770168 -0.083996357 -0.128406576 -1.799718909
1750922005.299978971 0.729931593 0.363464326 0.470965796 0.021468868 -0.569162480 0.031247475 0.821350567 -0.061553834 -0.081905105 -1.643370748
1750922005.399979115 0.881439928 0.366240619 0.395171651 0.023326180 -0.520879521 0.029834214 0.852789736 -0.089870059 -0.098466633 -1.670164381
1750922005.499979019 1.012681308 0.367873016 0.300936072 0.023493828 -0.472903655 0.030859207 0.880260122 -0.141231338 -0.077361688 -1.784342495
1750922005.599978924 1.151386147 0.370777186 0.171744419 0.023280395 -0.419497059 0.030310516 0.906951770 -0.185021812 -0.071214544 -1.803278668
1750922005.699979067 1.267132936 0.372742883 0.043403353 0.021591956 -0.369526551 0.028308961 0.928537839 -0.157733396 -0.056542992 -1.658947059
1750922005.799978018 1.357843983 0.369776456 -0.085668219 0.022117814 -0.318921094 0.027751838 0.947116663 -0.133426937 -0.091998568 -1.864559060
1750922005.899977922 1.446988244 0.368359004 -0.242667290 0.022704254 -0.261653515 0.025497311 0.964557848 -0.135689628 -0.089226114 -1.682558364
1750922005.999978065 1.512116859 0.368053245 -0.395919368 0.022338668 -0.210346283 0.023147254 0.977097554 -0.132216765 -0.140765564 -1.748374180
1750922006.099977970 1.557869607 0.365334200 -0.554464529 0.022303712 -0.158778156 0.022437854 0.986807268 -0.126511789 -0.093952003 -1.712486876
1750922006.199978113 1.591808205 0.366335464 -0.732722080 0.022836908 -0.098472072 0.021287733 0.994649968 -0.123974715 -0.039096553 -1.725140009
1750922006.299978018 1.598743562 0.362443960 -0.902743870 0.024893051 -0.042797777 0.021589127 0.998540232 -0.202838404 -0.249711614 -1.866784445
1750922006.399977922 1.592774042 0.364899743 -1.085964791 0.025301748 0.014526922 0.022427903 0.999322660 -0.101187633 -0.166772863 -1.743991793
1750922006.499978065 1.564098074 0.354419383 -1.264387724 0.018912622 0.076964457 0.020148591 0.996650801 -0.103041706 -0.147068065 -1.686962869
1750922006.599977970 1.518262308 0.350279272 -1.430764516 0.016193288 0.132349271 0.020100061 0.990867012 -0.073457417 -0.057063771 -1.773880134
1750922006.699978113 1.461136578 0.344589901 -1.583903901 0.014686555 0.188231551 0.016186315 0.981881455 -0.105863422 -0.138227770 -1.621582003
1750922006.799978018 1.371723405 0.338544847 -1.745143580 0.008906403 0.253289288 0.015540562 0.967224743 -0.081448756 -0.056019236 -1.665710565
1750922006.899976969 1.269139356 0.327157364 -1.881206823 0.007902538 0.308745966 0.011709005 0.951039630 -0.114780190 -0.170982397 -1.753949493
1750922006.999977112 1.160659629 0.321869883 -2.011991925 0.002139169 0.364118781 0.009356268 0.931303064 -0.063246617 -0.068463826 -1.887788080
1750922007.099977016 1.008175252 0.313431839 -2.141929422 0.000477424 0.422673926 0.005496653 0.906265033 -0.087302111 -0.050852270 -1.707133837
1750922007.199976921 0.880697473 0.305774627 -2.241318201 -0.001216822 0.471786476 0.003262185 0.881705959 0.084333391 -0.065702743 -1.817585366
1750922007.299977064 0.762037673 0.294213214 -2.319902427 -0.004737343 0.519332318 -0.003003519 0.854553965 -0.050324145 -0.008238246 -1.603599997
1750922007.399976969 0.586410964 0.290053675 -2.390687882 -0.006061841 0.571222364 -0.007900553 0.820734943 -0.102280440 -0.102923268 -1.778092731
1750922007.499977112 0.421990827 0.275739864 -2.435618055 -0.006435748 0.613972078 -0.010181495 0.789235837 0.016517658 -0.178621790 -1.844660335
1750922007.599977016 0.251036407 0.268506060 -2.453454153 -0.010650918 0.654705619 -0.010034998 0.755742291 -0.195237816 0.014303170 -1.677254334
1750922007.699976921 0.063182705 0.263708753 -2.452091012 -0.009570465 0.701359930 -0.010198610 0.712670080 -0.199919251 -0.078208524 -1.777470640
1750922007.799977064 -0.111040984 0.254207637 -2.431622720 -0.010877423 0.741129215 -0.014923358 0.671108383 -0.092842589 -0.128210107 -1.870998541
1750922007.899976015 -0.287277410 0.247629592 -2.390452906 -0.014726741 0.780619714 -0.014489347 0.624664746 -0.066775034 0.022050439 -1.718814126
1750922007.999975920 -0.475656301 0.243051103 -2.319885134 -0.016759015 0.820003178 -0.018147967 0.571825650 -0.072694742 -0.080779953 -1.871677268
1750922008.099976063 -0.631088627 0.237280092 -2.243980016 -0.017172914 0.853190639 -0.021891608 0.520856585 0.624438582 -0.052824989 -1.460850299
1750922008.199975967 -0.784888157 0.229764799 -2.160704808 -0.019613045 0.880508706 -0.024684928 0.472980338 -0.074217541 -0.105904747 -1.865126598
1750922008.299976110 -0.937166647 0.225520919 -2.017229115 -0.023266708 0.907994195 -0.024032628 0.417645346 -0.165756602 -0.091036946 -1.799365191
1750922008.399976015 -1.048568307 0.220363932 -1.889106054 -0.023337363 0.929760567 -0.026059195 0.366499077 -0.117158716 -0.144482007 -1.814385395
1750922008.499975920 -1.146039792 0.219626334 -1.748447234 -0.024677814 0.948911942 -0.025616388 0.313529795 -0.145413201 -0.095720875 -1.804982962
1750922008.599976063 -1.243180650 0.215968921 -1.576251810 -0.027285506 0.967068682 -0.027449823 0.251555506 -0.030777531 -0.124277759 -1.865733051
1750922008.699975967 -1.304853104 0.216177532 -1.411845981 -0.029931238 0.979663304 -0.027586771 0.196476211 -0.118642293 -0.073221570 -1.781898228
1750922008.799976110 -1.345425083 0.213396681 -1.258172656 -0.029953415 0.989015290 -0.027693897 0.142072505 -0.172008266 -0.125352120 -1.875948140
1750922008.899976015 -1.377193167 0.212900330 -1.054807403 -0.032559188 0.995733797 -0.028333712 0.081555541 -0.003014326 -0.099742847 -2.145424020
1750922008.999974966 -1.352247434 0.222922135 -0.852523738 -0.033651697 0.998636516 -0.028665203 0.027766489 -0.284829437 -0.121998046 -2.046457553
1750922009.099975109 -1.338464111 0.218112749 -0.692883299 -0.034293385 0.998651543 -0.028102859 -0.027005328 -0.090825186 -0.109371668 -1.363792698
1750922009.199975014 -1.295379892 0.229970154 -0.491333302 -0.035081554 0.995014799 -0.026036444 -0.089648972 -0.162955118 -0.023504240 -1.649577533
1750922009.299974918 -1.249636920 0.223970924 -0.342893645 -0.037656683 0.988457775 -0.027732899 -0.144097491 -0.059372286 -0.194280394 -1.728423896
1750922009.399975061 -1.186754305 0.226770061 -0.198914226 -0.037668549 0.978749113 -0.030275629 -0.199285324 -0.060326515 -0.131239687 -1.576468593
1750922009.499974966 -1.101563223 0.230955644 -0.048734597 -0.041573432 0.963982856 -0.035514397 -0.260283366 -0.117904779 -0.170238049 -1.657640267
1750922009.599975109 -0.999276431 0.238336581 0.089825664 -0.039111070 0.948279466 -0.038568927 -0.312648072 -0.065026752 -0.101165234 -1.441184580
1750922009.699975014 -0.870533022 0.247742359 0.206060788 -0.040458320 0.929938686 -0.042107819 -0.363048340 -0.009277761 0.006250055 -1.307729627
1750922009.799974918 -0.718394550 0.260999747 0.317775776 -0.038917776 0.905611559 -0.046225605 -0.419781258 -0.269941189 -0.139843144 -1.907082879
1750922009.899975061 -0.603188597 0.281594522 0.393018542 -0.036871838 0.880957246 -0.043587156 -0.469739245 -0.152303979 0.053852222 -1.430525814
1750922009.999974012 -0.478048925 0.297853385 0.454632148 0.035762061 -0.853549228 0.045834558 0.517758615 -0.182323653 -0.025546018 -1.720249510
1750922010.099973917 -0.293710957 0.317062614 0.511088587 0.034324029 -0.819426409 0.048529069 0.570093984 -0.186009340 -0.080592763 -1.652953947
1750922010.199974060 -0.137032582 0.326251296 0.537373069 0.030908982 -0.787477695 0.046838739 0.613783062 -0.211282283 -0.096885450 -1.648124848
1750922010.299973965 0.023577375 0.336895683 0.543238799 0.027463903 -0.752634527 0.043367888 0.656434482 -0.231645195 -0.114073295 -1.683281538
1750922010.399974108 0.190602834 0.348455043 0.528240036 0.023709508 -0.709503019 0.041289136 0.703092122 -0.291635594 -0.016354009 -1.424448759
1750922010.499974012 0.348212819 0.357287225 0.498062798 0.023457828 -0.669213577 0.039868892 0.741628877 -0.241467603 -0.058507153 -1.613833152
1750922010.599973917 0.504579677 0.372594064 0.452353767 0.022380795 -0.628509055 0.036046645 0.776644132 -0.171162532 -0.005730109 -1.637693614
1750922010.699974060 0.673855628 0.371430329 0.377962075 0.022038521 -0.580957553 0.034301366 0.812912075 -0.200531365 -0.091544100 -1.728347382
1750922010.799973965 0.813253340 0.375458883 0.301049182 0.022956432 -0.537458032 0.033703426 0.842303951 -0.220779469 -0.087992073 -1.686317002
1750922010.899974108 0.946953258 0.379261612 0.206828598 0.025454036 -0.491372297 0.033683657 0.869925726 -0.200233461 -0.110753135 -1.547418380
1750922010.999974012 1.085896235 0.382821619 0.083369316 0.023506221 -0.437911768 0.031783281 0.898148409 -0.174597463 -0.077082230 -1.794597279
1750922011.099972963 1.196803457 0.384174359 -0.038668281 0.024251651 -0.388237404 0.030946383 0.920720314 -0.163311051 -0.118632060 -1.782198259
1750922011.199973106 1.283703708 0.384212729 -0.163700399 0.023984910 -0.336643431 0.029226242 0.940872867 -0.325981788 -0.100118081 -1.581349739
1750922011.299973011 1.377915886 0.384793393 -0.324919770 0.024547963 -0.275208078 0.028597398 0.960645668 -0.129610555 -0.148095345 -1.784253650
1750922011.399972916 1.445978920 0.385345018 -0.476634736 0.021411545 -0.221139251 0.025717688 0.974667932 -0.123395227 -0.051755974 -1.806670333
1750922011.499973059 1.497365116 0.383464729 -0.635565787 0.021973879 -0.166649330 0.024743342 0.985460764 -0.108435010 -0.096996258 -1.594478797
1750922011.599972963 1.532009061 0.385100968 -0.807954941 0.021894465 -0.103942926 0.021951115 0.994099919 -0.132517461 -0.059436007 -1.533599658
1750922011.699973106 1.543076165 0.384276820 -0.968808516 0.021707421 -0.046932953 0.020559474 0.998450496 -0.148328863 -0.127378078 -1.641633370
1750922011.799973011 1.536229568 0.378970491 -1.113852061 0.018875044 0.008826740 0.019631796 0.999590123 -0.120469803 0.006923964 -1.485074786
1750922011.899972916 1.509746391 0.370303332 -1.286007054 0.018607255 0.073518893 0.018531985 0.996947997 -0.116429381 -0.155729162 -1.609195914
1750922011.999973059 1.466017293 0.366780113 -1.432592772 0.014487946 0.130896643 0.019688756 0.991094608 -0.188270862 -0.143766442 -1.521287227
1750922012.099972010 1.402498827 0.359482380 -1.575287798 0.011644524 0.184967245 0.018083698 0.982509289 -0.185599254 -0.098686376 -1.595755146
1750922012.199971914 1.311554516 0.346708151 -1.730727342 0.009368137 0.246665566 0.014762530 0.968942931 -0.116792772 -0.128782443 -1.701088609
1750922012.299972057 1.213069417 0.339582563 -1.859079008 0.005599049 0.300069812 0.012753352 0.953815554 -0.143750810 -0.102233272 -1.731204718
1750922012.399971962 1.099233529 0.330429127 -1.983062292 0.002511989 0.352720711 0.009227318 0.935679778 -0.174561116 -0.076402897 -1.696340763
1750922012.499972105 0.960887778 0.319119178 -2.097832558 -0.000804162 0.410276450 0.005774090 0.911942568 -0.138352542 -0.056341208 -1.601243631
1750922012.599972010 0.838548038 0.311628854 -2.186583063 -0.001920976 0.460512175 0.002157004 0.887648688 -0.048176766 -0.073466037 -1.515905218
1750922012.699971914 0.710717041 0.307420142 -2.257735464 -0.003774373 0.509585422 -0.001610397 0.860410285 -0.083495032 -0.071455499 -1.617661277
1750922012.799972057 0.554077772 0.293267772 -2.322779630 -0.006614686 0.563353397 -0.006151973 0.826166660 -0.059403910 -0.103829247 -1.535507873
1750922012.899971962 0.414124268 0.282723070 -2.355501932 -0.007623246 0.607283663 -0.008933327 0.794398285 -0.097434430 -0.087344975 -1.415489971
1750922012.999972105 0.256782210 0.274604601 -2.371508562 -0.011096003 0.650009665 -0.009710642 0.759782875 -0.161610009 -0.016337826 -1.436968493
1750922013.099972010 0.077030499 0.269947178 -2.365011930 -0.011297257 0.696128980 -0.010259828 0.717754520 -0.205051623 0.044448871 -1.480899187
1750922013.199970961 -0.069119333 0.263006059 -2.342840534 -0.012294613 0.733342517 -0.013427551 0.679615551 -0.182672643 -0.087712881 -1.564823283
1750922013.299971104 -0.206617445 0.257204274 -2.303849193 -0.013626635 0.767813152 -0.013505905 0.640386500 -0.214997648 -0.061535835 -1.284646435
1750922013.399971008 -0.331134538 0.252728588 -2.256355030 -0.014541495 0.803487294 -0.016116107 0.594926033 -0.160094576 -0.066395886 -1.071819402
1750922013.499970913 -0.408077104 0.249352465 -2.215431097 -0.015888559 0.833716581 -0.018061216 0.551668387 -0.125890321 -0.035292946 -0.731184975
1750922013.599971056 -0.455097666 0.248964216 -2.183812730 -0.016727024 0.857725972 -0.019892636 0.513449750 -0.065930749 -0.001681557 -0.427432904
1750922013.699970961 -0.480512511 0.249486254 -2.155884650 -0.017512352 0.875034657 -0.022684034 0.483211239 -0.068307936 0.016495997 -0.153830914
1750922013.799971104 -0.489331439 0.248563927 -2.134330585 -0.018072962 0.884933432 -0.023972783 0.464748851 -0.202079555 0.007975867 -0.082848003
1750922013.899971008 -0.478242271 0.250993367 -2.125399506 -0.018385548 0.894487541 -0.025919528 0.445962093 -0.113020140 0.021201737 0.049222318
1750922013.999970913 -0.451914741 0.252686635 -2.117779631 -0.018378821 0.905645975 -0.027072877 0.422770205 -0.216530915 0.022344689 0.181630382
1750922014.099971056 -0.431215571 0.253919397 -2.117087374 -0.018795294 0.914157345 -0.028138871 0.403944661 -0.162396132 0.038728530 0.308618752
1750922014.199970007 -0.408669713 0.256239625 -2.117298616 -0.019388117 0.921530190 -0.028514127 0.386772743 -0.180992614 0.058517366 0.305161529
1750922014.299969912 -0.385011238 0.257484034 -2.119850317 -0.019687915 0.928531559 -0.029099409 0.369587276 -0.091005576 -0.021832605 0.000552311
1750922014.399970055 -0.368271265 0.257171403 -2.125835032 -0.018973541 0.931910397 -0.029712263 0.360971187 -0.051684170 0.009427302 0.212554330
1750922014.499969959 -0.464947158 0.306971941 -1.959077937 -0.019247911 0.931766573 -0.029683623 0.361330119 -0.158283557 0.136339169 -0.244615160
1750922014.599970102 -0.464947158 0.306971941 -1.959077937 -0.019247911 0.931766573 -0.029683623 0.361330119 0.000000000 0.000000000 0.000000000
1750922014.699970007 -0.464947158 0.306971941 -1.959077937 -0.019247911 0.931766573 -0.029683623 0.361330119 0.000000000 0.000000000 0.000000000
1750922014.799969912 -0.464947158 0.306971941 -1.959077937 -0.019247911 0.931766573 -0.029683623 0.361330119 0.000000000 0.000000000 0.000000000
1750922014.899970055 -0.464947158 0.306971941 -1.959077937 -0.019247911 0.931766573 -0.029683623 0.361330119 0.000000000 0.000000000 0.000000000
1750922014.999969959 -0.464947158 0.306971941 -1.959077937 -0.019247911 0.931766573 -0.029683623 0.361330119 0.000000000 0.000000000 0.000000000
1750922015.099970102 -0.464947158 0.306971941 -1.959077937 -0.019247911 0.931766573 -0.029683623 0.361330119 0.000000000 0.000000000 0.000000000
1750922015.199970007 -0.464947158 0.306971941 -1.959077937 -0.019247911 0.931766573 -0.029683623 0.361330119 0.000000000 0.000000000 0.000000000
1750922015.299968958 -0.464947158 0.306971941 -1.959077937 -0.019247911 0.931766573 -0.029683623 0.361330119 0.000000000 0.000000000 0.000000000
1750922015.399969101 -0.464947158 0.306971941 -1.959077937 -0.019247911 0.931766573 -0.029683623 0.361330119 0.000000000 0.000000000 0.000000000
1750922015.499969006 -0.464947158 0.306971941 -1.959077937 -0.019247911 0.931766573 -0.029683623 0.361330119 0.000000000 0.000000000 0.000000000
