1750921983.200000048 -0.007251515 -0.010931319 -0.100395751 0.000812043 0.034216450 -0.002548932 0.999410866 -0.125988584 -0.140715692 -1.747797045
1750921983.299999952 -0.040709150 -0.023248263 -0.254203315 0.001309018 0.091996244 -0.005932968 0.995740818 -0.142336242 -0.144526891 -1.757405620
1750921983.400000095 -0.101692626 -0.038227567 -0.428821898 0.003575456 0.158800989 -0.009181793 0.987261443 -0.099625202 -0.207250916 -1.690370562
1750921983.500000000 -0.169152274 -0.049604639 -0.575470525 0.002108927 0.218610443 -0.009224924 0.975766328 -0.044792279 -0.131027454 -1.725863920
1750921983.599999905 -0.255149919 -0.056581058 -0.711400528 0.003350206 0.274914418 -0.011561046 0.961393354 -0.077946824 -0.082340513 -1.664340556
1750921983.700000048 -0.367215406 -0.063640660 -0.850254653 0.006464806 0.335431373 -0.014037744 0.941937865 -0.106931161 -0.052053086 -1.623431593
1750921983.799998999 -0.484872556 -0.067838938 -0.961139249 0.009928115 0.386768179 -0.015779628 0.921988509 -0.105220005 -0.051581975 -1.781551182
1750921983.899998903 -0.621937141 -0.070557583 -1.063615711 0.010453326 0.434844555 -0.016317040 0.900297004 -0.200061817 -0.049123854 -1.699664418
1750921983.999999046 -0.781257248 -0.071126527 -1.160642152 0.011253044 0.485571601 -0.019229631 0.873912931 -0.024188773 -0.057673871 -1.869651166
1750921984.099998951 -0.933173274 -0.069599935 -1.235736729 0.009712527 0.528497905 -0.020803091 0.848624100 -0.151055108 -0.081338632 -1.697846279
1750921984.199999094 -1.093494824 -0.067473444 -1.295120507 0.008826996 0.570493983 -0.023271095 0.820924573 0.035423985 -0.003785523 -1.831372801
1750921984.299998999 -1.271773144 -0.073741699 -1.336088596 0.006578775 0.616044262 -0.023754862 0.787325786 -0.138094643 -0.093175493 -1.734870166
1750921984.399998903 -1.426044106 -0.074319249 -1.346966402 0.006563402 0.653385497 -0.024836412 0.756589364 -0.321098679 -0.141664182 -1.628430715
1750921984.499999046 -1.587672563 -0.072596837 -1.349710747 0.007442364 0.691293920 -0.028550804 0.721971038 -0.063286728 -0.118751852 -1.389411395
1750921984.599998951 -1.762911731 -0.073672575 -1.327357713 0.010827096 0.734285414 -0.030926183 0.678049612 -0.139772887 -0.062513405 -1.617163121
1750921984.699999094 -1.917737580 -0.075396151 -1.295485177 0.011569400 0.770245908 -0.032711021 0.636802465 -0.132799813 -0.167606546 -1.878584462
1750921984.799998999 -2.066655834 -0.075384747 -1.233756360 0.009076828 0.802532112 -0.028887109 0.595840041 -0.243244698 -0.097490033 -1.582959825
1750921984.899997950 -2.223831523 -0.075587240 -1.153505674 0.009789272 0.837281290 -0.027862337 0.545974269 -0.212722302 -0.109832303 -1.600960974
1750921984.999998093 -2.356827233 -0.076253850 -1.062927134 0.008956959 0.866161712 -0.029941584 0.498785689 -0.208430483 -0.095559834 -1.701157031
1750921985.099997997 -2.472927498 -0.074646813 -0.964614173 0.008992009 0.893017739 -0.030580373 0.448891193 -0.135155477 -0.060309864 -1.620956280
1750921985.199997902 -2.601047649 -0.071067754 -0.836385502 0.005116033 0.920076952 -0.029708617 0.390576019 -0.075516234 -0.034485239 -1.638698894
1750921985.299998045 -2.698707581 -0.072565669 -0.717307221 0.002256371 0.940486874 -0.032724400 0.338243199 -0.170023972 -0.146016094 -1.538748566
1750921985.399997950 -2.782593376 -0.071778434 -0.594979693 -0.001678513 0.958678482 -0.031300817 0.282759631 0.023205538 -0.050204889 -1.428856201
1750921985.499998093 -2.860698118 -0.071302935 -0.445213325 -0.003089114 0.974867380 -0.032398338 0.220396000 0.068628508 -0.030222556 -1.492507992
1750921985.599997997 -2.909011314 -0.071083619 -0.307180608 -0.006308447 0.985536071 -0.034995309 0.165693041 -0.037198018 -0.109555281 -1.546528985
1750921985.699997902 -2.946922916 -0.065710714 -0.168331893 -0.008261008 0.993412914 -0.033334255 0.109322303 -0.141780117 -0.052939537 -1.570528605
1750921985.799998045 -2.964914658 -0.067678632 0.004730938 -0.009073320 0.998368683 -0.033978030 0.044979333 0.071420922 -0.158770553 -1.613689214
1750921985.899996996 -2.954551762 -0.062691093 0.163150209 -0.007836608 0.999374416 -0.033195910 -0.009348557 -0.170064092 -0.022070294 -1.662999483
1750921985.999996901 -2.930303860 -0.060077997 0.317930519 -0.009085141 0.997172496 -0.034924876 -0.065914536 -0.217224310 -0.114497098 -1.691713198
1750921986.099997044 -2.880202397 -0.059373004 0.494374719 -0.010977311 0.990526261 -0.034880883 -0.132365209 -0.185819855 -0.076761099 -1.760793668
1750921986.199996948 -2.796518749 -0.052228362 0.651024407 -0.009034278 0.981860504 -0.035165915 -0.186095917 -0.125393612 -0.085990163 -1.647400876
1750921986.299997091 -2.702305431 -0.047976699 0.802493061 -0.010042584 0.970724863 -0.035735531 -0.237308572 -0.130305400 -0.095403842 -1.682703840
1750921986.399996996 -2.592406068 -0.045396763 0.950301475 -0.013279079 0.953717747 -0.034667655 -0.298402879 -0.133647244 -0.109452876 -1.601164339
1750921986.499996901 -2.468900954 -0.040034319 1.072708159 -0.014593110 0.935527251 -0.033080988 -0.351399277 -0.244857934 -0.073141220 -1.856703195
1750921986.599997044 -2.343189386 -0.038895090 1.180418528 -0.013801840 0.915076859 -0.030350704 -0.401898851 -0.143438547 -0.114083663 -1.669951155
1750921986.699996948 -2.194126317 -0.034959880 1.280935704 -0.012275356 0.889042664 -0.026453865 -0.456894572 -0.157722202 -0.048708125 -1.590909542
1750921986.799997091 -2.040143648 -0.031543417 1.359276895 0.013584660 -0.862284301 0.027931434 0.505471143 -0.171883063 -0.098306343 -1.829527770
1750921986.899996996 -1.888095644 -0.032555970 1.418982242 0.014822882 -0.831845812 0.025313919 0.554231028 -0.063230966 -0.099722722 -1.673478285
1750921986.999995947 -1.724008729 -0.031532434 1.464459226 0.013780062 -0.796594897 0.022870608 0.603923518 -0.135002465 -0.084602222 -1.578828074
1750921987.099996090 -1.566063658 -0.032711821 1.494257981 0.012247975 -0.762518308 0.019288238 0.646563053 -0.075764481 -0.019123708 -1.751680815
1750921987.199995995 -1.404100047 -0.036379964 1.503825428 0.013873194 -0.725947024 0.017759245 0.687381308 -0.130959428 -0.097481163 -1.566567857
1750921987.299995899 -1.209176330 -0.032692037 1.497652907 0.013901598 -0.681902963 0.016488098 0.731124639 -0.024027953 -0.101594316 -1.874866524
1750921987.399996042 -1.047534993 -0.035997699 1.465274550 0.014589606 -0.641022177 0.014719668 0.767242493 -0.062046408 -0.202937699 -1.755557485
1750921987.499995947 -0.889395740 -0.035694731 1.414680452 0.012383420 -0.596129401 0.012107745 0.802701558 -0.140025085 -0.040178266 -1.471476488
1750921987.599996090 -0.706781477 -0.029361019 1.326662003 0.015308262 -0.544180911 0.013545453 0.838718853 -0.089284125 -0.103603387 -1.408300520
1750921987.699995995 -0.572386820 -0.028648583 1.249500141 0.014531442 -0.495279783 0.012375979 0.868523810 -0.092772623 0.153312283 -1.880991699
1750921987.799995899 -0.463335647 -0.021703353 1.162510174 0.018733379 -0.445578611 0.012719869 0.894956405 -0.257605771 0.068384493 -1.771661010
1750921987.899996042 -0.315523016 -0.017353682 1.022710799 0.018683381 -0.391451966 0.014285155 0.919897942 -0.109746833 0.074573081 -1.927095793
1750921987.999994993 -0.220198078 -0.014918436 0.899469578 0.017808709 -0.341089254 0.012869374 0.939774095 -0.074498316 -0.023573071 -1.774546430
1750921988.099994898 -0.136660547 -0.016887513 0.771055440 0.018856253 -0.289850886 0.013523626 0.956790477 -0.066475171 -0.223449586 -1.696096797
1750921988.199995041 -0.055577230 -0.012319348 0.600805547 0.015110525 -0.231386298 0.011325967 0.972678660 -0.151173086 -0.133428269 -1.769375993
1750921988.299994946 -0.004435048 -0.009695081 0.445663407 0.012552933 -0.179040311 0.010335156 0.983707363 -0.388176738 -0.070267518 -1.983249329
1750921988.399995089 0.030839417 -0.012107716 0.273266589 0.010559728 -0.124969290 0.007675004 0.992074727 -0.138079970 -0.148927585 -1.775855899
1750921988.499994993 0.055336443 -0.025887755 0.086457063 0.006721387 -0.065568104 0.005712714 0.997809106 -0.053637475 -0.329780261 -1.662877667
1750921988.599994898 0.060740929 -0.032800184 -0.102860786 0.006651966 -0.010861447 -0.000372996 0.999918817 -0.126330168 -0.227366591 -2.174288219
1750921988.699995041 0.049780005 -0.038824996 -0.258489843 0.002872444 0.053151287 -0.004181168 0.998573586 -0.143811410 -0.002023525 -1.650646415
1750921988.799994946 0.016380785 -0.045380765 -0.445766070 0.006231169 0.122279112 -0.008326706 0.992441261 0.063182010 -0.082875444 -1.800372238
1750921988.899995089 -0.036768223 -0.054153341 -0.605958033 0.003079186 0.182892568 -0.012116432 0.983053416 -0.075694385 -0.138754362 -1.937830546
1750921988.999994993 -0.115853448 -0.062836740 -0.766638506 0.004141642 0.241017927 -0.014188845 0.970408101 -0.051972802 -0.154775326 -1.946583947
1750921989.099993944 -0.228190440 -0.064853365 -0.934081345 0.006601399 0.299289830 -0.014391929 0.954030865 -0.100100534 -0.116351289 -2.040817638
1750921989.199994087 -0.349385851 -0.072949606 -1.066662518 0.008763540 0.351555387 -0.013811286 0.936024176 -0.090363944 -0.091632838 -1.761123373
1750921989.299993992 -0.464984347 -0.081921818 -1.167992740 0.010197645 0.400564042 -0.014906395 0.916090747 -0.122510023 -0.148242659 -1.731554584
1750921989.399993896 -0.626734717 -0.089281672 -1.278982570 0.008692455 0.456173885 -0.016943458 0.889686882 -0.181061284 -0.140465305 -1.709256397
1750921989.499994040 -0.769581862 -0.095532177 -1.350318939 0.007934256 0.502640101 -0.020597116 0.864213941 -0.111852460 -0.075684059 -1.737034088
1750921989.599993944 -0.912422155 -0.102124520 -1.400094776 0.009832169 0.546729643 -0.022085310 0.836960134 -0.197755468 -0.180410257 -1.452856140
1750921989.699994087 -1.089321817 -0.105675795 -1.447250549 0.012083991 0.595723350 -0.024256875 0.802732378 -0.179656941 -0.155435091 -1.565712133
1750921989.799993992 -1.251510827 -0.109262799 -1.478425579 0.012071219 0.636682151 -0.025560105 0.770608075 -0.024947371 -0.090129732 -1.779424805
1750921989.899993896 -1.419109398 -0.100061769 -1.500851318 0.008849340 0.678746365 -0.027651855 0.733798634 -0.060221395 -0.034205691 -1.575479326
1750921989.999994040 -1.601100481 -0.094818706 -1.500133762 0.011802920 0.726179988 -0.031628592 0.686675286 0.007881116 -0.049600627 -1.766654093
1750921990.099992990 -1.777315588 -0.090425590 -1.466333098 0.013157085 0.765170684 -0.033465423 0.642822511 -0.065632506 -0.056079110 -1.735159524
1750921990.199992895 -1.943640905 -0.083811925 -1.423471572 0.010870200 0.800852787 -0.030600807 0.597980136 -0.053962527 -0.023839491 -1.803010358
1750921990.299993038 -2.123252909 -0.078182534 -1.348885328 0.010433472 0.836535472 -0.031326175 0.546917012 -0.088058507 -0.044647256 -1.813615370
1750921990.399992943 -2.261615560 -0.074293365 -1.271472348 0.007808354 0.863393452 -0.031732116 0.503471797 -0.051146998 -0.117804194 -1.614364761
1750921990.499993086 -2.398227130 -0.072121035 -1.179451687 0.002788697 0.887977967 -0.030661479 0.458854254 0.011339685 -0.047879436 -1.713463145
1750921990.599992990 -2.528184572 -0.070164615 -1.048925407 0.001641617 0.912009509 -0.028717322 0.409159231 -0.140820977 -0.040637031 -1.703716833
1750921990.699992895 -2.634392521 -0.069337690 -0.919948633 0.000515973 0.931114151 -0.028488133 0.363613253 -0.139909557 -0.144718750 -1.865276047
1750921990.799993038 -2.724189667 -0.070964608 -0.778488847 0.000321498 0.947632630 -0.029710470 0.317977331 -0.132737518 -0.103783118 -1.845468697
1750921990.899992943 -2.818961093 -0.068078273 -0.608118894 -0.002061113 0.962835650 -0.029818826 0.268428949 -0.024491813 -0.061713567 -1.685741874
1750921990.999993086 -2.891035519 -0.073322125 -0.459467453 -0.002393621 0.974329355 -0.034352449 0.222478063 -0.104089637 -0.272361944 -1.831407156
1750921991.099992990 -2.945973128 -0.060134780 -0.304483542 -0.007358208 0.983730955 -0.031707764 0.176674513 -0.029496085 -0.005244357 -1.567077566
1750921991.199991941 -2.981903843 -0.054969517 -0.113987984 -0.007711389 0.991671039 -0.033294705 0.124179495 -0.170894860 -0.121721716 -1.847566410
1750921991.299992085 -2.991733969 -0.055554671 0.059926413 -0.006523213 0.996609929 -0.032719963 0.075203072 -0.224580170 -0.142739316 -1.819354190
1750921991.399991989 -2.989441667 -0.050083303 0.233335947 -0.006486700 0.999283493 -0.030914878 0.020849331 -0.181413719 -0.029644163 -1.919947910
1750921991.499991894 -2.949631581 -0.048628539 0.432161884 -0.005939385 0.998868502 -0.033442205 -0.033287500 -0.986893525 -0.026728743 -2.194546528
1750921991.599992037 -2.891825770 -0.041785635 0.616522397 -0.006377990 0.995248624 -0.030044450 -0.092394961 -0.067303153 -0.086830403 -1.725145236
1750921991.699991941 -2.860700169 -0.040009980 0.759516499 -0.008524861 0.987605292 -0.027797797 -0.154241357 0.137098072 0.062061585 -1.423976547
1750921991.799992085 -2.789888901 -0.039546770 0.919506714 -0.011052215 0.974521012 -0.030730104 -0.221906074 0.126180208 -0.104854252 -1.378855319
1750921991.899991989 -2.695061788 -0.036522944 1.051947560 -0.011367449 0.960122619 -0.032125247 -0.277494694 -0.178551374 -0.120140025 -1.716134947
1750921991.999991894 -2.591311363 -0.035369486 1.168199621 -0.011608363 0.942895066 -0.032142392 -0.331332170 -0.196765252 -0.110924081 -1.747945452
1750921992.099992037 -2.462381455 -0.033750394 1.275647601 -0.012607111 0.919542682 -0.031047540 -0.391558894 -0.151284710 -0.091743472 -1.408067379
1750921992.199990988 -2.326255840 -0.032639090 1.370077348 -0.013031995 0.896427272 -0.029184367 -0.442036860 -0.205565818 -0.110972684 -1.682968275
1750921992.299990892 -2.188143055 -0.027537662 1.441326720 -0.013955169 0.869484418 -0.030477394 -0.492821701 -0.154152762 -0.101631502 -1.709691609
1750921992.399991035 -2.018805884 -0.028674124 1.512079126 0.015173451 -0.836121050 0.028403845 0.547598921 0.483103303 -0.184947983 -1.887160717
1750921992.499990940 -1.854904498 -0.029695182 1.575103679 0.013889745 -0.804703182 0.025705618 0.592957912 -0.109069038 -0.038772150 -1.425478107
1750921992.599991083 -1.722839879 -0.023157243 1.593544348 0.011675127 -0.772257282 0.017566254 0.634959691 -0.143724211 -0.061309654 -2.327191963
1750921992.699990988 -1.534127897 -0.025561172 1.590598763 0.012405331 -0.730803619 0.019187834 0.682205252 -0.187130661 -0.129029758 -1.841384806
1750921992.799990892 -1.383551421 -0.030732234 1.584119103 0.015431958 -0.691901024 0.016952433 0.721628328 -0.117345870 -0.143459579 -1.639644614
1750921992.899991035 -1.219426654 -0.034307113 1.554944526 0.015174792 -0.651043769 0.014493173 0.758750080 -0.162823958 -0.137211052 -1.617990291
1750921992.999990940 -1.051884672 -0.034231109 1.500321347 0.012986074 -0.602922053 0.011466164 0.797611990 -0.089843328 -0.016690291 -1.436921250
1750921993.099991083 -0.923706646 -0.046064949 1.438258721 0.013065334 -0.557541829 0.010029946 0.829985425 -0.069845125 -0.099289235 -1.775348556
1750921993.199990988 -0.742665250 -0.042731445 1.336279690 0.013058847 -0.510068667 0.007640422 0.860000608 -0.118179353 -0.043368749 -1.944574868
1750921993.299989939 -0.603966113 -0.061969702 1.244419064 0.015829915 -0.455363821 0.005258356 0.890149175 -0.000425251 -0.262776948 -1.575601146
1750921993.399990082 -0.486249038 -0.051553390 1.132900523 0.020828036 -0.403500632 0.004017900 0.914733453 -0.094943094 0.000779483 -1.887753413
1750921993.499989986 -0.387941125 -0.056329752 1.011422420 0.022645119 -0.352848688 0.006503035 0.935383725 -0.143831972 -0.087578449 -1.669756777
1750921993.599989891 -0.294018974 -0.064616602 0.864954817 0.025338452 -0.294524760 0.004763837 0.955295993 -0.171625199 -0.236930069 -1.866634257
1750921993.699990034 -0.227138615 -0.080296818 0.732189151 0.025737857 -0.241575582 0.005431030 0.970025414 -0.278360389 -0.369028630 -1.746310986
1750921993.799989939 -0.175338301 -0.082385026 0.554166947 0.026596898 -0.186898445 0.004015906 0.982010921 -0.185870775 0.008821577 -1.675734105
1750921993.899990082 -0.138540975 -0.068089042 0.381438691 0.024752059 -0.124015143 0.002760192 0.991967722 -0.188103880 0.033847455 -1.730698350
1750921993.999989986 -0.125989982 -0.062845799 0.227489219 0.024970527 -0.068386366 0.002677381 0.997342774 -0.205301003 -0.084130947 -1.684658818
1750921994.099989891 -0.131575979 -0.059462552 0.063549456 0.020507051 -0.013232329 0.001839432 0.999700447 -0.216686207 0.078155461 -1.817282962
1750921994.199990034 -0.161488526 -0.060407472 -0.115781595 0.019092688 0.049414782 0.001106634 0.998595225 -0.153394235 -0.105711067 -1.579256933
1750921994.299988985 -0.209995886 -0.061527250 -0.276837293 0.016307474 0.103992524 -0.000303579 0.994444332 -0.182233540 -0.073535985 -1.646572669
1750921994.399988890 -0.268025318 -0.064055082 -0.418387191 0.018727499 0.158411949 -0.003725342 0.987188461 -0.192540762 -0.138760241 -1.540750630
1750921994.499989033 -0.358105774 -0.065116126 -0.573984133 0.012383125 0.218831171 -0.007312875 0.975656753 -0.250277713 -0.032614874 -1.640719556
1750921994.599988937 -0.450707004 -0.062255196 -0.695525753 0.011214885 0.271876964 -0.008723887 0.962227123 -0.203841000 -0.069866476 -1.607868411
1750921994.699989080 -0.546987632 -0.063919025 -0.800835718 0.011474847 0.324680697 -0.011818620 0.945680228 -0.211085570 -0.072036813 -1.557308001
1750921994.799988985 -0.672839311 -0.067143120 -0.908642044 0.011789517 0.382557420 -0.014815536 0.923737694 -0.181908506 -0.095750007 -1.527078320
1750921994.899988890 -0.792104212 -0.070107953 -0.986067398 0.010885758 0.431520135 -0.018268748 0.901852608 -0.188091764 -0.102450417 -1.483117920
1750921994.999989033 -0.921210799 -0.070753307 -1.058341557 0.011913801 0.478921728 -0.018667089 0.877578247 -0.157320635 -0.099489391 -1.547010796
1750921995.099988937 -1.077118703 -0.070789886 -1.126044577 0.011924379 0.529028487 -0.020840558 0.848264310 -0.171954376 -0.107809658 -1.585517958
1750921995.199989080 -1.224737865 -0.074230617 -1.175387197 0.010033091 0.571425424 -0.021946364 0.820299140 -0.102413582 -0.053581981 -1.578807279
1750921995.299988985 -1.372423233 -0.071745344 -1.208902351 0.008522036 0.612561502 -0.024192420 0.790006651 -0.063271147 -0.027179841 -1.397224293
1750921995.399987936 -1.542684431 -0.070114655 -1.236404121 0.010275555 0.657263827 -0.028359649 0.753056708 -0.092993788 -0.064176779 -1.564759330
1750921995.499988079 -1.698690444 -0.068577337 -1.237198699 0.009262520 0.695554637 -0.028930952 0.717830727 -0.068222416 -0.082964862 -1.662354710
1750921995.599987984 -1.859375332 -0.069051398 -1.222951923 0.007898232 0.732626522 -0.029054909 0.679964565 -0.097937493 -0.080167527 -1.504822608
1750921995.699987888 -2.039076851 -0.069356372 -1.186788274 0.007849156 0.773526336 -0.030027181 0.633003765 -0.044578367 -0.077844524 -1.715793196
1750921995.799988031 -2.190880626 -0.071644035 -1.132865635 0.008146412 0.807403357 -0.029587324 0.589201192 -0.147886426 -0.128847001 -1.771770738
1750921995.899987936 -2.350886429 -0.069500961 -1.053385674 0.009070151 0.839706487 -0.028754736 0.542202834 -0.127362244 -0.124760335 -1.783217011
1750921995.999988079 -2.506774445 -0.072054479 -0.952411181 0.007442590 0.874076631 -0.030171759 0.484793064 -0.101741012 -0.112582769 -1.720120137
1750921996.099987984 -2.639811031 -0.069989967 -0.846240618 0.006150292 0.901839338 -0.029665697 0.431008039 -0.080428758 -0.087618830 -1.635736628
1750921996.199987888 -2.755164236 -0.069799584 -0.724906434 0.004231296 0.926753149 -0.030781320 0.374383771 -0.129921765 -0.095268911 -1.714683798
1750921996.299988031 -2.862372773 -0.066038024 -0.583420911 0.001131327 0.950970270 -0.031909330 0.307629747 -0.043913280 -0.058984130 -1.786015770
1750921996.399986982 -2.932653074 -0.064223278 -0.467591015 -0.001521757 0.968497948 -0.032878881 0.246836766 0.026147748 -0.112146544 -1.628866639
1750921996.499986887 -2.999784755 -0.059561706 -0.324260766 -0.005457229 0.981556803 -0.033805965 0.188078752 -0.007107902 -0.076520330 -1.570950942
1750921996.599987030 -3.051376750 -0.059034379 -0.152874729 -0.006796416 0.991554496 -0.030470025 0.125877191 -0.132727215 0.092485276 -1.702558657
1750921996.699986935 -3.074008866 -0.051789378 -0.005504896 -0.006445251 0.996844610 -0.035019868 0.070942867 -0.107245802 -0.145906562 -1.834957491
1750921996.799987078 -3.073390971 -0.043999341 0.164094123 -0.005698579 0.999270413 -0.033838944 0.016765868 -0.140379581 -0.127085821 -1.810750757
1750921996.899986982 -3.055117063 -0.041996067 0.355804014 -0.006624186 0.998405656 -0.034142555 -0.044458442 -0.145547290 -0.078473335 -1.806515113
1750921996.999986887 -3.010730498 -0.034277600 0.519684592 -0.006271593 0.994774374 -0.032586321 -0.096554351 -0.187641897 -0.065027650 -1.572098958
1750921997.099987030 -2.955791947 -0.035064594 0.679650390 -0.006628301 0.988337395 -0.029445843 -0.149258844 -0.160130805 -0.091020507 -1.897938242
1750921997.199986935 -2.860419986 -0.029666653 0.848117949 -0.010115209 0.978146876 -0.028200454 -0.205745245 -0.431279799 -0.031502143 -1.714806746
1750921997.299987078 -2.777459486 -0.027102525 0.988723870 -0.010476088 0.965429612 -0.028307961 -0.258910362 -0.110103580 -0.039407365 -1.715904731
1750921997.399986982 -2.670766902 -0.027412152 1.131464464 -0.011347491 0.949716452 -0.030251099 -0.311439826 -0.105682170 -0.091345000 -1.816937782
1750921997.499985933 -2.546912070 -0.026964437 1.264588093 -0.009862540 0.928410942 -0.030274373 -0.370188217 -0.032461424 -0.114345867 -1.647845687
1750921997.599986076 -2.417200801 -0.025521982 1.373982335 -0.011418181 0.905429986 -0.029536236 -0.423312858 -0.087610493 -0.122775603 -1.776573225
1750921997.699985981 -2.273836665 -0.023505978 1.471129992 -0.012127241 0.879134812 -0.028527183 -0.475563994 -0.074096598 -0.069331063 -1.796370964
1750921997.799985886 -2.105309972 -0.024551426 1.557605272 0.013593223 -0.845623534 0.027768153 0.532883657 -0.050433849 -0.158461358 -1.707161046
1750921997.899986029 -1.936330780 -0.022910726 1.615302215 0.012761096 -0.812852342 0.025038256 0.581791466 -0.051710421 -0.078436076 -1.688106684
1750921997.999985933 -1.789374711 -0.026155215 1.650823173 0.011250502 -0.777022144 0.021842685 0.628993570 -0.041068465 -0.096574211 -2.046247917
1750921998.099986076 -1.568673768 -0.028254219 1.686530448 0.011962880 -0.734833264 0.017481334 0.677916932 -0.070338530 0.007006756 -2.146512695
1750921998.199985981 -1.437160832 -0.032081783 1.682280339 0.013199843 -0.693964876 0.015197370 0.719727417 -0.055752360 -0.124908044 -1.328676171
1750921998.299985886 -1.251341027 -0.039565923 1.663754082 0.015826296 -0.650297066 0.015088383 0.759365258 0.019913753 -0.153116535 -1.629728331
1750921998.399986029 -1.061467045 -0.040203984 1.603974927 0.012602003 -0.600012860 0.010644731 0.799820259 -0.041860251 0.060077237 -2.002237013
1750921998.499984980 -0.914890820 -0.038954488 1.543703293 0.012539919 -0.553757525 0.007974867 0.832545347 -0.079947978 -0.008706932 -1.994715053
1750921998.599984884 -0.765376425 -0.046664047 1.462355274 0.013985332 -0.504649436 0.007212083 0.863180944 -0.091521634 -0.117579462 -1.641598157
1750921998.699985027 -0.606159807 -0.049163010 1.339382137 0.013184546 -0.448151639 0.005598163 0.893842792 -0.155496879 -0.036937609 -1.663799524
1750921998.799984932 -0.486104989 -0.051001494 1.214085886 0.016499569 -0.397029510 0.005112011 0.917643286 -0.216762079 -0.037670134 -1.727148035
1750921998.899985075 -0.380063906 -0.053469363 1.083671676 0.019365487 -0.344584879 0.005888427 0.938536928 -0.132221517 -0.106906372 -1.705113886
1750921998.999984980 -0.281286993 -0.052446993 0.930287278 0.021049827 -0.286129214 0.005938036 0.957941396 -0.169035057 -0.006146061 -1.618368863
1750921999.099984884 -0.202469868 -0.054211195 0.768441510 0.023390630 -0.235005358 0.005962985 0.971694295 -0.057718574 -0.127112502 -1.751628136
1750921999.199985027 -0.143159290 -0.052689394 0.593119939 0.023761204 -0.184102870 0.003874942 0.982612092 -0.200223332 -0.137769100 -1.898487143
1750921999.299984932 -0.096719654 -0.055606332 0.412361879 0.024329773 -0.124023278 0.001713626 0.991979512 -0.112431181 -0.175864019 -1.889732709
1750921999.399985075 -0.073868985 -0.057581426 0.238535603 0.023401921 -0.069728574 0.001653988 0.997290098 -0.112610195 -0.082950545 -1.843361816
1750921999.499984980 -0.096368648 -0.066156000 0.020160627 0.021178761 -0.016255699 0.001403686 0.999642557 -0.556147415 -0.226762941 -2.420599473
1750921999.599983931 -0.115680535 -0.069409483 -0.162016142 0.018574346 0.047125352 0.000442990 0.998716175 -0.010237477 -0.008998192 -1.393078734
1750921999.699984074 -0.151887076 -0.067087120 -0.333680630 0.018694299 0.103438825 -0.001235648 0.994459354 -0.109654042 -0.116400636 -1.791482006
1750921999.799983978 -0.205979260 -0.070055907 -0.500585921 0.013213510 0.159154429 -0.003652226 0.987158514 -0.061890753 -0.004676943 -1.984133919
1750921999.899983883 -0.287413759 -0.065979222 -0.684107767 0.014542414 0.221849418 -0.007197199 0.974945924 -0.085052699 -0.127587218 -1.838842247
1750921999.999984026 -0.372981531 -0.066139519 -0.832126644 0.013638705 0.275677762 -0.011417335 0.961085533 -0.048406660 -0.075207075 -1.761203043
1750922000.099983931 -0.480110000 -0.065004018 -0.969116414 0.012754104 0.328846543 -0.014450134 0.944186675 -0.074309504 -0.035087247 -1.745857620
1750922000.199984074 -0.611244447 -0.063260300 -1.100770684 0.010823756 0.389262024 -0.015922493 0.920925837 -0.094040226 -0.108885207 -1.837022760
1750922000.299983978 -0.743066264 -0.061535931 -1.207020205 0.007987594 0.440296093 -0.018288482 0.897630815 -0.085768898 -0.053834181 -1.698842716
1750922000.399983883 -0.891629479 -0.061128029 -1.296728703 0.009195929 0.490280740 -0.020206024 0.871281784 -0.061108812 -0.099287544 -1.617562413
1750922000.499984026 -1.053442456 -0.061793135 -1.371619973 0.005668895 0.545077134 -0.022561958 0.838063088 -0.041646392 -0.085409006 -1.714056102
1750922000.599982977 -1.210518562 -0.063413116 -1.422463028 0.005267442 0.590841321 -0.021733815 0.806477792 -0.067913105 -0.081791755 -1.687879437
1750922000.699982882 -1.379489106 -0.062493593 -1.457837955 0.004033902 0.633450994 -0.024956911 0.773369716 -0.057927425 -0.060804490 -1.746809860
1750922000.799983025 -1.558388766 -0.062240863 -1.475079548 0.004407559 0.679787473 -0.027913717 0.732864510 -0.042863952 -0.116400546 -1.767036030
1750922000.899982929 -1.722446298 -0.058524729 -1.470142487 0.005359604 0.719633593 -0.029757897 0.693695347 -0.070431260 -0.087169524 -1.837902807
1750922000.999983072 -1.872917621 -0.058843095 -1.456347800 0.006710478 0.756879919 -0.030619347 0.652801818 -0.213836160 -0.261244693 -1.734023609
1750922001.099982977 -2.042411303 -0.066276547 -1.402503383 0.005417987 0.797759403 -0.028559669 0.602274792 -0.117615851 -0.158891026 -1.838190618
1750922001.199982882 -2.196700293 -0.068645522 -1.337815643 0.004412252 0.830100183 -0.027336450 0.556926329 -0.072732613 -0.101250796 -1.702764441
1750922001.299983025 -2.351094248 -0.071792943 -1.251165321 0.003626148 0.859505374 -0.028431518 0.510322458 -0.166076238 -0.141454538 -1.866928076
1750922001.399982929 -2.511117290 -0.077252070 -1.135115991 0.003244454 0.890399845 -0.028694861 0.454262254 -0.155098513 -0.207507476 -1.829521999
1750922001.499983072 -2.636547124 -0.078102612 -1.012347535 -0.000289852 0.914751961 -0.026655332 0.403135534 -0.124292682 -0.108047689 -1.770453594
1750922001.599982977 -2.745583743 -0.080322354 -0.875827341 0.000496452 0.935679762 -0.029617117 0.351604839 -0.197035440 -0.146587692 -1.803776900
1750922001.699981928 -2.851519923 -0.082966563 -0.718675525 -0.002381470 0.956084547 -0.028819510 0.291660938 -0.033065231 -0.122171380 -1.652254484
1750922001.799982071 -2.931598712 -0.075769020 -0.578573362 -0.003041006 0.970532825 -0.034635965 0.238447349 -0.097563992 -0.164615469 -1.965374455
1750922001.899981976 -2.996308189 -0.079350670 -0.419453181 -0.006745653 0.982343346 -0.035932865 0.183479904 0.018635983 -0.172589621 -1.656304201
1750922001.999982119 -3.043176065 -0.071558577 -0.262268878 -0.008327637 0.992011902 -0.034386883 0.121080876 -0.089510083 0.005115314 -1.659160101
1750922002.099982023 -3.064004342 -0.072506013 -0.103344905 -0.008570554 0.997138705 -0.035506150 0.066183552 -0.129313429 -0.126873445 -1.629339524
1750922002.199981928 -3.066034603 -0.060652390 0.060513684 -0.008411577 0.999321226 -0.034150018 0.010959463 -0.140835958 0.017239971 -1.855120191
1750922002.299982071 -3.037927295 -0.058401031 0.253629425 -0.007232957 0.998099037 -0.036983991 -0.048766608 -0.112746389 -0.129842669 -1.848196517
1750922002.399981976 -2.989238114 -0.054253899 0.443326117 -0.005285341 0.994133446 -0.036261422 -0.101763776 -0.176497003 -0.074290927 -1.834075015
1750922002.499982119 -2.927611492 -0.048272510 0.609306224 -0.006607131 0.987523584 -0.031087251 -0.154230669 -0.180546159 0.017447284 -1.973678601
1750922002.599982023 -2.835842230 -0.041309120 0.791401342 -0.007859464 0.976180621 -0.032219163 -0.214409770 -0.123498749 -0.121647367 -1.973844187
1750922002.699980974 -2.733605120 -0.039913257 0.940565848 -0.009036168 0.962752430 -0.034087724 -0.268074865 -0.076508083 -0.112270382 -1.666823467
1750922002.799981117 -2.627420887 -0.036784987 1.075255054 -0.010370123 0.946125495 -0.032401217 -0.322008026 -0.146616176 -0.108169694 -1.902048763
1750922002.899981022 -2.492487432 -0.029463739 1.210391686 -0.011188105 0.923756512 -0.028990961 -0.381717509 -0.110276507 -0.007434262 -1.766317066
1750922002.999980927 -2.358911352 -0.028297855 1.315072876 -0.012181918 0.900269875 -0.029328764 -0.434172288 -0.120726405 -0.069856591 -1.827982406
1750922003.099981070 -2.211589053 -0.025827506 1.405497028 -0.012537436 0.873826891 -0.029621772 -0.485172061 -0.103166908 -0.093501419 -1.635101280
1750922003.199980974 -2.036061334 -0.023549486 1.486019332 0.013717084 -0.840616749 0.026979289 0.540784098 -0.046081108 -0.097371932 -1.866333131
1750922003.299981117 -1.874197657 -0.025652468 1.536749082 0.014000950 -0.807296846 0.026996682 0.589361481 -0.083547294 -0.105170526 -1.656245382
1750922003.399981022 -1.701809769 -0.025629523 1.566672604 0.012253069 -0.772910425 0.020483550 0.634066054 -0.181955436 -0.082038157 -1.647191789
1750922003.499980927 -1.498955668 -0.018591715 1.588800826 0.014653743 -0.731887455 0.020284268 0.680965909 -0.244082381 -0.008825997 -1.978834032
1750922003.599981070 -1.340076917 -0.021507066 1.583784142 0.016689902 -0.693040892 0.018390250 0.720470380 -0.031839341 -0.128859264 -1.685093766
1750922003.699980021 -1.172095082 -0.024336010 1.553593148 0.014998335 -0.651332866 0.017060133 0.758452042 -0.153201559 -0.164795547 -1.847150653
1750922003.799979925 -0.988864219 -0.025848815 1.497539870 0.015969837 -0.603639420 0.014311309 0.796969009 -0.154771586 -0.146777525 -1.752315917
1750922003.899980068 -0.830858305 -0.022338019 1.431200660 0.014371249 -0.557064183 0.012153422 0.830256140 -0.129671329 -0.179476915 -1.832885686
1750922003.999979973 -0.688734040 -0.019319250 1.352515409 0.014369200 -0.508259947 0.012265008 0.860996470 -0.028144907 0.038389178 -1.505906229
1750922004.099980116 -0.521500145 -0.018885712 1.235420101 0.016017115 -0.452218652 0.011776254 0.891685518 -0.038703365 -0.057813134 -1.849087210
1750922004.199980021 -0.400386909 -0.015622736 1.111039569 0.018024875 -0.401384757 0.013412982 0.915633918 -0.069617972 0.004218043 -1.737270327
1750922004.299979925 -0.289444660 -0.013881497 0.984141735 0.020639804 -0.350780022 0.014025743 0.936125340 -0.213029615 -0.062478786 -1.969326872
1750922004.399980068 -0.183592820 -0.010153071 0.826613141 0.017987122 -0.293910183 0.012480854 0.955582281 -0.106475809 0.076477264 -1.837416785
1750922004.499979973 -0.103723508 -0.006691570 0.675074539 0.013624188 -0.242179715 0.010829459 0.970075301 -0.069664744 0.053329554 -1.832503988
1750922004.599980116 -0.043300344 -0.005441232 0.510942117 0.013932740 -0.188952446 0.010008455 0.981836383 -0.093995414 -0.021394340 -1.769322107
1750922004.699980021 0.002559023 -0.010858164 0.321129634 0.013544078 -0.127243534 0.007848161 0.991747976 -0.149356620 -0.176750959 -1.898953380
1750922004.799978971 0.021878448 -0.013417690 0.147821085 0.008025842 -0.072471506 0.007491994 0.997310050 -0.137058214 -0.041572590 -1.711382579
1750922004.899979115 0.014217930 -0.003333898 -0.034109884 0.004887503 -0.017035939 0.004699185 0.999831889 -0.305936174 0.205020697 -2.093303791
1750922004.999979019 -0.008991789 -0.012939401 -0.225925278 0.000741306 0.046634150 0.002000914 0.998909757 -0.122241580 -0.178894186 -1.776664395
1750922005.099978924 -0.045072899 -0.024113276 -0.411532090 0.002530144 0.103872326 -0.002304058 0.994584752 -0.107427874 -0.127598687 -1.859844929
1750922005.199979067 -0.100576305 -0.042370432 -0.580941627 0.004369584 0.164152285 -0.006064514 0.986406689 -0.083996357 -0.128406576 -1.799718909
1750922005.299978971 -0.179527594 -0.057202906 -0.751865859 0.004333018 0.229159810 -0.007583960 0.973349624 -0.061553834 -0.081905105 -1.643370748
1750922005.399979115 -0.270691004 -0.063657750 -0.894536121 0.005304138 0.284716832 -0.011802637 0.958524329 -0.089870059 -0.098466633 -1.670164381
1750922005.499979019 -0.378089741 -0.069549572 -1.015110192 0.007026609 0.337220216 -0.013013482 0.941309621 -0.141231338 -0.077361688 -1.784342495
1750922005.599978924 -0.521019434 -0.074113626 -1.139561877 0.007500307 0.392757317 -0.015080807 0.919487903 -0.185021812 -0.071214544 -1.803278668
1750922005.699979067 -0.660715863 -0.078041117 -1.241257968 0.005911129 0.442218936 -0.016805999 0.896730188 -0.157733396 -0.056542992 -1.658947059
1750922005.799978018 -0.798571208 -0.085146005 -1.317692182 0.006954846 0.489836712 -0.019134001 0.871576454 -0.133426937 -0.091998568 -1.864559060
1750922005.899977922 -0.964022649 -0.090138152 -1.389791528 0.006996621 0.541029962 -0.022743529 0.840666616 -0.135689628 -0.089226114 -1.682558364
1750922005.999978065 -1.123231186 -0.092423303 -1.438530108 0.006255199 0.584622921 -0.025446366 0.810881863 -0.132216765 -0.140765564 -1.748374180
1750922006.099977970 -1.285703691 -0.095689485 -1.467327549 0.007017889 0.626312523 -0.027219750 0.779065118 -0.126511789 -0.093952003 -1.712486876
1750922006.199978113 -1.466513038 -0.094104007 -1.482626297 0.008126701 0.672435041 -0.029831512 0.739510076 -0.123974715 -0.039096553 -1.725140009
1750922006.299978018 -1.636358680 -0.095668185 -1.471641613 0.011276214 0.712509413 -0.032394062 0.700823664 -0.202838404 -0.249711614 -1.866784445
1750922006.399977922 -1.817925828 -0.089792122 -1.446935046 0.013833794 0.751439158 -0.033316294 0.658815485 -0.101187633 -0.166772863 -1.743991793
1750922006.499978065 -1.992470307 -0.095329174 -1.399285721 0.009748474 0.791359926 -0.031278829 0.610472006 -0.103041706 -0.147068065 -1.686962869
1750922006.599977970 -2.153185953 -0.093554219 -1.336304569 0.009630676 0.824190216 -0.030240702 0.565423061 -0.073457417 -0.057063771 -1.773880134
1750922006.699978113 -2.299572993 -0.092762098 -1.263382719 0.007533173 0.854862416 -0.032604707 0.517774501 -0.105863422 -0.138227770 -1.621582003
1750922006.799978018 -2.450649408 -0.089960093 -1.157564206 0.005386666 0.887652050 -0.029628975 0.459529047 -0.081448756 -0.056019236 -1.665710565
1750922006.899976969 -2.575362374 -0.091990909 -1.040906930 0.003819401 0.912680753 -0.032092158 0.407393358 -0.114780190 -0.170982397 -1.753949493
1750922006.999977112 -2.694155020 -0.087616502 -0.919376179 0.000235824 0.935185460 -0.029926583 0.352891626 -0.063246617 -0.068463826 -1.887788080
1750922007.099977016 -2.807541172 -0.083357430 -0.754052618 -0.001522999 0.955731968 -0.031723565 0.292519575 -0.087302111 -0.050852270 -1.707133837
1750922007.199976921 -2.893149310 -0.080550249 -0.616754720 -0.002382805 0.970351816 -0.032232817 0.239526034 0.084333391 -0.065702743 -1.817585366
1750922007.299977064 -2.959023449 -0.082589053 -0.490082955 -0.007450938 0.981970511 -0.033975000 0.185806617 -0.050324145 -0.008238246 -1.603599997
1750922007.399976969 -3.011128643 -0.073435926 -0.308220665 -0.009772267 0.991508009 -0.036324883 0.124486441 -0.102280440 -0.102923268 -1.778092731
1750922007.499977112 -3.038783494 -0.075611224 -0.139436589 -0.009829521 0.996679201 -0.037514125 0.071600569 0.016517658 -0.178621790 -1.844660335
1750922007.599977016 -3.038746512 -0.070718501 0.032528314 -0.010672483 0.999182279 -0.034128450 0.018871172 -0.195237816 0.014303170 -1.677254334
1750922007.699976921 -3.017829947 -0.062543329 0.219101489 -0.007836980 0.998372211 -0.034721515 -0.044563725 -0.199919251 -0.078208524 -1.777470640
1750922007.799977064 -2.979378963 -0.060316342 0.390506501 -0.010217017 0.994056205 -0.036498027 -0.102057669 -0.092842589 -0.128210107 -1.870998541
1750922007.899976015 -2.920103519 -0.055375099 0.561560610 -0.010376792 0.986107316 -0.032787710 -0.162510459 -0.066775034 0.022050439 -1.718814126
1750922007.999975920 -2.830306337 -0.048083760 0.741479153 -0.012234059 0.973202364 -0.032974807 -0.227244690 -0.072694742 -0.080779953 -1.871677268
1750922008.099976063 -2.738650508 -0.044346702 0.888242032 -0.013290965 0.957492433 -0.034350102 -0.286097293 0.624438582 -0.052824989 -1.460850299
1750922008.199975967 -2.639851543 -0.042583598 1.032745289 -0.015231713 0.940231455 -0.033557270 -0.338536136 -0.074217541 -0.105904747 -1.865126598
1750922008.299976110 -2.481312116 -0.038652747 1.169280347 -0.015270330 0.917649293 -0.029343792 -0.396012038 -0.165756602 -0.091036946 -1.799365191
1750922008.399976015 -2.342315225 -0.038205193 1.266912857 -0.015153275 0.894192967 -0.029589736 -0.446445701 -0.117158716 -0.144482007 -1.814385395
1750922008.499975920 -2.192264824 -0.034518356 1.349116401 -0.014091746 0.867720878 -0.027134992 -0.496110464 -0.145413201 -0.095720875 -1.804982962
1750922008.599976063 -2.010912643 -0.034285573 1.427934669 0.015415361 -0.833888294 0.024978317 0.551152215 -0.030777531 -0.124277759 -1.865733051
1750922008.699975967 -1.840973319 -0.032519659 1.472097088 0.015806647 -0.801490248 0.021748114 0.597403174 -0.118642293 -0.073221570 -1.781898228
1750922008.799976110 -1.683936952 -0.035017385 1.496646027 0.014529432 -0.767348717 0.020400310 0.640740719 -0.172008266 -0.125352120 -1.875948140
1750922008.899976015 -1.478379961 -0.036662247 1.507157987 0.015329554 -0.726971350 0.017258453 0.686279685 -0.003014326 -0.099742847 -2.145424020
1750922008.999974966 -1.279720963 -0.031717292 1.460773106 0.015135962 -0.688999157 0.015153814 0.724445599 -0.284829437 -0.121998046 -2.046457553
1750922009.099975109 -1.122441585 -0.040093141 1.430919757 0.014041790 -0.648370555 0.012699007 0.761089474 -0.090825186 -0.109371668 -1.363792698
1750922009.199975014 -0.926388366 -0.034558726 1.366485643 0.011876780 -0.599489034 0.008825368 0.800246183 -0.162955118 -0.023504240 -1.649577533
1750922009.299974918 -0.783594438 -0.046145931 1.306166718 0.013951859 -0.554715499 0.006322662 0.831899083 -0.059372286 -0.194280394 -1.728423896
1750922009.399975061 -0.646944264 -0.050068169 1.228684607 0.015018062 -0.507192845 0.006204038 0.861679398 -0.060326515 -0.131239687 -1.576468593
1750922009.499974966 -0.506443457 -0.054251219 1.128330305 0.020720814 -0.452032561 0.004726081 0.891748213 -0.117904779 -0.170238049 -1.657640267
1750922009.599975109 -0.379252931 -0.056237357 1.011991845 0.020744422 -0.402513593 0.006748553 0.915154049 -0.065026752 -0.101165234 -1.441184580
1750922009.699975014 -0.277007204 -0.057664976 0.871572077 0.023792690 -0.352790813 0.006270571 0.935378656 -0.009277761 0.006250055 -1.307729627
1750922009.799974918 -0.181662992 -0.056793221 0.708137586 0.025386525 -0.294265588 0.008017933 0.955352815 -0.269941189 -0.139843144 -1.907082879
1750922009.899975061 -0.118668638 -0.045450214 0.584601851 0.021772021 -0.240673553 0.005813008 0.970344490 -0.152303979 0.053852222 -1.430525814
1750922009.999974012 -0.070304912 -0.038894498 0.452926124 0.022531204 -0.186607829 0.006182203 0.982156629 -0.182323653 -0.025546018 -1.720249510
1750922010.099973917 -0.033221011 -0.033402299 0.262843430 0.023512160 -0.124827342 0.006832403 0.991876319 -0.186009340 -0.080592763 -1.652953947
1750922010.199974060 -0.023348289 -0.035497423 0.104030462 0.020025802 -0.070951722 0.006314443 0.997258717 -0.211282283 -0.096885450 -1.648124848
1750922010.299973965 -0.034178917 -0.036076354 -0.056673086 0.015302925 -0.015945566 0.004599757 0.999745168 -0.231645195 -0.114073295 -1.683281538
1750922010.399974108 -0.066420370 -0.035842793 -0.221647387 0.011568446 0.047616377 0.003761413 0.998791622 -0.291635594 -0.016354009 -1.424448759
1750922010.499974012 -0.112799155 -0.037429124 -0.375517697 0.010746585 0.103158243 0.001057684 0.994606339 -0.241467603 -0.058507153 -1.613833152
1750922010.599973917 -0.174435156 -0.032215750 -0.527003780 0.007672352 0.156338663 -0.002545228 0.987670430 -0.171162532 -0.005730109 -1.637693614
1750922010.699974060 -0.266094235 -0.043851677 -0.687169457 0.006806812 0.215049503 -0.005479284 0.976564056 -0.200531365 -0.091544100 -1.728347382
1750922010.799973965 -0.357094857 -0.048202042 -0.817796811 0.007656330 0.265930739 -0.008298647 0.963926011 -0.220779469 -0.087992073 -1.686317002
1750922010.899974108 -0.464715359 -0.052099174 -0.940964530 0.010103175 0.317192990 -0.011904626 0.948232468 -0.200233461 -0.110753135 -1.547418380
1750922010.999974012 -0.601963066 -0.056119802 -1.066291783 0.008383801 0.373926444 -0.013634159 0.927320244 -0.174597463 -0.077082230 -1.794597279
1750922011.099972963 -0.734891264 -0.060427923 -1.163795378 0.009258821 0.423874267 -0.016410371 0.905525030 -0.163311051 -0.118632060 -1.782198259
1750922011.199973106 -0.868304125 -0.064338686 -1.237078392 0.008905984 0.473321481 -0.018993781 0.880639935 -0.325981788 -0.100118081 -1.581349739
1750922011.299973011 -1.038463222 -0.067618592 -1.313909904 0.010214089 0.529067255 -0.021650876 0.848242154 -0.129610555 -0.148095345 -1.784253650
1750922011.399972916 -1.196441488 -0.069276612 -1.365779262 0.007276894 0.575678609 -0.022749724 0.817327129 -0.123395227 -0.051755974 -1.806670333
1750922011.499973059 -1.359877989 -0.072089143 -1.400185008 0.008306003 0.620103971 -0.025234480 0.784069702 -0.108435010 -0.096996258 -1.594478797
1750922011.599972963 -1.534919022 -0.070015575 -1.416835463 0.007839917 0.668408196 -0.028561502 0.743204723 -0.132517461 -0.059436007 -1.533599658
1750922011.699973106 -1.696049975 -0.068956511 -1.411114709 0.008261679 0.709749237 -0.030631332 0.703739644 -0.148328863 -0.127378078 -1.641633370
1750922011.799973011 -1.839629478 -0.071390337 -1.388941174 0.007286730 0.747956569 -0.030307451 0.663015334 -0.120469803 0.006923964 -1.485074786
1750922011.899972916 -2.008152728 -0.075373422 -1.344243643 0.008237059 0.789252209 -0.032072575 0.613175710 -0.116429381 -0.155729162 -1.609195914
1750922011.999973059 -2.149400411 -0.073454284 -1.285443738 0.008137500 0.823429157 -0.029226923 0.566607440 -0.188270862 -0.143766442 -1.521287227
1750922012.099972010 -2.284748152 -0.073996459 -1.207146753 0.006799049 0.853272431 -0.029029312 0.520612360 -0.185599254 -0.098686376 -1.595755146
1750922012.199971914 -2.429958261 -0.077896218 -1.099935203 0.004889344 0.884468087 -0.030408825 0.465583077 -0.116792772 -0.128782443 -1.701088609
1750922012.299972057 -2.547390783 -0.076086043 -0.988442759 0.002744197 0.909027008 -0.029589352 0.415676363 -0.143750810 -0.102233272 -1.731204718
1750922012.399971962 -2.658895508 -0.075309541 -0.862029378 -0.000032361 0.930797682 -0.030187677 0.364286122 -0.174561116 -0.076402897 -1.696340763
1750922012.499972105 -2.758699773 -0.075141749 -0.712100207 -0.002651543 0.951698181 -0.030502304 0.305504748 -0.138352542 -0.056341208 -1.601243631
1750922012.599972010 -2.834262868 -0.072698194 -0.581012386 -0.004124214 0.967221420 -0.032395550 0.251825822 -0.048176766 -0.073466037 -1.515905218
1750922012.699971914 -2.891721527 -0.066891295 -0.446528470 -0.006175773 0.979799261 -0.033732807 0.197021230 -0.083495032 -0.071455499 -1.617661277
1750922012.799972057 -2.940190237 -0.069112435 -0.283394340 -0.009183567 0.990329134 -0.034744893 0.134002463 -0.059403910 -0.103829247 -1.535507873
1750922012.899971962 -2.958223239 -0.069419879 -0.140413085 -0.009996920 0.996098517 -0.035813564 0.080032456 -0.097434430 -0.087344975 -1.415489971
1750922012.999972105 -2.957795590 -0.066380446 0.017919552 -0.010948297 0.999060965 -0.033604457 0.025061184 -0.161610009 -0.016337826 -1.436968493
1750922013.099972010 -2.932618047 -0.058710126 0.195913465 -0.009293126 0.998697840 -0.033523487 -0.037315398 -0.205051623 0.044448871 -1.480899187
1750922013.199970961 -2.895379720 -0.055897841 0.339108860 -0.010453816 0.995236108 -0.034536968 -0.090570440 -0.182672643 -0.087712881 -1.564823283
1750922013.299971104 -2.842306476 -0.052823713 0.471900038 -0.009602714 0.989202424 -0.033148263 -0.142434352 -0.214997648 -0.061535835 -1.284646435
1750922013.399971008 -2.782119776 -0.049463838 0.590839123 -0.010191533 0.979283542 -0.033604801 -0.199425660 -0.160094576 -0.066395886 -1.071819402
1750922013.499970913 -2.733422072 -0.048187029 0.663180179 -0.010779370 0.967384353 -0.033250110 -0.250889916 -0.125890321 -0.035292946 -0.731184975
1750922013.599971056 -2.697074068 -0.045844765 0.706586878 -0.011226274 0.955053691 -0.033218917 -0.294351696 -0.065930749 -0.001681557 -0.427432904
1750922013.699970961 -2.666642527 -0.044027005 0.728875476 -0.012707533 0.944145423 -0.033967544 -0.327527318 -0.068307936 0.016495997 -0.153830914
1750922013.799971104 -2.644295164 -0.044692073 0.735459923 -0.013377207 0.937048429 -0.034072920 -0.347275578 -0.202079555 0.007975867 -0.082848003
1750922013.899971008 -2.636548250 -0.043182070 0.723362765 -0.014373090 0.929459507 -0.034786137 -0.366999133 -0.113020140 0.021201737 0.049222318
1750922013.999970913 -2.631702392 -0.043437950 0.696334620 -0.014430438 0.919679503 -0.035109248 -0.390830801 -0.216530915 0.022344689 0.181630382
1750922014.099971056 -2.633162861 -0.043650233 0.675639777 -0.014871565 0.911385121 -0.035134024 -0.409782380 -0.162396132 0.038728530 0.308618752
1750922014.199970007 -2.635704611 -0.042890562 0.653129641 -0.014984454 0.903576131 -0.034591235 -0.426765847 -0.180992614 0.058517366 0.305161529
1750922014.299969912 -2.640699921 -0.043242386 0.629833584 -0.015067884 0.895495793 -0.034398612 -0.443482784 -0.091005576 -0.021832605 0.000552311
1750922014.399970055 -2.648401597 -0.044612699 0.613866503 -0.014772353 0.891325032 -0.035155078 -0.451758327 -0.051684170 0.009427302 0.212554330
1750922014.499969959 -2.472016150 0.009000289 0.689020160 -0.014946062 0.891503946 -0.034939797 -0.451416150 -0.158283557 0.136339169 -0.244615160
1750922014.599970102 -2.472016150 0.009000289 0.689020160 -0.014946062 0.891503946 -0.034939797 -0.451416150 0.000000000 0.000000000 0.000000000
1750922014.699970007 -2.472016150 0.009000289 0.689020160 -0.014946062 0.891503946 -0.034939797 -0.451416150 0.000000000 0.000000000 0.000000000
1750922014.799969912 -2.472016150 0.009000289 0.689020160 -0.014946062 0.891503946 -0.034939797 -0.451416150 0.000000000 0.000000000 0.000000000
1750922014.899970055 -2.472016150 0.009000289 0.689020160 -0.014946062 0.891503946 -0.034939797 -0.451416150 0.000000000 0.000000000 0.000000000
1750922014.999969959 -2.472016150 0.009000289 0.689020160 -0.014946062 0.891503946 -0.034939797 -0.451416150 0.000000000 0.000000000 0.000000000
1750922015.099970102 -2.472016150 0.009000289 0.689020160 -0.014946062 0.891503946 -0.034939797 -0.451416150 0.000000000 0.000000000 0.000000000
1750922015.199970007 -2.472016150 0.009000289 0.689020160 -0.014946062 0.891503946 -0.034939797 -0.451416150 0.000000000 0.000000000 0.000000000
1750922015.299968958 -2.472016150 0.009000289 0.689020160 -0.014946062 0.891503946 -0.034939797 -0.451416150 0.000000000 0.000000000 0.000000000
1750922015.399969101 -2.472016150 0.009000289 0.689020160 -0.014946062 0.891503946 -0.034939797 -0.451416150 0.000000000 0.000000000 0.000000000
1750922015.499969006 -2.472016150 0.009000289 0.689020160 -0.014946062 0.891503946 -0.034939797 -0.451416150 0.000000000 0.000000000 0.000000000
