0.065342000 0.000000000 0.000000000 0.000000000 -0.000000000 -0.000000000 -0.000000000 1.000000000
0.165343000 0.000000000 0.000000000 0.000000000 -0.000000000 -0.000000000 -0.000000000 1.000000000
0.265258000 0.000000000 0.000000000 0.000000000 -0.000000000 -0.000000000 -0.000000000 1.000000000
0.365208000 0.000000000 0.000000000 0.000000000 -0.000000000 -0.000000000 -0.000000000 1.000000000
0.465196000 0.000000000 0.000000000 0.000000000 -0.000000000 -0.000000000 -0.000000000 1.000000000
0.565255000 0.000000000 0.000000000 0.000000000 -0.000000000 -0.000000000 -0.000000000 1.000000000
0.665338000 0.000000000 0.000000000 0.000000000 -0.000000000 -0.000000000 -0.000000000 1.000000000
0.765444000 0.000000000 0.000000000 0.000000000 -0.000000000 -0.000000000 -0.000000000 1.000000000
0.865505000 0.000000000 0.000000000 0.000000000 -0.000000000 -0.000000000 -0.000000000 1.000000000
0.965496000 0.000000000 0.000000000 0.000000000 -0.000000000 -0.000000000 -0.000000000 1.000000000
1.065447000 0.000000000 0.000000000 0.000000000 -0.000000000 -0.000000000 -0.000000000 1.000000000
1.165457000 0.000000000 0.000000000 0.000000000 -0.000000000 -0.000000000 -0.000000000 1.000000000
1.265385000 0.000000000 0.000000000 0.000000000 -0.000000000 -0.000000000 -0.000000000 1.000000000
1.365333000 0.000000000 0.000000000 0.000000000 -0.000000000 -0.000000000 -0.000000000 1.000000000
1.465337000 0.000000000 0.000000000 0.000000000 -0.000000000 -0.000000000 -0.000000000 1.000000000
1.565355000 0.000000000 0.000000000 0.000000000 -0.000000000 -0.000000000 -0.000000000 1.000000000
1.665394000 0.000000000 0.000000000 0.000000000 -0.000000000 -0.000000000 -0.000000000 1.000000000
1.765431000 0.000000000 0.000000000 0.000000000 -0.000000000 -0.000000000 -0.000000000 1.000000000
1.865431000 0.000000000 0.000000000 0.000000000 -0.000000000 -0.000000000 -0.000000000 1.000000000
1.965417000 0.000000000 0.000000000 0.000000000 -0.000000000 -0.000000000 -0.000000000 1.000000000
2.065379000 0.000000000 0.000000000 0.000000000 -0.000000000 -0.000000000 -0.000000000 1.000000000
2.165472000 0.000000000 0.000000000 0.000000000 -0.000000000 -0.000000000 -0.000000000 1.000000000
2.265517000 0.000000000 0.000000000 0.000000000 -0.000000000 -0.000000000 -0.000000000 1.000000000
2.365615000 0.000000000 0.000000000 0.000000000 -0.000000000 -0.000000000 -0.000000000 1.000000000
2.465688000 0.000000000 0.000000000 0.000000000 -0.000000000 -0.000000000 -0.000000000 1.000000000
2.565694000 0.000000000 0.000000000 0.000000000 -0.000000000 -0.000000000 -0.000000000 1.000000000
2.665626000 0.000000000 0.000000000 0.000000000 -0.000000000 -0.000000000 -0.000000000 1.000000000
2.765480000 0.000000000 0.000000000 0.000000000 -0.000000000 -0.000000000 -0.000000000 1.000000000
2.865305000 0.000000000 0.000000000 0.000000000 -0.000000000 -0.000000000 -0.000000000 1.000000000
2.965135000 -0.003980569 0.001100646 -0.011874496 0.000007934 -0.000755354 -0.000182742 0.999999698
3.065036000 -0.007180826 -0.001438959 -0.007252286 0.000109533 -0.000937779 0.000036822 0.999999554
3.165080000 -0.007180826 -0.001438959 -0.007252286 0.000109533 -0.000937779 0.000036822 0.999999554
3.265104000 -0.008826697 -0.002741729 -0.003905227 0.000191850 -0.000917435 -0.000260190 0.999999527
3.365186000 -0.010196392 -0.003825896 -0.001119801 0.000260355 -0.000900505 -0.000507364 0.999999432
3.465288000 -0.010196392 -0.003825896 -0.001119801 0.000260355 -0.000900505 -0.000507364 0.999999432
3.565400000 -0.010196392 -0.003825896 -0.001119801 0.000260355 -0.000900505 -0.000507364 0.999999432
3.665486000 -0.010196392 -0.003825896 -0.001119801 0.000260355 -0.000900505 -0.000507364 0.999999432
3.765567000 -0.012312752 -0.005506156 0.000965886 0.000363497 -0.001005222 -0.000355240 0.999999366
3.865595000 -0.015299674 -0.010942932 0.002255880 0.000893234 -0.001301184 0.000308825 0.999998707
3.965591000 -0.015111635 -0.010678607 0.001029112 0.000955671 -0.001228808 -0.000269730 0.999998752
4.065531000 -0.016881200 -0.010061692 0.002034514 0.000864073 -0.001377370 -0.000828994 0.999998334
4.165534000 -0.017585056 -0.006511577 0.004259618 0.000609427 -0.001240390 -0.000788166 0.999998734
4.265424000 -0.017585056 -0.006511577 0.004259618 0.000609427 -0.001240390 -0.000788166 0.999998734
4.365315000 -0.017585056 -0.006511577 0.004259618 0.000609427 -0.001240390 -0.000788166 0.999998734
4.465255000 -0.013175540 -0.007295518 0.004786039 0.000525881 -0.001120201 -0.000822345 0.999998896
4.565249000 -0.013175540 -0.007295518 0.004786039 0.000525881 -0.001120201 -0.000822345 0.999998896
4.665313000 0.002362390 -0.004393830 -0.012237584 0.000562859 -0.000938599 -0.000268363 0.999999365
4.765391000 0.004325414 -0.004027238 -0.014388306 0.000567530 -0.000915656 -0.000198374 0.999999400
4.865516000 0.004325414 -0.004027238 -0.014388306 0.000567530 -0.000915656 -0.000198374 0.999999400
4.965507000 0.004325414 -0.004027238 -0.014388306 0.000567530 -0.000915656 -0.000198374 0.999999400
5.065643000 0.004325414 -0.004027238 -0.014388306 0.000567530 -0.000915656 -0.000198374 0.999999400
5.165951000 0.004325414 -0.004027238 -0.014388306 0.000567530 -0.000915656 -0.000198374 0.999999400
5.266121000 0.004325414 -0.004027238 -0.014388306 0.000567530 -0.000915656 -0.000198374 0.999999400
5.366190000 0.004421897 -0.003886264 -0.014589671 0.000596641 -0.000996396 -0.000164386 0.999999312
5.466203000 0.007065108 -0.000681669 -0.009106144 0.000905900 -0.002407700 0.000042315 0.999996690
5.566125000 0.011751780 -0.022482251 0.038528039 0.001455805 -0.005906953 -0.000339521 0.999981436
5.666080000 0.014104838 -0.036412190 0.062156501 0.002181858 -0.014098856 -0.002249240 0.999895696
5.766098000 0.016542611 -0.033643266 0.060422088 0.002797594 -0.022422075 -0.004187810 0.999735908
5.866079000 0.013623768 -0.026175644 0.060895720 0.002783406 -0.028758864 -0.005809880 0.999565618
5.966076000 0.014956654 -0.031615829 0.059368763 0.002504208 -0.037074549 -0.008295425 0.999274933
6.066371000 0.007740699 -0.035609534 0.069372942 0.004466182 -0.044703250 -0.010605948 0.998934025
6.167130000 0.004353216 -0.049012086 0.103839326 0.007157588 -0.050773733 -0.013308034 0.998595861
6.267914000 0.007746101 -0.055600521 0.130198383 0.007769779 -0.052225455 -0.012541872 0.998526331
6.368629000 -0.000301386 -0.055902020 0.083632080 0.005307393 -0.053950863 -0.015189680 0.998413947
6.469516000 -0.011795834 -0.058418339 0.010552946 0.004179921 -0.055269956 -0.016568176 0.998325225
6.570368000 -0.009899828 -0.090324226 0.031421319 0.003559056 -0.054192458 -0.021861931 0.998284812
6.670993000 -0.014069771 -0.136368349 0.067841067 0.000978997 -0.049513647 -0.036238694 0.998115323
6.771279000 -0.013744096 -0.183066176 0.089239209 -0.002152230 -0.045898901 -0.041210604 0.998093355
6.871285000 -0.010212532 -0.217529334 0.103514627 -0.001598595 -0.046798101 -0.028611561 0.998493245
6.971115000 -0.000118576 -0.266277336 0.121357981 -0.000710060 -0.047320868 -0.018113669 0.998715238
7.070994000 0.008466466 -0.315576252 0.140827458 -0.001043492 -0.047535530 -0.015047021 0.998755662
7.171136000 0.015539588 -0.358435392 0.160984635 -0.002178236 -0.047792355 -0.012937853 0.998771124
7.271368000 0.019555608 -0.402231146 0.179275809 -0.001762391 -0.047605881 -0.013928105 0.998767531
7.371613000 0.023698960 -0.448940384 0.199158708 -0.003829145 -0.046866926 -0.014304082 0.998791381
7.471789000 0.023724687 -0.499882320 0.216930411 -0.031497228 -0.046827629 -0.013038610 0.998321137
7.571761000 0.021853964 -0.539022278 0.232986054 -0.056300630 -0.046500587 -0.013538387 0.997238510
7.671541000 0.019389206 -0.559034232 0.241979838 -0.063382433 -0.045064427 -0.018542365 0.996798899
7.771162000 0.019198935 -0.581402717 0.244803769 -0.054559130 -0.044487880 -0.018846095 0.997340942
7.870738000 0.015714616 -0.602343462 0.235204047 -0.043100708 -0.045110852 -0.015238906 0.997935427
7.970470000 0.013892923 -0.623171022 0.214560697 -0.031809775 -0.045038773 -0.012965285 0.998394485
8.070540000 0.011411461 -0.642611348 0.188275889 -0.017008273 -0.044591972 -0.012157162 0.998786503
8.170917000 -0.000652686 -0.661713116 0.139426507 -0.008263396 -0.044239126 -0.011942529 0.998915408
8.271215000 0.038819428 -0.723993165 0.172746083 -0.005106710 -0.044697454 -0.011417769 0.998922266
8.371414000 0.034729249 -0.741540836 0.156418668 -0.001063251 -0.043532082 -0.016822053 0.998909829
8.471664000 0.025358312 -0.769074425 0.126003018 0.010168884 -0.040294550 -0.028169662 0.998738911
8.571804000 0.015900825 -0.800744113 0.100468670 0.019605770 -0.037616645 -0.037933909 0.998379497
8.671731000 0.017126357 -0.822449407 0.075809231 0.019106610 -0.037176557 -0.035491812 0.998495454
8.771611000 0.024298469 -0.853607430 0.071085388 0.018979263 -0.040228310 -0.023476765 0.998734355
8.871588000 0.035322290 -0.887542356 0.073047159 0.017219226 -0.042877125 -0.015875781 0.998805792
8.971692000 0.043197457 -0.925820517 0.078580325 0.015348836 -0.044050142 -0.012318737 0.998835445
9.071848000 0.050021499 -0.967008285 0.088424357 0.009123128 -0.044708453 -0.010982637 0.998898045
9.171938000 0.056256372 -1.011256273 0.095416932 0.008894003 -0.045067988 -0.010783204 0.998886127
9.271789000 0.061225527 -1.057458923 0.110715154 0.009010955 -0.045010811 -0.011005752 0.998885230
9.371429000 0.063096298 -1.105694831 0.125992003 0.012494147 -0.044482023 -0.011863505 0.998861604
9.471095000 0.067550606 -1.157266333 0.153201878 0.014230436 -0.044681429 -0.010877849 0.998840696
9.570960000 0.068136284 -1.209344237 0.181584824 0.008249270 -0.044751801 -0.010984228 0.998903685
9.670957000 0.068712974 -1.261037571 0.212399296 0.003524431 -0.044857561 -0.010801466 0.998928779
9.770914000 0.069202569 -1.313210890 0.245337885 0.003373515 -0.044704482 -0.010658466 0.998937699
9.870697000 0.069163687 -1.365468168 0.279282395 0.000753972 -0.043173867 -0.015626072 0.998945081
9.970450000 0.067879941 -1.410409560 0.319573143 -0.001336618 -0.040590000 -0.024644201 0.998871027
10.070385000 0.069358881 -1.455590336 0.358863555 -0.006235665 -0.033759835 -0.045362402 0.998380510
10.170543000 0.074458140 -1.497953226 0.402656473 -0.010558803 -0.025237922 -0.072345604 0.997004349
10.270761000 0.095279970 -1.529631488 0.442537564 -0.012035034 -0.017883619 -0.090930938 0.995623874
10.370965000 0.137554843 -1.550039678 0.504544128 -0.012920027 -0.015994498 -0.082679465 0.996364067
10.471059000 0.180283877 -1.564192404 0.538474105 -0.010569886 -0.014849284 -0.065677081 0.997674445
10.570878000 0.238169374 -1.572006426 0.587650194 -0.009023089 -0.016600474 -0.041178280 0.998973151
10.670534000 0.300418328 -1.574434049 0.636706222 -0.009768014 -0.022011370 -0.016934503 0.999566560
10.770210000 0.362305539 -1.576681593 0.688080366 -0.009438209 -0.026132123 -0.007293718 0.999587332
10.869948000 0.419275721 -1.577903687 0.739167676 -0.009200250 -0.030401130 -0.004174408 0.999486719
10.969808000 0.475602294 -1.583165980 0.786015573 -0.009123931 -0.035211708 -0.004563746 0.999327805
11.069763000 0.525953125 -1.596314563 0.831123744 -0.008642653 -0.039682823 -0.005898621 0.999157537
11.169931000 0.574602744 -1.612550852 0.873790544 -0.008646816 -0.043491907 -0.007307041 0.998989636
11.269947000 0.623618958 -1.632989777 0.920154587 -0.008212181 -0.046471785 -0.008219165 0.998852030
11.369887000 0.668593799 -1.654910872 0.962888451 -0.008023737 -0.047199971 -0.008992413 0.998812755
11.469670000 0.711639622 -1.676094141 1.006945587 -0.008038971 -0.046612356 -0.009031226 0.998839877
11.569473000 0.752555080 -1.697960725 1.046417115 -0.008014753 -0.044671593 -0.006800780 0.998946426
11.669295000 0.791345908 -1.714428554 1.091524379 -0.011994483 -0.046129227 0.011498278 0.998797285
11.769154000 0.823283080 -1.727331799 1.142693545 -0.012722507 -0.041232723 0.012483582 0.998990571
11.869126000 0.853370825 -1.738789565 1.190369818 -0.011102452 -0.033376481 0.007641806 0.999351964
11.969080000 0.877149154 -1.747207909 1.235449397 -0.008915439 -0.024499731 0.002754766 0.999656286
12.069056000 0.898992588 -1.751523790 1.280078527 -0.008508003 -0.017020380 0.000502261 0.999818818
12.169159000 0.919644326 -1.750659126 1.330769294 -0.014883633 -0.011369498 0.001447085 0.999823543
12.269086000 0.939794867 -1.749924606 1.383325708 -0.026038976 -0.007039279 0.001462778 0.999635074
12.369185000 0.953287713 -1.745030955 1.425603297 -0.036439389 -0.005785370 0.002257273 0.999316569
12.469487000 0.969514021 -1.742535458 1.460091767 -0.025970918 -0.005647310 0.001959384 0.999644827
12.569817000 0.983646402 -1.742490920 1.489124737 -0.016985978 -0.005701930 0.001811353 0.999837829
12.670282000 0.996639960 -1.747932036 1.518600858 -0.012304191 -0.006125274 0.000882410 0.999905150
12.770842000 1.003323095 -1.754992286 1.525478248 -0.010943798 -0.006632868 0.001253583 0.999917330
12.871327000 1.016578342 -1.771914486 1.561104175 -0.011752060 -0.007832243 0.001028828 0.999899738
12.971634000 1.022346174 -1.781765054 1.570300762 -0.011281758 -0.008082327 0.001422226 0.999902683
13.071809000 1.032504476 -1.798126643 1.600093545 -0.011740191 -0.008467619 0.001612069 0.999893929
13.171960000 1.042792359 -1.815875567 1.630467461 -0.011569982 -0.010229232 0.000834540 0.999880394
13.271925000 1.048902736 -1.836253078 1.659837186 -0.011952154 -0.009791329 -0.008173993 0.999847219
13.371883000 1.064104778 -1.861830461 1.731391204 -0.011029200 -0.008763855 -0.014958883 0.999788869
13.471768000 1.075248985 -1.880066849 1.763865415 -0.009401173 -0.011430647 -0.005995730 0.999872497
13.571604000 1.084833232 -1.901381732 1.791467283 -0.009824670 -0.012153990 -0.002196696 0.999875458
13.671390000 1.087271693 -1.919434120 1.809640776 -0.008325976 -0.012382947 0.000151197 0.999888653
13.771060000 1.097918799 -1.944160904 1.849075662 -0.009083176 -0.010870841 0.001569679 0.999898423
13.870733000 1.105413919 -1.961998347 1.886613422 -0.007806052 -0.009183310 0.001796709 0.999925749
13.970369000 1.107017602 -1.985511920 1.913741295 -0.001893385 -0.007275253 0.002793774 0.999967840
14.070028000 1.109991374 -2.008547917 1.943797517 0.002478687 -0.004219547 0.002734903 0.999984286
14.169973000 1.112801115 -2.034481638 1.983932652 0.004172429 -0.001000427 0.004184052 0.999982042
14.270000000 1.113696897 -2.061444579 2.025662605 0.000190074 0.003507486 0.005706563 0.999977548
14.370138000 1.111245433 -2.081541444 2.067369082 -0.006765806 0.009128004 0.007725645 0.999905604
14.470316000 1.107033209 -2.096820815 2.111992573 -0.009098659 0.016291954 0.009108084 0.999784391
14.570361000 1.103539879 -2.110261372 2.161390597 -0.011561648 0.023227167 0.011925518 0.999592221
14.670168000 1.098050084 -2.121356585 2.206843221 -0.011821850 0.030465235 0.015158704 0.999350953
14.769977000 1.091098131 -2.131903376 2.254123152 -0.012474480 0.038614167 0.016605873 0.999038327
14.869916000 1.083703491 -2.142371670 2.302936149 -0.017386046 0.045963818 0.018852700 0.998613854
14.970099000 1.075975456 -2.153962724 2.348996176 -0.030755036 0.052036670 0.019319529 0.997984503
15.070584000 1.066947279 -2.169773377 2.390042818 -0.038946588 0.055946870 0.020001293 0.997473338
15.171197000 1.057573223 -2.186902627 2.422593014 -0.043670321 0.059768220 0.020609319 0.997043589
15.271608000 1.047345770 -2.207356675 2.447538763 -0.045908674 0.064286609 0.020269812 0.996668832
15.371633000 1.039627711 -2.227929704 2.466764883 -0.044230171 0.068654342 0.026787402 0.996299507
15.471121000 1.029956055 -2.243659262 2.473892051 -0.039119041 0.070639652 0.045435837 0.995698411
15.570258000 1.013242411 -2.256449742 2.479605891 -0.034322515 0.077212176 0.051678994 0.995082673
15.669549000 0.994101563 -2.260101624 2.485521189 -0.033913656 0.085646545 0.056863149 0.994123290
15.769314000 0.971156399 -2.259405245 2.489339822 -0.036471418 0.095256451 0.059659672 0.992993841
15.869533000 0.945061841 -2.245913417 2.490859592 -0.038035868 0.106013898 0.062829051 0.991648545
15.970106000 0.913437646 -2.229337369 2.490769187 -0.041063037 0.115167445 0.066492384 0.990267161
16.070691000 0.876494501 -2.202823913 2.493396496 -0.043499394 0.120853670 0.070715974 0.989192319
16.171177000 0.833815017 -2.179937370 2.476171491 -0.040870278 0.126561708 0.064875304 0.988990874
16.271372000 0.785860390 -2.159574791 2.458170288 -0.032245802 0.132196713 0.054207152 0.989214750
16.371544000 0.739690076 -2.143867277 2.435514203 -0.024409550 0.135903206 0.047968957 0.989259052
16.471676000 0.692269912 -2.133817813 2.408976888 -0.019823423 0.138101206 0.045407495 0.989178067
16.571591000 0.646005063 -2.126828278 2.379335556 -0.017639815 0.139921555 0.044764367 0.988992895
16.671364000 0.599698986 -2.126065554 2.349467054 -0.016344165 0.141324734 0.044121775 0.988844506
16.771007000 0.553257794 -2.128061596 2.316134640 -0.011708726 0.142507391 0.045144438 0.988694356
16.870416000 0.508669782 -2.136023924 2.286415440 -0.009617484 0.143884648 0.046928963 0.988434310
16.969794000 0.462836772 -2.147861916 2.260421564 -0.009238664 0.145447333 0.049033058 0.988107018
17.069148000 0.415361661 -2.159698922 2.237770460 -0.009654472 0.147588911 0.050615002 0.987705637
17.168755000 0.367774373 -2.171263885 2.212302203 -0.009984309 0.150170700 0.051978266 0.987242287
17.268414000 0.322428073 -2.186374408 2.187892939 -0.010443141 0.153074276 0.052341640 0.986772294
17.368390000 0.273109694 -2.202175403 2.167427186 -0.011180247 0.154741098 0.054695363 0.986376506
17.468515000 0.237570607 -2.218480304 2.177154953 -0.014637649 0.146896958 0.073068195 0.986340743
17.568853000 0.232553047 -2.223717634 2.171589649 -0.014829614 0.143352979 0.075302016 0.986691245
17.669235000 0.190212311 -2.232814230 2.121284132 -0.013853712 0.139763923 0.065797169 0.987899212
17.769574000 0.129056262 -2.243910958 2.100512779 -0.013927078 0.136800289 0.055354901 0.988952755
17.869891000 0.068079790 -2.252406605 2.079806207 -0.012678616 0.133767266 0.049550304 0.989692042
17.970157000 0.009782659 -2.254814587 2.060842428 -0.013354875 0.127742147 0.045674343 0.990665153
18.070463000 -0.054354150 -2.257252286 2.042821229 -0.011611741 0.119547120 0.035209986 0.992136034
18.170873000 -0.117610373 -2.272348426 2.019861103 -0.028755479 0.116657071 -0.000094537 0.992755882
18.271137000 -0.172251210 -2.276566915 1.997325371 -0.055525509 0.115195533 -0.043013960 0.990856552
18.371118000 -0.204817987 -2.278344305 1.967893661 -0.061890788 0.108757980 -0.060446454 0.990296652
18.470790000 -0.221649797 -2.278826517 1.941757875 -0.060012699 0.096949773 -0.056581158 0.991865813
18.570396000 -0.221425519 -2.279659595 1.910227506 -0.056976447 0.083443953 -0.047441576 0.993750516
18.670004000 -0.209579129 -2.281351414 1.873848303 -0.049447069 0.071872430 -0.033111813 0.995636956
18.769538000 -0.183188643 -2.284094783 1.826904527 -0.033531117 0.061330367 -0.008931318 0.997514151
18.869150000 -0.154940667 -2.294915336 1.775668733 -0.019483456 0.054102101 0.010000480 0.998295221
18.968958000 -0.128874557 -2.310550875 1.723715673 -0.015993041 0.050961108 0.016985893 0.998428098
19.068969000 -0.103691050 -2.327783162 1.669772157 -0.011341728 0.050408663 0.021787803 0.998426574
19.169051000 -0.084076400 -2.336006181 1.630122879 -0.011470444 0.050899400 0.022933008 0.998374558
19.269261000 -0.077854857 -2.344067594 1.595776157 -0.011337578 0.051508584 0.024011545 0.998319473
19.369589000 -0.083029857 -2.357502430 1.592645875 -0.011213408 0.053187870 0.025063095 0.998206968
19.469752000 -0.061962107 -2.360633475 1.551175480 0.001988259 0.054720310 0.025768329 0.998167184
19.569611000 -0.042607374 -2.354982493 1.513470134 0.022456883 0.055680791 0.027432851 0.997819010
19.669091000 -0.027914091 -2.346591251 1.485568692 0.033009106 0.056415867 0.027616611 0.997479309
19.768578000 -0.018010189 -2.337909338 1.467092052 0.038382287 0.058210754 0.022707717 0.997307710
19.868147000 -0.007681625 -2.332531060 1.459619494 0.035724713 0.062724694 0.006737843 0.997368517
19.967863000 0.002350707 -2.332794677 1.468862731 0.019966068 0.068803371 -0.014989419 0.997317788
20.067791000 0.017376526 -2.331265426 1.479555613 0.002918788 0.069488009 -0.015069379 0.997464692
20.168192000 0.041214224 -2.328313234 1.497704021 -0.005640180 0.067059915 -0.005550256 0.997717571
20.268860000 0.069787437 -2.328892677 1.515313852 -0.009973111 0.062589598 0.010268556 0.997936689
20.369665000 0.101814579 -2.329960336 1.532065035 -0.013148596 0.060264737 0.017895301 0.997935386
20.470333000 0.132213810 -2.334398745 1.548772450 -0.013608287 0.059709942 0.020160546 0.997919380
20.570632000 0.160261339 -2.339852314 1.565732038 -0.013377166 0.059033982 0.022796236 0.997905994
20.670779000 0.190105677 -2.350038677 1.580994718 -0.013697905 0.059024320 0.023158296 0.997893877
20.770893000 0.206447147 -2.361684857 1.606307950 -0.012068308 0.061227816 0.015353137 0.997932759
20.870837000 0.229247193 -2.373129399 1.600403137 -0.010992288 0.065743336 0.000551670 0.997775866
20.970675000 0.251175277 -2.389065886 1.618346808 -0.010979054 0.067596205 -0.004205304 0.997643488
21.070430000 0.282479902 -2.401142817 1.634738648 -0.012265430 0.064950635 0.007974995 0.997781225
21.170198000 0.312384945 -2.414820774 1.651829162 -0.010912702 0.062160522 0.017654259 0.997850344
21.269832000 0.341938573 -2.429596568 1.669800335 -0.009326075 0.060979510 0.021539255 0.997863009
21.369358000 0.369415771 -2.448163716 1.685702343 -0.009774399 0.060183614 0.022582044 0.997883984
21.468779000 0.395893639 -2.466754998 1.699746563 -0.010809682 0.059705201 0.021594404 0.997923906
21.568150000 0.422320879 -2.484241182 1.712661090 -0.009563217 0.059382323 0.022822284 0.997928569
21.667843000 0.445116906 -2.503616450 1.732333011 -0.010431871 0.058524102 0.023021362 0.997965993
21.768285000 0.467839711 -2.521766042 1.747140444 -0.009731513 0.058095305 0.023407596 0.997989137
21.869213000 0.483129331 -2.538667741 1.762883891 -0.010185356 0.057934382 0.022714600 0.998009976
21.970125000 0.502766702 -2.558020328 1.780501919 -0.011767806 0.056875080 0.021716941 0.998075708
22.070867000 0.516260330 -2.569964933 1.792151932 -0.011722676 0.056481799 0.021373556 0.998105985
22.171290000 0.550955469 -2.585045432 1.804959768 -0.011467745 0.056433648 0.021160137 0.998116217
22.271212000 0.569255204 -2.588808263 1.832443654 -0.011565265 0.056000575 0.021054694 0.998141713
22.370789000 0.584750990 -2.589205250 1.849818959 -0.011014696 0.057605943 0.014508979 0.998173192
22.470085000 0.599329008 -2.585450445 1.875939776 -0.010348093 0.060708353 0.004077557 0.998093576
22.569302000 0.616707591 -2.578595919 1.890727807 -0.009260923 0.062204014 0.000861388 0.998020117
22.668604000 0.635749864 -2.564509426 1.913048474 -0.009048237 0.059842245 0.008245699 0.998132778
22.768067000 0.656298288 -2.549895044 1.947137171 -0.006158559 0.058675810 0.011622980 0.998190427
22.867767000 0.677915536 -2.535965029 1.979444148 -0.004995156 0.057822875 0.014420870 0.998210199
22.967781000 0.698198609 -2.523903303 2.017206426 -0.006316796 0.056666458 0.017201910 0.998224977
23.068008000 0.720809192 -2.516162838 2.062274193 -0.008664332 0.056850372 0.015598265 0.998223251
23.168587000 0.741152644 -2.507474469 2.098764668 -0.008177443 0.057005980 0.015038105 0.998227080
23.269240000 0.761348784 -2.498721955 2.125103788 -0.005161640 0.057842283 0.014886998 0.998201385
23.369691000 0.786109578 -2.497520005 2.157001471 -0.007960145 0.057817909 0.015157498 0.998180332
23.469929000 0.809765107 -2.498970180 2.190031473 -0.010032724 0.057699609 0.017437152 0.998131277
23.569977000 0.830098328 -2.502934387 2.205489923 -0.009451497 0.057821164 0.017891373 0.998121877
23.669884000 0.847239376 -2.500363858 2.239828881 -0.010085483 0.057640138 0.019651506 0.998093040
23.769756000 0.868547196 -2.499878243 2.273483709 -0.010574869 0.057204637 0.020919750 0.998087254
23.869706000 0.884794776 -2.496653203 2.283100261 -0.009859580 0.056686460 0.021266160 0.998116819
23.969792000 0.881396567 -2.494801948 2.270976968 -0.008191969 0.060585256 0.003914545 0.998121733
24.070009000 0.911215400 -2.500181331 2.330739199 -0.007762184 0.061975302 0.001885043 0.998045719
24.170146000 0.934261586 -2.497554511 2.370973585 -0.008596113 0.060136221 0.008956755 0.998112979
24.270024000 0.959787253 -2.500153748 2.393173921 -0.009031703 0.060913402 0.009068554 0.998060994
24.369690000 0.956292706 -2.503545171 2.454636836 -0.008989376 0.061160295 0.015691235 0.997964125
24.469281000 0.981139328 -2.503478456 2.482575511 -0.009710105 0.064192386 0.020137818 0.997687085
24.568896000 1.008177836 -2.498302326 2.514626066 -0.007253853 0.069210603 0.022672817 0.997318012
24.668790000 1.030176283 -2.494750779 2.559419057 -0.006347579 0.074374853 0.025205761 0.996891548
24.768864000 1.052342843 -2.493147401 2.601834344 -0.006867722 0.080228876 0.026291182 0.996406009
24.869066000 1.073096429 -2.487144786 2.649608898 -0.004477050 0.084291294 0.028597746 0.996020634
24.969190000 1.092549907 -2.511784276 2.685150117 -0.004653918 0.088555057 0.028723886 0.995646163
25.069130000 1.098814407 -2.588895542 2.704924460 0.000043335 0.094644865 0.022994222 0.995245504
25.169165000 1.116760830 -2.597456871 2.756630455 -0.001449148 0.103644873 0.010096982 0.994562060
25.269221000 1.138698694 -2.602133041 2.802860322 -0.002149084 0.110892456 0.011643788 0.993761876
25.369382000 1.164017815 -2.605181589 2.851311261 -0.004390613 0.115073012 0.024688030 0.993040495
25.469698000 1.191020956 -2.610553552 2.899770087 -0.005174240 0.121948700 0.033193752 0.991967699
25.569802000 1.219769477 -2.624942780 2.945223804 -0.004502963 0.128485113 0.038365112 0.990958837
25.669703000 1.246688309 -2.635514747 2.995273613 -0.006312152 0.136146732 0.039718757 0.989872034
25.769513000 1.275155610 -2.652171014 3.037124071 -0.006802418 0.143262432 0.043320842 0.988712753
25.869272000 1.300076801 -2.665473305 3.080383486 -0.007464782 0.150745390 0.047757267 0.987390170
25.969016000 1.326342578 -2.676221889 3.136409793 -0.008045977 0.159346974 0.050999404 0.985871627
26.068870000 1.351205488 -2.681986244 3.190293855 -0.007785545 0.168465814 0.054221533 0.984184271
26.168953000 1.373727914 -2.685766774 3.245981587 -0.008011790 0.178204611 0.060857308 0.982077042
26.268935000 1.396218753 -2.690621407 3.297524778 -0.013475737 0.182238386 0.087808476 0.979232989
26.368785000 1.411951078 -2.694417255 3.345112285 -0.018791788 0.186444199 0.109240869 0.976192533
26.468584000 1.417931487 -2.701667963 3.390108923 -0.029151969 0.189854790 0.127357050 0.973080420
26.568646000 1.410928367 -2.703289998 3.425515216 -0.040563497 0.194622415 0.134214334 0.970805455
26.669111000 1.392952093 -2.694703890 3.459369030 -0.033868835 0.201456534 0.127590870 0.970561042
26.769650000 1.365308859 -2.692104863 3.477049551 -0.022842559 0.210530313 0.109824535 0.971130154
26.869925000 1.330834211 -2.684039654 3.485001192 -0.017110147 0.217173995 0.101230658 0.970718833
26.969909000 1.292274027 -2.673599110 3.491321496 -0.014070060 0.221770941 0.095431661 0.970315661
27.069508000 1.248001785 -2.665828032 3.500641463 -0.009955619 0.227945627 0.082121492 0.970153461
27.168870000 1.205445452 -2.654452797 3.511704229 -0.008187522 0.232403062 0.075409927 0.969657220
27.268083000 1.165279845 -2.645206166 3.511665128 -0.007148137 0.235481752 0.073569124 0.969063895
27.367329000 1.122107293 -2.634196100 3.520174116 -0.007277864 0.237992147 0.073112237 0.968484058
27.466795000 1.081481363 -2.630076419 3.520239964 -0.006222327 0.240211629 0.073302265 0.967928940
27.566623000 1.039849891 -2.630596421 3.517338779 -0.005921828 0.243231057 0.075007646 0.967045727
27.666744000 0.999346194 -2.633370819 3.520389756 -0.007642077 0.246234107 0.076296881 0.966172422
27.767213000 0.956108043 -2.637537568 3.524313310 -0.013556851 0.249354161 0.075697389 0.965354142
27.867856000 0.912949841 -2.643850115 3.534127843 -0.017456979 0.251706287 0.075959175 0.964660253
27.968290000 0.870888156 -2.656729472 3.542798254 -0.022433385 0.254423808 0.075854833 0.963852330
28.068615000 0.831188229 -2.669806358 3.546200339 -0.024400302 0.255734518 0.076310379 0.963421615
28.168965000 0.794232488 -2.689071110 3.543045338 -0.025714828 0.256863079 0.075880843 0.963121075
28.269175000 0.758632030 -2.711467531 3.530318057 -0.027961522 0.257706575 0.075703429 0.962847062
28.369304000 0.726061644 -2.740592967 3.514589234 -0.028663628 0.258473463 0.075660096 0.962624234
28.469326000 0.694274866 -2.770245265 3.502763723 -0.032395673 0.259197775 0.074774345 0.962380294
28.569343000 0.663393734 -2.800043215 3.486379689 -0.036817585 0.259826121 0.073217044 0.962171563
28.669172000 0.635159990 -2.831217751 3.463556879 -0.038593289 0.260433583 0.073005190 0.961953819
28.768920000 0.607973399 -2.866231398 3.435306921 -0.044373973 0.261167517 0.071320876 0.961631848
28.868707000 0.586064875 -2.897303098 3.403193027 -0.055413478 0.261986244 0.068319905 0.961054080
28.968623000 0.570401729 -2.919128254 3.366048480 -0.060755608 0.262639059 0.066765412 0.960662199
29.068623000 0.559251012 -2.932366833 3.324056934 -0.064231352 0.263182040 0.066936726 0.960275493
29.168691000 0.551420132 -2.929146143 3.278554700 -0.066507015 0.263871248 0.067533767 0.959889562
29.268514000 0.547106213 -2.921107385 3.224628850 -0.063949152 0.264550822 0.068847261 0.959783008
29.368196000 0.549499738 -2.900463625 3.162018639 -0.060357135 0.265436486 0.069326332 0.959736603
29.467846000 0.553768355 -2.871483261 3.098270381 -0.058059965 0.265594282 0.069086593 0.959851947
29.567521000 0.564161231 -2.840498785 3.023010678 -0.051967274 0.265039088 0.069236409 0.960343691
29.667203000 0.580825014 -2.808680231 2.944551939 -0.037916435 0.262971296 0.072981529 0.961291911
29.767099000 0.597142303 -2.780483182 2.862154124 -0.028363605 0.260342647 0.076163491 0.962089567
29.867306000 0.616598642 -2.753881436 2.773777787 -0.013340602 0.257180254 0.081567234 0.962822482
29.967630000 0.631729249 -2.725860236 2.684586863 -0.001832550 0.255294013 0.085656307 0.963060022
30.068092000 0.647088435 -2.700267911 2.596092388 0.020371400 0.256496589 0.093556303 0.961790894
30.168721000 0.655307903 -2.674267730 2.514914738 0.029280697 0.260995090 0.098395219 0.959865920
30.269151000 0.656930055 -2.650251289 2.441000723 0.028678787 0.267841725 0.100835729 0.957742394
30.369377000 0.647670379 -2.632685999 2.379793005 0.011567750 0.276876141 0.098947281 0.955727590
30.469662000 0.636829291 -2.602763007 2.326845726 0.000420587 0.286278556 0.096787482 0.953245296
30.569919000 0.624313475 -2.569691970 2.258810784 -0.003972438 0.294833285 0.096064889 0.950699264
30.669974000 0.612988446 -2.540228890 2.201334490 -0.005289120 0.301692424 0.095866760 0.948558523
30.769957000 0.598672199 -2.507049808 2.148098441 -0.003473803 0.306665683 0.096649773 0.946891183
30.869739000 0.578016190 -2.476534693 2.094918887 -0.004986806 0.310262290 0.096269083 0.945750869
30.969155000 0.553664972 -2.441095325 2.046670875 0.005059723 0.318152754 0.076971535 0.944896083
31.068472000 0.534220406 -2.406509681 2.001606601 0.009894631 0.325462792 0.058660207 0.943681645
31.167992000 0.528060137 -2.381618637 1.961169436 0.010115283 0.329411377 0.051782672 0.942711186
31.267552000 0.525751205 -2.353298111 1.928543842 0.006383457 0.330035156 0.058396080 0.942139026
31.367457000 0.523224240 -2.330465536 1.905391982 0.002442915 0.329656915 0.066880240 0.941725748
31.467541000 0.530836228 -2.312325166 1.879677397 0.001880972 0.329437368 0.072763378 0.941367608
31.567618000 0.540680924 -2.291666988 1.858288605 -0.003793248 0.326736793 0.087488267 0.941049671
31.667712000 0.548855343 -2.279650617 1.836323027 -0.005955621 0.324990253 0.095931031 0.940820442
31.767770000 0.552301220 -2.268778944 1.817868702 -0.006347667 0.324433897 0.099554001 0.940633486
31.867767000 0.548523709 -2.265211120 1.815479075 -0.006553911 0.324733482 0.100302243 0.940449186
31.967730000 0.562913007 -2.269254830 1.783931232 -0.005284848 0.325082630 0.101555763 0.940201989
32.067807000 0.568146299 -2.264507210 1.761986345 -0.006141138 0.325855775 0.102232991 0.939855689
32.168221000 0.573442467 -2.269166716 1.731941805 -0.006065480 0.327253112 0.102140303 0.939380630
32.268576000 0.569093790 -2.266955820 1.707632030 -0.005934592 0.329189174 0.102103046 0.938708813
32.368833000 0.570009021 -2.258870589 1.686388518 -0.006271785 0.331107861 0.102554290 0.937982338
32.469000000 0.565239106 -2.248569508 1.673646271 -0.006405801 0.332957504 0.103313612 0.937243066
32.569043000 0.531044297 -2.236297580 1.667494792 -0.006275529 0.333889983 0.103639258 0.936876193
32.668927000 0.519520763 -2.218454603 1.641907628 -0.006129840 0.335594064 0.104199532 0.936205911
32.768715000 0.521231169 -2.191687426 1.619703750 -0.006140449 0.337135115 0.104114531 0.935661463
32.868423000 0.497948713 -2.164706947 1.622184000 -0.005576788 0.338739086 0.103963450 0.935102311
32.968084000 0.488419776 -2.136424483 1.606796277 -0.004723261 0.340475189 0.104596707 0.934405621
33.067729000 0.479800111 -2.113518080 1.589939879 -0.004660318 0.342199584 0.104152915 0.933825410
33.167481000 0.468789680 -2.094620962 1.569594749 -0.002560168 0.344560663 0.099750427 0.933445900
33.267161000 0.456754337 -2.088193252 1.552465039 0.007135702 0.352832585 0.074380073 0.932698158
33.367107000 0.443951788 -2.083788489 1.545870019 0.010382479 0.355721306 0.067822446 0.932070101
33.467447000 0.445971038 -2.082320613 1.534599795 0.004966217 0.353973283 0.079095031 0.931891747
33.568183000 0.452595044 -2.086468107 1.525226794 -0.000415750 0.348373405 0.094347589 0.932595481
33.669031000 0.455790362 -2.093735459 1.522544476 -0.004443430 0.342720456 0.099214598 0.934173115
33.769642000 0.459609910 -2.109353684 1.513755058 -0.004593502 0.334416364 0.100095610 0.937083488
33.869905000 0.460882924 -2.128539896 1.509348320 -0.004573129 0.324874461 0.098597352 0.940592491
33.969887000 0.461671246 -2.148731654 1.501812707 -0.006676762 0.315597668 0.094095276 0.944192571
34.069727000 0.460553101 -2.173226102 1.494504175 -0.002980896 0.307505898 0.084388648 0.947792062
34.169705000 0.459847074 -2.198575657 1.485286054 -0.003668106 0.298997916 0.087264422 0.950248237
34.269558000 0.456394603 -2.230185038 1.470299047 -0.003146825 0.295310499 0.089149323 0.951227736
34.369427000 0.455443131 -2.259898693 1.456910161 -0.002313283 0.296618830 0.090815908 0.950665235
34.469393000 0.454587544 -2.294833976 1.443064962 -0.002174297 0.299152735 0.092285267 0.949729616
34.569429000 0.500486986 -2.325338925 1.410369931 -0.003174081 0.300559124 0.092916359 0.949221096
34.669642000 0.491093639 -2.357844953 1.407817642 -0.003391996 0.296825100 0.092497178 0.950435493
34.770137000 0.485162296 -2.382231708 1.403044385 -0.002559300 0.287788108 0.088636283 0.953580130
34.870609000 0.480940013 -2.405030442 1.399069520 -0.001556504 0.276170213 0.083190727 0.957500336
34.970743000 0.473104610 -2.417440139 1.397745068 -0.001167312 0.264831959 0.077182774 0.961200026
35.070408000 0.463949674 -2.420465789 1.403050755 -0.000480699 0.255436872 0.069701274 0.964309860
35.169890000 0.453235015 -2.421483043 1.407147308 0.001811491 0.249410452 0.061996177 0.966409654
35.269209000 0.436668879 -2.429091015 1.475315134 0.004915597 0.248846726 0.047903823 0.967345010
35.368555000 0.444880198 -2.428452078 1.486999207 0.009481869 0.251887862 0.029076642 0.967273047
35.468107000 0.460153579 -2.423356158 1.473384828 0.006294541 0.249035081 0.039324451 0.967675304
35.567968000 0.554118619 -2.425432779 1.436903348 0.004868344 0.246869798 0.049193272 0.967786972
35.668092000 0.569020941 -2.426668420 1.459338422 -0.000157443 0.243940112 0.064753205 0.967626074
35.768417000 0.588507904 -2.430716891 1.476306155 -0.003429704 0.244059501 0.071367520 0.967124539
35.868847000 0.631970593 -2.445328352 1.469260128 -0.003718956 0.244741407 0.075117487 0.966667045
35.969174000 0.617935693 -2.442409176 1.402549697 -0.004471786 0.245739183 0.075494977 0.966381274
36.069346000 0.656445998 -2.449451568 1.380254083 -0.004098316 0.245770341 0.076927842 0.966261999
36.169436000 0.670503053 -2.451066380 1.407321879 -0.005460105 0.246238486 0.077971414 0.966052407
36.269308000 0.686025156 -2.462210015 1.420562079 -0.009312205 0.246818313 0.076820199 0.965967215
36.369135000 0.691657458 -2.469129199 1.439812317 -0.014382458 0.247246798 0.074825655 0.965952011
36.468894000 0.690474319 -2.470890113 1.453284120 -0.014521496 0.246827158 0.074458090 0.966085645
36.568664000 0.693248517 -2.474798378 1.471110506 -0.010218917 0.247219212 0.074092699 0.966068583
36.668504000 0.693267931 -2.472311222 1.487450146 -0.007856666 0.250303473 0.061904605 0.966154369
36.768525000 0.704183255 -2.469056985 1.502264680 -0.008066529 0.249738707 0.063824137 0.966173892
36.868618000 0.701820766 -2.460440669 1.519181467 -0.008022188 0.250514718 0.060691691 0.966175211
36.968734000 0.704222206 -2.449925879 1.539563174 -0.008073336 0.251466622 0.058510780 0.966062031
37.069014000 0.704588408 -2.443361582 1.560710064 -0.008752002 0.252903272 0.054426821 0.965919799
37.169402000 0.715013881 -2.432714301 1.575331060 -0.009358075 0.252173982 0.059133633 0.965828102
37.269504000 0.731962262 -2.415773202 1.597802787 -0.007932747 0.252128482 0.066632061 0.965364423
37.369410000 0.746906973 -2.398050385 1.620189605 -0.006184193 0.252316060 0.073059739 0.964863014
37.469219000 0.767511735 -2.385943886 1.638262279 -0.004513899 0.253530922 0.076681530 0.964272596
37.569116000 0.784547255 -2.376516363 1.655962008 -0.003412079 0.255021460 0.077965219 0.963781011
37.669107000 0.796254396 -2.374217273 1.675401588 -0.001789282 0.255623780 0.080189958 0.963443227
37.769078000 0.809434812 -2.373917386 1.688559522 -0.003985212 0.254295692 0.087649094 0.963138337
37.868994000 0.823363978 -2.375725069 1.697653000 -0.011798854 0.250328140 0.103633146 0.962526249
37.968835000 0.829171345 -2.381496364 1.704581894 -0.034313518 0.245094717 0.125896544 0.960677481
38.068515000 0.826511365 -2.385372679 1.701854663 -0.048232093 0.243814044 0.131076917 0.959712050
38.168410000 0.820279975 -2.386092566 1.699830729 -0.047662740 0.243252105 0.132536149 0.959682680
38.268396000 0.794717144 -2.379069864 1.682124412 -0.038520617 0.244459842 0.128565745 0.960326193
38.368545000 0.768777766 -2.363898352 1.649577667 -0.020151729 0.248728292 0.115009696 0.961509706
38.468802000 0.734472905 -2.339193841 1.615523791 -0.007223257 0.255021759 0.095454561 0.962185093
38.569000000 0.697050824 -2.307987344 1.583488252 -0.001884098 0.258849336 0.084712149 0.962194015
38.669053000 0.657749576 -2.276727762 1.552342060 0.001112854 0.261050817 0.079468264 0.962047830
38.769072000 0.619755682 -2.245255755 1.519711515 0.002463943 0.262960209 0.077098113 0.961718118
38.869243000 0.583018058 -2.216169270 1.491744098 0.001604150 0.263515938 0.075707426 0.961678305
38.969533000 0.549279167 -2.192868783 1.458632360 0.001324707 0.263762409 0.075126610 0.961656711
39.069870000 0.514492032 -2.168699226 1.428998869 0.000488203 0.263756293 0.075703017 0.961613973
39.170161000 0.481526819 -2.144550494 1.403758934 0.001209800 0.263960420 0.076058438 0.961529275
39.270186000 0.445419064 -2.123185988 1.376789913 0.001530499 0.264298791 0.076929991 0.961366519
39.369907000 0.407853258 -2.104793723 1.353514934 0.001580602 0.265526160 0.077333894 0.960995749
39.469455000 0.373448696 -2.085393635 1.328967750 0.001716763 0.267121144 0.078809578 0.960433443
39.569145000 0.337575148 -2.066134908 1.301784866 0.001921474 0.267944990 0.080664771 0.960049470
39.669007000 0.300309991 -2.051780747 1.274860742 0.001163638 0.269346258 0.079950782 0.959718246
39.769062000 0.262352236 -2.037162332 1.256597428 0.000055256 0.270667836 0.079506633 0.959383977
39.869220000 0.224707406 -2.025434627 1.236256848 0.000442445 0.271653275 0.079953144 0.959068192
39.969248000 0.183929029 -2.010849643 1.217166803 0.000853960 0.272546523 0.080010907 0.958809636
40.069114000 0.145145057 -1.998701985 1.197722949 0.000752012 0.273619068 0.079824828 0.958519711
40.168961000 0.108164350 -1.986904782 1.177163094 0.001467772 0.275152797 0.080224659 0.958046339
40.268704000 0.065100928 -1.979491586 1.158173204 0.002306538 0.277743280 0.074558171 0.957754890
40.368551000 0.031553921 -1.975313446 1.133149538 0.009358017 0.285813175 0.048568372 0.957008030
40.468486000 0.003538381 -1.967829625 1.112370612 0.005170481 0.282680253 0.066435197 0.956896810
40.568502000 -0.024240455 -1.962477331 1.094447482 0.001864136 0.280798450 0.075809331 0.956766273
40.668550000 -0.055362116 -1.960482681 1.078509595 0.000689680 0.279901989 0.080347918 0.956660135
40.768359000 -0.085847299 -1.959814571 1.064468017 0.000196902 0.279946850 0.081283675 0.956568182
40.867924000 -0.116607856 -1.960550515 1.051733697 -0.000010145 0.280197028 0.081741532 0.956455931
40.967491000 -0.148906092 -1.962766954 1.038437927 0.001591410 0.280905098 0.081850696 0.956237553
41.067410000 -0.180471342 -1.963033178 1.029947359 0.002383529 0.281636467 0.081668779 0.956036312
41.167816000 -0.213531136 -1.962013949 1.023904529 0.001856408 0.282721537 0.082469008 0.955648444
41.268381000 -0.246081324 -1.958717335 1.015005688 0.001481504 0.283949035 0.083162711 0.955224955
41.368906000 -0.276885906 -1.956416191 1.005270153 0.001035314 0.285127051 0.083355244 0.954857789
41.469271000 -0.313596581 -1.952222229 1.004564530 0.000998281 0.286062005 0.083670999 0.954550521
41.569255000 -0.346588113 -1.947123560 0.998815283 -0.000249544 0.286711939 0.083872614 0.954338298
41.668988000 -0.378504129 -1.940020518 0.991045007 0.001286619 0.287389164 0.084087386 0.954114838
41.768679000 -0.408692196 -1.928435245 0.991742714 0.001356162 0.288283178 0.084804991 0.953781465
41.868582000 -0.441592059 -1.921079084 0.985002464 0.001932964 0.289229377 0.085982806 0.953388477
41.968628000 -0.476758652 -1.908763290 0.982875137 0.001961040 0.290154430 0.086411396 0.953068535
42.068741000 -0.516391226 -1.900615611 0.990828701 -0.001251482 0.291344475 0.086586316 0.952690737
42.168814000 -0.575582529 -1.892253653 1.023202530 -0.007937720 0.293560013 0.083215111 0.952278718
42.268615000 -0.622270268 -1.878347328 1.036476776 -0.024311719 0.295787421 0.078526279 0.951710232
42.368230000 -0.699784417 -1.852065200 1.119769625 -0.029755677 0.295321273 0.076549298 0.951861413
42.467741000 -0.731675095 -1.823975352 1.127934856 -0.020179661 0.293540759 0.079519363 0.952419695
42.567349000 -0.767148954 -1.796144892 1.131097989 -0.007330099 0.290614324 0.083198995 0.953188078
42.667217000 -0.817258518 -1.779525574 1.154422255 -0.000607513 0.288962720 0.084771106 0.953579591
42.767276000 -0.837637644 -1.761804187 1.137683555 -0.006698272 0.289454799 0.081957217 0.953653012
42.867435000 -0.877338216 -1.740520391 1.156663924 -0.000861602 0.287279383 0.082537619 0.954283687
42.967615000 -0.900598888 -1.735239426 1.174507690 0.000204715 0.286173815 0.083046846 0.954572013
43.067827000 -0.931449695 -1.705846211 1.168473700 0.003487682 0.283846849 0.083238139 0.955243537
43.168210000 -0.961406030 -1.678314085 1.157752516 0.004186797 0.282269186 0.083120330 0.955718362
43.268481000 -0.990033471 -1.657599436 1.143703051 0.001384924 0.281319012 0.082212989 0.956085101
43.368792000 -1.019165023 -1.637056733 1.126333567 0.000770918 0.283191158 0.071504957 0.956393860
43.469166000 -1.048800582 -1.619890087 1.121068330 0.014185108 0.288974938 0.045408559 0.956153926
43.569629000 -1.067825533 -1.599551596 1.111466406 0.009027555 0.282921985 0.063698818 0.956982818
43.669984000 -1.087870870 -1.581188586 1.112110607 0.006258199 0.277886458 0.073599888 0.957769809
43.770133000 -1.102926861 -1.567420241 1.102225887 0.004937194 0.274586093 0.077775210 0.958399248
43.870173000 -1.116723344 -1.563405880 1.094738795 -0.005566215 0.273875798 0.074935800 0.958825162
43.970168000 -1.137271547 -1.558476960 1.091870500 -0.041658449 0.275796082 0.067141027 0.957963035
44.070006000 -1.150878656 -1.550011408 1.079432040 -0.052082320 0.277343034 0.063103723 0.957280624
44.169821000 -1.165484592 -1.519108778 1.094970797 -0.052785501 0.278335877 0.064787670 0.956841360
44.269546000 -1.164636490 -1.500592130 1.058884124 -0.036474101 0.278993450 0.068655630 0.957140898
44.369396000 -1.159344236 -1.480993441 1.021073738 -0.013266943 0.279139459 0.073880476 0.957312293
44.469167000 -1.150652876 -1.468316513 0.980726063 0.001991050 0.277798459 0.071411754 0.957979339
44.568919000 -1.144376078 -1.453759257 0.945719300 0.006236492 0.272681247 0.077043022 0.958994482
44.668788000 -1.138686198 -1.442536371 0.913276554 0.008493195 0.266518449 0.078895621 0.960557787
44.768813000 -1.136950168 -1.433797116 0.880595844 0.008257550 0.259759393 0.077716260 0.962505612
44.868986000 -1.133541366 -1.430896055 0.849808456 0.008508567 0.252061173 0.076124345 0.964674999
44.969189000 -1.129250770 -1.426092095 0.814004868 0.009033789 0.243585074 0.073363320 0.967058698
45.069266000 -1.127664473 -1.427235697 0.783098471 0.008920576 0.232955119 0.070689022 0.969873908
45.169179000 -1.126233549 -1.428038318 0.749907121 0.008088733 0.221057923 0.066217080 0.972976498
45.268828000 -1.126782251 -1.429175656 0.722692619 0.008351617 0.209944320 0.063534697 0.975611078
45.368506000 -1.128890075 -1.432477272 0.695635281 0.008059139 0.201003904 0.059898853 0.977724199
45.468131000 -1.133038157 -1.437949134 0.673261137 0.008570171 0.194929738 0.055467403 0.979210047
45.567776000 -1.137015666 -1.439753676 0.654302992 0.009832138 0.190830989 0.049865803 0.980306209
45.667448000 -1.140100013 -1.431614264 0.638003631 0.009282523 0.189019000 0.040152243 0.981108276
45.766920000 -1.141713251 -1.413524859 0.631390325 0.012616619 0.186642839 0.028740253 0.981926305
45.866278000 -1.137515082 -1.388833199 0.620851879 0.014641226 0.182232139 0.019883941 0.982945426
45.965682000 -1.127243181 -1.361776533 0.613791661 0.014671544 0.177504798 0.013393317 0.983919413
46.065404000 -1.113720057 -1.326859356 0.620654889 0.015550265 0.171696953 0.008416065 0.984991125
46.165512000 -1.095645896 -1.292093953 0.638868093 0.015622111 0.166210888 0.001192823 0.985965754
46.265836000 -1.062965400 -1.259252259 0.650233262 0.014962923 0.159912275 -0.001449439 0.987016755
46.366343000 -1.019706950 -1.225133315 0.663839261 0.010187950 0.148229654 0.016147083 0.988768652
46.467036000 -0.976211875 -1.191545915 0.684714295 0.006987567 0.138388516 0.030200075 0.989892796
46.567884000 -0.931839563 -1.158751100 0.699986871 0.005200175 0.131779064 0.035933383 0.990613965
46.668621000 -0.887837171 -1.127887807 0.716223334 0.004662249 0.128360338 0.037701856 0.990999726
46.769288000 -0.847752459 -1.097093810 0.737330778 0.004568495 0.125257964 0.038764115 0.991356099
46.869895000 -0.804202939 -1.067924671 0.754944435 0.004712544 0.122066401 0.037948114 0.991785020
46.970326000 -0.764281725 -1.039665266 0.771288942 0.004400394 0.117992599 0.036157235 0.992346229
47.070459000 -0.728305437 -1.015286155 0.788800552 0.004595546 0.113585359 0.035134973 0.992896158
47.170429000 -0.696155646 -0.993996265 0.805066401 0.004155330 0.108899025 0.034313975 0.993451703
47.270158000 -0.661661300 -0.982945600 0.819326154 0.003003965 0.105454401 0.033405891 0.993858336
47.369747000 -0.625885116 -0.976318124 0.831684582 -0.023554601 0.104695801 0.029478678 0.993788196
47.469505000 -0.594981644 -0.966189982 0.849701581 -0.042722748 0.104146644 0.026157615 0.993299563
47.569471000 -0.559699238 -0.953351988 0.840318548 -0.044484411 0.103177703 0.025116495 0.993350220
47.669603000 -0.525540575 -0.940874585 0.833383139 -0.042518203 0.102575394 0.025146026 0.993497946
47.769783000 -0.489611610 -0.925723602 0.815107063 -0.035039796 0.101560295 0.026042822 0.993870963
47.870032000 -0.451664072 -0.907413543 0.791491408 -0.017423571 0.100402651 0.028878334 0.994375064
47.970032000 -0.412548242 -0.893684016 0.760921855 -0.004719446 0.100262602 0.030462137 0.994483381
48.069910000 -0.376006908 -0.881755303 0.731529398 0.000002300 0.100470941 0.031486906 0.994441635
48.169874000 -0.341187717 -0.871031889 0.709278928 0.001737448 0.100757611 0.032853565 0.994366898
48.269804000 -0.306702284 -0.859123900 0.683293599 0.003628487 0.101658376 0.032384644 0.994285494
48.369722000 -0.270849685 -0.847722310 0.657120307 0.004937989 0.102952012 0.032142435 0.994154597
48.469566000 -0.238283636 -0.833146933 0.630419393 0.004363913 0.103489235 0.032965297 0.994074556
48.569487000 -0.207256995 -0.811620523 0.611586968 0.003536452 0.104443135 0.033187534 0.993970680
48.669436000 -0.176178249 -0.797960882 0.586463941 0.001917482 0.103975490 0.034177096 0.993990617
48.769342000 -0.142360598 -0.778161629 0.568012628 0.000946203 0.103633176 0.034664005 0.994010904
48.869187000 -0.118653139 -0.759637696 0.561780357 -0.001326505 0.101355499 0.037659856 0.994136328
48.969029000 -0.090565209 -0.739632984 0.551798830 -0.012768759 0.095484349 0.047895173 0.994196032
49.068816000 -0.070640684 -0.724751049 0.545197667 -0.024283497 0.089977204 0.052126739 0.994282262
49.168604000 -0.053187534 -0.709515291 0.525036504 -0.026973861 0.085005845 0.049259372 0.994796427
49.268411000 -0.042678233 -0.694737516 0.505600652 -0.016549854 0.082757765 0.036907995 0.995748490
49.368362000 -0.032218663 -0.683060441 0.473952271 -0.007853685 0.078743436 0.028636427 0.996452581
49.468347000 -0.027166184 -0.671217139 0.459736842 -0.004533247 0.073755144 0.023557563 0.996987798
49.568317000 -0.019799747 -0.658742685 0.434586461 -0.002906157 0.068134892 0.020098107 0.997469427
49.668297000 -0.009714458 -0.647325127 0.408226618 -0.002572036 0.063868918 0.016155392 0.997824208
49.768135000 0.007018504 -0.632728378 0.367365200 -0.002318211 0.059161399 0.014974463 0.998133418
49.867884000 0.030202711 -0.614245234 0.311828462 -0.002432987 0.054578200 0.013205159 0.998419213
49.967717000 0.052428851 -0.599622055 0.264075785 -0.001127984 0.050133316 0.012476730 0.998663962
50.067763000 0.067401920 -0.589463389 0.233736160 -0.001270625 0.047015153 0.012079171 0.998820331
50.167982000 0.082994140 -0.582210771 0.206007748 0.001426461 0.043356794 0.011370271 0.998993929
50.268112000 0.093682797 -0.580293045 0.194362721 0.000356467 0.041651174 0.010125506 0.999080841
50.368185000 0.110161095 -0.573213448 0.168423645 -0.001501465 0.040127025 0.010430173 0.999139019
50.468238000 0.119814609 -0.568201785 0.163574334 -0.007980576 0.039264148 0.010699324 0.999139711
50.568256000 0.151469001 -0.550854883 0.116633275 -0.012841017 0.038536736 0.011134563 0.999112631
50.668190000 0.270697892 -0.496528244 -0.076483936 -0.013845209 0.038226894 0.009674816 0.999126325
50.768079000 0.283132918 -0.473661306 -0.095579778 -0.014098798 0.036872858 0.010615212 0.999164117
50.867877000 0.297425636 -0.444864867 -0.109319884 -0.014343637 0.034388211 0.012045956 0.999233009
50.967612000 0.310285333 -0.413509948 -0.111390497 -0.015116383 0.028612085 0.018885579 0.999297843
51.067357000 0.322504790 -0.375777548 -0.119577919 -0.022040677 0.022529021 0.025280092 0.999183451
51.167310000 0.331324712 -0.335862296 -0.130543711 -0.020179056 0.016731955 0.027303384 0.999283430
51.267401000 0.336745621 -0.297074578 -0.145437051 -0.017257162 0.012459716 0.020184624 0.999569671
51.367681000 0.340138136 -0.255810471 -0.165441183 -0.005060241 0.009553631 0.007579483 0.999912833
51.467974000 0.342405422 -0.215950358 -0.182878748 -0.000481712 0.005388258 0.001937684 0.999983490
51.568194000 0.342350461 -0.175672045 -0.198669827 -0.001016479 0.000686688 -0.000000210 0.999999248
51.668372000 0.350541683 -0.141355069 -0.211578197 -0.001875622 -0.002169580 0.005387866 0.999981373
51.768346000 0.358758037 -0.100299557 -0.233865623 -0.002901037 -0.009423878 0.019424266 0.999762708
51.868299000 0.358703111 -0.063351506 -0.250414984 0.000345452 -0.012917352 0.010273474 0.999863730
51.968178000 0.355507848 -0.027363770 -0.267864762 0.001512971 -0.014899245 -0.000473581 0.999887743
52.068025000 0.352528743 0.007437554 -0.285038027 0.006054108 -0.020586344 -0.003144159 0.999764805
52.168102000 0.349280061 0.025955919 -0.302477847 0.002223718 -0.026036807 0.002617077 0.999655086
52.268194000 0.347561111 0.041830681 -0.314125093 -0.012850947 -0.035847768 0.015704276 0.999151223
52.368471000 0.331975986 0.055034302 -0.352788843 -0.007047941 -0.036122456 -0.001282722 0.999321695
52.468778000 0.316838590 0.059878706 -0.383281119 -0.001155430 -0.037426062 -0.002003623 0.999296723
52.568812000 0.286021243 0.068164350 -0.435614234 0.001069210 -0.037698543 -0.005464796 0.999273643
52.668737000 0.265202389 0.052375985 -0.422625671 0.001985007 -0.038033511 -0.007812537 0.999243952
52.768639000 0.260576953 0.039695778 -0.412453924 0.003144511 -0.037603016 -0.013664950 0.999194373
52.868694000 0.240379392 0.033896344 -0.424753598 -0.000286238 -0.024166507 -0.067320155 0.997438667
52.968728000 0.237993613 0.039366690 -0.424422813 0.000195594 -0.027823660 -0.049098494 0.998406302
53.068629000 0.240891884 0.049978685 -0.422617978 0.000668830 -0.033103512 -0.026011365 0.999113166
53.168697000 0.248540357 0.056111775 -0.426590606 0.000839249 -0.034165509 -0.019331243 0.999228861
53.268685000 0.250035306 0.055869664 -0.426289376 0.001400602 -0.034983123 -0.017844836 0.999227592
53.368638000 0.254525321 0.051792782 -0.414231646 0.001611251 -0.034919465 -0.016541060 0.999251934
53.468580000 0.252830307 0.020642501 -0.297275613 0.002246525 -0.035995185 -0.013544625 0.999257646
53.568413000 0.262040611 0.023399838 -0.298349301 -0.000154012 -0.038997417 -0.004293507 0.999230075
53.668323000 0.270566370 0.021308666 -0.285850613 0.001260403 -0.039058130 -0.012487972 0.999158108
53.768239000 0.277541873 0.028473481 -0.258677050 0.001294260 -0.040026575 -0.021789392 0.998960170
53.868016000 0.282883192 0.033920786 -0.232545376 0.000459303 -0.042819916 -0.022973336 0.998818537
53.967777000 0.282180505 0.070951325 -0.254771878 -0.000144820 -0.044802083 -0.016131139 0.998865626
54.067678000 0.280110484 0.096713016 -0.244579804 0.003620390 -0.041843509 -0.018446444 0.998947317
54.167824000 0.277515995 0.102403622 -0.236659605 0.006537896 -0.040065876 -0.022612503 0.998919745
54.268077000 0.282426044 0.076286186 -0.206518688 0.006308253 -0.041168315 -0.028048195 0.998738542
54.368587000 0.284901628 0.070796587 -0.180275858 0.005348513 -0.038529912 -0.027276814 0.998870770
54.469023000 0.287636848 0.068884286 -0.164633082 0.006156779 -0.030772900 -0.019067019 0.999325558
54.569235000 0.281556353 0.092330699 -0.181243324 0.008473783 -0.017294937 -0.016841138 0.999672675
54.668973000 0.283241555 0.105610712 -0.172943668 0.007402337 -0.017879458 -0.016919584 0.999669574
54.769583000 0.243041394 0.149234886 -0.275716056 0.007539068 -0.016897537 -0.016937492 0.999685329
54.869942000 0.226134603 0.188728924 -0.250709618 0.007775937 -0.016926240 -0.016729602 0.999686530
54.969943000 0.217739936 0.205975743 -0.287001332 0.007912636 -0.017127200 -0.016759740 0.999681529
55.069491000 0.208200245 0.216521188 -0.317741072 0.008167639 -0.016761148 -0.016527412 0.999689551
55.168727000 0.220582193 0.212162789 -0.284834869 0.007702940 -0.016998687 -0.016337605 0.999692349
55.267736000 0.208014692 0.217652721 -0.310999771 0.007733846 -0.017101710 -0.016351531 0.999690125
55.366791000 0.208014692 0.217652721 -0.310999771 0.007733846 -0.017101710 -0.016351531 0.999690125
55.466039000 0.208014692 0.217652721 -0.310999771 0.007733846 -0.017101710 -0.016351531 0.999690125
55.565571000 0.208014692 0.217652721 -0.310999771 0.007733846 -0.017101710 -0.016351531 0.999690125
55.665409000 0.208014692 0.217652721 -0.310999771 0.007733846 -0.017101710 -0.016351531 0.999690125
55.765523000 0.208014692 0.217652721 -0.310999771 0.007733846 -0.017101710 -0.016351531 0.999690125
55.865850000 0.208014692 0.217652721 -0.310999771 0.007733846 -0.017101710 -0.016351531 0.999690125
55.966209000 0.208014692 0.217652721 -0.310999771 0.007733846 -0.017101710 -0.016351531 0.999690125
56.066512000 0.208014692 0.217652721 -0.310999771 0.007733846 -0.017101710 -0.016351531 0.999690125
56.166955000 0.208014692 0.217652721 -0.310999771 0.007733846 -0.017101710 -0.016351531 0.999690125
56.267250000 0.208014692 0.217652721 -0.310999771 0.007733846 -0.017101710 -0.016351531 0.999690125
56.367372000 0.215838399 0.202700638 -0.274066650 0.007741020 -0.017365011 -0.016416430 0.999684467
56.467305000 0.221808847 0.212634522 -0.303286043 0.007925640 -0.016840505 -0.014950529 0.999714991
56.567132000 0.221808847 0.212634522 -0.303286043 0.007925640 -0.016840505 -0.014950529 0.999714991
56.666955000 0.221808847 0.212634522 -0.303286043 0.007925640 -0.016840505 -0.014950529 0.999714991
56.766748000 0.221808847 0.212634522 -0.303286043 0.007925640 -0.016840505 -0.014950529 0.999714991
56.866520000 0.221808847 0.212634522 -0.303286043 0.007925640 -0.016840505 -0.014950529 0.999714991
56.966354000 0.221808847 0.212634522 -0.303286043 0.007925640 -0.016840505 -0.014950529 0.999714991
