5.065643000 0.000000000 0.000000000 0.000000000 -0.000000000 -0.000000000 -0.000000000 1.000000000
5.165951000 -0.002277771 -0.008874529 0.009757942 0.000062360 -0.000360356 0.000039172 0.999999932
5.266121000 -0.002277771 -0.008874529 0.009757942 0.000062360 -0.000360356 0.000039172 0.999999932
5.366190000 -0.008282452 0.005628401 -0.019455959 0.000435003 -0.001385350 0.000298902 0.999998901
5.466203000 -0.014488825 0.030464394 -0.055652989 0.001139712 -0.003010991 0.001013181 0.999994304
5.566125000 -0.015961544 0.033806855 -0.053281610 0.001804340 -0.006480702 0.000659242 0.999977155
5.666080000 -0.003798605 0.021507776 0.005564303 0.002478968 -0.014788106 -0.000827322 0.999887235
5.766098000 -0.002137821 0.041553788 0.008872464 0.002970789 -0.023071710 -0.003095477 0.999724606
5.866079000 -0.001369169 0.041079137 0.007386173 0.002841567 -0.028612440 -0.004282670 0.999577367
5.966076000 -0.006115372 0.041034626 0.015606164 0.002677749 -0.034520625 -0.006087868 0.999381856
6.066371000 -0.004672243 0.027683747 0.047200480 0.004479836 -0.042051095 -0.008215181 0.999071643
6.167130000 -0.010434375 0.005752136 0.062576064 0.007454105 -0.047606845 -0.010016323 0.998788115
6.267914000 -0.035681713 0.021253528 -0.016985149 0.010346931 -0.049195361 -0.006976710 0.998711211
6.368629000 -0.043483557 -0.147675783 0.372290259 0.007648483 -0.051043978 -0.009680336 0.998620200
6.469516000 -0.034419890 -0.163159726 0.386547132 0.006224628 -0.052130507 -0.011254385 0.998557461
6.570368000 -0.001974261 -0.202960669 0.431771401 0.005132407 -0.050722299 -0.017539838 0.998545573
6.670993000 -0.000845915 -0.242930398 0.443882539 0.002234936 -0.045825119 -0.032111559 0.998430724
6.771279000 0.017658609 -0.314204532 0.562150243 -0.000728289 -0.042237338 -0.037283323 0.998411454
6.871285000 0.092692732 -0.444388780 0.845870365 0.001798498 -0.043185677 -0.021250537 0.998839415
6.971115000 0.130419053 -0.513449506 0.931325592 0.002397350 -0.043689029 -0.010711092 0.998984882
7.070994000 0.156227651 -0.573398562 0.982939545 0.002186530 -0.044104684 -0.007737403 0.998994559
7.171136000 0.176053393 -0.625483607 1.039286063 0.000895533 -0.044205818 -0.005548486 0.999006636
7.271368000 0.191943602 -0.692991407 1.178822419 0.001330666 -0.043752313 -0.006555571 0.999020014
7.371613000 0.208881225 -0.754704711 1.294963591 -0.000381167 -0.043282159 -0.006969791 0.999038503
7.471789000 0.210290916 -0.803165807 1.314615282 -0.028490666 -0.042956953 -0.005776517 0.998653901
7.571761000 0.207769661 -0.838670225 1.330665854 -0.053256274 -0.042487835 -0.006433394 0.997655835
7.671541000 0.204691094 -0.863917563 1.336735672 -0.059061007 -0.040541963 -0.012882651 0.997347574
7.771162000 0.187883141 -0.865251794 1.352131599 -0.053609693 -0.039691003 -0.013607700 0.997680037
7.870738000 0.179704726 -0.878254759 1.329659258 -0.043340222 -0.040313668 -0.010805895 0.998188192
7.970470000 0.178760710 -0.890498758 1.316515871 -0.031946615 -0.040285797 -0.008507001 0.998641126
8.070540000 0.170014056 -0.898682860 1.276413530 -0.017065589 -0.039885794 -0.007593708 0.999029642
8.170917000 0.143798421 -0.938872885 1.271737998 -0.008818003 -0.042938939 -0.002606966 0.999035382
8.271215000 0.143798421 -0.938872885 1.271737998 -0.008818003 -0.042938939 -0.002606966 0.999035382
8.371414000 0.133339405 -0.945279605 1.239498939 -0.004056991 -0.041726862 -0.008993679 0.999080339
8.471664000 0.137058591 -0.982838882 1.235303351 0.006990044 -0.038533530 -0.020299257 0.999026650
8.571804000 0.153408100 -1.017034245 1.241584617 0.016011136 -0.035785627 -0.029692820 0.998789952
8.671731000 0.151596095 -1.024485449 1.223018568 0.015797729 -0.035772549 -0.027380101 0.998859893
8.771611000 0.147244072 -1.051692554 1.191718928 0.016159878 -0.039101473 -0.015304522 0.998987340
8.871588000 0.172026286 -1.074943976 1.258742413 0.014519808 -0.041702754 -0.008009878 0.998992441
8.971692000 0.207948761 -1.097032527 1.281657002 0.013921781 -0.043216634 -0.005088867 0.998955760
9.071848000 0.209319988 -1.136565677 1.377980126 0.008064064 -0.044009411 -0.003778647 0.998991424
9.171938000 0.216910869 -1.179896294 1.391942866 0.008188356 -0.044479113 -0.003634145 0.998970146
9.271789000 0.222087661 -1.217351795 1.417111995 0.008248464 -0.044436988 -0.003832557 0.998970785
9.371429000 0.287230395 -1.245982001 1.411369997 0.010429852 -0.044137447 -0.003936459 0.998963267
9.471095000 0.298312534 -1.298986791 1.442361422 0.012241007 -0.044389354 -0.002995026 0.998934819
9.570960000 0.307200003 -1.344715504 1.471362667 0.006292264 -0.044437438 -0.003127540 0.998987457
9.670957000 0.310109294 -1.391195606 1.504046095 0.001609902 -0.044515379 -0.003093563 0.999002612
9.770914000 0.311409856 -1.434712518 1.539764357 0.001440020 -0.044297364 -0.002847723 0.999013293
9.870697000 0.313823385 -1.479998767 1.582673806 -0.001122084 -0.042677965 -0.007799550 0.999057806
9.970450000 0.307954511 -1.523521500 1.618404805 -0.003133253 -0.040261842 -0.016894859 0.999041406
10.070385000 0.309811174 -1.575321958 1.652640172 -0.007894529 -0.033476436 -0.037577027 0.998701643
10.170543000 0.315062208 -1.626639655 1.698021415 -0.011921009 -0.025076015 -0.064584024 0.997525933
10.270761000 0.327861699 -1.656992382 1.738994367 -0.013530679 -0.017929905 -0.082360713 0.996349413
10.370965000 0.369946559 -1.672850352 1.792688653 -0.014236056 -0.016262247 -0.073902061 0.997031273
10.471059000 0.428476650 -1.682824522 1.848487229 -0.012045058 -0.014981396 -0.056838589 0.998198301
10.570878000 0.492303329 -1.683502325 1.903570696 -0.010478763 -0.016631731 -0.032327004 0.999284017
10.670534000 0.560687264 -1.683644543 1.959965101 -0.011125765 -0.022226089 -0.008136663 0.999657948
10.770210000 0.631092189 -1.684041731 2.029887244 -0.011074606 -0.026464014 0.001537663 0.999587237
10.869948000 0.699260868 -1.688402402 2.112903005 -0.010792980 -0.030863020 0.004346752 0.999455898
10.969808000 0.768413843 -1.687327243 2.194045629 -0.010755645 -0.035710700 0.004181433 0.999295541
11.069763000 0.830358971 -1.700746100 2.265594428 -0.010362280 -0.040114962 0.002853630 0.999137263
11.169931000 0.880972802 -1.710474711 2.305977406 -0.010254333 -0.043968475 0.001406905 0.998979300
11.269947000 0.950444807 -1.728579720 2.403371779 -0.009871020 -0.046920796 0.000437979 0.998849743
11.369887000 1.009044143 -1.739714945 2.472904678 -0.009858168 -0.047779632 -0.000322844 0.998809201
11.469670000 1.064402041 -1.771141445 2.529627718 -0.010114100 -0.047211263 -0.000562982 0.998833562
11.569473000 1.120827883 -1.786104991 2.600433382 -0.010036594 -0.045842901 0.001139260 0.998897591
11.669295000 1.166301630 -1.807721489 2.644938664 -0.014231669 -0.047295587 0.019808186 0.998583108
11.769154000 1.185597807 -1.840843635 2.659102509 -0.014750761 -0.042267828 0.020762720 0.998781635
11.869126000 1.201097119 -1.858383574 2.668965784 -0.013065977 -0.034421746 0.015966036 0.999194430
11.969080000 1.224164958 -1.875813690 2.717905899 -0.010918800 -0.025498001 0.011060884 0.999554045
12.069056000 1.243739202 -1.880153156 2.778428575 -0.010220077 -0.018138319 0.008894128 0.999743690
12.169159000 1.265042531 -1.881132914 2.803576278 -0.016664872 -0.012280049 0.009757375 0.999738104
12.269086000 1.292882172 -1.881023025 2.863687198 -0.027581203 -0.008663878 0.009538790 0.999536506
12.369185000 1.331294454 -1.880283559 2.952929473 -0.037752654 -0.007006768 0.010266838 0.999209805
12.469487000 1.345130739 -1.872149242 2.981981570 -0.027311711 -0.006788241 0.009830586 0.999555576
12.569817000 1.356884186 -1.871803401 3.001160965 -0.018278769 -0.006942865 0.009656884 0.999762186
12.670282000 1.370793972 -1.875749334 3.024966560 -0.013469306 -0.007516423 0.008840434 0.999841951
12.770842000 1.363004442 -1.856418394 3.056140368 -0.012226644 -0.008161942 0.008774908 0.999853436
12.871327000 1.412421157 -1.889429845 3.106017518 -0.012710678 -0.009037495 0.008783913 0.999839790
12.971634000 1.415198723 -1.906236137 3.139871154 -0.012863187 -0.009267790 0.009788929 0.999826397
13.071809000 1.409452993 -1.914614577 3.159367021 -0.011824931 -0.011295493 0.009409745 0.999822004
13.171960000 1.429715101 -1.948751247 3.222540866 -0.012550715 -0.012074319 0.009914288 0.999799178
13.271925000 1.440859096 -1.997636430 3.230790026 -0.011191307 -0.012344867 -0.002100483 0.999858963
13.371883000 1.442916374 -2.014469616 3.312291503 -0.010378985 -0.011779594 -0.005955068 0.999859018
13.471768000 1.466950125 -2.021801367 3.373139326 -0.009028843 -0.014254934 0.002385596 0.999854782
13.571604000 1.465837309 -2.050939001 3.377002163 -0.009215021 -0.015032690 0.005950940 0.999826829
13.671390000 1.485187628 -2.074333311 3.424867331 -0.007758450 -0.015047272 0.008349336 0.999821821
13.771060000 1.503563348 -2.105021839 3.512839320 -0.008298909 -0.014315004 0.009581684 0.999817183
13.870733000 1.405476249 -2.076771909 3.337279502 -0.008728162 -0.017456541 0.010548009 0.999753884
13.970369000 1.392710145 -2.084157937 3.332544163 -0.002578826 -0.015811563 0.011593569 0.999804448
14.070028000 1.373045698 -2.077223600 3.312597164 0.001687060 -0.012711460 0.011374749 0.999853083
14.169973000 1.385000993 -2.115739954 3.254986908 0.003273216 -0.009396866 0.012802291 0.999868535
14.270000000 1.389860598 -2.178085935 3.338982211 -0.000666569 -0.004876821 0.014395423 0.999884265
14.370138000 1.388483159 -2.198590271 3.401382375 -0.007571089 0.000939821 0.016647284 0.999832318
14.470316000 1.390333807 -2.260334588 3.428261607 -0.009898294 0.007178442 0.017559918 0.999771045
14.570361000 1.379386830 -2.294276651 3.538590051 -0.012325398 0.014205721 0.020303340 0.999616955
14.670168000 1.373402530 -2.346912311 3.569519840 -0.012327950 0.021096021 0.023325145 0.999429296
14.769977000 1.358394273 -2.354497644 3.573291306 -0.012962761 0.029097790 0.024611675 0.999189447
14.869916000 1.349149640 -2.390709448 3.563557225 -0.017829316 0.036511675 0.026835850 0.998813722
14.970099000 1.341148073 -2.401169248 3.615727910 -0.031174989 0.042539077 0.027367367 0.998233226
15.070584000 1.333319034 -2.422903481 3.661248740 -0.039219550 0.046611777 0.028341680 0.997740406
15.171197000 1.325374926 -2.451137913 3.716731390 -0.043906296 0.049693493 0.028746986 0.997384783
15.271608000 1.308870311 -2.475123565 3.735172673 -0.046175936 0.054258110 0.028306856 0.997056950
15.371633000 1.303032900 -2.504786195 3.692135925 -0.044347701 0.058651891 0.034840665 0.996684185
15.471121000 1.293235858 -2.559840376 3.672208940 -0.039083784 0.060583831 0.053625346 0.995955009
15.570258000 1.271760933 -2.591616335 3.670081336 -0.034157782 0.067354577 0.059617296 0.995360430
15.669549000 1.257014349 -2.569588328 3.656398472 -0.033607299 0.075612610 0.064737098 0.994465882
15.769314000 1.225123969 -2.572679983 3.640247679 -0.036108286 0.085055134 0.067672844 0.993419449
15.869533000 1.198217021 -2.575284393 3.602704334 -0.037292340 0.095171888 0.070763453 0.992241970
15.970106000 1.162928438 -2.579811589 3.601279307 -0.040383030 0.104471034 0.074303646 0.990925821
16.070691000 1.112498172 -2.574406956 3.565991931 -0.042641529 0.109949899 0.078677768 0.989900262
16.171177000 1.067242589 -2.525205270 3.559495023 -0.040191736 0.115459407 0.073087396 0.989804012
16.271372000 1.015580191 -2.503050571 3.558127460 -0.031114238 0.120887673 0.062738777 0.990192870
16.371544000 0.958386674 -2.484739316 3.533941406 -0.023443111 0.124453863 0.056274685 0.990350855
16.471676000 0.901216721 -2.465343566 3.517460838 -0.018709550 0.126544219 0.053807404 0.990323824
16.571591000 0.848405999 -2.463172301 3.482784262 -0.016720218 0.128082762 0.052959410 0.990207322
16.671364000 0.796823446 -2.461963064 3.420692236 -0.015295472 0.129417490 0.052408829 0.990086095
16.771007000 0.738753636 -2.464981616 3.413291295 -0.010621504 0.130544552 0.053335603 0.989949805
16.870416000 0.687597777 -2.484486838 3.395768688 -0.008604467 0.131944363 0.055104165 0.989686910
16.969794000 0.634988577 -2.495014381 3.416528379 -0.008296569 0.133549565 0.056988080 0.989367495
17.069148000 0.581628209 -2.512255046 3.409132654 -0.008643352 0.135599281 0.058463853 0.988999548
17.168755000 0.521645680 -2.514867366 3.327908047 -0.008855031 0.138075320 0.060039295 0.988560609
17.268414000 0.473195911 -2.534977728 3.299359738 -0.009360446 0.140993377 0.060396798 0.988122197
17.368390000 0.423842567 -2.551484085 3.290744099 -0.010014002 0.142651936 0.062565252 0.987742747
17.468515000 0.378793024 -2.567481310 3.293346126 -0.013377342 0.134750707 0.081282189 0.987449492
17.568853000 0.313208915 -2.600778666 3.192734966 -0.013120970 0.130130249 0.082756537 0.987950056
17.669235000 0.294476654 -2.573667979 3.226209296 -0.012461900 0.127745171 0.077867108 0.988667075
17.769574000 0.232933218 -2.580865992 3.207714533 -0.012787449 0.124835738 0.068088933 0.989755736
17.869891000 0.175767482 -2.590017312 3.175215358 -0.011380188 0.121883532 0.062516941 0.990508217
17.970157000 0.119913194 -2.566169993 3.261444824 -0.012371221 0.116245794 0.058773701 0.991402804
18.070463000 0.053276610 -2.564283966 3.245022458 -0.010958252 0.108281946 0.048367419 0.992882435
18.170873000 -0.020391950 -2.570379294 3.252158731 -0.028456026 0.105686170 0.013190717 0.993904771
18.271137000 -0.079916676 -2.571930263 3.242119666 -0.055991971 0.104750803 -0.029233183 0.992490599
18.371118000 -0.120172279 -2.576687428 3.231363178 -0.062558900 0.098390992 -0.046662770 0.992082750
18.470790000 -0.132083344 -2.572701389 3.198720041 -0.060708485 0.086475370 -0.042758534 0.993482862
18.570396000 -0.131476292 -2.574573783 3.162959840 -0.057835443 0.072960879 -0.033736450 0.995084732
18.670004000 -0.120853723 -2.572964451 3.132911649 -0.050253137 0.061378951 -0.019550933 0.996656916
18.769538000 -0.098573731 -2.581850608 3.093706444 -0.034239216 0.050476123 0.004951885 0.998125902
18.869150000 -0.075261797 -2.601776708 3.053357574 -0.019849565 0.042923790 0.023662552 0.998600834
18.968958000 -0.055933474 -2.605642122 3.020286105 -0.017057614 0.040167539 0.030466827 0.998582685
19.068969000 -0.050050022 -2.607016516 3.002268249 -0.014504092 0.039738830 0.032335267 0.998581437
19.169051000 -0.032073167 -2.622805749 2.981249262 -0.015433915 0.040268831 0.032759327 0.998532444
19.269261000 -0.022829569 -2.607970339 2.979789367 -0.016121387 0.041617893 0.033494746 0.998441863
19.369589000 -0.013251314 -2.615739168 2.936814815 -0.016048037 0.043220275 0.034427326 0.998343241
19.469752000 0.004167885 -2.615001540 2.896087968 -0.002600636 0.044604764 0.035146669 0.998382874
19.569611000 0.021672943 -2.609774196 2.857610480 0.017753937 0.045484873 0.036393731 0.998143988
19.669091000 0.036005110 -2.599924753 2.833463635 0.027916398 0.046246422 0.036727623 0.997864232
19.768578000 0.038479994 -2.582395594 2.808019823 0.033446228 0.047920830 0.031628652 0.997789844
19.868147000 0.040651405 -2.575839133 2.811072321 0.030432706 0.052521812 0.015898468 0.998029332
19.967863000 0.055372792 -2.583524050 2.820465884 0.014519207 0.058938386 -0.006048059 0.998137706
