5.065643000 0.011366000 -0.014793000 0.000026000 -0.000193000 -0.001197000 -0.000721000 0.999999005
5.165951000 0.009124394 -0.023674554 0.009785925 -0.000130333 -0.001557318 -0.000681972 0.999998546
5.266121000 0.009124394 -0.023674554 0.009785925 -0.000130333 -0.001557318 -0.000681972 0.999998546
5.366190000 0.003028884 -0.009169076 -0.019407894 0.000243359 -0.002582091 -0.000422886 0.999996547
5.466203000 -0.003299933 0.015671846 -0.055580331 0.000950096 -0.004207355 0.000290239 0.999990656
5.566125000 -0.004771786 0.019011268 -0.053204138 0.001616804 -0.007676495 -0.000065153 0.999969226
5.666080000 0.007549728 0.006707134 0.005607719 0.002295659 -0.015983009 -0.001554061 0.999868420
5.766098000 0.009189529 0.026754249 0.008919667 0.002790769 -0.024265618 -0.003824284 0.999694336
5.866079000 0.009955304 0.026281278 0.007431356 0.002664149 -0.029806030 -0.005012285 0.999539584
5.966076000 0.005228864 0.026226762 0.015662667 0.002502468 -0.035713745 -0.006818284 0.999335668
6.066371000 0.006766879 0.012865839 0.047248259 0.004307496 -0.043242126 -0.008948982 0.999015255
6.167130000 0.001073198 -0.009079968 0.062629087 0.007283666 -0.048795039 -0.010754550 0.998724352
6.267914000 -0.024386879 0.006415562 -0.016865447 0.010181288 -0.050381963 -0.007718654 0.998648297
6.368629000 -0.031013142 -0.162674403 0.372361994 0.007480957 -0.052231893 -0.010419338 0.998552604
6.469516000 -0.021893054 -0.178150733 0.386591126 0.006056015 -0.053319068 -0.011991846 0.998487154
6.570368000 0.010718102 -0.217922209 0.431722164 0.004955258 -0.051910422 -0.018275705 0.998472209
6.670993000 0.011933059 -0.257894920 0.443815068 0.002036839 -0.047012386 -0.032842915 0.998352157
6.771279000 0.030823420 -0.329187730 0.562010495 -0.000935157 -0.043425724 -0.038010421 0.998332880
6.871285000 0.106724220 -0.459372625 0.845499697 0.001611420 -0.044375847 -0.021981167 0.998771754
6.971115000 0.144754550 -0.528411693 0.930837590 0.002223222 -0.044880975 -0.011442651 0.998924332
7.070994000 0.170773044 -0.588343289 0.982366369 0.002016260 -0.045297367 -0.008468800 0.998935615
7.171136000 0.190808701 -0.640421330 1.038645069 0.000727955 -0.045399868 -0.006278368 0.998948900
7.271368000 0.207130251 -0.707959754 1.178116803 0.001161552 -0.044945872 -0.007285895 0.998962179
7.371613000 0.224434844 -0.769693187 1.294193162 -0.000551117 -0.044476895 -0.007697988 0.998980602
7.471789000 0.225961439 -0.818159748 1.313822631 -0.028659320 -0.044171726 -0.006470728 0.998591824
7.571761000 0.223529805 -0.853673931 1.329865425 -0.053425836 -0.043719143 -0.007097150 0.997589067
7.671541000 0.220502177 -0.878928014 1.335932806 -0.059239626 -0.041775844 -0.013538854 0.997277366
7.771162000 0.203733075 -0.880292404 1.351368404 -0.053789863 -0.040921213 -0.014270503 0.997611376
7.870738000 0.195519632 -0.893298516 1.328910664 -0.043516698 -0.041537622 -0.011481480 0.998122787
7.970470000 0.194561801 -0.905538813 1.315764828 -0.032120458 -0.041502522 -0.009196548 0.998579611
8.070540000 0.185730962 -0.913720112 1.275680369 -0.017238717 -0.041092431 -0.008301271 0.998972136
8.170917000 0.159562171 -0.953946111 1.271052021 -0.008982970 -0.044140596 -0.003325000 0.998979408
8.271215000 0.159562171 -0.953946111 1.271052021 -0.008982970 -0.044140596 -0.003325000 0.998979408
8.371414000 0.149035242 -0.960355522 1.238835608 -0.004230490 -0.042923909 -0.009717204 0.999022130
8.471664000 0.152798511 -0.997907780 1.234616567 0.006800709 -0.039720369 -0.021035339 0.998966244
8.571804000 0.169212289 -1.032081935 1.240845420 0.015808613 -0.036963868 -0.030438990 0.998727805
8.671731000 0.167366580 -1.039528610 1.222280874 0.015597951 -0.036951474 -0.028126066 0.998799388
8.771611000 0.162978854 -1.066729935 1.190981195 0.015976930 -0.040282617 -0.016051667 0.998931626
8.871588000 0.187954962 -1.089971339 1.257936146 0.014347468 -0.042886492 -0.008755572 0.998938556
8.971692000 0.223964002 -1.112016854 1.280756115 0.013754037 -0.044401321 -0.005834114 0.998902053
9.071848000 0.225622836 -1.151584996 1.377060346 0.007898458 -0.045198616 -0.004517063 0.998936582
9.171938000 0.233309581 -1.194909981 1.390988074 0.008023266 -0.045668231 -0.004372785 0.998914871
9.271789000 0.238600608 -1.232367645 1.416130214 0.008083106 -0.045626025 -0.004571261 0.998915428
9.371429000 0.303770611 -1.260901646 1.410221199 0.010264153 -0.045324882 -0.004677711 0.998908615
9.471095000 0.315003317 -1.313902301 1.441165454 0.012076620 -0.045575631 -0.003738475 0.998880894
9.570960000 0.324026108 -1.359629288 1.470127610 0.006127749 -0.045628041 -0.003863915 0.998932231
9.670957000 0.327080644 -1.406117701 1.502785956 0.001445485 -0.045709383 -0.003824359 0.998946414
9.770914000 0.328529451 -1.449646414 1.538484127 0.001275739 -0.045491551 -0.003578282 0.998957500
9.870697000 0.331110990 -1.494945620 1.581370114 -0.001293466 -0.043873098 -0.008526757 0.998999886
9.970450000 0.325390428 -1.538490500 1.617098182 -0.003317259 -0.041456653 -0.017619171 0.998979432
10.070385000 0.327403725 -1.590301378 1.651308919 -0.008108114 -0.034670288 -0.038294065 0.998631961
10.170543000 0.332837370 -1.641628883 1.696657562 -0.012172747 -0.026266159 -0.065293746 0.997446059
10.270761000 0.345778666 -1.671978858 1.737587987 -0.013808619 -0.019116377 -0.083066263 0.996264966
10.370965000 0.388014780 -1.687796738 1.791175227 -0.014505205 -0.017451678 -0.074606945 0.996954784
10.471059000 0.446692618 -1.697707911 1.846829667 -0.012294932 -0.016173939 -0.057546707 0.998136070
10.570878000 0.510651910 -1.698314813 1.901759926 -0.010698318 -0.017829173 -0.033038122 0.999237784
10.670534000 0.579170807 -1.698380061 1.957990418 -0.011312402 -0.023429109 -0.008848380 0.999622335
10.770210000 0.649743442 -1.698702561 2.027743672 -0.011246594 -0.027668775 0.000825108 0.999553536
10.869948000 0.718116904 -1.702996797 2.110594322 -0.010958409 -0.032067959 0.003633103 0.999419011
10.969808000 0.787462337 -1.701853070 2.191571591 -0.010917746 -0.036915383 0.003466919 0.999252740
11.069763000 0.849597874 -1.715210053 2.262966698 -0.010522764 -0.041318911 0.002137911 0.999088309
11.169931000 0.900322220 -1.724881163 2.303224630 -0.010413740 -0.045171874 0.000690428 0.998924711
11.269947000 0.970053241 -1.742923367 2.400445400 -0.010029434 -0.048123574 -0.000279432 0.998790996
11.369887000 1.028834881 -1.754000772 2.469833507 -0.010016866 -0.048982204 -0.001040406 0.998748879
11.469670000 1.084373676 -1.785369183 2.526411684 -0.010273499 -0.048414003 -0.001280146 0.998773698
11.569473000 1.140990396 -1.800278529 2.597076270 -0.010194955 -0.047045992 0.000422220 0.998840608
11.669295000 1.186601685 -1.821846511 2.641464189 -0.014366571 -0.048504928 0.019096095 0.998537036
11.769154000 1.205979445 -1.854946229 2.655568960 -0.014888183 -0.043477970 0.020052077 0.998742170
11.869126000 1.221527597 -1.872467581 2.665388304 -0.013214879 -0.035630250 0.015254598 0.999161223
11.969080000 1.244737648 -1.889883210 2.714266300 -0.011080079 -0.026704449 0.010348343 0.999528397
12.069056000 1.264462979 -1.894217693 2.774740260 -0.010389293 -0.019344079 0.008182037 0.999725424
12.169159000 1.285827848 -1.895176384 2.799836515 -0.016837271 -0.013490622 0.009054132 0.999726229
12.269086000 1.313811144 -1.895049437 2.859880660 -0.027756422 -0.009882042 0.008849457 0.999526695
12.369185000 1.352435880 -1.894288857 2.949031012 -0.037928123 -0.008232016 0.009590235 0.999200540
12.469487000 1.366329944 -1.886145755 2.978053057 -0.027487937 -0.008006291 0.009141279 0.999548273
12.569817000 1.378128767 -1.885790330 2.997204395 -0.018455140 -0.008154616 0.008956586 0.999756315
12.670282000 1.392101184 -1.889725342 3.020975094 -0.013646261 -0.008724644 0.008134211 0.999835734
12.770842000 1.384358457 -1.870417639 3.052174951 -0.012403215 -0.009369267 0.008067065 0.999846638
12.871327000 1.433941986 -1.903376938 3.101920866 -0.012886604 -0.010245154 0.008076490 0.999831857
12.971634000 1.436824823 -1.920192214 3.135761237 -0.013037741 -0.010475737 0.009081653 0.999818884
13.071809000 1.431137872 -1.928586425 3.155267552 -0.011998477 -0.012502611 0.008700838 0.999811991
13.171960000 1.451600366 -1.962718105 3.218379474 -0.012723091 -0.013282029 0.009206116 0.999788457
13.271925000 1.462834538 -2.011590329 3.226582980 -0.011377882 -0.013549349 -0.002810366 0.999839518
13.371883000 1.465111210 -2.028451847 3.308072766 -0.010570583 -0.012982747 -0.006665810 0.999837626
13.471768000 1.489301123 -2.035772305 3.368860037 -0.009208673 -0.015458716 0.001672755 0.999836702
13.571604000 1.488239563 -2.064912996 3.372714229 -0.009390017 -0.016237260 0.005238188 0.999810352
13.671390000 1.507738133 -2.088297761 3.420523867 -0.007930565 -0.016251249 0.007634839 0.999807338
13.771060000 1.526368649 -2.118993554 3.508439712 -0.008470075 -0.015519604 0.008867977 0.999804360
13.870733000 1.427820871 -2.090817679 3.333126157 -0.008895894 -0.018661558 0.009834254 0.999737914
13.970369000 1.415054126 -2.098220294 3.328418526 -0.002746508 -0.017012410 0.010872734 0.999792388
14.070028000 1.395332001 -2.091306665 3.308521346 0.001516867 -0.013909250 0.010649371 0.999845399
14.169973000 1.407204837 -2.129783593 3.250867708 0.003102338 -0.010593810 0.012075641 0.999866154
14.270000000 1.412355405 -2.192154772 3.334826958 -0.000838798 -0.006076937 0.013674349 0.999887683
14.370138000 1.411156933 -2.212685050 3.397222286 -0.007744800 -0.000265651 0.015935632 0.999842989
14.470316000 1.413160936 -2.274436958 3.424073069 -0.010075396 0.005971183 0.016852299 0.999789394
14.570361000 1.402527088 -2.308437170 3.534414232 -0.012504251 0.012996360 0.019600091 0.999645224
14.670168000 1.396692742 -2.361093289 3.565337847 -0.012508118 0.019886293 0.022623361 0.999467991
14.769977000 1.381704508 -2.368701712 3.569142286 -0.013147111 0.027887635 0.023912367 0.999238526
14.869916000 1.372488805 -2.404923070 3.559416323 -0.018016272 0.035298024 0.026144067 0.998872340
14.970099000 1.364627259 -2.415414448 3.611601952 -0.031365529 0.041316390 0.026693140 0.998296868
15.070584000 1.356938571 -2.437177442 3.657132962 -0.039411757 0.045383688 0.027678223 0.997808073
15.171197000 1.349168035 -2.465444622 3.712623518 -0.044100166 0.048462369 0.028089990 0.997455526
15.271608000 1.332742215 -2.489461141 3.731094954 -0.046373559 0.053025823 0.027653694 0.997132403
15.371633000 1.326844544 -2.519115621 3.688060805 -0.044540601 0.057420103 0.034186425 0.996769961
15.471121000 1.317079192 -2.574176215 3.668135984 -0.039255456 0.059353083 0.052965685 0.996057657
15.570258000 1.295645063 -2.605982298 3.666047471 -0.034327053 0.066126930 0.058953468 0.995476454
15.669549000 1.280834022 -2.583970329 3.652408487 -0.033776224 0.074385434 0.064074845 0.994595590
15.769314000 1.248909554 -2.587101774 3.636332879 -0.036280300 0.083826831 0.067016159 0.993562095
15.869533000 1.221916576 -2.589730567 3.598853042 -0.037467721 0.093943535 0.070110983 0.992398726
15.970106000 1.186631245 -2.594308113 3.597510735 -0.040560621 0.103241335 0.073657616 0.991095666
16.070691000 1.136108898 -2.588962669 3.562346274 -0.042817634 0.108718950 0.078036234 0.990079384
16.171177000 1.090767010 -2.539823821 3.555976792 -0.040378489 0.114231413 0.072444068 0.989986171
16.271372000 1.039069603 -2.517743142 3.554741488 -0.031317376 0.119667750 0.062085361 0.990375817
16.371544000 0.981792005 -2.499505113 3.530699510 -0.023656596 0.123240526 0.055612667 0.990534891
16.471676000 0.924554856 -2.480185517 3.514363359 -0.018927495 0.125334801 0.053140145 0.990509496
16.571591000 0.871658185 -2.478077106 3.479814141 -0.016940267 0.126875080 0.052290152 0.990394609
16.671364000 0.819925425 -2.476918416 3.417846241 -0.015517120 0.128211085 0.051738211 0.990274858
16.771007000 0.761842473 -2.480017884 3.410583154 -0.010842834 0.129341500 0.052659705 0.990141487
16.870416000 0.710672978 -2.499590141 3.393175489 -0.008824640 0.130742738 0.054426311 0.989881932
16.969794000 0.658128863 -2.510201537 3.414056968 -0.008515583 0.132348179 0.056310395 0.989565856
17.069148000 0.604775849 -2.527516311 3.406782310 -0.008862006 0.134397798 0.057787243 0.989201360
17.168755000 0.544602846 -2.530183938 3.325700511 -0.009073500 0.136873903 0.059363731 0.988766481
17.268414000 0.496113904 -2.550353194 3.297260463 -0.009580506 0.139792049 0.059722718 0.988331723
17.368390000 0.446763919 -2.566927412 3.288756588 -0.010232588 0.141450171 0.061892546 0.987955695
17.468515000 0.401743842 -2.582990601 3.291460241 -0.013567767 0.133543263 0.080612177 0.987665829
17.568853000 0.335967098 -2.616343860 3.190993456 -0.013306396 0.128922111 0.082084964 0.988161974
17.669235000 0.317275976 -2.589273087 3.224523039 -0.012651598 0.126537596 0.077193773 0.988872740
17.769574000 0.255698875 -2.596552759 3.206172857 -0.012986963 0.123628515 0.067414651 0.989950804
17.869891000 0.198468742 -2.605774040 3.173807068 -0.011584390 0.120677502 0.061839868 0.990696004
17.970157000 0.142786752 -2.582040451 3.260179226 -0.012576011 0.115038706 0.058096085 0.991580952
18.070463000 0.076108390 -2.580244236 3.243917149 -0.011170043 0.107076122 0.047685518 0.993043819
18.170873000 0.002465991 -2.586448563 3.251227380 -0.028708232 0.104473298 0.012528558 0.994034307
18.271137000 -0.057080303 -2.588081535 3.241330228 -0.056293983 0.103527959 -0.029861500 0.992583115
18.371118000 -0.097354646 -2.592892628 3.230668288 -0.062877105 0.097167272 -0.047284143 0.992153819
18.470790000 -0.109349567 -2.588911231 3.198055304 -0.061013698 0.085250567 -0.043385435 0.993542839
18.570396000 -0.108825438 -2.590769006 3.162293029 -0.058120424 0.071734502 -0.034370562 0.995135590
18.670004000 -0.098277174 -2.589132806 3.132220123 -0.050513098 0.060153432 -0.020197504 0.996705600
18.769538000 -0.076078327 -2.597971750 3.092958256 -0.034462286 0.049255674 0.004282958 0.998182291
18.869150000 -0.052834366 -2.617848696 3.052545977 -0.020044899 0.041709544 0.022974581 0.998664450
18.968958000 -0.033579729 -2.621673517 3.019426840 -0.017242815 0.038954017 0.029774989 0.998648447
19.068969000 -0.027737458 -2.623032499 3.001394420 -0.014686750 0.038526790 0.031640289 0.998648526
19.169051000 -0.009788238 -2.638787706 2.980326342 -0.015616437 0.039056097 0.032065599 0.998600293
19.269261000 -0.000569557 -2.623938418 2.978850077 -0.016303984 0.040404629 0.032802166 0.998511725
19.369589000 0.008916966 -2.631676908 2.935849711 -0.016230654 0.042007000 0.033735037 0.998415708
19.469752000 0.026237523 -2.630898504 2.895081573 -0.002783411 0.043400997 0.034438522 0.998460112
19.569611000 0.043642851 -2.625631130 2.856564323 0.017572046 0.044295826 0.035661560 0.998227106
19.669091000 0.057902950 -2.615751745 2.832387061 0.027734402 0.045064972 0.035983636 0.997950464
19.768578000 0.060291636 -2.598209259 2.806944196 0.033256930 0.046744438 0.030878428 0.997875472
19.868147000 0.062460895 -2.591650846 2.809994029 0.030221218 0.051345992 0.015152582 0.998108544
19.967863000 0.077215794 -2.599318129 2.819349346 0.014276818 0.057755192 -0.006773715 0.998205704
