5.065643000 -0.118432005 0.034513067 -0.532429907 -0.037432578 -0.037293534 0.062623769 0.996637476
5.165951000 -0.120621155 0.027010401 -0.524937749 -0.037391531 -0.037658047 0.062646990 0.996623851
5.266121000 -0.120621155 0.027010401 -0.524937749 -0.037391531 -0.037658047 0.062646990 0.996623851
5.366190000 -0.125575131 0.041082355 -0.547231134 -0.037074605 -0.038712615 0.062853517 0.996582281
5.466203000 -0.130017285 0.063890943 -0.574543808 -0.036447260 -0.040403487 0.063477973 0.996498722
5.566125000 -0.130717223 0.066559000 -0.572353205 -0.036014711 -0.043889264 0.062969484 0.996399276
5.666080000 -0.118938275 0.051742513 -0.526494802 -0.035914665 -0.052151983 0.061146161 0.996118193
5.766098000 -0.115353633 0.067408004 -0.522806038 -0.036021748 -0.060347565 0.058547030 0.995807637
5.866079000 -0.114871241 0.067047613 -0.524077493 -0.036536280 -0.065811641 0.057152023 0.995523769
5.966076000 -0.118210935 0.066953339 -0.517165038 -0.037129544 -0.071614836 0.055125602 0.995215494
6.066371000 -0.116654342 0.054100904 -0.492600266 -0.035872826 -0.079141638 0.052636925 0.994826164
6.167130000 -0.122663202 0.036133150 -0.481105620 -0.033313038 -0.084786972 0.050505196 0.994560524
6.267914000 -0.145749430 0.056132225 -0.542608493 -0.030413181 -0.086662218 0.053362427 0.994342572
6.368629000 -0.147500754 -0.103245100 -0.238560032 -0.033315744 -0.088231035 0.050693628 0.994251227
6.469516000 -0.141042673 -0.117444862 -0.228548087 -0.034859207 -0.089163483 0.049133372 0.994193452
6.570368000 -0.116638635 -0.155397880 -0.196498312 -0.036093530 -0.087455887 0.042961755 0.994586855
6.670993000 -0.119179227 -0.188271208 -0.189090264 -0.039213710 -0.081843983 0.028723211 0.995459102
6.771279000 -0.105065532 -0.254718369 -0.099178760 -0.042134443 -0.077888386 0.023812439 0.995786652
6.871285000 -0.042474013 -0.384497801 0.116865360 -0.039093641 -0.079607882 0.039688384 0.995268358
6.971115000 -0.014597993 -0.448966810 0.179281327 -0.038140717 -0.080546987 0.050160324 0.994756960
7.070994000 0.002774926 -0.502797745 0.215754923 -0.038266321 -0.081059716 0.053116923 0.994556989
7.171136000 0.016438399 -0.550048546 0.256862378 -0.039478130 -0.081162050 0.055343596 0.994379850
7.271368000 0.030046915 -0.614587631 0.364261112 -0.039054118 -0.080700121 0.054341484 0.994489452
7.371613000 0.043773800 -0.673092820 0.453103217 -0.040746892 -0.080109531 0.054011254 0.994487274
7.471789000 0.041006638 -0.713272598 0.466078007 -0.068682609 -0.078055420 0.056236906 0.992989155
7.571761000 0.036228290 -0.742465007 0.477140562 -0.093322701 -0.075975153 0.056460892 0.991126035
7.671541000 0.031500465 -0.762754249 0.480791174 -0.099215034 -0.073419402 0.050303335 0.991077970
7.771162000 0.018779427 -0.763150208 0.494173472 -0.093768244 -0.072897943 0.049430099 0.991690512
7.870738000 0.009626427 -0.771307270 0.475885394 -0.083486831 -0.074285457 0.051848012 0.992382690
7.970470000 0.006866672 -0.780169323 0.464681412 -0.072061010 -0.075074135 0.053743676 0.993117668
8.070540000 -0.003236820 -0.783283466 0.432521902 -0.057185456 -0.075656059 0.054138235 0.994019636
8.170917000 -0.028627963 -0.812557520 0.428163233 -0.048971043 -0.079402314 0.058686700 0.993907934
8.271215000 -0.028627963 -0.812557520 0.428163233 -0.048971043 -0.079402314 0.058686700 0.993907934
8.371414000 -0.039475337 -0.814584577 0.402538415 -0.044390002 -0.078255070 0.052192094 0.994576119
8.471664000 -0.040612415 -0.844738972 0.396801207 -0.033599749 -0.075339084 0.040628721 0.995763218
8.571804000 -0.030704577 -0.874120013 0.398873856 -0.024778366 -0.072804903 0.031018354 0.996555739
8.671731000 -0.033969695 -0.878713266 0.383634878 -0.024906605 -0.072867684 0.033336125 0.996473113
8.771611000 -0.042024098 -0.898048620 0.357198574 -0.024308573 -0.076664866 0.045240964 0.995733321
8.871588000 -0.020816384 -0.923399617 0.408208242 -0.025834178 -0.079427941 0.052475191 0.995123184
8.971692000 0.006941550 -0.946091007 0.423093436 -0.026414691 -0.081007253 0.055349717 0.994824858
9.071848000 0.009384440 -0.984039375 0.498245037 -0.032254830 -0.081480906 0.056846544 0.994529516
9.171938000 0.011772905 -1.020358853 0.506539174 -0.032154185 -0.081961428 0.056967010 0.994486396
9.271789000 0.013467245 -1.052457210 0.524333645 -0.032099065 -0.081915806 0.056768640 0.994503279
9.371429000 0.062319205 -1.081430012 0.513931626 -0.029909847 -0.081749709 0.056594478 0.994595119
9.471095000 0.067462262 -1.126927772 0.535152023 -0.028084383 -0.082148370 0.057453990 0.994566213
9.570960000 0.071487975 -1.166258684 0.555323565 -0.034023047 -0.081820762 0.057545268 0.994402503
9.670957000 0.070859498 -1.205836931 0.578796414 -0.038693845 -0.081607051 0.057751784 0.994237299
9.770914000 0.069420466 -1.243079749 0.604980740 -0.038840735 -0.081388731 0.058011962 0.994234320
9.870697000 0.069094566 -1.282309479 0.636777931 -0.041479148 -0.079430629 0.053235742 0.994553272
9.970450000 0.061918280 -1.318850097 0.663430436 -0.043670830 -0.076555611 0.044335434 0.995121332
10.070385000 0.059985672 -1.362681514 0.687917854 -0.048749761 -0.068707994 0.024133093 0.996152732
10.170543000 0.061447156 -1.407176431 0.721180601 -0.053199813 -0.059028879 -0.002392108 0.996834815
10.270761000 0.070865072 -1.435356781 0.751601179 -0.054975469 -0.051096690 -0.019855173 0.996981744
10.370965000 0.105931589 -1.455644370 0.791202050 -0.055284110 -0.049732524 -0.011293532 0.997167388
10.471059000 0.154884367 -1.472981733 0.831777172 -0.052427595 -0.049275441 0.005751882 0.997391695
10.570878000 0.208995084 -1.483356746 0.871964478 -0.050096435 -0.051976336 0.030128849 0.996935836
10.670534000 0.266881902 -1.493837068 0.912945219 -0.050203455 -0.058430817 0.054075984 0.995560767
10.770210000 0.327121787 -1.505588433 0.964663145 -0.050054426 -0.063017194 0.063552808 0.994728319
10.869948000 0.385900604 -1.521130474 1.026831397 -0.049939552 -0.067519298 0.066169057 0.994267993
10.969808000 0.445922693 -1.532299594 1.087737632 -0.050206085 -0.072340847 0.065811398 0.993939138
11.069763000 0.498140078 -1.553740660 1.140567997 -0.050133448 -0.076699328 0.064298615 0.993715019
11.169931000 0.539914750 -1.569111536 1.169263753 -0.050315226 -0.080486598 0.062698590 0.993508517
11.269947000 0.599127828 -1.596703046 1.242136317 -0.050149373 -0.083411895 0.061600001 0.993344319
11.369887000 0.648789889 -1.615857132 1.293688281 -0.050217204 -0.084238656 0.060806569 0.993320010
11.469670000 0.693041791 -1.650107620 1.333996121 -0.050446549 -0.083648090 0.060599584 0.993370944
11.569473000 0.740641030 -1.672192353 1.386494159 -0.050222526 -0.082355290 0.062348443 0.993382089
11.669295000 0.777307442 -1.696833358 1.418161632 -0.053786465 -0.084227478 0.081036972 0.991688337
11.769154000 0.790128208 -1.726151930 1.426446857 -0.053960788 -0.079227252 0.082208289 0.991994492
11.869126000 0.801276703 -1.742350466 1.432397218 -0.051984655 -0.071348903 0.077684453 0.993061960
11.969080000 0.820694659 -1.761714145 1.469300766 -0.049482252 -0.062419427 0.073072278 0.994140716
12.069056000 0.839320617 -1.771000130 1.516484419 -0.048412892 -0.055054214 0.071174118 0.994766038
12.169159000 0.857684251 -1.775499661 1.535294403 -0.054436747 -0.048844151 0.072493752 0.994683641
12.269086000 0.883360713 -1.782014555 1.581870264 -0.065090518 -0.044540817 0.072805748 0.994222643
12.369185000 0.919204068 -1.790937400 1.651237227 -0.075084612 -0.042267373 0.073952248 0.993532503
12.469487000 0.932752910 -1.787656839 1.674180533 -0.064694305 -0.042699997 0.073157917 0.994303413
12.569817000 0.943274820 -1.789770192 1.688875428 -0.055715631 -0.043420981 0.072655079 0.994852565
12.670282000 0.955339951 -1.795827503 1.706910694 -0.050991693 -0.044266210 0.071645538 0.995141832
12.770842000 0.952857926 -1.781588421 1.733576285 -0.049796508 -0.044985354 0.071510445 0.995179824
12.871327000 0.991806106 -1.816081788 1.768667847 -0.050332898 -0.045827479 0.071503842 0.995114889
12.971634000 0.994201185 -1.831975980 1.794769084 -0.050461334 -0.046084570 0.072501707 0.995024306
13.071809000 0.989836577 -1.839363827 1.810343498 -0.049567528 -0.048156117 0.072008901 0.995006918
13.171960000 1.006086570 -1.872732567 1.857929889 -0.050319974 -0.048904908 0.072508231 0.994896360
13.271925000 1.010423193 -1.913481330 1.861087063 -0.049432391 -0.048812163 0.060476780 0.995749150
13.371883000 1.014923306 -1.932381555 1.925557493 -0.048731154 -0.048155376 0.056626025 0.996042081
13.471768000 1.036827446 -1.944523116 1.972548342 -0.047229356 -0.051018999 0.064795368 0.995473762
13.571604000 1.033146821 -1.967978021 1.974078075 -0.047329603 -0.051914898 0.068324802 0.995186653
13.671390000 1.048913611 -1.991678590 2.010017217 -0.045789211 -0.052110238 0.070659954 0.995085445
13.771060000 1.065406939 -2.023692078 2.077865192 -0.046235863 -0.051392544 0.071935434 0.995010726
13.870733000 0.979938286 -1.980145029 1.944524648 -0.046822001 -0.054530447 0.072792958 0.994753897
13.970369000 0.968692977 -1.984491825 1.941114011 -0.040553227 -0.053317119 0.073670414 0.995030347
14.070028000 0.952548501 -1.975722502 1.926719231 -0.036117526 -0.050488209 0.073412330 0.995367819
14.169973000 0.954894517 -2.004030320 1.877438319 -0.034276472 -0.047338104 0.074900960 0.995476807
14.270000000 0.957079683 -2.059788129 1.941160700 -0.037861122 -0.042646755 0.076805846 0.995413809
14.370138000 0.957376133 -2.080062166 1.990279192 -0.044292241 -0.036499640 0.079522108 0.995179485
14.470316000 0.953997863 -2.131378697 2.008287668 -0.046184606 -0.030168136 0.080748153 0.995206813
14.570361000 0.947949175 -2.164535117 2.095807864 -0.048055394 -0.023109438 0.083826265 0.995052657
14.670168000 0.939469371 -2.208048951 2.118090436 -0.047506723 -0.016348263 0.087084174 0.994933260
14.769977000 0.926888425 -2.212879454 2.121654134 -0.047581341 -0.008372859 0.088674559 0.994888302
14.869916000 0.915204077 -2.240320749 2.112367004 -0.051870235 -0.000748386 0.091326738 0.994468876
14.970099000 0.910660102 -2.251246915 2.154249256 -0.064752022 0.006096258 0.092543443 0.993582268
15.070584000 0.904715786 -2.270785886 2.190133963 -0.072459702 0.010640952 0.093936080 0.992880846
15.171197000 0.898569604 -2.296154044 2.233670899 -0.076909273 0.014003898 0.094607894 0.992440528
15.271608000 0.883924703 -2.314901758 2.248201829 -0.078889570 0.018724001 0.094404222 0.992226633
15.371633000 0.873766938 -2.335302808 2.212281025 -0.076534705 0.022757841 0.100989007 0.991678244
15.471121000 0.859121325 -2.377114292 2.193764760 -0.070439661 0.023677673 0.119540867 0.990044243
15.570258000 0.838536026 -2.400286434 2.191628457 -0.064860496 0.029915048 0.125545173 0.989513323
15.669549000 0.828238007 -2.380325731 2.182811668 -0.063570294 0.037952553 0.130880329 0.988629739
15.769314000 0.801488610 -2.378616241 2.171684566 -0.065322890 0.047449080 0.134187401 0.987661504
15.869533000 0.777572381 -2.375636856 2.143059784 -0.065710077 0.057534189 0.137616733 0.986627406
15.970106000 0.748784946 -2.375685061 2.143913081 -0.068026734 0.066912182 0.141525954 0.985325087
16.070691000 0.706997893 -2.364119289 2.119059527 -0.069733016 0.072388572 0.146110459 0.984148838
16.171177000 0.675494707 -2.319862555 2.119510026 -0.067151316 0.077938991 0.140647731 0.984700173
16.271372000 0.636361502 -2.296946375 2.122965612 -0.058164895 0.083153411 0.130222923 0.986278027
16.371544000 0.591119790 -2.275096574 2.108203668 -0.050543217 0.086463290 0.123637869 0.987260432
16.471676000 0.546442965 -2.252875390 2.099699339 -0.045785668 0.088343549 0.121078907 0.987643148
16.571591000 0.502451591 -2.243701282 2.075306305 -0.043733940 0.089788426 0.120209871 0.987711986
16.671364000 0.457799320 -2.233660128 2.028729225 -0.042246394 0.091054574 0.119650378 0.987728755
16.771007000 0.410600187 -2.229869156 2.026317405 -0.037477897 0.091855536 0.120433381 0.987751876
16.870416000 0.366661954 -2.239304800 2.014389775 -0.035304184 0.093067928 0.122156709 0.987506817
16.969794000 0.324644008 -2.243867720 2.033854606 -0.034814584 0.094589843 0.124062890 0.987141887
17.069148000 0.279745858 -2.251923007 2.030341372 -0.034963030 0.096612863 0.125600318 0.986746219
17.168755000 0.226899167 -2.242883914 1.968696070 -0.034943754 0.099051230 0.127243553 0.986294513
17.268414000 0.184442901 -2.252363858 1.947692913 -0.035234986 0.101994093 0.127700478 0.985925093
17.368390000 0.142758464 -2.260148814 1.942983881 -0.035687406 0.103620984 0.129924336 0.985448511
17.468515000 0.105202659 -2.268670539 1.947051284 -0.038825243 0.095267261 0.148389639 0.983563554
17.568853000 0.043613716 -2.282390606 1.868434866 -0.038822838 0.090572428 0.149707860 0.983807389
17.669235000 0.033307378 -2.260993281 1.898090410 -0.038524530 0.088310380 0.144765916 0.984763914
17.769574000 -0.017727926 -2.259492562 1.886741062 -0.039436598 0.085756540 0.134992029 0.986340571
17.869891000 -0.066250518 -2.259088974 1.863737198 -0.038454914 0.082906644 0.129322906 0.987382040
17.970157000 -0.103628837 -2.240022037 1.938013558 -0.039968757 0.077456682 0.125474199 0.988260687
18.070463000 -0.157685517 -2.230882098 1.929170563 -0.039502738 0.069765480 0.114844767 0.990142914
18.170873000 -0.216866266 -2.228945823 1.939274480 -0.058454365 0.069552837 0.080405757 0.992612918
18.271137000 -0.265226831 -2.223667644 1.934916754 -0.087485497 0.071985796 0.039027847 0.992794621
18.371118000 -0.298538568 -2.222811179 1.928568937 -0.095063364 0.066726260 0.021638167 0.992996653
18.470790000 -0.309497933 -2.216352320 1.903299868 -0.093872179 0.054536464 0.025101914 0.993772450
18.570396000 -0.311219950 -2.215617334 1.874392072 -0.091578623 0.040490036 0.033580948 0.994407478
18.670004000 -0.304245825 -2.213451050 1.849635418 -0.084276940 0.027882587 0.047100909 0.994937919
18.769538000 -0.289542039 -2.220247094 1.816174596 -0.068140833 0.015041581 0.070607993 0.995060344
18.869150000 -0.275216451 -2.235906233 1.781103366 -0.053592514 0.005895408 0.088466143 0.994618936
18.968958000 -0.262010948 -2.238786489 1.753048808 -0.050728123 0.002719558 0.095039106 0.994176458
19.068969000 -0.258459590 -2.239311603 1.738102656 -0.048140308 0.002062485 0.096789908 0.994137803
19.169051000 -0.246887457 -2.252373260 1.719154112 -0.049016165 0.002634886 0.097263989 0.994047378
19.269261000 -0.238041101 -2.241320197 1.718228313 -0.049586025 0.003998314 0.098067400 0.993935624
19.369589000 -0.233598945 -2.245726634 1.682610777 -0.049374103 0.005559483 0.099047914 0.993841436
19.469752000 -0.221877345 -2.244243987 1.648781192 -0.035859874 0.006068785 0.099317644 0.994390891
19.569611000 -0.209496874 -2.239321224 1.617009346 -0.015463179 0.005633483 0.099819404 0.994869459
19.669091000 -0.198371101 -2.231305507 1.597228385 -0.005264274 0.005753994 0.099784166 0.994978542
19.768578000 -0.196014503 -2.215890618 1.577596601 0.000164445 0.007270115 0.094554133 0.995493161
19.868147000 -0.193428077 -2.211053980 1.580283946 -0.003146412 0.012624234 0.079176451 0.996775711
19.967863000 -0.181911308 -2.219259248 1.586463754 -0.019427091 0.020833269 0.058144166 0.997901708
