1750927643.599994898 0.581187000 -0.775615000 1.146457000 -0.398331211 0.216488658 0.115031350 0.883873688 0.211601943 -0.036412348 0.022356184
1750927643.699995041 0.581187000 -0.775615000 1.146457000 -0.398331211 0.216488658 0.115031350 0.883873688 0.176525405 -0.030988026 0.018546335
1750927643.799994946 0.581187000 -0.775615000 1.146457000 -0.398331211 0.216488658 0.115031350 0.883873688 0.141448951 -0.025563717 0.014736495
1750927643.899995089 0.581187000 -0.775615000 1.146457000 -0.398331211 0.216488658 0.115031350 0.883873688 0.106372414 -0.020139395 0.010926647
1750927643.999994993 0.581187000 -0.775615000 1.146457000 -0.398331211 0.216488658 0.115031350 0.883873688 0.071295960 -0.014715087 0.007116807
1750927644.099994898 0.581187000 -0.775615000 1.146457000 -0.398331211 0.216488658 0.115031350 0.883873688 0.036219506 -0.009290778 0.003306967
1750927644.199995041 0.581187000 -0.775615000 1.146457000 -0.398331211 0.216488658 0.115031350 0.883873688 0.001142969 -0.003866456 -0.000502881
1750927644.299993992 0.581187000 -0.775615000 1.146457000 -0.398331211 0.216488658 0.115031350 0.883873688 -0.033933151 0.001557801 -0.004312685
1750927644.399993896 0.581187000 -0.775615000 1.146457000 -0.398331211 0.216488658 0.115031350 0.883873688 -0.069009605 0.006982110 -0.008122524
1750927644.499994040 0.581187000 -0.775615000 1.146457000 -0.398331211 0.216488658 0.115031350 0.883873688 -0.104714041 0.013405313 -0.012176886
1750927644.599993944 0.581187000 -0.775615000 1.146457000 -0.398331211 0.216488658 0.115031350 0.883873688 -0.143741537 0.026043046 -0.018841312
1750927644.699994087 0.581187000 -0.775615000 1.146457000 -0.398331211 0.216488658 0.115031350 0.883873688 -0.178713647 0.037616838 -0.028741649
1750927644.799993992 0.581187000 -0.775615000 1.146457000 -0.398331211 0.216488658 0.115031350 0.883873688 -0.204375418 0.044825008 -0.044228584
1750927644.899993896 0.581187000 -0.775615000 1.146457000 -0.398331211 0.216488658 0.115031350 0.883873688 -0.218448946 0.048643298 -0.067109434
1750927644.999994040 0.581187000 -0.775615000 1.146457000 -0.398331211 0.216488658 0.115031350 0.883873688 -0.221508462 0.052440825 -0.098729898
1750927645.099993944 0.523678922 -0.804395384 1.173463397 -0.359747297 0.167771573 0.095831887 0.912825739 -0.230491044 0.034144916 -0.121108001
1750927645.199994087 0.454551504 -0.790804880 1.203860594 -0.353598293 0.113202526 0.099019495 0.923227260 -0.237762909 0.032835439 -0.143620143
1750927645.299993992 0.381258924 -0.778464065 1.223752813 -0.366164977 0.053477041 0.100157440 0.923597262 -0.245592326 0.038496853 -0.168867509
1750927645.399992943 0.269487454 -0.773325038 1.220984853 -0.366854346 -0.034539774 0.066743645 0.927237930 -0.265295666 0.020999623 -0.185209726
1750927645.499993086 0.213803571 -0.765796611 1.215459881 -0.407612470 -0.095770557 0.020419137 0.907889384 -0.276569062 0.020660598 -0.207273654
1750927645.599992990 0.200161446 -0.784392727 1.203673226 -0.454279666 -0.149736468 0.027962163 0.877739764 -0.294732930 0.049743918 -0.207454059
1750927645.699992895 0.216471889 -0.830838959 1.179397004 -0.475825880 -0.174566766 0.074751282 0.858794749 -0.296642633 0.089770896 -0.209472272
1750927645.799993038 0.241102853 -0.884999873 1.134159334 -0.476076789 -0.183844514 0.108784071 0.853063955 -0.286411080 0.106353379 -0.218795698
1750927645.899992943 0.254539528 -0.937416292 1.066884535 -0.464647479 -0.199393349 0.124426756 0.853734733 -0.273305304 0.098891485 -0.223657991
1750927645.999993086 0.250805025 -0.977638882 0.986801567 -0.445565837 -0.232385833 0.117633009 0.856522262 -0.259618580 0.073080386 -0.220742522
1750927646.099992990 0.247856170 -1.010823920 0.901379167 -0.411424030 -0.270418572 0.099352602 0.864715632 -0.242259168 0.033212708 -0.216945209
1750927646.199992895 0.259689958 -1.040201429 0.824342046 -0.350292638 -0.291457099 0.078629236 0.886659614 -0.212862917 -0.020073210 -0.210948616
1750927646.299993038 0.263116392 -1.063127747 0.776845518 -0.285691723 -0.321447232 0.053811877 0.901197092 -0.180696408 -0.067552436 -0.184107566
1750927646.399991989 0.263116392 -1.063127747 0.776845518 -0.285691723 -0.321447232 0.053811877 0.901197092 -0.147554229 -0.069578193 -0.157788809
1750927646.499991894 0.234917766 -1.074476785 0.809712641 -0.289754441 -0.344664672 0.036975329 0.892121882 -0.120494283 -0.071391781 -0.117936798
1750927646.599992037 0.254476969 -1.093738951 0.825796688 -0.296737243 -0.352995688 0.024917688 0.886972469 -0.091832924 -0.069599712 -0.073940173
1750927646.699991941 0.222372220 -1.101520080 0.886619376 -0.294561691 -0.348160029 0.025322013 0.889593615 -0.059583746 -0.067860161 -0.031970644
1750927646.799992085 0.202843098 -1.093709072 0.932335829 -0.284340225 -0.333163376 0.014498592 0.898856269 -0.028449879 -0.068029754 0.003925957
1750927646.899991989 0.193007598 -1.079499055 0.961937649 -0.280765089 -0.311221785 -0.003356608 0.907910072 -0.006197969 -0.066730114 0.022450835
1750927646.999991894 0.193007598 -1.079499055 0.961937649 -0.280765089 -0.311221785 -0.003356608 0.907910072 0.006234567 -0.063753959 0.025785990
1750927647.099992037 0.193007598 -1.079499055 0.961937649 -0.280765089 -0.311221785 -0.003356608 0.907910072 0.011581384 -0.057703027 0.021491305
1750927647.199991941 0.193007598 -1.079499055 0.961937649 -0.280765089 -0.311221785 -0.003356608 0.907910072 0.010205178 -0.047872465 0.007220234
1750927647.299992085 0.193007598 -1.079499055 0.961937649 -0.280765089 -0.311221785 -0.003356608 0.907910072 0.003854941 -0.034896192 -0.015956751
1750927647.399991989 0.193007598 -1.079499055 0.961937649 -0.280765089 -0.311221785 -0.003356608 0.907910072 -0.004346062 -0.020035847 -0.041602581
1750927647.499990940 0.193007598 -1.079499055 0.961937649 -0.280765089 -0.311221785 -0.003356608 0.907910072 -0.013288840 -0.006660802 -0.064218628
1750927647.599991083 0.221590188 -1.074955432 0.965572914 -0.299911384 -0.293466586 0.016359065 0.907558761 -0.018977550 0.004819628 -0.084335906
1750927647.699990988 0.222755717 -1.084471760 0.947289398 -0.325762653 -0.297343883 0.031607928 0.896920425 -0.023341609 0.011260769 -0.100023282
1750927647.799990892 0.242476198 -1.123170720 0.872851302 -0.316841385 -0.333638780 0.028932567 0.887389209 -0.025849262 -0.000600559 -0.099236557
1750927647.899991035 0.249571988 -1.148179580 0.830702178 -0.299979317 -0.350150264 0.044510723 0.886242629 -0.020560813 -0.017247028 -0.089443622
1750927647.999990940 0.249571988 -1.148179580 0.830702178 -0.299979317 -0.350150264 0.044510723 0.886242629 -0.010684693 -0.029404085 -0.077627789
1750927648.099991083 0.249571988 -1.148179580 0.830702178 -0.299979317 -0.350150264 0.044510723 0.886242629 -0.001224296 -0.040293481 -0.064584323
1750927648.199990988 0.249571988 -1.148179580 0.830702178 -0.299979317 -0.350150264 0.044510723 0.886242629 0.007820332 -0.049915162 -0.050313288
1750927648.299990892 0.249571988 -1.148179580 0.830702178 -0.299979317 -0.350150264 0.044510723 0.886242629 0.016449214 -0.058269156 -0.034814655
1750927648.399991035 0.249571988 -1.148179580 0.830702178 -0.299979317 -0.350150264 0.044510723 0.886242629 0.024662368 -0.065355478 -0.018088383
1750927648.499989986 0.249571988 -1.148179580 0.830702178 -0.299979317 -0.350150264 0.044510723 0.886242629 0.032459681 -0.071174041 -0.000134731
1750927648.599989891 0.245453235 -1.179273350 0.864527471 -0.273297493 -0.388342572 0.050438728 0.878609391 0.044878058 -0.074061026 0.016016084
1750927648.699990034 0.242121511 -1.182662914 0.938824988 -0.275396604 -0.376093058 0.079152840 0.881161478 0.050148834 -0.078778092 0.029734248
1750927648.799989939 0.252808514 -1.176705374 0.978140924 -0.289904699 -0.349126579 0.099113132 0.885574663 0.044665465 -0.083855197 0.037294008
1750927648.899990082 0.252808514 -1.176705374 0.978140924 -0.289904699 -0.349126579 0.099113132 0.885574663 0.038343086 -0.082424087 0.031703189
1750927648.999989986 0.252808514 -1.176705374 0.978140924 -0.289904699 -0.349126579 0.099113132 0.885574663 0.029369469 -0.078605991 0.022454794
1750927649.099989891 0.252808514 -1.176705374 0.978140924 -0.289904699 -0.349126579 0.099113132 0.885574663 0.019557074 -0.072513690 0.012775590
1750927649.199990034 0.252808514 -1.176705374 0.978140924 -0.289904699 -0.349126579 0.099113132 0.885574663 0.001045150 -0.057944028 -0.002357200
1750927649.299989939 0.252808514 -1.176705374 0.978140924 -0.289904699 -0.349126579 0.099113132 0.885574663 -0.022696909 -0.031244141 -0.025626113
1750927649.399990082 0.252808514 -1.176705374 0.978140924 -0.289904699 -0.349126579 0.099113132 0.885574663 -0.046052266 -0.002102944 -0.049148591
1750927649.499989986 0.263289562 -1.189278923 0.971752328 -0.287836801 -0.341210355 0.116069326 0.887273003 -0.067240450 0.028767636 -0.071220953
1750927649.599988937 0.263289562 -1.189278923 0.971752328 -0.287836801 -0.341210355 0.116069326 0.887273003 -0.088277812 0.058214095 -0.089056994
1750927649.699989080 0.252970301 -1.235116766 0.923987604 -0.251259663 -0.371146801 0.107100270 0.887495446 -0.112946348 0.065386896 -0.097666150
1750927649.799988985 0.252970301 -1.235116766 0.923987604 -0.251259663 -0.371146801 0.107100270 0.887495446 -0.116615696 0.069644409 -0.098801795
1750927649.899988890 0.252970301 -1.235116766 0.923987604 -0.251259663 -0.371146801 0.107100270 0.887495446 -0.111936460 0.062858870 -0.092982171
1750927649.999989033 0.252970301 -1.235116766 0.923987604 -0.251259663 -0.371146801 0.107100270 0.887495446 -0.101385705 0.050788074 -0.083438440
1750927650.099988937 0.235393152 -1.237489783 0.875782152 -0.225053469 -0.403668439 0.062211727 0.884608630 -0.085202258 0.022547067 -0.066191682
1750927650.199989080 0.249827793 -1.210809217 0.722968983 -0.049999240 -0.457530617 -0.052599650 0.886227447 -0.045824333 -0.021058281 -0.047098379
1750927650.299988985 0.249827793 -1.210809217 0.722968983 -0.049999240 -0.457530617 -0.052599650 0.886227447 0.007717956 -0.007653155 -0.035482415
1750927650.399988890 0.249827793 -1.210809217 0.722968983 -0.049999240 -0.457530617 -0.052599650 0.886227447 0.060593371 0.008156313 -0.023152500
1750927650.499989033 0.225686002 -1.183146507 0.714716635 -0.042863158 -0.481354755 -0.098256497 0.869945981 0.106946093 0.033402652 -0.015103423
1750927650.599987984 0.232942358 -1.186858269 0.724035493 -0.067540396 -0.504404104 -0.073058365 0.857716311 0.154956942 0.040558110 -0.013604153
1750927650.699987888 0.235893670 -1.207185542 0.765816489 -0.090124831 -0.502509876 -0.022692626 0.859561739 0.199878537 0.028221993 -0.008410570
1750927650.799988031 0.236117003 -1.237278598 0.837128320 -0.109552435 -0.470001682 0.024196960 0.875506248 0.234543625 0.003759770 0.011531475
1750927650.899987936 0.241052570 -1.249388843 0.874807914 -0.120244025 -0.455449776 0.062254773 0.879904096 0.259506640 -0.021455054 0.024909947
1750927650.999988079 0.269380812 -1.260274910 0.953179166 -0.155749524 -0.423658931 0.159672796 0.877929265 0.265023530 -0.087160547 0.042575923
1750927651.099987984 0.324278526 -1.244940163 1.030278084 -0.191215802 -0.368220730 0.261169454 0.871573592 0.242045306 -0.154589345 0.073067794
1750927651.199987888 0.395737107 -1.196958321 1.087702090 -0.220762542 -0.301667091 0.357904675 0.855666471 0.189191338 -0.200196922 0.098592418
1750927651.299988031 0.425691426 -1.156540647 1.115258060 -0.237165944 -0.259765070 0.390467277 0.850770080 0.129833149 -0.170425015 0.100440243
1750927651.399987936 0.425691426 -1.156540647 1.115258060 -0.237165944 -0.259765070 0.390467277 0.850770080 0.092754210 -0.121019423 0.082532127
1750927651.499988079 0.425691426 -1.156540647 1.115258060 -0.237165944 -0.259765070 0.390467277 0.850770080 0.052367520 -0.057997923 0.058744593
1750927651.599987984 0.425691426 -1.156540647 1.115258060 -0.237165944 -0.259765070 0.390467277 0.850770080 0.012424116 0.010221715 0.033487187
1750927651.699986935 0.425691426 -1.156540647 1.115258060 -0.237165944 -0.259765070 0.390467277 0.850770080 -0.025131772 0.070018253 0.010990402
1750927651.799987078 0.415468186 -1.159383798 1.110415023 -0.253195637 -0.261895908 0.372733925 0.853447083 -0.061614563 0.113122354 0.003864630
1750927651.899986982 0.419787019 -1.186239335 1.083145119 -0.229799443 -0.267638671 0.377139500 0.856345465 -0.096046540 0.144876787 -0.001197266
1750927651.999986887 0.419787019 -1.186239335 1.083145119 -0.229799443 -0.267638671 0.377139500 0.856345465 -0.121384623 0.166170886 0.007697438
1750927652.099987030 0.419787019 -1.186239335 1.083145119 -0.229799443 -0.267638671 0.377139500 0.856345465 -0.136647732 0.174682882 0.023226098
1750927652.199986935 0.200607733 -1.205130366 0.909779854 -0.210552765 -0.408144459 0.032671363 0.887703901 -0.197015710 0.033141290 0.089668022
1750927652.299987078 0.200607733 -1.205130366 0.909779854 -0.210552765 -0.408144459 0.032671363 0.887703901 -0.159034416 0.042799353 0.114720826
1750927652.399986982 0.161614267 -1.189855402 0.839468649 -0.164901623 -0.470109086 -0.048526359 0.865707858 -0.107148746 0.035289338 0.145103290
1750927652.499986887 0.150516856 -1.183135369 0.796130506 -0.118646837 -0.495900075 -0.101472711 0.854230257 -0.060325447 0.060472528 0.151316723
1750927652.599987030 0.165668589 -1.189190386 0.840818846 -0.080624945 -0.457902833 -0.069333700 0.882619653 -0.023497983 0.111929383 0.131158833
1750927652.699985981 0.172894157 -1.175523133 0.935227154 -0.073760758 -0.394655377 -0.026319586 0.915485534 0.016700286 0.146420127 0.112015270
1750927652.799985886 0.172894157 -1.175523133 0.935227154 -0.073760758 -0.394655377 -0.026319586 0.915485534 0.056066112 0.165124658 0.097006249
1750927652.899986029 0.170802464 -1.134520700 1.027102272 -0.145061579 -0.338893149 -0.012482831 0.929490587 0.095323705 0.156382832 0.105061731
1750927652.999985933 0.170802464 -1.134520700 1.027102272 -0.145061579 -0.338893149 -0.012482831 0.929490587 0.132554579 0.161453069 0.085827953
1750927653.099986076 0.170608966 -1.061898795 1.115210865 -0.224704290 -0.303883856 -0.002041670 0.925828502 0.169439964 0.132493772 0.090661423
1750927653.199985981 0.201948225 -0.998241848 1.164163888 -0.261316605 -0.266961985 -0.005686997 0.927584276 0.160270389 0.106092521 0.063546224
1750927653.299985886 0.247401585 -0.950931338 1.178791739 -0.274940602 -0.224403949 -0.030169199 0.934419795 0.121419201 0.095281966 0.029726780
1750927653.399986029 0.301787541 -0.913061887 1.183215077 -0.326176062 -0.178499121 -0.043650453 0.927276592 0.086803915 0.085651790 -0.007525045
1750927653.499985933 0.363319875 -0.897378798 1.158690038 -0.371254251 -0.135575619 -0.021032238 0.918339359 0.053305582 0.085399017 -0.063030712
1750927653.599986076 0.386158900 -0.904176648 1.115633090 -0.394034405 -0.142608394 0.024744028 0.907627383 0.005812201 0.090693346 -0.125064280
1750927653.699985981 0.368207330 -0.931787163 1.057986150 -0.396075651 -0.181012703 0.031804165 0.899637135 -0.066138791 0.088057195 -0.175749985
1750927653.799984932 0.364146939 -0.957991884 1.001724185 -0.364597525 -0.194352327 0.022697463 0.910373903 -0.133039299 0.056781636 -0.218601906
1750927653.899985075 0.364146939 -0.957991884 1.001724185 -0.364597525 -0.194352327 0.022697463 0.910373903 -0.192332547 0.037496157 -0.250387363
1750927653.999984980 0.364146939 -0.957991884 1.001724185 -0.364597525 -0.194352327 0.022697463 0.910373903 -0.244844033 0.016336105 -0.265399855
1750927654.099984884 0.244855491 -1.170482283 0.765506970 -0.196376906 -0.363041984 -0.021579732 0.910588240 -0.324292206 -0.149778420 -0.158104996
1750927654.199985027 0.244855491 -1.170482283 0.765506970 -0.196376906 -0.363041984 -0.021579732 0.910588240 -0.339204296 -0.169858742 -0.131039384
1750927654.299984932 0.238273035 -1.175516637 0.762652706 -0.208863845 -0.390022083 -0.049116122 0.895458696 -0.333980754 -0.193610049 -0.089704996
1750927654.399985075 0.216131950 -1.217302162 0.746067129 -0.222719092 -0.416744469 -0.101932618 0.875402761 -0.299760828 -0.221113577 -0.056831988
1750927654.499984980 0.167719247 -1.243995713 0.764022824 -0.214466044 -0.442106805 -0.144474448 0.858878934 -0.249056231 -0.236128805 -0.021148598
1750927654.599984884 0.105632547 -1.275070332 0.775855652 -0.177440269 -0.459786369 -0.175641494 0.852209781 -0.191143902 -0.233470115 0.014746585
1750927654.699985027 0.042842884 -1.293009567 0.777319402 -0.114529027 -0.474039151 -0.200077677 0.849787566 -0.135464983 -0.214706571 0.052150030
1750927654.799983978 0.021110438 -1.292711591 0.770097106 -0.066709925 -0.478774438 -0.216638617 0.848170109 -0.095327721 -0.180402898 0.074729966
1750927654.899983883 0.005675787 -1.278063707 0.770802345 -0.021650503 -0.480126924 -0.233304726 0.845327332 -0.060933908 -0.135412735 0.088551082
1750927654.999984026 0.047184879 -1.233970745 0.792433648 0.012690619 -0.465816074 -0.239824472 0.851668102 -0.042558539 -0.077935604 0.089115239
1750927655.099983931 0.047184879 -1.233970745 0.792433648 0.012690619 -0.465816074 -0.239824472 0.851668102 -0.037387782 -0.041453883 0.076452246
1750927655.199984074 0.047184879 -1.233970745 0.792433648 0.012690619 -0.465816074 -0.239824472 0.851668102 -0.040673936 -0.022673830 0.056561346
1750927655.299983978 0.047184879 -1.233970745 0.792433648 0.012690619 -0.465816074 -0.239824472 0.851668102 -0.038929484 0.001132032 0.036205765
1750927655.399983883 0.047184879 -1.233970745 0.792433648 0.012690619 -0.465816074 -0.239824472 0.851668102 -0.018690355 0.040081751 0.021173926
1750927655.499984026 0.047184879 -1.233970745 0.792433648 0.012690619 -0.465816074 -0.239824472 0.851668102 0.000472632 0.069784339 0.006105054
1750927655.599983931 0.047184879 -1.233970745 0.792433648 0.012690619 -0.465816074 -0.239824472 0.851668102 0.017422022 0.088221450 -0.005458856
1750927655.699984074 0.047184879 -1.233970745 0.792433648 0.012690619 -0.465816074 -0.239824472 0.851668102 0.028205429 0.091364004 -0.015760657
1750927655.799983978 0.047184879 -1.233970745 0.792433648 0.012690619 -0.465816074 -0.239824472 0.851668102 0.043909868 0.088859891 -0.029230060
1750927655.899982929 0.051086637 -1.220958587 0.763749135 0.025667333 -0.469359740 -0.262399256 0.842727271 0.054500543 0.085670160 -0.042347285
1750927655.999983072 0.061247367 -1.207873720 0.724374600 0.040197223 -0.478111707 -0.277271719 0.832414423 0.063299690 0.085631008 -0.053304563
1750927656.099982977 0.061247367 -1.207873720 0.724374600 0.040197223 -0.478111707 -0.277271719 0.832414423 0.075743183 0.086564047 -0.062634463
1750927656.199982882 0.061247367 -1.207873720 0.724374600 0.040197223 -0.478111707 -0.277271719 0.832414423 0.086134410 0.085787119 -0.070007576
1750927656.299983025 0.140509309 -1.134236264 0.904805677 -0.325539260 -0.410878625 -0.058252166 0.849593803 0.156365170 0.024487179 -0.053435163
1750927656.399982929 0.140509309 -1.134236264 0.904805677 -0.325539260 -0.410878625 -0.058252166 0.849593803 0.196689128 0.018464955 -0.054565359
1750927656.499983072 0.140509309 -1.134236264 0.904805677 -0.325539260 -0.410878625 -0.058252166 0.849593803 0.229883128 0.011930388 -0.054736821
1750927656.599982977 0.149804150 -1.178763931 0.835909632 -0.278727043 -0.449529160 -0.076276823 0.845231694 0.251346648 0.024907389 -0.068174515
1750927656.699982882 0.227257445 -1.218786802 0.852334627 -0.291858895 -0.391820420 -0.099510932 0.866829117 0.277423402 0.019038245 -0.031075311
1750927656.799983025 0.242058943 -1.232259158 0.861052502 -0.277636341 -0.384721528 -0.079109613 0.876726341 0.290098652 0.002117943 -0.024332584
1750927656.899981976 0.242058943 -1.232259158 0.861052502 -0.277636341 -0.384721528 -0.079109613 0.876726341 0.293690312 -0.004269952 -0.022288041
1750927656.999982119 0.242058943 -1.232259158 0.861052502 -0.277636341 -0.384721528 -0.079109613 0.876726341 0.285344945 -0.004344095 -0.024275520
1750927657.099982023 0.242058943 -1.232259158 0.861052502 -0.277636341 -0.384721528 -0.079109613 0.876726341 0.268812634 -0.003682018 -0.026594270
1750927657.199981928 0.242058943 -1.232259158 0.861052502 -0.277636341 -0.384721528 -0.079109613 0.876726341 0.244585588 -0.003042133 -0.028737399
1750927657.299982071 0.396567207 -1.168755608 1.082216551 -0.235309298 -0.318194463 0.401229814 0.826072911 0.110657880 -0.165506469 -0.015641939
1750927657.399981976 0.396567207 -1.168755608 1.082216551 -0.235309298 -0.318194463 0.401229814 0.826072911 0.089978742 -0.137425520 -0.001977171
1750927657.499982119 0.396567207 -1.168755608 1.082216551 -0.235309298 -0.318194463 0.401229814 0.826072911 0.065806081 -0.097916555 0.009100673
1750927657.599982023 0.396567207 -1.168755608 1.082216551 -0.235309298 -0.318194463 0.401229814 0.826072911 0.022688857 -0.048286803 0.012469012
1750927657.699981928 0.396567207 -1.168755608 1.082216551 -0.235309298 -0.318194463 0.401229814 0.826072911 -0.020428368 0.001342950 0.015837350
1750927657.799982071 0.407082212 -1.176164035 1.069166828 -0.252690789 -0.317990026 0.377454425 0.832200616 -0.065748478 0.048049506 0.019326798
1750927657.899981022 0.407082212 -1.176164035 1.069166828 -0.252690789 -0.317990026 0.377454425 0.832200616 -0.110588533 0.096073294 0.023395667
1750927657.999980927 0.407082212 -1.176164035 1.069166828 -0.252690789 -0.317990026 0.377454425 0.832200616 -0.155429016 0.144097539 0.027464574
1750927658.099981070 0.407082212 -1.176164035 1.069166828 -0.252690789 -0.317990026 0.377454425 0.832200616 -0.200269606 0.192121899 0.031533491
1750927658.199980974 0.245451953 -1.238028780 0.945099528 -0.225392285 -0.329675888 0.030433767 0.916289208 -0.343775298 0.028691554 -0.003463526
1750927658.299981117 0.245451953 -1.238028780 0.945099528 -0.225392285 -0.329675888 0.030433767 0.916289208 -0.408947425 0.037565466 -0.006187732
1750927658.399981022 0.236374226 -1.236524620 0.898831127 -0.144019083 -0.358991393 -0.011595014 0.922089605 -0.475890827 -0.022528534 0.006754631
