1750927643.599994898 0.746217988 -0.621477130 0.377247699 0.075733504 0.907196689 0.326180805 0.254685466 0.211601943 -0.036412348 0.022356184
1750927643.699995041 0.746217988 -0.621477130 0.377247699 0.075733504 0.907196689 0.326180805 0.254685466 0.176525405 -0.030988026 0.018546335
1750927643.799994946 0.746217988 -0.621477130 0.377247699 0.075733504 0.907196689 0.326180805 0.254685466 0.141448951 -0.025563717 0.014736495
1750927643.899995089 0.746217988 -0.621477130 0.377247699 0.075733504 0.907196689 0.326180805 0.254685466 0.106372414 -0.020139395 0.010926647
1750927643.999994993 0.746217988 -0.621477130 0.377247699 0.075733504 0.907196689 0.326180805 0.254685466 0.071295960 -0.014715087 0.007116807
1750927644.099994898 0.746217988 -0.621477130 0.377247699 0.075733504 0.907196689 0.326180805 0.254685466 0.036219506 -0.009290778 0.003306967
1750927644.199995041 0.746217988 -0.621477130 0.377247699 0.075733504 0.907196689 0.326180805 0.254685466 0.001142969 -0.003866456 -0.000502881
1750927644.299993992 0.746217988 -0.621477130 0.377247699 0.075733504 0.907196689 0.326180805 0.254685466 -0.033933151 0.001557801 -0.004312685
1750927644.399993896 0.746217988 -0.621477130 0.377247699 0.075733504 0.907196689 0.326180805 0.254685466 -0.069009605 0.006982110 -0.008122524
1750927644.499994040 0.746217988 -0.621477130 0.377247699 0.075733504 0.907196689 0.326180805 0.254685466 -0.104714041 0.013405313 -0.012176886
1750927644.599993944 0.746217988 -0.621477130 0.377247699 0.075733504 0.907196689 0.326180805 0.254685466 -0.143741537 0.026043046 -0.018841312
1750927644.699994087 0.746217988 -0.621477130 0.377247699 0.075733504 0.907196689 0.326180805 0.254685466 -0.178713647 0.037616838 -0.028741649
1750927644.799993992 0.746217988 -0.621477130 0.377247699 0.075733504 0.907196689 0.326180805 0.254685466 -0.204375418 0.044825008 -0.044228584
1750927644.899993896 0.746217988 -0.621477130 0.377247699 0.075733504 0.907196689 0.326180805 0.254685466 -0.218448946 0.048643298 -0.067109434
1750927644.999994040 0.746217988 -0.621477130 0.377247699 0.075733504 0.907196689 0.326180805 0.254685466 -0.221508462 0.052440825 -0.098729898
1750927645.099993944 0.790338145 -0.665053328 0.409175145 0.073395331 0.909939646 0.273788843 0.302758378 -0.230491044 0.034144916 -0.121108001
1750927645.199994087 0.858266545 -0.671681409 0.444233557 0.073774767 0.894586649 0.261129110 0.355082524 -0.237762909 0.032835439 -0.143620143
1750927645.299993992 0.920610325 -0.676625228 0.489051076 0.062350035 0.870639393 0.264657289 0.409946386 -0.245592326 0.038496853 -0.168867509
1750927645.399992943 0.986949781 -0.686179302 0.578687727 0.022509292 0.840696543 0.238654236 0.485558245 -0.265295666 0.020999623 -0.185209726
1750927645.499993086 1.018674447 -0.684940532 0.625377216 -0.045860363 0.808384403 0.248925879 0.531457798 -0.276569062 0.020660598 -0.207273654
1750927645.599992990 1.011902226 -0.700361115 0.645054384 -0.069664136 0.763073809 0.289791701 0.573485868 -0.294732930 0.049743918 -0.207454059
1750927645.699992895 0.968719647 -0.733677445 0.651211095 -0.042979294 0.731910791 0.327840201 0.595802129 -0.296642633 0.089770896 -0.209472272
1750927645.799993038 0.902706293 -0.766246316 0.664174177 -0.014829357 0.718305563 0.342089041 0.605633797 -0.286411080 0.106353379 -0.218795698
1750927645.899992943 0.827927246 -0.791532855 0.699140001 0.002165319 0.708767628 0.336505389 0.620006358 -0.273305304 0.098891485 -0.223657991
1750927645.999993086 0.758212980 -0.803584044 0.754274154 0.000791184 0.695735083 0.311924521 0.647035672 -0.259618580 0.073080386 -0.220742522
1750927646.099992990 0.686541330 -0.807204650 0.811344241 -0.004164621 0.685085210 0.267763320 0.677453848 -0.242259168 0.033212708 -0.216945209
1750927646.199992895 0.613455876 -0.807976112 0.851290653 0.004161103 0.691021415 0.199314451 0.694799136 -0.212862917 -0.020073210 -0.210948616
1750927646.299993038 0.569063525 -0.813483740 0.879437801 0.008289851 0.686700489 0.125712335 0.715940029 -0.180696408 -0.067552436 -0.184107566
1750927646.399991989 0.569063525 -0.813483740 0.879437801 0.008289851 0.686700489 0.125712335 0.715940029 -0.147554229 -0.069578193 -0.157788809
1750927646.499991894 0.605912903 -0.838659027 0.882978872 -0.012337855 0.671458126 0.120040292 0.731151209 -0.120494283 -0.071391781 -0.117936798
1750927646.599992037 0.599402809 -0.859248125 0.859612277 -0.027690443 0.665778994 0.120541234 0.735827005 -0.091832924 -0.069599712 -0.073940173
1750927646.699991941 0.660128951 -0.890725952 0.849022548 -0.025472280 0.669860658 0.119128339 0.732424945 -0.059583746 -0.067860161 -0.031970644
1750927646.799992085 0.707678604 -0.900978327 0.836126355 -0.027643106 0.684736332 0.106356274 0.720458435 -0.028449879 -0.068029754 0.003925957
1750927646.899991989 0.739907420 -0.898670810 0.824684844 -0.038093255 0.704141602 0.097412795 0.702313503 -0.006197969 -0.066730114 0.022450835
1750927646.999991894 0.739907420 -0.898670810 0.824684844 -0.038093255 0.704141602 0.097412795 0.702313503 0.006234567 -0.063753959 0.025785990
1750927647.099992037 0.739907420 -0.898670810 0.824684844 -0.038093255 0.704141602 0.097412795 0.702313503 0.011581384 -0.057703027 0.021491305
1750927647.199991941 0.739907420 -0.898670810 0.824684844 -0.038093255 0.704141602 0.097412795 0.702313503 0.010205178 -0.047872465 0.007220234
1750927647.299992085 0.739907420 -0.898670810 0.824684844 -0.038093255 0.704141602 0.097412795 0.702313503 0.003854941 -0.034896192 -0.015956751
1750927647.399991989 0.739907420 -0.898670810 0.824684844 -0.038093255 0.704141602 0.097412795 0.702313503 -0.004346062 -0.020035847 -0.041602581
1750927647.499990940 0.739907420 -0.898670810 0.824684844 -0.038093255 0.704141602 0.097412795 0.702313503 -0.013288840 -0.006660802 -0.064218628
1750927647.599991083 0.727065568 -0.891701100 0.799439368 -0.026787880 0.711064154 0.125251664 0.691362567 -0.018977550 0.004819628 -0.084335906
1750927647.699990988 0.709833308 -0.894488616 0.810461389 -0.026266767 0.700999420 0.155420034 0.695524610 -0.023341609 0.011260769 -0.100023282
1750927647.799990892 0.630766876 -0.903750296 0.843480435 -0.030402933 0.676296255 0.142619122 0.722051815 -0.025849262 -0.000600559 -0.099236557
1750927647.899991035 0.587369062 -0.912447141 0.865691618 -0.011494505 0.664100002 0.132284103 0.735758099 -0.020560813 -0.017247028 -0.089443622
1750927647.999990940 0.587369062 -0.912447141 0.865691618 -0.011494505 0.664100002 0.132284103 0.735758099 -0.010684693 -0.029404085 -0.077627789
1750927648.099991083 0.587369062 -0.912447141 0.865691618 -0.011494505 0.664100002 0.132284103 0.735758099 -0.001224296 -0.040293481 -0.064584323
1750927648.199990988 0.587369062 -0.912447141 0.865691618 -0.011494505 0.664100002 0.132284103 0.735758099 0.007820332 -0.049915162 -0.050313288
1750927648.299990892 0.587369062 -0.912447141 0.865691618 -0.011494505 0.664100002 0.132284103 0.735758099 0.016449214 -0.058269156 -0.034814655
1750927648.399991035 0.587369062 -0.912447141 0.865691618 -0.011494505 0.664100002 0.132284103 0.735758099 0.024662368 -0.065355478 -0.018088383
1750927648.499989986 0.587369062 -0.912447141 0.865691618 -0.011494505 0.664100002 0.132284103 0.735758099 0.032459681 -0.071174041 -0.000134731
1750927648.599989891 0.603847637 -0.953118117 0.851469613 -0.000366626 0.636995929 0.106967655 0.763409440 0.044878058 -0.074061026 0.016016084
1750927648.699990034 0.658724062 -0.980947896 0.809555511 0.025953512 0.640891793 0.122486765 0.757351383 0.050148834 -0.078778092 0.029734248
1750927648.799989939 0.682981575 -0.986722855 0.776788606 0.041200008 0.655399214 0.146998570 0.739693078 0.044665465 -0.083855197 0.037294008
1750927648.899990082 0.682981575 -0.986722855 0.776788606 0.041200008 0.655399214 0.146998570 0.739693078 0.038343086 -0.082424087 0.031703189
1750927648.999989986 0.682981575 -0.986722855 0.776788606 0.041200008 0.655399214 0.146998570 0.739693078 0.029369469 -0.078605991 0.022454794
1750927649.099989891 0.682981575 -0.986722855 0.776788606 0.041200008 0.655399214 0.146998570 0.739693078 0.019557074 -0.072513690 0.012775590
1750927649.199990034 0.682981575 -0.986722855 0.776788606 0.041200008 0.655399214 0.146998570 0.739693078 0.001045150 -0.057944028 -0.002357200
1750927649.299989939 0.682981575 -0.986722855 0.776788606 0.041200008 0.655399214 0.146998570 0.739693078 -0.022696909 -0.031244141 -0.025626113
1750927649.399990082 0.682981575 -0.986722855 0.776788606 0.041200008 0.655399214 0.146998570 0.739693078 -0.046052266 -0.002102944 -0.049148591
1750927649.499989986 0.667810368 -0.994973364 0.773544499 0.058267787 0.657769141 0.153303821 0.735147985 -0.067240450 0.028767636 -0.071220953
1750927649.599988937 0.667810368 -0.994973364 0.773544499 0.058267787 0.657769141 0.153303821 0.735147985 -0.088277812 0.058214095 -0.089056994
1750927649.699989080 0.623617674 -1.023705281 0.814903254 0.062488426 0.641991446 0.113016500 0.755757535 -0.112946348 0.065386896 -0.097666150
1750927649.799988985 0.623617674 -1.023705281 0.814903254 0.062488426 0.641991446 0.113016500 0.755757535 -0.116615696 0.069644409 -0.098801795
1750927649.899988890 0.623617674 -1.023705281 0.814903254 0.062488426 0.641991446 0.113016500 0.755757535 -0.111936460 0.062858870 -0.092982171
1750927649.999989033 0.623617674 -1.023705281 0.814903254 0.062488426 0.641991446 0.113016500 0.755757535 -0.101385705 0.050788074 -0.083438440
1750927650.099988937 0.598219416 -1.012621875 0.858151833 0.029734375 0.628420302 0.066527762 0.774453257 -0.085202258 0.022547067 -0.066191682
1750927650.199989080 0.487539447 -0.935908446 0.936491288 -0.003018303 0.601424586 -0.145139364 0.785629634 -0.045824333 -0.021058281 -0.047098379
1750927650.299988985 0.487539447 -0.935908446 0.936491288 -0.003018303 0.601424586 -0.145139364 0.785629634 0.007717956 -0.007653155 -0.035482415
1750927650.399988890 0.487539447 -0.935908446 0.936491288 -0.003018303 0.601424586 -0.145139364 0.785629634 0.060593371 0.008156313 -0.023152500
1750927650.499989033 0.505335623 -0.910637456 0.957958147 -0.045401686 0.582092615 -0.172312104 0.793357053 0.106946093 0.033402652 -0.015103423
1750927650.599987984 0.506527153 -0.916154796 0.946939426 -0.038059519 0.560917782 -0.141308774 0.814834060 0.154956942 0.040558110 -0.013604153
1750927650.699987888 0.528243320 -0.948379554 0.921297021 -0.002680355 0.559264429 -0.099677805 0.822970503 0.199878537 0.028221993 -0.008410570
1750927650.799988031 0.569742912 -0.999733279 0.880903978 0.036508971 0.583316021 -0.059884793 0.809211546 0.234543625 0.003759770 0.011531475
1750927650.899987936 0.590089348 -1.022663642 0.855389459 0.067938519 0.589595738 -0.032660357 0.804173193 0.259506640 -0.021455054 0.024909947
1750927650.999988079 0.626512092 -1.054510268 0.786671012 0.142470068 0.592580639 0.045068344 0.791529728 0.265023530 -0.087160547 0.042575923
1750927651.099987984 0.655099023 -1.057783577 0.695209384 0.222847821 0.601274571 0.128215766 0.756550366 0.242045306 -0.154589345 0.073067794
1750927651.199987888 0.670614801 -1.021843362 0.599430137 0.301582634 0.606217247 0.206711255 0.706271210 0.189191338 -0.200196922 0.098592418
1750927651.299988031 0.686562713 -0.988917476 0.555251735 0.327693928 0.617415930 0.241422287 0.673148972 0.129833149 -0.170425015 0.100440243
1750927651.399987936 0.686562713 -0.988917476 0.555251735 0.327693928 0.617415930 0.241422287 0.673148972 0.092754210 -0.121019423 0.082532127
1750927651.499988079 0.686562713 -0.988917476 0.555251735 0.327693928 0.617415930 0.241422287 0.673148972 0.052367520 -0.057997923 0.058744593
1750927651.599987984 0.686562713 -0.988917476 0.555251735 0.327693928 0.617415930 0.241422287 0.673148972 0.012424116 0.010221715 0.033487187
1750927651.699986935 0.686562713 -0.988917476 0.555251735 0.327693928 0.617415930 0.241422287 0.673148972 -0.025131772 0.070018253 0.010990402
1750927651.799987078 0.688164391 -0.991395726 0.566536506 0.305226580 0.623163509 0.247404216 0.676236001 -0.061614563 0.113122354 0.003864630
1750927651.899986982 0.656616205 -1.007046596 0.582134011 0.318869065 0.619895148 0.227462328 0.679936332 -0.096046540 0.144876787 -0.001197266
1750927651.999986887 0.656616205 -1.007046596 0.582134011 0.318869065 0.619895148 0.227462328 0.679936332 -0.121384623 0.166170886 0.007697438
1750927652.099987030 0.656616205 -1.007046596 0.582134011 0.318869065 0.619895148 0.227462328 0.679936332 -0.136647732 0.174682882 0.023226098
1750927652.199986935 0.654689206 -0.998174152 0.862079563 0.009684814 0.631496590 0.040050573 0.774283031 -0.197015710 0.033141290 0.089668022
1750927652.299987078 0.654689206 -0.998174152 0.862079563 0.009684814 0.631496590 0.040050573 0.774283031 -0.159034416 0.042799353 0.114720826
1750927652.399986982 0.631978195 -0.966303705 0.933954211 -0.052945868 0.590959843 -0.040920459 0.803920839 -0.107148746 0.035289338 0.145103290
1750927652.499986887 0.609353351 -0.947414166 0.968273415 -0.084593256 0.571373457 -0.106688461 0.809316950 -0.060325447 0.060472528 0.151316723
1750927652.599987030 0.630770672 -0.965567750 0.929867273 -0.031497969 0.603960911 -0.124823148 0.786548331 -0.023497983 0.111929383 0.131158833
1750927652.699985981 0.699788795 -0.982550016 0.865835777 0.021464569 0.653576291 -0.107840183 0.748830955 0.016700286 0.146420127 0.112015270
1750927652.799985886 0.699788795 -0.982550016 0.865835777 0.021464569 0.653576291 -0.107840183 0.748830955 0.056066112 0.165124658 0.097006249
1750927652.899986029 0.781817911 -0.974406386 0.808116480 0.011644503 0.696494163 -0.032934891 0.716711643 0.095323705 0.156382832 0.105061731
1750927652.999985933 0.781817911 -0.974406386 0.808116480 0.011644503 0.696494163 -0.032934891 0.716711643 0.132554579 0.161453069 0.085827953
1750927653.099986076 0.870735485 -0.935195387 0.748172628 -0.009602688 0.716318132 0.047203398 0.696109159 0.169439964 0.132493772 0.090661423
1750927653.199985981 0.909330247 -0.887309682 0.687772643 -0.023910652 0.738545682 0.082817680 0.668670164 0.160270389 0.106092521 0.063546224
1750927653.299985886 0.908983822 -0.841607187 0.638483413 -0.045454459 0.767763367 0.089298756 0.632849932 0.121419201 0.095281966 0.029726780
1750927653.399986029 0.892679101 -0.800192999 0.589183164 -0.074873422 0.789025585 0.135907710 0.594442337 0.086803915 0.085651790 -0.007525045
1750927653.499985933 0.843509152 -0.769128580 0.553813927 -0.070286690 0.801829013 0.192358621 0.561362785 0.053305582 0.085399017 -0.063030712
1750927653.599986076 0.796266435 -0.758342740 0.562388533 -0.041805685 0.785870706 0.232483879 0.571498700 0.005812201 0.090693346 -0.125064280
1750927653.699985981 0.755635761 -0.767845306 0.614027848 -0.042066939 0.761618189 0.233096794 0.603186532 -0.066138791 0.088057195 -0.175749985
1750927653.799984932 0.708213185 -0.774586901 0.653704453 -0.036768275 0.762891158 0.198250934 0.614281484 -0.133039299 0.056781636 -0.218601906
1750927653.899985075 0.708213185 -0.774586901 0.653704453 -0.036768275 0.762891158 0.198250934 0.614281484 -0.192332547 0.037496157 -0.250387363
1750927653.999984980 0.708213185 -0.774586901 0.653704453 -0.036768275 0.762891158 0.198250934 0.614281484 -0.244844033 0.016336105 -0.265399855
1750927654.099984884 0.535167130 -0.912717694 0.910912810 -0.023829528 0.676721239 0.007589030 0.735814463 -0.324292206 -0.149778420 -0.158104996
1750927654.199985027 0.535167130 -0.912717694 0.910912810 -0.023829528 0.676721239 0.007589030 0.735814463 -0.339204296 -0.169858742 -0.131039384
1750927654.299984932 0.535300308 -0.917396585 0.918322973 -0.058805197 0.656946116 0.004998974 0.751624081 -0.333980754 -0.193610049 -0.089704996
1750927654.399985075 0.522211000 -0.954108969 0.949822339 -0.117382150 0.636486303 -0.006601585 0.762274908 -0.299760828 -0.221113577 -0.056831988
1750927654.499984980 0.555037825 -0.991542366 0.979820384 -0.156743927 0.615728012 -0.033605652 0.771479758 -0.249056231 -0.236128805 -0.021148598
1750927654.599984884 0.590068346 -1.032947098 1.024752742 -0.171456258 0.602040946 -0.081341287 0.775585615 -0.191143902 -0.233470115 0.014746585
1750927654.699985027 0.622444900 -1.058781297 1.075258716 -0.168129353 0.589603225 -0.149150964 0.775792851 -0.135464983 -0.214706571 0.052150030
1750927654.799983978 0.630243036 -1.059117524 1.096790683 -0.163063935 0.582691569 -0.199035489 0.770886219 -0.095327721 -0.180402898 0.074729966
1750927654.899983883 0.644937817 -1.047751411 1.107190741 -0.159038411 0.576487713 -0.245920839 0.762818223 -0.060933908 -0.135412735 0.088551082
1750927654.999984026 0.650941262 -1.007879176 1.057098119 -0.147529846 0.585038593 -0.277946926 0.747469260 -0.042558539 -0.077935604 0.089115239
1750927655.099983931 0.650941262 -1.007879176 1.057098119 -0.147529846 0.585038593 -0.277946926 0.747469260 -0.037387782 -0.041453883 0.076452246
1750927655.199984074 0.650941262 -1.007879176 1.057098119 -0.147529846 0.585038593 -0.277946926 0.747469260 -0.040673936 -0.022673830 0.056561346
1750927655.299983978 0.650941262 -1.007879176 1.057098119 -0.147529846 0.585038593 -0.277946926 0.747469260 -0.038929484 0.001132032 0.036205765
1750927655.399983883 0.650941262 -1.007879176 1.057098119 -0.147529846 0.585038593 -0.277946926 0.747469260 -0.018690355 0.040081751 0.021173926
1750927655.499984026 0.650941262 -1.007879176 1.057098119 -0.147529846 0.585038593 -0.277946926 0.747469260 0.000472632 0.069784339 0.006105054
1750927655.599983931 0.650941262 -1.007879176 1.057098119 -0.147529846 0.585038593 -0.277946926 0.747469260 0.017422022 0.088221450 -0.005458856
1750927655.699984074 0.650941262 -1.007879176 1.057098119 -0.147529846 0.585038593 -0.277946926 0.747469260 0.028205429 0.091364004 -0.015760657
1750927655.799983978 0.650941262 -1.007879176 1.057098119 -0.147529846 0.585038593 -0.277946926 0.747469260 0.043909868 0.088859891 -0.029230060
1750927655.899982929 0.632178671 -0.985828524 1.070101011 -0.163575905 0.577101653 -0.298532703 0.742344146 0.054500543 0.085670160 -0.042347285
1750927655.999983072 0.601935140 -0.959372659 1.084600120 -0.172939858 0.564494822 -0.317728701 0.741947353 0.063299690 0.085631008 -0.053304563
1750927656.099982977 0.601935140 -0.959372659 1.084600120 -0.172939858 0.564494822 -0.317728701 0.741947353 0.075743183 0.086564047 -0.062634463
1750927656.199982882 0.601935140 -0.959372659 1.084600120 -0.172939858 0.564494822 -0.317728701 0.741947353 0.086134410 0.085787119 -0.070007576
1750927656.299983025 0.711007008 -0.938436826 0.905923535 -0.125583749 0.622480894 0.107017910 0.765044721 0.156365170 0.024487179 -0.053435163
1750927656.399982929 0.711007008 -0.938436826 0.905923535 -0.125583749 0.622480894 0.107017910 0.765044721 0.196689128 0.018464955 -0.054565359
1750927656.499983072 0.711007008 -0.938436826 0.905923535 -0.125583749 0.622480894 0.107017910 0.765044721 0.229883128 0.011930388 -0.054736821
1750927656.599982977 0.640201121 -0.956380618 0.944398447 -0.126643188 0.598910969 0.053156472 0.788949646 0.251346648 0.024907389 -0.068174515
1750927656.699982882 0.592375777 -0.988597136 0.876978449 -0.143084084 0.647469174 0.060024033 0.746128494 0.277423402 0.019038245 -0.031075311
1750927656.799983025 0.585312723 -1.002019712 0.861276927 -0.116746609 0.654840172 0.055961931 0.744595756 0.290098652 0.002117943 -0.024332584
1750927656.899981976 0.585312723 -1.002019712 0.861276927 -0.116746609 0.654840172 0.055961931 0.744595756 0.293690312 -0.004269952 -0.022288041
1750927656.999982119 0.585312723 -1.002019712 0.861276927 -0.116746609 0.654840172 0.055961931 0.744595756 0.285344945 -0.004344095 -0.024275520
1750927657.099982023 0.585312723 -1.002019712 0.861276927 -0.116746609 0.654840172 0.055961931 0.744595756 0.268812634 -0.003682018 -0.026594270
1750927657.199981928 0.585312723 -1.002019712 0.861276927 -0.116746609 0.654840172 0.055961931 0.744595756 0.244585588 -0.003042133 -0.028737399
1750927657.299982071 0.675726666 -0.993558351 0.599412906 0.327754658 0.568822536 0.239459733 0.715315904 0.110657880 -0.165506469 -0.015641939
1750927657.399981976 0.675726666 -0.993558351 0.599412906 0.327754658 0.568822536 0.239459733 0.715315904 0.089978742 -0.137425520 -0.001977171
1750927657.499982119 0.675726666 -0.993558351 0.599412906 0.327754658 0.568822536 0.239459733 0.715315904 0.065806081 -0.097916555 0.009100673
1750927657.599982023 0.675726666 -0.993558351 0.599412906 0.327754658 0.568822536 0.239459733 0.715315904 0.022688857 -0.048286803 0.012469012
1750927657.699981928 0.675726666 -0.993558351 0.599412906 0.327754658 0.568822536 0.239459733 0.715315904 -0.020428368 0.001342950 0.015837350
1750927657.799982071 0.657447452 -0.994802088 0.599675319 0.300100203 0.579600777 0.243951929 0.717279767 -0.065748478 0.048049506 0.019326798
1750927657.899981022 0.657447452 -0.994802088 0.599675319 0.300100203 0.579600777 0.243951929 0.717279767 -0.110588533 0.096073294 0.023395667
1750927657.999980927 0.657447452 -0.994802088 0.599675319 0.300100203 0.579600777 0.243951929 0.717279767 -0.155429016 0.144097539 0.027464574
1750927658.099981070 0.657447452 -0.994802088 0.599675319 0.300100203 0.579600777 0.243951929 0.717279767 -0.200269606 0.192121899 0.031533491
1750927658.199980974 0.642463876 -1.034333867 0.808378488 0.014507052 0.692520303 0.059400011 0.718802347 -0.343775298 0.028691554 -0.003463526
1750927658.299981117 0.642463876 -1.034333867 0.808378488 0.014507052 0.692520303 0.059400011 0.718802347 -0.408947425 0.037565466 -0.006187732
1750927658.399981022 0.614729181 -1.019093570 0.843363523 0.009494349 0.681078993 -0.035304373 0.731296700 -0.475890827 -0.022528534 0.006754631
