1750927643.599994898 0.000000000 0.000000000 0.000000000 0.000000000 0.000000000 0.000000000 1.000000000 0.211601943 -0.036412348 0.022356184
1750927643.699995041 0.000000000 0.000000000 0.000000000 0.000000000 0.000000000 0.000000000 1.000000000 0.176525405 -0.030988026 0.018546335
1750927643.799994946 0.000000000 0.000000000 0.000000000 0.000000000 0.000000000 0.000000000 1.000000000 0.141448951 -0.025563717 0.014736495
1750927643.899995089 0.000000000 0.000000000 0.000000000 0.000000000 0.000000000 0.000000000 1.000000000 0.106372414 -0.020139395 0.010926647
1750927643.999994993 0.000000000 0.000000000 0.000000000 0.000000000 0.000000000 0.000000000 1.000000000 0.071295960 -0.014715087 0.007116807
1750927644.099994898 0.000000000 0.000000000 0.000000000 0.000000000 0.000000000 0.000000000 1.000000000 0.036219506 -0.009290778 0.003306967
1750927644.199995041 0.000000000 0.000000000 0.000000000 0.000000000 0.000000000 0.000000000 1.000000000 0.001142969 -0.003866456 -0.000502881
1750927644.299993992 0.000000000 0.000000000 0.000000000 0.000000000 0.000000000 0.000000000 1.000000000 -0.033933151 0.001557801 -0.004312685
1750927644.399993896 0.000000000 0.000000000 0.000000000 0.000000000 0.000000000 0.000000000 1.000000000 -0.069009605 0.006982110 -0.008122524
1750927644.499994040 0.000000000 0.000000000 0.000000000 0.000000000 0.000000000 0.000000000 1.000000000 -0.104714041 0.013405313 -0.012176886
1750927644.599993944 0.000000000 0.000000000 0.000000000 0.000000000 0.000000000 0.000000000 1.000000000 -0.143741537 0.026043046 -0.018841312
1750927644.699994087 0.000000000 0.000000000 0.000000000 0.000000000 0.000000000 0.000000000 1.000000000 -0.178713647 0.037616838 -0.028741649
1750927644.799993992 0.000000000 0.000000000 0.000000000 0.000000000 0.000000000 0.000000000 1.000000000 -0.204375418 0.044825008 -0.044228584
1750927644.899993896 0.000000000 0.000000000 0.000000000 0.000000000 0.000000000 0.000000000 1.000000000 -0.218448946 0.048643298 -0.067109434
1750927644.999994040 0.000000000 0.000000000 0.000000000 0.000000000 0.000000000 0.000000000 1.000000000 -0.221508462 0.052440825 -0.098729898
1750927645.099993944 -0.064294511 -0.014944753 -0.022532317 0.044188286 -0.046118155 -0.031352849 0.997465543 -0.230491044 0.034144916 -0.121108001
1750927645.199994087 -0.139111786 0.000062247 -0.014503831 0.046799247 -0.098579163 -0.050137272 0.992762929 -0.237762909 0.032835439 -0.143620143
1750927645.299993992 -0.212649247 0.022688389 -0.014816545 0.028722614 -0.150456765 -0.075685104 0.985296675 -0.245592326 0.038496853 -0.168867509
1750927645.399992943 -0.309514255 0.069877181 -0.045103853 0.026672505 -0.215651619 -0.140846554 0.965890887 -0.265295666 0.020999623 -0.185209726
1750927645.499993086 -0.355651816 0.099359386 -0.058888713 -0.014074387 -0.242442197 -0.212779682 0.946439908 -0.276569062 0.020660598 -0.207273654
1750927645.599992990 -0.362637517 0.099996040 -0.083821482 -0.075172579 -0.281250627 -0.234243674 0.927565129 -0.294732930 0.049743918 -0.207454059
1750927645.699992895 -0.338206596 0.079273290 -0.128389584 -0.114748678 -0.315255170 -0.205263926 0.919409397 -0.296642633 0.089770896 -0.209472272
1750927645.799993038 -0.296750668 0.064077167 -0.188697292 -0.125688149 -0.335742335 -0.178273954 0.916350354 -0.286411080 0.106353379 -0.218795698
1750927645.899992943 -0.254636561 0.068652602 -0.263926217 -0.120493958 -0.357176455 -0.168244227 0.910823839 -0.273305304 0.098891485 -0.223657991
1750927645.999993086 -0.221177745 0.096063745 -0.342502434 -0.104842238 -0.386429938 -0.183580671 0.897762856 -0.259618580 0.073080386 -0.220742522
1750927646.099992990 -0.184277712 0.131291493 -0.418688537 -0.071818974 -0.418465568 -0.208439049 0.881068537 -0.242259168 0.033212708 -0.216945209
1750927646.199992895 -0.138231788 0.157975357 -0.482763016 -0.006979289 -0.440588855 -0.224426182 0.869175264 -0.212862917 -0.020073210 -0.210948616
1750927646.299993038 -0.113395699 0.172722422 -0.527023263 0.057833362 -0.467789145 -0.245994499 0.846944700 -0.180696408 -0.067552436 -0.184107566
1750927646.399991989 -0.113395699 0.172722422 -0.527023263 0.057833362 -0.467789145 -0.245994499 0.846944700 -0.147554229 -0.069578193 -0.157788809
1750927646.499991894 -0.154145450 0.154366270 -0.524430879 0.051601682 -0.479171887 -0.269959710 0.833578625 -0.120494283 -0.071391781 -0.117936798
1750927646.599992037 -0.145161303 0.123851315 -0.523788484 0.045030609 -0.479814488 -0.284854999 0.828618085 -0.091832924 -0.069599712 -0.073940173
1750927646.699991941 -0.202497893 0.091011876 -0.503179093 0.048466327 -0.476519136 -0.282401965 0.831161632 -0.059583746 -0.067860161 -0.031970644
1750927646.799992085 -0.241123514 0.073562552 -0.476050234 0.065258650 -0.462133731 -0.284847531 0.837278691 -0.028449879 -0.068029754 0.003925957
1750927646.899991989 -0.263379299 0.067213749 -0.450765809 0.078414449 -0.437999151 -0.292156746 0.846553219 -0.006197969 -0.066730114 0.022450835
1750927646.999991894 -0.263379299 0.067213749 -0.450765809 0.078414449 -0.437999151 -0.292156746 0.846553219 0.006234567 -0.063753959 0.025785990
1750927647.099992037 -0.263379299 0.067213749 -0.450765809 0.078414449 -0.437999151 -0.292156746 0.846553219 0.011581384 -0.057703027 0.021491305
1750927647.199991941 -0.263379299 0.067213749 -0.450765809 0.078414449 -0.437999151 -0.292156746 0.846553219 0.010205178 -0.047872465 0.007220234
1750927647.299992085 -0.263379299 0.067213749 -0.450765809 0.078414449 -0.437999151 -0.292156746 0.846553219 0.003854941 -0.034896192 -0.015956751
1750927647.399991989 -0.263379299 0.067213749 -0.450765809 0.078414449 -0.437999151 -0.292156746 0.846553219 -0.004346062 -0.020035847 -0.041602581
1750927647.499990940 -0.263379299 0.067213749 -0.450765809 0.078414449 -0.437999151 -0.292156746 0.846553219 -0.013288840 -0.006660802 -0.064218628
1750927647.599991083 -0.239816359 0.057074805 -0.436880069 0.059125790 -0.427880687 -0.271762676 0.859980992 -0.018977550 0.004819628 -0.084335906
1750927647.699990988 -0.230412196 0.062355858 -0.454483425 0.028291736 -0.432105040 -0.264201820 0.861790120 -0.023341609 0.011260769 -0.100023282
1750927647.799990892 -0.178948197 0.078258396 -0.521759743 0.028784563 -0.462082290 -0.277996150 0.841646926 -0.025849262 -0.000600559 -0.099236557
1750927647.899991035 -0.153484589 0.086760862 -0.563372899 0.037959951 -0.484573067 -0.267021727 0.832134233 -0.020560813 -0.017247028 -0.089443622
1750927647.999990940 -0.153484589 0.086760862 -0.563372899 0.037959951 -0.484573067 -0.267021727 0.832134233 -0.010684693 -0.029404085 -0.077627789
1750927648.099991083 -0.153484589 0.086760862 -0.563372899 0.037959951 -0.484573067 -0.267021727 0.832134233 -0.001224296 -0.040293481 -0.064584323
1750927648.199990988 -0.153484589 0.086760862 -0.563372899 0.037959951 -0.484573067 -0.267021727 0.832134233 0.007820332 -0.049915162 -0.050313288
1750927648.299990892 -0.153484589 0.086760862 -0.563372899 0.037959951 -0.484573067 -0.267021727 0.832134233 0.016449214 -0.058269156 -0.034814655
1750927648.399991035 -0.153484589 0.086760862 -0.563372899 0.037959951 -0.484573067 -0.267021727 0.832134233 0.024662368 -0.065355478 -0.018088383
1750927648.499989986 -0.153484589 0.086760862 -0.563372899 0.037959951 -0.484573067 -0.267021727 0.832134233 0.032459681 -0.071174041 -0.000134731
1750927648.599989891 -0.174113021 0.045771672 -0.568094265 0.052826097 -0.522108290 -0.270340934 0.807172916 0.044878058 -0.074061026 0.016016084
1750927648.699990034 -0.212391104 -0.003816508 -0.527863539 0.047180122 -0.523030028 -0.240829926 0.816219684 0.050148834 -0.078778092 0.029734248
1750927648.799989939 -0.221453771 -0.029649610 -0.497106978 0.034895522 -0.506432392 -0.216094452 0.834033406 0.044665465 -0.083855197 0.037294008
1750927648.899990082 -0.221453771 -0.029649610 -0.497106978 0.034895522 -0.506432392 -0.216094452 0.834033406 0.038343086 -0.082424087 0.031703189
1750927648.999989986 -0.221453771 -0.029649610 -0.497106978 0.034895522 -0.506432392 -0.216094452 0.834033406 0.029369469 -0.078605991 0.022454794
1750927649.099989891 -0.221453771 -0.029649610 -0.497106978 0.034895522 -0.506432392 -0.216094452 0.834033406 0.019557074 -0.072513690 0.012775590
1750927649.199990034 -0.221453771 -0.029649610 -0.497106978 0.034895522 -0.506432392 -0.216094452 0.834033406 0.001045150 -0.057944028 -0.002357200
1750927649.299989939 -0.221453771 -0.029649610 -0.497106978 0.034895522 -0.506432392 -0.216094452 0.834033406 -0.022696909 -0.031244141 -0.025626113
1750927649.399990082 -0.221453771 -0.029649610 -0.497106978 0.034895522 -0.506432392 -0.216094452 0.834033406 -0.046052266 -0.002102944 -0.049148591
1750927649.499989986 -0.209590425 -0.037658973 -0.507298729 0.034639575 -0.506795176 -0.197701725 0.838375081 -0.067240450 0.028767636 -0.071220953
1750927649.599988937 -0.209590425 -0.037658973 -0.507298729 0.034639575 -0.506795176 -0.197701725 0.838375081 -0.088277812 0.058214095 -0.089056994
1750927649.699989080 -0.197428057 -0.032605126 -0.572991950 0.065555820 -0.533938232 -0.209660910 0.816489254 -0.112946348 0.065386896 -0.097666150
1750927649.799988985 -0.197428057 -0.032605126 -0.572991950 0.065555820 -0.533938232 -0.209660910 0.816489254 -0.116615696 0.069644409 -0.098801795
1750927649.899988890 -0.197428057 -0.032605126 -0.572991950 0.065555820 -0.533938232 -0.209660910 0.816489254 -0.111936460 0.062858870 -0.092982171
1750927649.999989033 -0.197428057 -0.032605126 -0.572991950 0.065555820 -0.533938232 -0.209660910 0.816489254 -0.101385705 0.050788074 -0.083438440
1750927650.099988937 -0.190100025 0.003986351 -0.608286662 0.093545729 -0.547192315 -0.256285678 0.791294773 -0.085202258 0.022547067 -0.066191682
1750927650.199989080 -0.104091417 0.116061615 -0.673965659 0.267575903 -0.569553902 -0.341508379 0.698128581 -0.045824333 -0.021058281 -0.047098379
1750927650.299988985 -0.104091417 0.116061615 -0.673965659 0.267575903 -0.569553902 -0.341508379 0.698128581 0.007717956 -0.007653155 -0.035482415
1750927650.399988890 -0.104091417 0.116061615 -0.673965659 0.267575903 -0.569553902 -0.341508379 0.698128581 0.060593371 0.008156313 -0.023152500
1750927650.499989033 -0.120562812 0.148686594 -0.664995892 0.274541549 -0.569721004 -0.387935403 0.670485674 0.106946093 0.033402652 -0.015103423
1750927650.599987984 -0.118713567 0.137426161 -0.660194233 0.239752021 -0.594644679 -0.378780259 0.667414556 0.154956942 0.040558110 -0.013604153
1750927650.699987888 -0.136562997 0.095639155 -0.650055009 0.209839609 -0.610834263 -0.338610333 0.684245485 0.199878537 0.028221993 -0.008410570
1750927650.799988031 -0.171121662 0.029145761 -0.630681151 0.192607654 -0.601995733 -0.290256808 0.718508465 0.234543625 0.003759770 0.011531475
1750927650.899987936 -0.185026164 -0.005311220 -0.616184567 0.178344280 -0.604015517 -0.253642529 0.734182566 0.259506640 -0.021455054 0.024909947
1750927650.999988079 -0.197613586 -0.074382508 -0.569991896 0.128742313 -0.610209290 -0.162333386 0.764668497 0.265023530 -0.087160547 0.042575923
1750927651.099987984 -0.185412001 -0.135400353 -0.497046022 0.079267196 -0.596182545 -0.057487340 0.796855250 0.242045306 -0.154589345 0.073067794
1750927651.199987888 -0.148299506 -0.168344849 -0.406252711 0.033528984 -0.569047680 0.049958051 0.820100444 0.189191338 -0.200196922 0.098592418
1750927651.299988031 -0.133768508 -0.171111099 -0.350832687 0.014850676 -0.542035368 0.092442249 0.835123672 0.129833149 -0.170425015 0.100440243
1750927651.399987936 -0.133768508 -0.171111099 -0.350832687 0.014850676 -0.542035368 0.092442249 0.835123672 0.092754210 -0.121019423 0.082532127
1750927651.499988079 -0.133768508 -0.171111099 -0.350832687 0.014850676 -0.542035368 0.092442249 0.835123672 0.052367520 -0.057997923 0.058744593
1750927651.599987984 -0.133768508 -0.171111099 -0.350832687 0.014850676 -0.542035368 0.092442249 0.835123672 0.012424116 0.010221715 0.033487187
1750927651.699986935 -0.133768508 -0.171111099 -0.350832687 0.014850676 -0.542035368 0.092442249 0.835123672 -0.025131772 0.070018253 0.010990402
1750927651.799987078 -0.140553476 -0.165965723 -0.358804040 0.005342742 -0.535590636 0.072141241 0.841373738 -0.061614563 0.113122354 0.003864630
1750927651.899986982 -0.124647844 -0.167367539 -0.393854941 0.025562183 -0.545740153 0.078479297 0.833879643 -0.096046540 0.144876787 -0.001197266
1750927651.999986887 -0.124647844 -0.167367539 -0.393854941 0.025562183 -0.545740153 0.078479297 0.833879643 -0.121384623 0.166170886 0.007697438
1750927652.099987030 -0.124647844 -0.167367539 -0.393854941 0.025562183 -0.545740153 0.078479297 0.833879643 -0.136647732 0.174682882 0.023226098
1750927652.199986935 -0.235831490 0.016047318 -0.573991369 0.113475734 -0.541719829 -0.281395382 0.783887443 -0.197015710 0.033141290 0.089668022
1750927652.299987078 -0.235831490 0.016047318 -0.573991369 0.113475734 -0.541719829 -0.281395382 0.783887443 -0.159034416 0.042799353 0.114720826
1750927652.399986982 -0.236315011 0.086732714 -0.615232386 0.155514378 -0.564634564 -0.365433168 0.723506522 -0.107148746 0.035289338 0.145103290
1750927652.499986887 -0.225314076 0.123670981 -0.638918878 0.200321392 -0.569176337 -0.411170491 0.683263101 -0.060325447 0.060472528 0.151316723
1750927652.599987030 -0.233367931 0.084761932 -0.612755787 0.242649467 -0.558913237 -0.362662539 0.705133400 -0.023497983 0.111929383 0.131158833
1750927652.699985981 -0.271370339 0.029239495 -0.544748382 0.259771420 -0.528049026 -0.301744648 0.750088797 0.016700286 0.146420127 0.112015270
1750927652.799985886 -0.271370339 0.029239495 -0.544748382 0.259771420 -0.528049026 -0.301744648 0.750088797 0.056066112 0.165124658 0.097006249
1750927652.899986029 -0.315524437 -0.003186456 -0.460335200 0.205748053 -0.479103977 -0.284349708 0.804532387 0.095323705 0.156382832 0.105061731
1750927652.999985933 -0.315524437 -0.003186456 -0.460335200 0.205748053 -0.479103977 -0.284349708 0.804532387 0.132554579 0.161453069 0.085827953
1750927653.099986076 -0.355245549 -0.013112477 -0.353748099 0.135662008 -0.442365016 -0.277996235 0.841799920 0.169439964 0.132493772 0.090661423
1750927653.199985981 -0.348927941 -0.015150608 -0.267802253 0.109037070 -0.404447239 -0.274639230 0.865509469 0.160270389 0.106092521 0.063546224
1750927653.299985886 -0.314415732 -0.010759122 -0.210288006 0.109913605 -0.356991912 -0.283061950 0.883375179 0.121419201 0.095281966 0.029726780
1750927653.399986029 -0.267495746 -0.009242610 -0.163301747 0.069981603 -0.303607731 -0.286962554 0.905857281 0.086803915 0.085651790 -0.007525045
1750927653.499985933 -0.201242113 -0.006028337 -0.148011570 0.026619160 -0.267558103 -0.258603993 0.927808200 0.053305582 0.085399017 -0.063030712
1750927653.599986076 -0.160934658 0.009101683 -0.171846925 -0.008501565 -0.287068851 -0.224644362 0.931157403 0.005812201 0.090693346 -0.125064280
1750927653.699985981 -0.150236865 0.035450997 -0.231838925 -0.019434673 -0.321861076 -0.233224505 0.917406165 -0.066138791 0.088057195 -0.175749985
1750927653.799984932 -0.127931138 0.056596034 -0.285912253 0.013101827 -0.335969495 -0.241007675 0.910421958 -0.133039299 0.056781636 -0.218601906
1750927653.899985075 -0.127931138 0.056596034 -0.285912253 0.013101827 -0.335969495 -0.241007675 0.910421958 -0.192332547 0.037496157 -0.250387363
1750927653.999984980 -0.127931138 0.056596034 -0.285912253 0.013101827 -0.335969495 -0.241007675 0.910421958 -0.244844033 0.016336105 -0.265399855
1750927654.099984884 -0.127398239 0.116558383 -0.619956299 0.152053894 -0.486829902 -0.310944278 0.801991219 -0.324292206 -0.149778420 -0.158104996
1750927654.199985027 -0.127398239 0.116558383 -0.619956299 0.152053894 -0.486829902 -0.310944278 0.801991219 -0.339204296 -0.169858742 -0.131039384
1750927654.299984932 -0.131991054 0.117596291 -0.627348800 0.137848207 -0.494996534 -0.346992893 0.784584117 -0.333980754 -0.193610049 -0.089704996
1750927654.399985075 -0.144893877 0.109350229 -0.675065241 0.125973274 -0.491641619 -0.405012807 0.760515535 -0.299760828 -0.221113577 -0.056831988
1750927654.499984980 -0.196828735 0.098278943 -0.698707143 0.132978330 -0.494485120 -0.449029571 0.732238810 -0.249056231 -0.236128805 -0.021148598
1750927654.599984884 -0.258024956 0.093478145 -0.733238013 0.167761514 -0.500512143 -0.474836804 0.704182987 -0.191143902 -0.233470115 0.014746585
1750927654.699985027 -0.314515598 0.104345905 -0.764176656 0.226052902 -0.510088491 -0.488214430 0.671086051 -0.135464983 -0.214706571 0.052150030
1750927654.799983978 -0.330200811 0.117434669 -0.774530782 0.270715213 -0.512827681 -0.494200070 0.647678419 -0.095327721 -0.180402898 0.074729966
1750927654.899983883 -0.343662455 0.132385713 -0.767563951 0.312862129 -0.511952294 -0.499387680 0.625007266 -0.060933908 -0.135412735 0.088551082
1750927654.999984026 -0.316041775 0.131565498 -0.709499052 0.348798717 -0.502029302 -0.492744778 0.619280727 -0.042558539 -0.077935604 0.089115239
1750927655.099983931 -0.316041775 0.131565498 -0.709499052 0.348798717 -0.502029302 -0.492744778 0.619280727 -0.037387782 -0.041453883 0.076452246
1750927655.199984074 -0.316041775 0.131565498 -0.709499052 0.348798717 -0.502029302 -0.492744778 0.619280727 -0.040673936 -0.022673830 0.056561346
1750927655.299983978 -0.316041775 0.131565498 -0.709499052 0.348798717 -0.502029302 -0.492744778 0.619280727 -0.038929484 0.001132032 0.036205765
1750927655.399983883 -0.316041775 0.131565498 -0.709499052 0.348798717 -0.502029302 -0.492744778 0.619280727 -0.018690355 0.040081751 0.021173926
1750927655.499984026 -0.316041775 0.131565498 -0.709499052 0.348798717 -0.502029302 -0.492744778 0.619280727 0.000472632 0.069784339 0.006105054
1750927655.599983931 -0.316041775 0.131565498 -0.709499052 0.348798717 -0.502029302 -0.492744778 0.619280727 0.017422022 0.088221450 -0.005458856
1750927655.699984074 -0.316041775 0.131565498 -0.709499052 0.348798717 -0.502029302 -0.492744778 0.619280727 0.028205429 0.091364004 -0.015760657
1750927655.799983978 -0.316041775 0.131565498 -0.709499052 0.348798717 -0.502029302 -0.492744778 0.619280727 0.043909868 0.088859891 -0.029230060
1750927655.899982929 -0.298601049 0.157407248 -0.715446006 0.361186633 -0.495726355 -0.510271801 0.602845160 0.054500543 0.085670160 -0.042347285
1750927655.999983072 -0.270580741 0.187939437 -0.725812101 0.372134260 -0.496976600 -0.522571504 0.584336695 0.063299690 0.085631008 -0.053304563
1750927656.099982977 -0.270580741 0.187939437 -0.725812101 0.372134260 -0.496976600 -0.522571504 0.584336695 0.075743183 0.086564047 -0.062634463
1750927656.199982882 -0.270580741 0.187939437 -0.725812101 0.372134260 -0.496976600 -0.522571504 0.584336695 0.086134410 0.085787119 -0.070007576
1750927656.299983025 -0.284157627 0.088408725 -0.540961866 0.016031153 -0.486441352 -0.383358817 0.784954668 0.156365170 0.024487179 -0.053435163
1750927656.399982929 -0.284157627 0.088408725 -0.540961866 0.016031153 -0.486441352 -0.383358817 0.784954668 0.196689128 0.018464955 -0.054565359
1750927656.499983072 -0.284157627 0.088408725 -0.540961866 0.016031153 -0.486441352 -0.383358817 0.784954668 0.229883128 0.011930388 -0.054736821
1750927656.599982977 -0.244674902 0.100778172 -0.612403335 0.055125786 -0.517864284 -0.404049957 0.752011544 0.251346648 0.024907389 -0.068174515
1750927656.699982882 -0.185558255 0.034659491 -0.610362351 0.063790051 -0.460767199 -0.406926061 0.786152402 0.277423402 0.019038245 -0.031075311
1750927656.799983025 -0.177087106 0.014551828 -0.611077618 0.076703306 -0.466397834 -0.384125631 0.793118631 0.290098652 0.002117943 -0.024332584
1750927656.899981976 -0.177087106 0.014551828 -0.611077618 0.076703306 -0.466397834 -0.384125631 0.793118631 0.293690312 -0.004269952 -0.022288041
1750927656.999982119 -0.177087106 0.014551828 -0.611077618 0.076703306 -0.466397834 -0.384125631 0.793118631 0.285344945 -0.004344095 -0.024275520
1750927657.099982023 -0.177087106 0.014551828 -0.611077618 0.076703306 -0.466397834 -0.384125631 0.793118631 0.268812634 -0.003682018 -0.026594270
1750927657.199981928 -0.177087106 0.014551828 -0.611077618 0.076703306 -0.466397834 -0.384125631 0.793118631 0.244585588 -0.003042133 -0.028737399
1750927657.299982071 -0.144096338 -0.146560766 -0.387978128 -0.002397116 -0.592833541 0.081923613 0.801143663 0.110657880 -0.165506469 -0.015641939
1750927657.399981976 -0.144096338 -0.146560766 -0.387978128 -0.002397116 -0.592833541 0.081923613 0.801143663 0.089978742 -0.137425520 -0.001977171
1750927657.499982119 -0.144096338 -0.146560766 -0.387978128 -0.002397116 -0.592833541 0.081923613 0.801143663 0.065806081 -0.097916555 0.009100673
1750927657.599982023 -0.144096338 -0.146560766 -0.387978128 -0.002397116 -0.592833541 0.081923613 0.801143663 0.022688857 -0.048286803 0.012469012
1750927657.699981928 -0.144096338 -0.146560766 -0.387978128 -0.002397116 -0.592833541 0.081923613 0.801143663 -0.020428368 0.001342950 0.015837350
1750927657.799982071 -0.128884000 -0.146834876 -0.398188663 -0.010148684 -0.582509527 0.056522832 0.810792714 -0.065748478 0.048049506 0.019326798
1750927657.899981022 -0.128884000 -0.146834876 -0.398188663 -0.010148684 -0.582509527 0.056522832 0.810792714 -0.110588533 0.096073294 0.023395667
1750927657.999980927 -0.128884000 -0.146834876 -0.398188663 -0.010148684 -0.582509527 0.056522832 0.810792714 -0.155429016 0.144097539 0.027464574
1750927658.099981070 -0.128884000 -0.146834876 -0.398188663 -0.010148684 -0.582509527 0.056522832 0.810792714 -0.200269606 0.192121899 0.031533491
1750927658.199980974 -0.214146820 -0.045504924 -0.564942297 0.121256652 -0.475953604 -0.258617448 0.831794450 -0.343775298 0.028691554 -0.003463526
1750927658.299981117 -0.214146820 -0.045504924 -0.564942297 0.121256652 -0.475953604 -0.258617448 0.831794450 -0.408947425 0.037565466 -0.006187732
1750927658.399981022 -0.200140087 -0.010830946 -0.593699197 0.201217316 -0.495739623 -0.290493714 0.793326680 -0.475890827 -0.022528534 0.006754631
