1750927643.599994898 0.575543600 -0.736931556 0.508646690 0.022341041 0.784968784 0.365859979 0.499471082 -0.326522386 0.210212544 0.094498621
1750927643.699995041 0.662329613 -0.665689532 0.587129612 0.065009654 0.799310284 0.362656255 0.474718080 -0.215377288 0.185177186 0.094253351
1750927643.799994946 0.662329613 -0.665689532 0.587129612 0.065009654 0.799310284 0.362656255 0.474718080 -0.120750970 0.129242919 0.114351414
1750927643.899995089 0.662329613 -0.665689532 0.587129612 0.065009654 0.799310284 0.362656255 0.474718080 -0.026124428 0.073308519 0.134449524
1750927643.999994993 0.645534587 -0.678178184 0.568826517 0.080726675 0.825256351 0.355280441 0.431521689 0.054282233 0.024119641 0.158126016
1750927644.099994898 0.645534587 -0.678178184 0.568826517 0.080726675 0.825256351 0.355280441 0.431521689 0.112568536 -0.017913967 0.170930873
1750927644.199995041 0.641632604 -0.676153768 0.552901584 0.076159359 0.844729539 0.351019559 0.396758146 0.131407171 -0.058396573 0.189321757
1750927644.299993992 0.653199734 -0.641804964 0.494939977 0.030008012 0.895579671 0.351763423 0.270738004 0.060332129 -0.067970682 0.232097525
1750927644.399993896 0.692256992 -0.587535092 0.455985075 -0.071026404 0.882169076 0.406282470 0.227304919 0.002201127 -0.117840167 0.189717135
1750927644.499994040 0.699585244 -0.579001686 0.451464686 -0.105062363 0.870986203 0.423827931 0.225199510 -0.064186648 -0.149512941 0.098927402
1750927644.599993944 0.703364757 -0.590182932 0.442992406 -0.106534188 0.875877436 0.414191777 0.223459966 -0.152106190 -0.159360719 -0.013240069
1750927644.699994087 0.708839729 -0.617918089 0.426758987 -0.099503712 0.890309637 0.385400124 0.221166239 -0.256009316 -0.151755032 -0.133562912
1750927644.799993992 0.715670428 -0.642303710 0.434500601 -0.095584060 0.895708983 0.363945767 0.236880950 -0.358606128 -0.140822755 -0.224343128
1750927644.899993896 0.765620430 -0.715936491 0.477635219 -0.091956723 0.903225445 0.275764871 0.315723761 -0.473657335 -0.178165818 -0.189249110
1750927644.999994040 0.816226126 -0.760363302 0.530471169 -0.097355334 0.898371218 0.188584442 0.384560790 -0.573844298 -0.193110520 -0.109583098
1750927645.099993944 0.868724142 -0.780044816 0.603460794 -0.100586841 0.878866429 0.129029275 0.448137852 -0.648162643 -0.161532924 -0.024285764
1750927645.199994087 0.918820828 -0.772648602 0.656786587 -0.109024299 0.851731024 0.126955440 0.496538298 -0.662011436 -0.100972722 0.034753454
1750927645.299993992 0.963342524 -0.752148430 0.714992287 -0.130816789 0.818132902 0.136983256 0.542937483 -0.599151420 -0.049191049 0.062353519
1750927645.399992943 0.995717246 -0.732279091 0.779370421 -0.158489676 0.785117754 0.123188970 0.585914339 -0.493986532 -0.034109692 0.020936864
1750927645.499993086 1.018597613 -0.707556897 0.838679484 -0.218704202 0.747882549 0.115091430 0.616112106 -0.387571294 -0.040129730 -0.088081887
1750927645.599992990 1.014295220 -0.698434545 0.875778251 -0.274221373 0.700369475 0.150163360 0.641666737 -0.318359867 0.019287821 -0.221906412
1750927645.699992895 0.977353501 -0.730778974 0.884909543 -0.267261822 0.662450238 0.213568753 0.666422680 -0.287945939 0.144122252 -0.348056527
1750927645.799993038 0.916264084 -0.768915337 0.888310128 -0.242843828 0.650957158 0.238430906 0.678551661 -0.252274476 0.239570889 -0.476740733
1750927645.899992943 0.837951485 -0.799620209 0.902371702 -0.225775202 0.640760501 0.241781459 0.692815463 -0.234794654 0.290831185 -0.561662373
1750927645.999993086 0.752345199 -0.808848816 0.932495369 -0.225775639 0.620059644 0.224532975 0.717033013 -0.261880333 0.288887634 -0.564910982
1750927646.099992990 0.669101500 -0.805030134 0.961777599 -0.227875963 0.595246738 0.188622300 0.747111434 -0.306881433 0.224194376 -0.486383640
1750927646.199992895 0.569857451 -0.803359703 0.976398215 -0.208093982 0.582052235 0.109182939 0.778454350 -0.314657234 0.084103265 -0.364784806
1750927646.299993038 0.520970143 -0.805994351 0.988135563 -0.197421224 0.558074316 0.043780245 0.804774010 -0.274389242 -0.038788120 -0.181748499
1750927646.399991989 0.523126185 -0.803286785 1.002209247 -0.208356500 0.520906910 0.026852008 0.827358768 -0.186127574 -0.114879153 0.016340224
1750927646.499991894 0.557239062 -0.813111001 1.026826453 -0.229231501 0.502895546 0.020422776 0.833145785 -0.062830012 -0.174674778 0.180023927
1750927646.599992037 0.606134722 -0.835010041 1.056969850 -0.243571037 0.497319297 0.019588056 0.832443977 0.076339297 -0.201248263 0.306405024
1750927646.699991941 0.654492161 -0.854610706 1.078122277 -0.244220922 0.499451503 0.019131563 0.830986354 0.194625143 -0.187314307 0.377074562
1750927646.799992085 0.728759059 -0.861860169 1.101100217 -0.238243737 0.512740879 0.006248861 0.824801591 0.318276043 -0.115086344 0.374013699
1750927646.899991989 0.792728179 -0.850981562 1.103880614 -0.247541456 0.554308097 -0.024094404 0.794282834 0.437534716 0.020475847 0.323064853
1750927646.999991894 0.855883500 -0.837834230 1.056388554 -0.252082718 0.605813662 -0.029804496 0.754026393 0.564112605 0.167785055 0.254789776
1750927647.099992037 0.892304445 -0.826422496 0.985822741 -0.250962146 0.647495275 -0.002562347 0.719556325 0.704282410 0.277121978 0.176126035
1750927647.199991941 0.910805715 -0.827385716 0.910666398 -0.229131214 0.682714233 0.050225684 0.692009785 0.829962974 0.296409669 0.086565270
1750927647.299992085 0.895570507 -0.826378498 0.748924044 -0.171168525 0.754957756 0.152425419 0.614415669 0.889060826 0.114786827 0.106250058
1750927647.399991989 0.836093540 -0.807962503 0.565700271 -0.126086720 0.839231179 0.224108866 0.479132950 0.788754123 -0.050495761 0.187558064
1750927647.499990940 0.770069142 -0.784707996 0.471084116 -0.121491133 0.880176659 0.253019083 0.382766635 0.611646038 -0.063955139 0.118663803
1750927647.599991083 0.717618616 -0.772899226 0.429576186 -0.102113007 0.889568242 0.292977239 0.335269465 0.413469894 -0.032787282 -0.060067347
1750927647.699990988 0.700731658 -0.788105236 0.459111215 -0.091909948 0.878924759 0.318412187 0.343012403 0.171694761 0.089817336 -0.285087880
1750927647.799990892 0.690473837 -0.811164093 0.519252415 -0.099309883 0.858752048 0.321905136 0.386082312 -0.099598564 0.211178612 -0.445581882
1750927647.899991035 0.659308245 -0.851674017 0.599487113 -0.073828621 0.852894550 0.298604171 0.421848041 -0.305873540 0.255669726 -0.538189786
1750927647.999990940 0.648046775 -0.892412255 0.729304621 -0.065524470 0.813221314 0.248803589 0.521990817 -0.511532552 0.205217049 -0.508184455
1750927648.099991083 0.635840756 -0.891518091 0.809713983 -0.119401724 0.772576338 0.198439036 0.591177621 -0.581377660 0.103915896 -0.438379660
1750927648.199990988 0.590907295 -0.883875747 0.887776163 -0.155474984 0.711703876 0.126290520 0.673317033 -0.576116108 -0.041721790 -0.306767733
1750927648.299990892 0.546281797 -0.871422917 0.936148460 -0.182578426 0.627459781 0.065873415 0.754068986 -0.477178952 -0.162640261 -0.122466495
1750927648.399991035 0.504721417 -0.884691930 0.964032176 -0.180678669 0.560074072 0.026431752 0.808067829 -0.282582764 -0.210231569 0.021854614
1750927648.499989986 0.482682187 -0.906903468 0.967767767 -0.165568213 0.497432016 -0.011113630 0.851484024 -0.056464190 -0.221067690 0.121320948
1750927648.599989891 0.522905951 -0.950001297 0.992467744 -0.153220137 0.450565026 -0.032263406 0.878904898 0.148504799 -0.202844894 0.162846735
1750927648.699990034 0.590881108 -0.983998635 0.997496328 -0.127720416 0.464498834 -0.006460791 0.876291382 0.322804506 -0.180143135 0.184540443
1750927648.799989939 0.667430189 -1.003209416 0.965044523 -0.111955477 0.521845200 0.045983605 0.844410485 0.479811357 -0.158061525 0.211743211
1750927648.899990082 0.759022363 -1.009151312 0.904717088 -0.118450194 0.605649550 0.104349849 0.779916203 0.612868609 -0.125146973 0.258388560
1750927648.999989986 0.759022363 -1.009151312 0.904717088 -0.118450194 0.605649550 0.104349849 0.779916203 0.785735813 0.022127589 0.157921905
1750927649.099989891 0.789023037 -1.005645668 0.838214682 -0.107870038 0.644785163 0.152006037 0.741289629 0.884011339 0.058172199 0.120054374
1750927649.199990034 0.830548068 -0.964557226 0.646568166 -0.070388789 0.720659102 0.272582923 0.633556964 0.871723786 -0.126625654 0.197152046
1750927649.299989939 0.818058335 -0.906487084 0.492538052 -0.042490177 0.763587241 0.363752441 0.531801910 0.742154734 -0.273026070 0.192649982
1750927649.399990082 0.755252656 -0.856808172 0.373971914 -0.006292680 0.790711042 0.434918606 0.430792590 0.523573706 -0.349959995 0.101917169
1750927649.499989986 0.731754478 -0.834451197 0.322541084 0.040575256 0.804111444 0.453494884 0.382231376 0.271087826 -0.264102507 -0.082843321
1750927649.599988937 0.721716520 -0.866691507 0.336856167 0.052027355 0.805715795 0.433756723 0.399962894 0.003578135 -0.051626163 -0.328407378
1750927649.699989080 0.713356186 -0.927225949 0.372337419 0.046750454 0.805375142 0.401495037 0.433574689 -0.276510254 0.119848961 -0.538817972
1750927649.799988985 0.675011615 -1.045154974 0.461568107 0.080995544 0.789172682 0.338169155 0.506248775 -0.569246693 0.187301368 -0.624065986
1750927649.899988890 0.667342020 -1.116864394 0.603615176 0.047241119 0.748963603 0.280681004 0.598364415 -0.776507169 0.212750387 -0.556036453
1750927649.999989033 0.650705114 -1.152598181 0.749614918 -0.027295437 0.694503729 0.224962704 0.682869908 -0.856527138 0.224930865 -0.410783563
1750927650.099988937 0.579131470 -1.161514764 0.855370293 -0.093580527 0.653717244 0.145383908 0.736722451 -0.839592826 0.215315468 -0.285063412
1750927650.199989080 0.495540515 -1.140705530 0.915973572 -0.116291088 0.629154673 0.013458263 0.768413726 -0.763063460 0.155863596 -0.225196710
1750927650.299988985 0.425855563 -1.075542599 0.957034262 -0.133590390 0.584942506 -0.151274215 0.785564755 -0.644060195 0.050371761 -0.178177971
1750927650.399988890 0.406458244 -0.954660871 0.984652556 -0.207328990 0.499524042 -0.292590980 0.788594280 -0.479253839 -0.048527548 -0.078825393
1750927650.499989033 0.396184200 -0.890310092 0.995645271 -0.282143217 0.449737426 -0.328795458 0.781040972 -0.262055856 -0.038201096 0.014152825
1750927650.599987984 0.406137402 -0.892512750 0.993708854 -0.292178995 0.434632983 -0.298226895 0.797988924 -0.012019411 -0.005575666 0.087742443
1750927650.699987888 0.417806466 -0.934210318 0.987454608 -0.263765773 0.440584120 -0.253900935 0.819663080 0.245667464 -0.024750062 0.112913521
1750927650.799988031 0.457461118 -0.985231678 0.998561281 -0.227673294 0.474280364 -0.222225321 0.820876918 0.462259787 -0.063041890 0.130069060
1750927650.899987936 0.499037031 -1.055958152 0.990393152 -0.163993498 0.500046686 -0.167949600 0.833578057 0.620338331 -0.100158184 0.139895722
1750927650.999988079 0.562371864 -1.125736404 0.942443642 -0.077439625 0.530638967 -0.070771244 0.841080746 0.715237732 -0.158763951 0.135488609
1750927651.099987984 0.608511284 -1.170486712 0.867275377 0.003819805 0.563936589 0.012447200 0.825715447 0.796039031 -0.159069811 0.137548382
1750927651.199987888 0.646761873 -1.179048909 0.764965506 0.085474827 0.596001370 0.090252322 0.793303813 0.868915885 -0.156173301 0.153831337
1750927651.299988031 0.712946600 -1.142225638 0.658433391 0.126941620 0.652364448 0.149380121 0.732114767 0.889721089 -0.113705355 0.254423941
1750927651.399987936 0.730632080 -1.093621675 0.550616645 0.134438056 0.715694373 0.224025790 0.647703959 0.797121935 -0.100063532 0.395081980
1750927651.499988079 0.732566441 -1.018676584 0.446840049 0.139462385 0.754509218 0.316140429 0.557961748 0.576332295 -0.136675827 0.446556451
1750927651.599987984 0.755271791 -0.914177269 0.368445846 0.105415828 0.776988147 0.427098284 0.450293214 0.241105302 -0.118070856 0.361560144
1750927651.699986935 0.784673518 -0.867126039 0.366206314 0.046184233 0.765844299 0.486792699 0.417591181 -0.024679941 0.048322260 0.132024665
1750927651.799987078 0.804187198 -0.871873484 0.387891875 0.004984624 0.758732946 0.500439067 0.416965477 -0.255230929 0.251859531 -0.097033077
1750927651.899986982 0.798551253 -0.926424696 0.424544339 0.027763709 0.765029236 0.457040718 0.452850115 -0.464913844 0.399173700 -0.306217439
1750927651.999986887 0.790438014 -1.029771555 0.555372716 0.019658157 0.752341963 0.347429096 0.559364059 -0.735606627 0.338533167 -0.415473413
1750927652.099987030 0.758086749 -1.096527714 0.730157131 -0.047765275 0.698797260 0.232517344 0.674786301 -0.931033343 0.116279543 -0.347794989
1750927652.199986935 0.701262151 -1.112920725 0.875509856 -0.116323914 0.631125506 0.116507528 0.758007479 -0.921433881 -0.124445932 -0.207886638
1750927652.299987078 0.640200396 -1.102787195 0.953456699 -0.155566078 0.576514204 0.041895502 0.801046400 -0.748376804 -0.202799906 -0.076562469
1750927652.399986982 0.584147786 -1.069685982 1.019917143 -0.211769448 0.518540804 -0.034670838 0.827687784 -0.458708484 -0.195310408 0.027917526
1750927652.499986887 0.556953434 -1.047824893 1.046693914 -0.230224989 0.491730574 -0.094882104 0.834382936 -0.150578288 -0.067703040 0.081714929
1750927652.599987030 0.570444473 -1.054857344 1.032283225 -0.198019582 0.509704816 -0.110238311 0.829961903 0.121273454 0.085795745 0.148251192
1750927652.699985981 0.626684027 -1.074500792 0.991647769 -0.146685433 0.562400600 -0.107387103 0.806633101 0.336315497 0.201764715 0.254894526
1750927652.799985886 0.732122659 -1.083313965 0.916753437 -0.110753731 0.641844376 -0.072902548 0.755284467 0.466519234 0.252503856 0.408619248
1750927652.899986029 0.780508188 -1.080385586 0.856759594 -0.117561317 0.690631455 -0.009000420 0.713531024 0.531405528 0.236139697 0.513011363
1750927652.999985933 0.864779140 -1.036899682 0.796200929 -0.153810661 0.718027301 0.081111233 0.673943650 0.546219630 0.179376781 0.536399802
1750927653.099986076 0.919386474 -0.977204603 0.727345389 -0.175176694 0.733659059 0.158815673 0.637051876 0.530217244 0.158875032 0.468064731
1750927653.199985981 0.937123232 -0.920401065 0.660648310 -0.191092301 0.750965364 0.193563484 0.601720809 0.465184293 0.199011601 0.346931162
1750927653.299985886 0.920583407 -0.878841804 0.607288025 -0.214399987 0.773264444 0.191928336 0.565029432 0.356178786 0.251087939 0.193369425
1750927653.399986029 0.874823012 -0.846537689 0.549249443 -0.250574680 0.791329810 0.236138296 0.505220909 0.263532279 0.255410540 0.032941177
1750927653.499985933 0.814286777 -0.841474468 0.519593569 -0.242648296 0.803406792 0.284118416 0.463611968 0.194469676 0.258708170 -0.159195131
1750927653.599986076 0.761640145 -0.854943812 0.538989310 -0.208947731 0.791492493 0.320807936 0.476406075 0.058554529 0.303287252 -0.300200329
1750927653.699985981 0.731432610 -0.878715817 0.601271304 -0.208483884 0.770118659 0.322874245 0.509120755 -0.129346453 0.350382338 -0.384262643
1750927653.799984932 0.690121565 -0.903978814 0.649601368 -0.201966769 0.775410766 0.286545467 0.525204021 -0.270981471 0.345432610 -0.445753059
1750927653.899985075 0.639634996 -0.943702846 0.704282859 -0.154518976 0.782245193 0.243809742 0.552062635 -0.367055944 0.302959076 -0.467085949
1750927653.999984980 0.629716154 -0.851321875 0.784007889 -0.121093795 0.785003608 0.217029578 0.567453778 -0.408220448 0.262755919 -0.423501482
1750927654.099984884 0.571391087 -0.862992009 0.870758927 -0.135045120 0.726529420 0.141653284 0.658674551 -0.507827121 0.122765198 -0.320439666
1750927654.199985027 0.520185901 -0.860257513 0.916815439 -0.154786130 0.656995269 0.090760739 0.732230127 -0.545182368 -0.010937248 -0.177558312
1750927654.299984932 0.496538153 -0.865005844 0.941610655 -0.211334413 0.592280148 0.079028449 0.773496281 -0.526725693 -0.130645301 -0.044523055
1750927654.399985075 0.529227481 -0.866545122 0.956942276 -0.267370402 0.557663622 0.068289684 0.782854311 -0.469409814 -0.241671815 0.020429415
1750927654.499984980 0.524819111 -0.905296065 1.000562376 -0.303265685 0.527394343 0.044350539 0.792412873 -0.375759105 -0.329290667 0.077244860
1750927654.599984884 0.518101903 -0.968510964 1.088895714 -0.317602615 0.500333368 -0.015263973 0.805333540 -0.252849275 -0.346989558 0.187704737
1750927654.699985027 0.553139433 -0.976523975 1.154100563 -0.306698028 0.482945432 -0.085588365 0.815705009 -0.127206430 -0.287101484 0.286024612
1750927654.799983978 0.573224204 -0.961634539 1.213497253 -0.286855497 0.462758547 -0.183402949 0.818493622 0.007644351 -0.128855399 0.344252433
1750927654.899983883 0.592703589 -0.931162175 1.242977761 -0.263561290 0.440972114 -0.278508009 0.811487726 0.099904008 0.090758582 0.327377085
1750927654.999984026 0.631529379 -0.913062243 1.229679064 -0.249077463 0.452658214 -0.303374700 0.800640213 0.195948777 0.304311241 0.259737134
1750927655.099983931 0.692987068 -0.902945163 1.189602669 -0.248204246 0.500422473 -0.274014413 0.782871702 0.349286403 0.464943699 0.174800771
1750927655.199984074 0.767742865 -0.895214108 1.083572835 -0.253608945 0.574327203 -0.174852936 0.758457130 0.594501323 0.536673671 0.150585015
1750927655.299983978 0.802329902 -0.887131363 0.998586038 -0.258326168 0.624748353 -0.099664438 0.730084986 0.796369375 0.576107972 0.134785101
1750927655.399983883 0.806652837 -0.889032232 0.926131288 -0.254251642 0.661848272 -0.021958565 0.704862248 0.924573294 0.533287545 0.121722037
1750927655.499984026 0.817476192 -0.877158080 0.755380045 -0.200802542 0.718005810 0.166115690 0.645408067 1.011869289 0.180905934 0.163766022
1750927655.599983931 0.778712727 -0.844224454 0.580894454 -0.113305532 0.744040760 0.339661512 0.564087990 0.875746612 -0.173375666 0.123162448
1750927655.699984074 0.709107939 -0.796491525 0.455768284 -0.042097511 0.768776088 0.431384821 0.470232136 0.561945236 -0.279538078 0.080308204
1750927655.799983978 0.677660953 -0.771515701 0.410346192 -0.010025063 0.794356865 0.446996869 0.411206115 0.247272746 -0.150025445 -0.005399587
1750927655.899982929 0.694982490 -0.785185521 0.434100823 -0.030545176 0.792126933 0.433528220 0.428550109 -0.058857119 0.079204890 -0.171661200
1750927655.999983072 0.704119413 -0.807985282 0.460068795 -0.033546642 0.791272281 0.415930867 0.446950014 -0.349951211 0.260766234 -0.335102426
1750927656.099982977 0.734060187 -0.872057571 0.591221429 -0.076168016 0.749512507 0.371775694 0.542413375 -0.651946258 0.293268583 -0.379014868
1750927656.199982882 0.744260051 -0.913725536 0.743280642 -0.169982635 0.688918568 0.306053922 0.634687409 -0.839745096 0.174407130 -0.358750408
1750927656.299983025 0.701187811 -0.938890837 0.870545467 -0.249809970 0.633210631 0.208147810 0.702362987 -0.863761688 0.010095696 -0.353456655
1750927656.399982929 0.601837409 -0.955016847 0.979259752 -0.287869142 0.558210995 0.061306264 0.775740540 -0.772614847 -0.195062624 -0.307855276
1750927656.499983072 0.515051036 -0.947234757 1.029168931 -0.293932317 0.485771465 -0.058164919 0.821125276 -0.580765034 -0.286860429 -0.265408775
1750927656.599982977 0.442759472 -0.930535511 1.044626777 -0.286657912 0.405683726 -0.150380741 0.854771074 -0.334283297 -0.269005534 -0.229652868
1750927656.699982882 0.397819569 -0.924245091 1.042596530 -0.264726358 0.330292625 -0.210256495 0.881259862 -0.079695816 -0.185522948 -0.201621720
1750927656.799983025 0.381902676 -0.944680720 1.027396513 -0.218564502 0.312589848 -0.225813181 0.896395868 0.165598607 -0.076341761 -0.184028920
1750927656.899981976 0.401982059 -0.995284429 0.990910097 -0.149265000 0.344869441 -0.169631061 0.911049028 0.396315645 -0.024018545 -0.152087715
1750927656.999982119 0.468404282 -1.059840135 0.927590464 -0.048300564 0.404365064 -0.027476972 0.912907973 0.575468772 -0.126897481 -0.102588892
1750927657.099982023 0.543444281 -1.090929632 0.880246826 0.023706865 0.466392142 0.071629272 0.881354413 0.692197905 -0.212286298 -0.039488673
1750927657.199981928 0.616843814 -1.094295906 0.823232465 0.075320157 0.550739059 0.124137686 0.821950849 0.774770273 -0.221167611 0.077916403
1750927657.299982071 0.654461270 -1.078281995 0.754904407 0.107933091 0.612188168 0.140518673 0.770604047 0.818845295 -0.150798280 0.174236840
1750927657.399981976 0.666199677 -1.046922386 0.648402498 0.145432280 0.697048493 0.163804353 0.682745183 0.764640466 -0.104399346 0.318575553
1750927657.499982119 0.655664631 -0.992312418 0.538814377 0.161496951 0.770250263 0.212112849 0.579345672 0.602911158 -0.119758876 0.416089765
1750927657.599982023 0.665102511 -0.919923410 0.428612381 0.136913764 0.823441498 0.301014658 0.461073634 0.316786860 -0.181154010 0.371840911
1750927657.699981928 0.708474594 -0.878207721 0.396776854 0.080366129 0.818600139 0.379639145 0.423449191 0.074526946 -0.152018166 0.128903393
1750927657.799982071 0.727850402 -0.880523627 0.393208543 0.019168193 0.803644386 0.424322053 0.416820197 -0.152392007 -0.012714017 -0.157565382
1750927657.899981022 0.737890525 -0.918521607 0.406091403 -0.013547071 0.815804709 0.405355482 0.412269435 -0.329227831 0.118270239 -0.432383813
1750927657.999980927 0.713439637 -1.030474322 0.488670518 0.008248937 0.810433726 0.333441476 0.481607635 -0.536147668 0.151613335 -0.612970906
1750927658.099981070 0.679662221 -1.125085559 0.622050117 -0.020124159 0.774188561 0.264783526 0.574557895 -0.828703250 0.114187031 -0.744170368
1750927658.199980974 0.614020529 -1.190849613 0.814370783 -0.114498523 0.713762735 0.132385749 0.678164331 -1.161429136 -0.242201372 -0.775880200
1750927658.299981117 0.534413342 -1.202225107 0.897158974 -0.128875039 0.684964456 -0.006706726 0.717056440 -1.345409213 -0.709329857 -0.800549106
1750927658.399981022 0.459523691 -1.168638536 0.958478548 -0.134423918 0.632015176 -0.183193581 0.740896173 -1.334052794 -1.390679746 -0.611260255
