1750927643.599994898 0.000000000 0.000000000 0.000000000 0.000000000 0.000000000 0.000000000 1.000000000 -0.326522386 0.210212544 0.094498621
1750927643.699995041 -0.075120835 0.070255257 0.090486830 0.029626550 0.010911186 0.040629090 0.998675368 -0.215377288 0.185177186 0.094253351
1750927643.799994946 -0.075120835 0.070255257 0.090486830 0.029626550 0.010911186 0.040629090 0.998675368 -0.120750970 0.129242919 0.114351414
1750927643.899995089 -0.075120835 0.070255257 0.090486830 0.029626550 0.010911186 0.040629090 0.998675368 -0.026124428 0.073308519 0.134449524
1750927643.999994993 -0.057671670 0.055750070 0.074419197 0.053724211 0.051863302 0.064506624 0.995119492 0.054282233 0.024119641 0.158126016
1750927644.099994898 -0.057671670 0.055750070 0.074419197 0.053724211 0.051863302 0.064506624 0.995119492 0.112568536 -0.017913967 0.170930873
1750927644.199995041 -0.042682554 0.049017402 0.076129401 0.062688742 0.090453698 0.071076774 0.991381028 0.131407171 -0.058396573 0.189321757
1750927644.299993992 0.009793911 0.035729348 0.117876676 0.060473018 0.231675296 0.080190627 0.967594458 0.060332129 -0.067970682 0.232097525
1750927644.399993896 0.041909835 0.039267957 0.188191813 -0.036722561 0.297253169 0.044302486 0.953063113 0.002201127 -0.117840167 0.189717135
1750927644.499994040 0.045134021 0.040389853 0.199823760 -0.071539506 0.306164707 0.027368893 0.948892099 -0.064186648 -0.149512941 0.098927402
1750927644.599993944 0.045270367 0.025908955 0.198653497 -0.062882190 0.310296424 0.021927730 0.948304347 -0.152106190 -0.159360719 -0.013240069
1750927644.699994087 0.043887197 -0.005868939 0.191512738 -0.031438713 0.316089990 0.013582589 0.948110879 -0.256009316 -0.151755032 -0.133562912
1750927644.799993992 0.024759915 -0.021339490 0.181711784 -0.011015638 0.304537893 0.000073552 0.952436519 -0.358606128 -0.140822755 -0.224343128
1750927644.899993896 -0.062829797 -0.065951980 0.170980872 0.061003905 0.243105852 -0.070136264 0.965535589 -0.473657335 -0.178165818 -0.189249110
1750927644.999994040 -0.146497626 -0.083634206 0.174634470 0.123427512 0.186673822 -0.142994374 0.964090837 -0.573844298 -0.193110520 -0.109583098
1750927645.099993944 -0.236673884 -0.071819956 0.188760866 0.160006015 0.126877489 -0.198101635 0.958674043 -0.648162643 -0.161532924 -0.024285764
1750927645.199994087 -0.299705719 -0.051143815 0.220502119 0.146410570 0.078371896 -0.222862150 0.960600985 -0.662011436 -0.100972722 0.034753454
1750927645.299993992 -0.358447727 -0.016131033 0.253876114 0.114325514 0.033365726 -0.251184958 0.960584469 -0.599151420 -0.049191049 0.062353519
1750927645.399992943 -0.416107348 0.026116830 0.275738033 0.098292723 -0.007043653 -0.294783076 0.950469287 -0.493986532 -0.034109692 0.020936864
1750927645.499993086 -0.463183449 0.072025797 0.293861791 0.060276103 -0.027496688 -0.356310368 0.932015904 -0.387571294 -0.040129730 -0.088081887
1750927645.599992990 -0.485862168 0.102255069 0.286796866 -0.012937538 -0.050192628 -0.390660124 0.919074528 -0.318359867 0.019287821 -0.221906412
1750927645.699992895 -0.487355516 0.096255857 0.237238692 -0.073658902 -0.089694511 -0.361737987 0.925026967 -0.287945939 0.144122252 -0.348056527
1750927645.799993038 -0.474693545 0.090579925 0.166490396 -0.085454667 -0.113333964 -0.334333439 0.931704923 -0.252274476 0.239570889 -0.476740733
1750927645.899992943 -0.458627717 0.102390480 0.083570072 -0.083608678 -0.135793411 -0.324252346 0.932432386 -0.234794654 0.290831185 -0.561662373
1750927645.999993086 -0.442644693 0.141900507 0.002919347 -0.078184035 -0.165528100 -0.341265562 0.921968286 -0.261880333 0.288887634 -0.564910982
1750927646.099992990 -0.421971001 0.189669269 -0.068440926 -0.060794360 -0.201565908 -0.371300739 0.904329029 -0.306881433 0.224194376 -0.486383640
1750927646.199992895 -0.382899610 0.232405017 -0.150373924 0.005916012 -0.241771585 -0.406622505 0.881004904 -0.314657234 0.084103265 -0.364784806
1750927646.299993038 -0.368520201 0.253634240 -0.193700916 0.053225250 -0.279773873 -0.440005096 0.851639107 -0.274389242 -0.038788120 -0.181748499
1750927646.399991989 -0.379319490 0.263299609 -0.193764394 0.046948900 -0.312443662 -0.464476611 0.827306616 -0.186127574 -0.114879153 0.016340224
1750927646.499991894 -0.419213872 0.259533311 -0.177625507 0.034850262 -0.318488753 -0.485788896 0.813240138 -0.062830012 -0.174674778 0.180023927
1750927646.599992037 -0.475580014 0.245349992 -0.157608776 0.026318860 -0.315495418 -0.497080560 0.807886673 0.076339297 -0.201248263 0.306405024
1750927646.699991941 -0.523853219 0.227660426 -0.134655998 0.027165248 -0.313058686 -0.497333055 0.808650816 0.194625143 -0.187314307 0.377074562
1750927646.799992085 -0.581537059 0.211532044 -0.084570446 0.045263423 -0.304040806 -0.497109829 0.811413722 0.318276043 -0.115086344 0.374013699
1750927646.899991989 -0.611302766 0.200011232 -0.028007237 0.080327599 -0.256599148 -0.509326895 0.817490348 0.437534716 0.020475847 0.323064853
1750927646.999991894 -0.601154052 0.160421095 0.040888099 0.102284810 -0.197739662 -0.502166137 0.835623130 0.564112605 0.167785055 0.254789776
1750927647.099992037 -0.560615941 0.114626746 0.092809058 0.097479998 -0.149664328 -0.475999849 0.861116939 0.704282410 0.277121978 0.176126035
1750927647.199991941 -0.512549117 0.062964154 0.124625056 0.080447586 -0.117258028 -0.423205806 0.894804776 0.829962974 0.296409669 0.086565270
1750927647.299992085 -0.380342847 -0.027776387 0.150728149 0.057339219 -0.039188498 -0.299886506 0.951443408 0.889060826 0.114786827 0.106250058
1750927647.399991989 -0.202546811 -0.103986402 0.156039723 0.057441638 0.094204206 -0.181083111 0.977258887 0.788754123 -0.050495761 0.187558064
1750927647.499990940 -0.087570757 -0.121623076 0.138104712 0.054176619 0.189264381 -0.128694088 0.971947385 0.611646038 -0.063955139 0.118663803
1750927647.599991083 -0.024743014 -0.120425351 0.112323845 0.036986668 0.225042027 -0.076357425 0.970648039 0.413469894 -0.032787282 -0.060067347
1750927647.699990988 -0.045065990 -0.108342597 0.083519440 0.018050151 0.210483303 -0.058239366 0.975694188 0.171694761 0.089817336 -0.285087880
1750927647.799990892 -0.095348504 -0.085930307 0.048544367 0.003269627 0.169384459 -0.077610333 0.982484021 -0.099598564 0.211178612 -0.445581882
1750927647.899991035 -0.157593478 -0.057382300 -0.017489937 0.031345243 0.128540685 -0.082200882 0.987794403 -0.305873540 0.255669726 -0.538189786
1750927647.999990940 -0.267952375 -0.005991757 -0.079287478 0.057832686 0.025965345 -0.136308226 0.988636055 -0.511532552 0.205217049 -0.508184455
1750927648.099991083 -0.323228077 0.046674839 -0.107328134 0.054041082 -0.030058792 -0.228160458 0.971657777 -0.581377660 0.103915896 -0.438379660
1750927648.199990988 -0.357633018 0.113688903 -0.157293527 0.068551987 -0.113353812 -0.321204508 0.937698887 -0.576116108 -0.041721790 -0.306767733
1750927648.299990892 -0.367469507 0.166403303 -0.197428583 0.069814517 -0.210252780 -0.400318267 0.889193447 -0.477178952 -0.162640261 -0.122466495
1750927648.399991035 -0.373410593 0.187069315 -0.244529039 0.075863741 -0.287873612 -0.436777536 0.848880946 -0.282582764 -0.210231569 0.021854614
1750927648.499989986 -0.374154596 0.180336880 -0.275304930 0.088994745 -0.359608980 -0.458153892 0.807995253 -0.056464190 -0.221067690 0.121320948
1750927648.599989891 -0.430495979 0.150268124 -0.272662708 0.094004799 -0.409532390 -0.468009882 0.777440074 0.148504799 -0.202844894 0.162846735
1750927648.699990034 -0.481966004 0.105947662 -0.238191548 0.091643136 -0.409274198 -0.434460852 0.797082137 0.322804506 -0.180143135 0.184540443
1750927648.799989939 -0.503023679 0.047243365 -0.179947962 0.080043046 -0.360201935 -0.385508641 0.845713169 0.479811357 -0.158061525 0.211743211
1750927648.899990082 -0.504886318 -0.023360931 -0.095832589 0.063084970 -0.264037968 -0.339730940 0.900492713 0.612868609 -0.125146973 0.258388560
1750927648.999989986 -0.504886318 -0.023360931 -0.095832589 0.063084970 -0.264037968 -0.339730940 0.900492713 0.785735813 0.022127589 0.157921905
1750927649.099989891 -0.467424300 -0.070391097 -0.054363798 0.046141945 -0.216976373 -0.294365373 0.929591954 0.884011339 0.058172199 0.120054374
1750927649.199990034 -0.324586939 -0.168417630 0.046280440 0.000379751 -0.105531831 -0.166999127 0.980292905 0.871723786 -0.126625654 0.197152046
1750927649.299989939 -0.176818574 -0.213733605 0.104283746 -0.039271923 -0.012386090 -0.063294007 0.997145009 0.742154734 -0.273026070 0.192649982
1750927649.399990082 -0.034479271 -0.227400542 0.109101863 -0.064875371 0.068797338 0.037014633 0.994830654 0.523573706 -0.349959995 0.101917169
1750927649.499989986 0.025714355 -0.233975737 0.114635691 -0.050060412 0.096877400 0.100550039 0.988938023 0.271087826 -0.264102507 -0.082843321
1750927649.599988937 0.006829174 -0.245694640 0.085461437 -0.028655752 0.079129203 0.093157843 0.992088219 0.003578135 -0.051626163 -0.328407378
1750927649.699989080 -0.040479241 -0.266029436 0.037070911 -0.006842549 0.053784694 0.060612262 0.996687785 -0.276510254 0.119848961 -0.538817972
1750927649.799988985 -0.137051331 -0.286357821 -0.079549263 0.052419277 -0.025298529 0.029637582 0.997864629 -0.569246693 0.187301368 -0.624065986
1750927649.899988890 -0.271001539 -0.251505776 -0.158423277 0.063917470 -0.106624655 -0.058375371 0.990524132 -0.776507169 0.212750387 -0.556036453
1750927649.999989033 -0.389092457 -0.185023613 -0.225537148 0.048613113 -0.174134824 -0.174414408 0.967932561 -0.856527138 0.224930865 -0.410783563
1750927650.099988937 -0.438070949 -0.104792733 -0.312431364 0.061847234 -0.214305870 -0.284984719 0.932218657 -0.839592826 0.215315468 -0.285063412
1750927650.199989080 -0.434466115 -0.025795032 -0.381998581 0.144367001 -0.246089297 -0.379750661 0.879992990 -0.763063460 0.155863596 -0.225196710
1750927650.299988985 -0.405044738 0.069382805 -0.411388075 0.248477718 -0.278986191 -0.480896311 0.793198756 -0.644060195 0.050371761 -0.178177971
1750927650.399988890 -0.368131198 0.180671517 -0.366626132 0.291257789 -0.300207487 -0.608562493 0.674311543 -0.479253839 -0.048527548 -0.078825393
1750927650.499989033 -0.345658167 0.237684729 -0.341890025 0.264263449 -0.292582665 -0.681496677 0.616540747 -0.262055856 -0.038201096 0.014152825
1750927650.599987984 -0.350030859 0.231629960 -0.334686764 0.229350755 -0.309075888 -0.679969465 0.624108847 -0.012019411 -0.005575666 0.087742443
1750927650.699987888 -0.367765962 0.193549428 -0.346905970 0.210440902 -0.332521976 -0.643589098 0.656457794 0.245667464 -0.024750062 0.112913521
1750927650.799988031 -0.416559685 0.149763216 -0.345921577 0.215904673 -0.329141628 -0.600633479 0.695909753 0.462259787 -0.063041890 0.130069060
1750927650.899987936 -0.459407957 0.079430804 -0.349779865 0.214249252 -0.348327406 -0.528760159 0.743759350 0.620338331 -0.100158184 0.139895722
1750927650.999988079 -0.482213378 -0.021134643 -0.326413977 0.192223306 -0.368432356 -0.415708689 0.809008087 0.715237732 -0.158763951 0.135488609
1750927651.099987984 -0.465496894 -0.113957229 -0.296644346 0.180011704 -0.367610263 -0.305479723 0.859732877 0.796039031 -0.159069811 0.137548382
1750927651.199987888 -0.409501408 -0.193904433 -0.246878107 0.172176764 -0.354288768 -0.191379911 0.899004093 0.868915885 -0.156173301 0.153831337
1750927651.299988031 -0.346053825 -0.252410284 -0.148710227 0.168462773 -0.291955613 -0.108169735 0.935244098 0.889721089 -0.113705355 0.254423941
1750927651.399987936 -0.252648707 -0.287043411 -0.082561890 0.138668216 -0.195139282 -0.035534233 0.970272696 0.797121935 -0.100063532 0.395081980
1750927651.499988079 -0.143918231 -0.294798522 -0.015422988 0.085076340 -0.105087818 0.046384226 0.989730807 0.576332295 -0.136675827 0.446556451
1750927651.599987984 -0.053224994 -0.272657957 0.078735511 -0.008397816 0.005591381 0.113968386 0.993433148 0.241105302 -0.118070856 0.361560144
1750927651.699986935 -0.047361871 -0.249300257 0.128768869 -0.088187027 0.048699532 0.109502397 0.988868358 -0.024679941 0.048322260 0.132024665
1750927651.799987078 -0.075671417 -0.246279677 0.136708088 -0.122064794 0.061016937 0.084365752 0.987045865 -0.255230929 0.251859531 -0.097033077
1750927651.899986982 -0.122844869 -0.262440247 0.093528196 -0.075119090 0.026689912 0.067300983 0.994542784 -0.464913844 0.399173700 -0.306217439
1750927651.999986887 -0.260631899 -0.257272049 -0.000548827 -0.000147275 -0.062740476 -0.032495200 0.997500713 -0.735606627 0.338533167 -0.415473413
1750927652.099987030 -0.405391242 -0.191108712 -0.104084938 0.034210291 -0.157987077 -0.183847721 0.969571944 -0.931033343 0.116279543 -0.347794989
1750927652.199986935 -0.495142278 -0.097590843 -0.192540238 0.064413684 -0.234622106 -0.324543102 0.914043281 -0.921433881 -0.124445932 -0.207886638
1750927652.299987078 -0.520395728 -0.023495038 -0.254013904 0.082439845 -0.282992855 -0.407139670 0.864497545 -0.748376804 -0.202799906 -0.076562469
1750927652.399986982 -0.530135255 0.058888023 -0.296117929 0.092664731 -0.314009554 -0.497952064 0.803028635 -0.458708484 -0.195310408 0.027917526
1750927652.499986887 -0.528339045 0.099837464 -0.312066356 0.120752319 -0.327249013 -0.544363393 0.762886268 -0.150578288 -0.067703040 0.081714929
1750927652.599987030 -0.526837791 0.081638463 -0.301786568 0.155566958 -0.326926769 -0.525537220 0.769888589 0.121273454 0.085795745 0.148251192
1750927652.699985981 -0.531629473 0.024444863 -0.258129671 0.198769240 -0.301011779 -0.476459623 0.801791074 0.336315497 0.201764715 0.254894526
1750927652.799985886 -0.530381907 -0.061526027 -0.161116333 0.219859267 -0.233400386 -0.414018767 0.851924071 0.466519234 0.252503856 0.408619248
1750927652.899986029 -0.507341840 -0.111169056 -0.106768186 0.185079954 -0.172339238 -0.373259285 0.892592910 0.531405528 0.236139697 0.513011363
1750927652.999985933 -0.485567742 -0.143346112 -0.001172283 0.107147087 -0.112305580 -0.342834339 0.926483445 0.546219630 0.179376781 0.536399802
1750927653.099986076 -0.436097283 -0.158819359 0.091562829 0.042023047 -0.065986104 -0.307646894 0.948279118 0.530217244 0.158875032 0.468064731
1750927653.199985981 -0.371004803 -0.162937234 0.152683587 0.013918732 -0.023009134 -0.290245039 0.956574444 0.465184293 0.199011601 0.346931162
1750927653.299985886 -0.305117929 -0.158920227 0.174838529 0.012538821 0.025421015 -0.296431832 0.954633290 0.356178786 0.251087939 0.193369425
1750927653.399986029 -0.224734211 -0.154808530 0.169585106 -0.032287252 0.095614536 -0.281268295 0.954307885 0.263532279 0.255410540 0.032941177
1750927653.499985933 -0.169664948 -0.148800220 0.130842116 -0.060643077 0.132480338 -0.236128415 0.960736566 0.194469676 0.258708170 -0.159195131
1750927653.599986076 -0.163625505 -0.129682554 0.076737349 -0.077255546 0.104976510 -0.195763842 0.971950632 0.058554529 0.303287252 -0.300200329
1750927653.699985981 -0.205861316 -0.099923020 0.024899557 -0.087196566 0.068497356 -0.205859154 0.972279219 -0.129346453 0.350382338 -0.384262643
1750927653.799984932 -0.232429762 -0.075910297 -0.033393867 -0.053847646 0.055319774 -0.224891051 0.971320837 -0.270981471 0.345432610 -0.445753059
1750927653.899985075 -0.265078797 -0.055651406 -0.108497633 0.005297759 0.019336190 -0.218970454 0.975525492 -0.367055944 0.302959076 -0.467085949
1750927653.999984980 -0.284328033 0.062754989 -0.084041548 0.043679602 -0.004194861 -0.211801276 0.976327156 -0.408220448 0.262755919 -0.423501482
1750927654.099984884 -0.326443162 0.125255109 -0.157415924 0.072448025 -0.101586240 -0.292468566 0.948100025 -0.507827121 0.122765198 -0.320439666
1750927654.199985027 -0.335104029 0.171654648 -0.207642640 0.075453949 -0.187969916 -0.358741573 0.911196190 -0.545182368 -0.010937248 -0.177558312
1750927654.299984932 -0.344218233 0.190790583 -0.234979659 0.031820597 -0.232259247 -0.422641981 0.875452368 -0.526725693 -0.130645301 -0.044523055
1750927654.399985075 -0.372952861 0.188012696 -0.213239727 -0.000612034 -0.236633552 -0.474642545 0.847772754 -0.469409814 -0.241671815 0.020429415
1750927654.499984980 -0.419761111 0.187158742 -0.248340168 -0.011037074 -0.246657532 -0.517596980 0.819226227 -0.375759105 -0.329290667 0.077244860
1750927654.599984884 -0.509544193 0.195857416 -0.309228214 0.018408386 -0.266402569 -0.562749332 0.782306840 -0.252849275 -0.346989558 0.187704737
1750927654.699985027 -0.580338312 0.217328572 -0.300820397 0.072464105 -0.288789291 -0.592720613 0.748352841 -0.127206430 -0.287101484 0.286024612
1750927654.799983978 -0.630022210 0.257022843 -0.290383194 0.151708397 -0.310505899 -0.626569647 0.698556459 0.007644351 -0.128855399 0.344252433
1750927654.899983883 -0.650192308 0.290462018 -0.264846935 0.230183418 -0.326535346 -0.652736741 0.643680829 0.099904008 0.090758582 0.327377085
1750927654.999984026 -0.652147002 0.282935141 -0.220671941 0.261455068 -0.318038119 -0.650079990 0.638661890 0.195948777 0.304311241 0.259737134
1750927655.099983931 -0.648056811 0.246114780 -0.156538863 0.256716304 -0.279897062 -0.629296244 0.678041748 0.349286403 0.464943699 0.174800771
1750927655.199984074 -0.600933717 0.163801782 -0.067687817 0.203762379 -0.219626375 -0.576729267 0.760018750 0.594501323 0.536673671 0.150585015
1750927655.299983978 -0.549739658 0.107573956 -0.015707537 0.161466583 -0.168765589 -0.533623889 0.812829788 0.796369375 0.576107972 0.134785101
1750927655.399983883 -0.497032661 0.061522200 0.003610850 0.116641883 -0.130190867 -0.483214537 0.857874536 0.924573294 0.533287545 0.121722037
1750927655.499984026 -0.366587548 -0.035256688 0.058674877 0.017579808 -0.070825236 -0.326823723 0.942263758 1.011869289 0.180905934 0.163766022
1750927655.599983931 -0.200043591 -0.102479728 0.086542861 -0.063604097 -0.022122269 -0.142290069 0.987531600 0.875746612 -0.173375666 0.123162448
1750927655.699984074 -0.050047055 -0.119237669 0.086374874 -0.088891180 0.039903257 -0.006795366 0.995218524 0.561945236 -0.279538078 0.080308204
1750927655.799983978 0.010556960 -0.117686054 0.085589415 -0.074449205 0.087628463 0.047202028 0.992245200 0.247272746 -0.150025445 -0.005399587
1750927655.899982929 -0.021818829 -0.119231475 0.086365351 -0.075329265 0.080106768 0.018071525 0.993771517 -0.058857119 0.079204890 -0.171661200
1750927655.999983072 -0.055458181 -0.123428697 0.075032862 -0.063738793 0.065941515 0.000213404 0.995785638 -0.349951211 0.260766234 -0.335102426
1750927656.099982977 -0.196792115 -0.101918736 0.033023787 -0.067777486 -0.015245060 -0.089290543 0.993579891 -0.651946258 0.293268583 -0.379014868
1750927656.199982882 -0.335332327 -0.045027391 -0.017297632 -0.087276030 -0.085087495 -0.228163859 0.965962870 -0.839745096 0.174407130 -0.358750408
1750927656.299983025 -0.421586341 0.026738630 -0.095366379 -0.072187482 -0.139016912 -0.363242309 0.918432518 -0.863761688 0.010095696 -0.353456655
1750927656.399982929 -0.461834353 0.112640271 -0.209165992 -0.005009604 -0.223432415 -0.491631017 0.841636384 -0.772614847 -0.195062624 -0.307855276
1750927656.499983072 -0.453638771 0.176785940 -0.285987390 0.058226498 -0.295690304 -0.571048905 0.763596796 -0.580765034 -0.286860429 -0.265408775
1750927656.599982977 -0.422668284 0.222106680 -0.338243868 0.104193813 -0.366824326 -0.621918268 0.683959963 -0.334283297 -0.269005534 -0.229652868
1750927656.699982882 -0.396117265 0.240343489 -0.370271175 0.133974215 -0.434634437 -0.642615762 0.616594517 -0.079695816 -0.185522948 -0.201621720
1750927656.799983025 -0.384672872 0.221588175 -0.390747186 0.162427348 -0.472594083 -0.619292421 0.605598123 0.165598607 -0.076341761 -0.184028920
1750927656.899981976 -0.386968970 0.156176492 -0.394096091 0.164421679 -0.492072380 -0.542915296 0.660358437 0.396315645 -0.024018545 -0.152087715
1750927656.999982119 -0.397425350 0.049238924 -0.361789011 0.124989509 -0.497578226 -0.394668816 0.762253276 0.575468772 -0.126897481 -0.102588892
1750927657.099982023 -0.411052564 -0.026539494 -0.307836174 0.106557995 -0.465959435 -0.278486094 0.833050235 0.692197905 -0.212286298 -0.039488673
1750927657.199981928 -0.405329899 -0.087272528 -0.237634961 0.123306174 -0.394910791 -0.191895848 0.889953391 0.774770273 -0.221167611 0.077916403
1750927657.299982071 -0.365264854 -0.128761399 -0.182737715 0.150365739 -0.335478900 -0.140700981 0.919264536 0.818845295 -0.150798280 0.174236840
1750927657.399981976 -0.276802543 -0.173255768 -0.131176659 0.183826823 -0.237326383 -0.069386590 0.951351349 0.764640466 -0.104399346 0.318575553
1750927657.499982119 -0.165519763 -0.195229674 -0.083889426 0.183021651 -0.124396985 0.003546711 0.975200434 0.602911158 -0.119758876 0.416089765
1750927657.599982023 -0.056631956 -0.211167192 -0.010655806 0.123060779 0.005990520 0.070736217 0.989856831 0.316786860 -0.181154010 0.371840911
1750927657.699981928 -0.037168432 -0.213986910 0.054521317 0.032168413 0.055551484 0.079492185 0.994766414 0.074526946 -0.152018166 0.128903393
1750927657.799982071 -0.045045391 -0.224211458 0.069585524 -0.038796487 0.076673209 0.056530947 0.994696086 -0.152392007 -0.012714017 -0.157565382
1750927657.899981022 -0.075177367 -0.247629291 0.053639120 -0.035698005 0.097864618 0.022770500 0.994298584 -0.329227831 0.118270239 -0.432383813
1750927657.999980927 -0.171196307 -0.272146649 -0.047007931 0.028124605 0.031172724 -0.021287360 0.998891444 -0.536147668 0.151613335 -0.612970906
1750927658.099981070 -0.294609512 -0.250588420 -0.157401504 0.052510151 -0.051047050 -0.111049040 0.991113007 -0.828703250 0.114187031 -0.744170368
1750927658.199980974 -0.435788468 -0.162236652 -0.291130516 0.084878940 -0.130985923 -0.287814304 0.944881569 -1.161429136 -0.242201372 -0.775880200
1750927658.299981117 -0.464100625 -0.094854084 -0.380453537 0.175476509 -0.173746601 -0.382157772 0.890491747 -1.345409213 -0.709329857 -0.800549106
1750927658.399981022 -0.460278998 -0.008959876 -0.436168776 0.291337050 -0.220819468 -0.482202611 0.796142028 -1.334052794 -1.390679746 -0.611260255
