1750927643.599994898 0.581187000 -0.775615000 1.146457000 -0.398331211 0.216488658 0.115031350 0.883873688 -0.326522386 0.210212544 0.094498621
1750927643.699995041 0.515029404 -0.663610085 1.189409055 -0.364076832 0.245437817 0.140029881 0.887468293 -0.215377288 0.185177186 0.094253351
1750927643.799994946 0.515029404 -0.663610085 1.189409055 -0.364076832 0.245437817 0.140029881 0.887468293 -0.120750970 0.129242919 0.114351414
1750927643.899995089 0.515029404 -0.663610085 1.189409055 -0.364076832 0.245437817 0.140029881 0.887468293 -0.026124428 0.073308519 0.134449524
1750927643.999994993 0.531155876 -0.684703866 1.181160905 -0.340902689 0.293147662 0.139196192 0.882311864 0.054282233 0.024119641 0.158126016
1750927644.099994898 0.531155876 -0.684703866 1.181160905 -0.340902689 0.293147662 0.139196192 0.882311864 0.112568536 -0.017913967 0.170930873
1750927644.199995041 0.547371315 -0.687369592 1.179463656 -0.334506772 0.330095660 0.127260855 0.873468230 0.131407171 -0.058396573 0.189321757
1750927644.299993992 0.610684802 -0.662993283 1.187853212 -0.341262124 0.453143647 0.076806858 0.819940062 0.060332129 -0.067970682 0.232097525
1750927644.399993896 0.658076209 -0.606665130 1.211714613 -0.436695337 0.482484426 0.038334741 0.758311551 0.002201127 -0.117840167 0.189717135
1750927644.499994040 0.663876775 -0.597059421 1.216301553 -0.470498711 0.478707904 0.026875516 0.740774873 -0.064186648 -0.149512941 0.098927402
1750927644.599993944 0.669098255 -0.607439903 1.225023150 -0.464265844 0.481061056 0.018478603 0.743435288 -0.152106190 -0.159360719 -0.013240069
1750927644.699994087 0.677745581 -0.633719079 1.242267477 -0.438869788 0.486432809 0.001965383 0.755494917 -0.256009316 -0.151755032 -0.133562912
1750927644.799993992 0.663878814 -0.651850945 1.255691254 -0.424137106 0.474126889 -0.009297118 0.771508245 -0.358606128 -0.140822755 -0.224343128
1750927644.899993896 0.600460041 -0.691920882 1.320110535 -0.373831714 0.402982268 -0.060968038 0.833149470 -0.473657335 -0.178165818 -0.189249110
1750927644.999994040 0.534557653 -0.703352806 1.373519353 -0.327363143 0.330949722 -0.116566960 0.877335624 -0.573844298 -0.193110520 -0.109583098
1750927645.099993944 0.454892105 -0.687734090 1.416882300 -0.297926332 0.259181375 -0.149998005 0.906402512 -0.648162643 -0.161532924 -0.024285764
1750927645.199994087 0.400904726 -0.652181227 1.451944803 -0.310491256 0.205298931 -0.149396963 0.916039342 -0.662011436 -0.100972722 0.034753454
1750927645.299993992 0.345778840 -0.605857185 1.476552966 -0.339798260 0.150542940 -0.149559234 0.916245601 -0.599151420 -0.049191049 0.062353519
1750927645.399992943 0.285535529 -0.563431646 1.489133682 -0.354730182 0.093425566 -0.169690792 0.914682019 -0.493986532 -0.034109692 0.020936864
1750927645.499993086 0.232139697 -0.521095297 1.492097096 -0.391948735 0.042471375 -0.209818615 0.894733771 -0.387571294 -0.040129730 -0.088081887
1750927645.599992990 0.198770044 -0.507285755 1.478913426 -0.456330980 -0.002495075 -0.216777700 0.862996663 -0.318359867 0.019287821 -0.221906412
1750927645.699992895 0.185286578 -0.548633179 1.454361035 -0.501566768 -0.031585385 -0.161649148 0.849295410 -0.287945939 0.144122252 -0.348056527
1750927645.799993038 0.177967967 -0.605307775 1.410403201 -0.506000721 -0.041474769 -0.124688833 0.852464550 -0.252274476 0.239570889 -0.476740733
1750927645.899992943 0.163529650 -0.659579794 1.346220157 -0.499892888 -0.056940636 -0.107148076 0.857545424 -0.234794654 0.290831185 -0.561662373
1750927645.999993086 0.139269192 -0.693966799 1.265288069 -0.491192758 -0.091640595 -0.112719429 0.858851562 -0.261880333 0.288887634 -0.564910982
1750927646.099992990 0.118735877 -0.715785001 1.182198396 -0.471153013 -0.137275755 -0.130705483 0.861444300 -0.306881433 0.224194376 -0.486383640
1750927646.199992895 0.113203098 -0.748309141 1.087448712 -0.405920592 -0.184257881 -0.163035331 0.880168727 -0.314657234 0.084103265 -0.364784806
1750927646.299993038 0.105265275 -0.766601115 1.041220256 -0.355263386 -0.232059748 -0.191023728 0.885124927 -0.274389242 -0.038788120 -0.181748499
1750927646.399991989 0.092113187 -0.760640019 1.039980923 -0.352658251 -0.276673168 -0.201080300 0.871005642 -0.186127574 -0.114879153 0.016340224
1750927646.499991894 0.063126825 -0.752175329 1.070873483 -0.361667295 -0.294942569 -0.216508588 0.857513662 -0.062830012 -0.174674778 0.180023927
1750927646.599992037 0.024692135 -0.748131184 1.118679314 -0.369864369 -0.298935004 -0.226450196 0.850034423 0.076339297 -0.201248263 0.306405024
1750927646.699991941 -0.004450128 -0.743924298 1.166669768 -0.369755613 -0.296619028 -0.227739329 0.850548492 0.194625143 -0.187314307 0.377074562
1750927646.799992085 -0.034561433 -0.718526656 1.234081798 -0.355848678 -0.285879448 -0.234734357 0.858221674 0.318276043 -0.115086344 0.374013699
1750927646.899991989 -0.039956571 -0.684359609 1.289051139 -0.335379019 -0.243464453 -0.271322187 0.868694563 0.437534716 0.020475847 0.323064853
1750927646.999991894 0.003903243 -0.658081310 1.350717260 -0.328414934 -0.182136440 -0.291106201 0.879901772 0.564112605 0.167785055 0.254789776
1750927647.099992037 0.071890813 -0.647733768 1.392031489 -0.342682227 -0.124254651 -0.283155639 0.887103465 0.704282410 0.277121978 0.176126035
1750927647.199991941 0.142855852 -0.656162729 1.421773992 -0.363454073 -0.069248287 -0.241838333 0.897006149 0.829962974 0.296409669 0.086565270
1750927647.299992085 0.300870145 -0.691943860 1.433811807 -0.388723100 0.058480677 -0.152419261 0.906776009 0.889060826 0.114786827 0.106250058
1750927647.399991989 0.487482071 -0.732458206 1.402471951 -0.388540441 0.229306618 -0.097599127 0.887090306 0.788754123 -0.050495761 0.187558064
1750927647.499990940 0.590046134 -0.754003353 1.348912363 -0.388903839 0.332670529 -0.089063432 0.854489221 0.611646038 -0.063955139 0.118663803
1750927647.599991083 0.637368237 -0.770715023 1.303143907 -0.396365271 0.382882099 -0.053483822 0.832727657 0.413469894 -0.032787282 -0.060067347
1750927647.699990988 0.606563490 -0.785131074 1.287913837 -0.409515735 0.376145155 -0.026990546 0.830712463 0.171694761 0.089817336 -0.285087880
1750927647.799990892 0.543722311 -0.798346379 1.276501577 -0.424750392 0.331872605 -0.023760222 0.841951976 -0.099598564 0.211178612 -0.445581882
1750927647.899991035 0.459010678 -0.831322063 1.248457000 -0.398345873 0.298322523 -0.017015530 0.867199348 -0.305873540 0.255669726 -0.538189786
1750927647.999990940 0.324616946 -0.847599805 1.230783008 -0.375183821 0.189335329 -0.029618042 0.906924476 -0.511532552 0.205217049 -0.508184455
1750927648.099991083 0.248031046 -0.835888174 1.206026401 -0.385212577 0.099117700 -0.089619846 0.913101985 -0.581377660 0.103915896 -0.438379660
1750927648.199990988 0.178033942 -0.830647550 1.149069693 -0.369421327 -0.017249431 -0.145727811 0.917602172 -0.576116108 -0.041721790 -0.306767733
1750927648.299990892 0.137887388 -0.826620111 1.095605489 -0.354964992 -0.144765006 -0.182909467 0.905310485 -0.477178952 -0.162640261 -0.122466495
1750927648.399991035 0.111184948 -0.848754142 1.057162051 -0.332524703 -0.235926230 -0.190162845 0.893086909 -0.282582764 -0.210231569 0.021854614
1750927648.499989986 0.104103011 -0.876398574 1.043795442 -0.301008429 -0.315186916 -0.188028258 0.880168454 -0.056464190 -0.221067690 0.121320948
1750927648.599989891 0.066603129 -0.895877286 1.091751688 -0.280800046 -0.369277390 -0.181453079 0.867098797 0.148504799 -0.202844894 0.162846735
1750927648.699990034 0.048009079 -0.900559966 1.165467775 -0.283478220 -0.351704936 -0.149132094 0.879604090 0.322804506 -0.180143135 0.184540443
1750927648.799989939 0.068496609 -0.895818911 1.248170368 -0.308149742 -0.279638368 -0.117306155 0.901712474 0.479811357 -0.158061525 0.211743211
1750927648.899990082 0.117874286 -0.878787770 1.344791366 -0.346110460 -0.166498441 -0.105176963 0.917291462 0.612868609 -0.125146973 0.258388560
1750927648.999989986 0.117874286 -0.878787770 1.344791366 -0.346110460 -0.166498441 -0.105176963 0.917291462 0.785735813 0.022127589 0.157921905
1750927649.099989891 0.180577778 -0.877226617 1.382217759 -0.368269518 -0.102480737 -0.076810337 0.920855816 0.884011339 0.058172199 0.120054374
1750927649.199990034 0.372379153 -0.861259887 1.437879879 -0.414159556 0.052468206 0.007112692 0.908662951 0.871723786 -0.126625654 0.197152046
1750927649.299989939 0.536298521 -0.842701565 1.431599734 -0.444183045 0.175193365 0.072194721 0.875669247 0.742154734 -0.273026070 0.192649982
1750927649.399990082 0.668067346 -0.843642016 1.375863133 -0.453514335 0.283459092 0.133793628 0.834311067 0.523573706 -0.349959995 0.101917169
1750927649.499989986 0.725107462 -0.841925744 1.354872453 -0.427547957 0.334014953 0.174880629 0.821616408 0.271087826 -0.264102507 -0.082843321
1750927649.599988937 0.704405055 -0.872194898 1.354317014 -0.409442489 0.318527434 0.171145027 0.837619544 0.003578135 -0.051626163 -0.328407378
1750927649.699989080 0.656340827 -0.923483656 1.361564520 -0.396124860 0.286667125 0.148281137 0.859604420 -0.276510254 0.119848961 -0.538817972
1750927649.799988985 0.545073309 -1.027731449 1.351993010 -0.341822282 0.211501105 0.139710609 0.904934117 -0.569246693 0.187301368 -0.624065986
1750927649.899988890 0.391169120 -1.068465099 1.346274289 -0.338434135 0.104294294 0.090979394 0.930756567 -0.776507169 0.212750387 -0.556036453
1750927649.999989033 0.242753745 -1.079086742 1.319261851 -0.360317675 -0.008249438 0.016021431 0.932655581 -0.856527138 0.224930865 -0.410783563
1750927650.099988937 0.144219384 -1.093465912 1.238821123 -0.353710710 -0.094008491 -0.072680632 0.927776192 -0.839592826 0.215315468 -0.285063412
1750927650.199989080 0.097454456 -1.093966850 1.144449412 -0.276830207 -0.161663162 -0.167653606 0.932267304 -0.763063460 0.155863596 -0.225196710
1750927650.299988985 0.079016184 -1.052761027 1.050906423 -0.168349343 -0.237843302 -0.276472573 0.915779438 -0.644060195 0.050371761 -0.178177971
1750927650.399988890 0.082697047 -0.944845064 0.986937568 -0.108377843 -0.328270356 -0.403797404 0.847018579 -0.479253839 -0.048527548 -0.078825393
1750927650.499989033 0.088242029 -0.888089159 0.953539381 -0.125892036 -0.366194856 -0.472100699 0.791942835 -0.262055856 -0.038201096 0.014152825
1750927650.599987984 0.088766956 -0.886766384 0.963817628 -0.157537196 -0.382542092 -0.455752300 0.788120182 -0.012019411 -0.005575666 0.087742443
1750927650.699987888 0.083918347 -0.921515187 0.989951543 -0.176563741 -0.383946082 -0.406442430 0.810071110 0.245667464 -0.024750062 0.112913521
1750927650.799988031 0.057731603 -0.951012166 1.042327219 -0.178538846 -0.354678311 -0.366466219 0.841444999 0.462259787 -0.063041890 0.130069060
1750927650.899987936 0.045342634 -1.001396344 1.106401060 -0.181295292 -0.332838259 -0.289434405 0.878964411 0.620338331 -0.100158184 0.139895722
1750927650.999988079 0.069873167 -1.050474756 1.196783710 -0.199966994 -0.293984629 -0.169228739 0.919210462 0.715237732 -0.158763951 0.135488609
1750927651.099987984 0.128129074 -1.088423813 1.267124471 -0.207197020 -0.239773741 -0.063649107 0.946322746 0.796039031 -0.159069811 0.137548382
1750927651.199987888 0.221924058 -1.101634645 1.322185376 -0.206596143 -0.174949196 0.038107944 0.961903632 0.868915885 -0.156173301 0.153831337
1750927651.299988031 0.328305021 -1.064052899 1.388186635 -0.213470574 -0.079291026 0.091798762 0.969389620 0.889721089 -0.113705355 0.254423941
1750927651.399987936 0.442751445 -1.034022133 1.405499671 -0.249170334 0.039371355 0.127913975 0.959167376 0.797121935 -0.100063532 0.395081980
1750927651.499988079 0.560868288 -0.985133954 1.398539233 -0.296913880 0.149643868 0.178289563 0.926100260 0.576332295 -0.136675827 0.446556451
1750927651.599987984 0.659744934 -0.896813625 1.396485171 -0.379108359 0.264440237 0.214600424 0.860403900 0.241105302 -0.118070856 0.361560144
1750927651.699986935 0.670687661 -0.843582363 1.407886256 -0.453739269 0.290596969 0.210230097 0.815767972 -0.024679941 0.048322260 0.132024665
1750927651.799987078 0.646956477 -0.836488587 1.424013708 -0.489815667 0.287179734 0.190230579 0.800887470 -0.255230929 0.251859531 -0.097033077
1750927651.899986982 0.598958841 -0.881105467 1.431534518 -0.451053496 0.257064776 0.179520173 0.835608133 -0.464913844 0.399173700 -0.306217439
1750927651.999986887 0.448409711 -0.952898516 1.438105662 -0.397283560 0.147532142 0.111045574 0.898926538 -0.735606627 0.338533167 -0.415473413
1750927652.099987030 0.266050336 -0.992013567 1.402501560 -0.377600671 0.000963679 0.004558050 0.925956818 -0.931033343 0.116279543 -0.347794989
1750927652.199986935 0.126196445 -1.000109775 1.331787199 -0.350429410 -0.131362356 -0.102199000 0.921682442 -0.921433881 -0.124445932 -0.207886638
1750927652.299987078 0.058239855 -0.998616251 1.259078135 -0.327078015 -0.215669296 -0.165538127 0.905043565 -0.748376804 -0.202799906 -0.076562469
1750927652.399986982 0.006455608 -0.976601754 1.184994873 -0.309647483 -0.291388691 -0.242734317 0.871946741 -0.458708484 -0.195310408 0.027917526
1750927652.499986887 -0.011995375 -0.961699660 1.147955378 -0.277356218 -0.327037195 -0.289180654 0.855859072 -0.150578288 -0.067703040 0.081714929
1750927652.599987030 -0.000843123 -0.965844993 1.165205738 -0.245335133 -0.313732621 -0.279400543 0.873680634 0.121273454 0.085795745 0.148251192
1750927652.699985981 0.029141956 -0.970608063 1.230613696 -0.212213822 -0.259401762 -0.252027914 0.907831455 0.336315497 0.201764715 0.254894526
1750927652.799985886 0.090785018 -0.953839961 1.343410423 -0.207802132 -0.161490449 -0.222568698 0.938723752 0.466519234 0.252503856 0.408619248
1750927652.899986029 0.145530631 -0.944728236 1.396972447 -0.252942300 -0.086480703 -0.198657507 0.942908519 0.531405528 0.236139697 0.513011363
1750927652.999985933 0.207514447 -0.885555932 1.469887562 -0.335643866 -0.022927133 -0.174908922 0.925323949 0.546219630 0.179376781 0.536399802
1750927653.099986076 0.283844796 -0.824263836 1.511161106 -0.399597697 0.029256901 -0.145652356 0.904572333 0.530217244 0.158875032 0.468064731
1750927653.199985981 0.360450346 -0.778873765 1.518975582 -0.428919043 0.072737782 -0.140351895 0.889403741 0.465184293 0.199011601 0.346931162
1750927653.299985886 0.423356358 -0.757499523 1.498142112 -0.436275844 0.112500553 -0.165036037 0.877365443 0.356178786 0.251087939 0.193369425
1750927653.399986029 0.491003748 -0.756280184 1.454228670 -0.480558533 0.175356019 -0.169926751 0.842281819 0.263532279 0.255410540 0.032941177
1750927653.499985933 0.525919340 -0.779847570 1.401358805 -0.502650696 0.224051282 -0.137835384 0.823495421 0.194469676 0.258708170 -0.159195131
1750927653.599986076 0.508300623 -0.807908626 1.354120645 -0.509898658 0.216336605 -0.086316187 0.828101049 0.058554529 0.303287252 -0.300200329
1750927653.699985981 0.444869742 -0.828767932 1.324152948 -0.516805425 0.178999969 -0.078518466 0.833490261 -0.129346453 0.350382338 -0.384262643
1750927653.799984932 0.395503807 -0.857781776 1.286712091 -0.489551793 0.163400345 -0.097421124 0.850969150 -0.270981471 0.345432610 -0.445753059
1750927653.899985075 0.337306157 -0.902120880 1.244711672 -0.433528589 0.141667597 -0.090175321 0.885353978 -0.367055944 0.302959076 -0.467085949
1750927653.999984980 0.282989885 -0.806578188 1.190766847 -0.395664361 0.128313494 -0.082682539 0.905620759 -0.408220448 0.262755919 -0.423501482
1750927654.099984884 0.201092430 -0.822187007 1.126634798 -0.365253453 0.007297934 -0.124663250 0.922494298 -0.507827121 0.122765198 -0.320439666
1750927654.199985027 0.161416168 -0.829875736 1.070801756 -0.352307170 -0.103096418 -0.153726749 0.917397881 -0.545182368 -0.010937248 -0.177558312
1750927654.299984932 0.138249311 -0.838211042 1.046503923 -0.385374714 -0.180453454 -0.187230350 0.885363020 -0.526725693 -0.130645301 -0.044523055
1750927654.399985075 0.120340070 -0.824530231 1.074754845 -0.413769759 -0.214756327 -0.227612584 0.854907491 -0.469409814 -0.241671815 0.020429415
1750927654.499984980 0.069262861 -0.853000090 1.076844879 -0.419759281 -0.248105557 -0.262612858 0.832634533 -0.375759105 -0.329290667 0.077244860
1750927654.599984884 -0.030719303 -0.895971182 1.077881742 -0.386530744 -0.288148744 -0.305278264 0.821200016 -0.252849275 -0.346989558 0.187704737
1750927654.699985027 -0.098626063 -0.877728673 1.102364225 -0.329140646 -0.321006829 -0.338459985 0.821015158 -0.127206430 -0.287101484 0.286024612
1750927654.799983978 -0.154217882 -0.845346248 1.106104319 -0.244093090 -0.355349468 -0.382611489 0.817162021 0.007644351 -0.128855399 0.344252433
1750927654.899983883 -0.177098003 -0.804773083 1.108830145 -0.156693397 -0.382793509 -0.422656235 0.806398175 0.099904008 0.090758582 0.327377085
1750927654.999984026 -0.163131632 -0.776466623 1.140698462 -0.127456300 -0.371714090 -0.431040006 0.812273378 0.195948777 0.304311241 0.259737134
1750927655.099983931 -0.127029120 -0.752148400 1.200621354 -0.147218967 -0.321743212 -0.422306767 0.834544712 0.349286403 0.464943699 0.174800771
1750927655.199984074 -0.028775102 -0.737717446 1.284457024 -0.222230411 -0.235876741 -0.378958045 0.866814056 0.594501323 0.536673671 0.150585015
1750927655.299983978 0.052525901 -0.733842592 1.327578735 -0.277169596 -0.167184364 -0.345886289 0.880675354 0.796369375 0.576107972 0.134785101
1750927655.399983883 0.121827228 -0.747869078 1.344088600 -0.328255948 -0.108414133 -0.301810708 0.888484499 0.924573294 0.533287545 0.121722037
1750927655.499984026 0.288990610 -0.765831715 1.377968906 -0.422401241 0.013226994 -0.156074944 0.892772563 1.011869289 0.180905934 0.163766022
1750927655.599983931 0.468890690 -0.783789732 1.359369922 -0.477842078 0.130241059 0.010412201 0.868674739 0.875746612 -0.173375666 0.123162448
1750927655.699984074 0.607106765 -0.790281358 1.299087312 -0.481056420 0.237790883 0.111824305 0.836382413 0.561945236 -0.279538078 0.080308204
1750927655.799983978 0.659614499 -0.787984059 1.268862631 -0.460907242 0.302500373 0.137072192 0.822963701 0.247272746 -0.150025445 -0.005399587
1750927655.899982929 0.631936884 -0.789412843 1.285687918 -0.467734277 0.284477752 0.114686730 0.828941499 -0.058857119 0.079204890 -0.171661200
1750927655.999983072 0.600619939 -0.801749961 1.297716737 -0.460528683 0.266613313 0.102267350 0.840459435 -0.349951211 0.260766234 -0.335102426
1750927656.099982977 0.455963459 -0.823672180 1.325941562 -0.473257348 0.158260324 0.056116915 0.864772828 -0.651946258 0.293268583 -0.379014868
1750927656.199982882 0.298048693 -0.828557999 1.324794270 -0.501521305 0.032989142 -0.037764743 0.863690872 -0.839745096 0.174407130 -0.358750408
1750927656.299983025 0.172469220 -0.842988797 1.272771256 -0.492291490 -0.077037740 -0.144409241 0.854903647 -0.863761688 0.010095696 -0.353456655
1750927656.399982929 0.071653808 -0.873662690 1.168633313 -0.420408704 -0.211689541 -0.247640524 0.846828336 -0.772614847 -0.195062624 -0.307855276
1750927656.499983072 0.032398063 -0.889237106 1.077530153 -0.342311524 -0.316811563 -0.311720231 0.827818671 -0.580765034 -0.286860429 -0.265408775
1750927656.599982977 0.027404156 -0.897940355 1.002408955 -0.272790385 -0.411900697 -0.347459556 0.796991266 -0.334283297 -0.269005534 -0.229652868
1750927656.699982882 0.034588362 -0.909300663 0.959019823 -0.216314995 -0.491238903 -0.352938900 0.766372165 -0.079695816 -0.185522948 -0.201621720
1750927656.799983025 0.045746004 -0.936692511 0.953804783 -0.177370025 -0.514607613 -0.324628211 0.773521430 0.165598607 -0.076341761 -0.184028920
1750927656.899981976 0.067333851 -0.982211484 0.995723316 -0.178644634 -0.489316177 -0.243494264 0.818148102 0.396315645 -0.024018545 -0.152087715
1750927656.999982119 0.107726206 -1.028348714 1.089683629 -0.221358560 -0.417608308 -0.090012232 0.876642166 0.575468772 -0.126897481 -0.102588892
1750927657.099982023 0.139918921 -1.037817291 1.177507051 -0.244335239 -0.330175550 0.012217951 0.911666123 0.692197905 -0.212286298 -0.039488673
1750927657.199981928 0.188210588 -1.024565058 1.255876394 -0.241625283 -0.218640471 0.063371755 0.943290829 0.774770273 -0.221167611 0.077916403
1750927657.299982071 0.255030158 -1.009162882 1.296350581 -0.225137012 -0.136259445 0.082461585 0.961221502 0.818845295 -0.150798280 0.174236840
1750927657.399981976 0.364588179 -0.996753840 1.313869930 -0.204194679 -0.010302765 0.102844332 0.973458489 0.764640466 -0.104399346 0.318575553
1750927657.499982119 0.484516225 -0.972084488 1.303311566 -0.211607373 0.123634605 0.125242557 0.961379793 0.602911158 -0.119758876 0.416089765
1750927657.599982023 0.607620461 -0.923965604 1.305219962 -0.270896195 0.261919931 0.147358974 0.914493594 0.316786860 -0.181154010 0.371840911
1750927657.699981928 0.644774378 -0.876074297 1.336217478 -0.356994702 0.299820736 0.155598388 0.870891182 0.074526946 -0.152018166 0.128903393
1750927657.799982071 0.646071288 -0.871669137 1.355515944 -0.427091205 0.301165081 0.142245117 0.840630135 -0.152392007 -0.012714017 -0.157565382
1750927657.899981022 0.623720617 -0.899989205 1.375740680 -0.433940631 0.306718138 0.103247435 0.840808825 -0.329227831 0.118270239 -0.432383813
1750927657.999980927 0.519163114 -0.994925708 1.378054864 -0.381225353 0.238557210 0.077582767 0.889796944 -0.536147668 0.151613335 -0.612970906
1750927658.099981070 0.370351441 -1.067821726 1.357473945 -0.366547750 0.131251596 0.024821524 0.920760369 -0.828703250 0.114187031 -0.744170368
1750927658.199980974 0.174015527 -1.115030258 1.287871184 -0.348594603 -0.016100549 -0.111900034 0.930430523 -1.161429136 -0.242201372 -0.775880200
1750927658.299981117 0.097785092 -1.139033565 1.204604427 -0.262358104 -0.092828754 -0.204124711 0.938554287 -1.345409213 -0.709329857 -0.800549106
1750927658.399981022 0.052650793 -1.124558554 1.113775044 -0.138613300 -0.181384254 -0.309736789 0.923010957 -1.334052794 -1.390679746 -0.611260255
