956.700000000 -0.118540951 -0.224858599 6.973157291 -0.060961236 -0.698163437 -0.010197278 0.713265420 0.000000000 0.000000000 0.000000000
956.800000000 -0.118540951 -0.224858599 6.973157291 -0.060961236 -0.698163437 -0.010197278 0.713265420 0.000000000 0.000000000 0.000000000
956.900000000 -0.118540951 -0.224858599 6.973157291 -0.060961236 -0.698163437 -0.010197278 0.713265420 0.000000000 0.000000000 0.000000000
957.000000000 -0.118540951 -0.224858599 6.973157291 -0.060961236 -0.698163437 -0.010197278 0.713265420 0.000000000 0.000000000 0.000000000
957.100000000 -0.118540951 -0.224858599 6.973157291 -0.060961236 -0.698163437 -0.010197278 0.713265420 0.000000000 0.000000000 0.000000000
957.200000000 -0.118540951 -0.224858599 6.973157291 -0.060961236 -0.698163437 -0.010197278 0.713265420 0.000000000 0.000000000 0.000000000
957.300000000 -0.118540951 -0.224858599 6.973157291 -0.060961236 -0.698163437 -0.010197278 0.713265420 0.000000000 0.000000000 0.000000000
957.400000000 -0.118540951 -0.224858599 6.973157291 -0.060961236 -0.698163437 -0.010197278 0.713265420 0.000000000 0.000000000 0.000000000
957.500000000 -0.118540951 -0.224858599 6.973157291 -0.060961236 -0.698163437 -0.010197278 0.713265420 0.000000000 0.000000000 0.000000000
957.600000000 -0.118540951 -0.224858599 6.973157291 -0.060961236 -0.698163437 -0.010197278 0.713265420 0.000000000 0.000000000 0.000000000
957.700000000 -0.118540951 -0.224858599 6.973157291 -0.060961236 -0.698163437 -0.010197278 0.713265420 0.000000000 0.000000000 0.000000000
957.800000000 -0.118540951 -0.224858599 6.973157291 -0.060961236 -0.698163437 -0.010197278 0.713265420 0.000000000 0.000000000 0.000000000
957.900000000 -0.118540951 -0.224858599 6.973157291 -0.060961236 -0.698163437 -0.010197278 0.713265420 0.000000000 0.000000000 0.000000000
958.000000000 -0.118540951 -0.224858599 6.973157291 -0.060961236 -0.698163437 -0.010197278 0.713265420 0.000000000 0.000000000 0.000000000
958.100000000 -0.118540951 -0.224858599 6.973157291 -0.060961236 -0.698163437 -0.010197278 0.713265420 0.000000000 0.000000000 0.000000000
958.200000000 -0.118540951 -0.224858599 6.973157291 -0.060961236 -0.698163437 -0.010197278 0.713265420 -0.003437931 0.000750251 -0.005764318
958.300000000 -0.118540951 -0.224858599 6.973157291 -0.060961236 -0.698163437 -0.010197278 0.713265420 0.004274319 -0.014079458 0.009378546
958.400000000 -0.118540951 -0.224858599 6.973157291 -0.060961236 -0.698163437 -0.010197278 0.713265420 0.049923089 -0.040323863 0.120898362
958.500000000 -0.116091029 -0.227124359 6.970932207 -0.061459374 -0.698093633 -0.009728404 0.713297542 0.144829599 -0.087879401 0.291064134
958.600000000 -0.215102333 -0.234707760 7.017094871 -0.063564536 -0.697905429 -0.006133905 0.713337183 0.191898647 -0.126692045 0.329865777
958.700000000 -0.213435364 -0.238280905 7.023768955 -0.069749822 -0.697497419 0.001683930 0.713182639 0.178911046 -0.155792529 0.231883565
958.800000000 -0.231123031 -0.257056977 7.046708387 -0.095672043 -0.697117572 0.021593498 0.710216637 0.137646990 -0.193886549 0.067427558
958.900000000 -0.223290292 -0.275670591 7.053851653 -0.119839920 -0.696350566 0.031006328 0.706946172 0.126198160 -0.232978159 -0.001415414
959.000000000 -0.221181949 -0.296054179 7.074259100 -0.087337318 -0.698181279 0.015812225 0.710397824 0.264550721 -0.267836495 0.168214408
959.100000000 -0.249109196 -0.327814513 7.112587495 -0.036331808 -0.698493397 -0.000932104 0.714693015 0.375901295 -0.221052216 0.285665059
959.200000000 -0.317123040 -0.340121874 7.174091035 0.003341865 -0.697146206 -0.012396773 0.716814007 0.350322383 -0.137413776 0.233913941
959.300000000 -0.313415607 -0.348914942 7.197976732 0.008795456 -0.698276014 -0.019136604 0.715518720 0.253728849 -0.054382043 0.116618899
959.400000000 -0.300721516 -0.358624381 7.202377170 0.003438826 -0.699001910 -0.021327274 0.714793433 0.125512279 0.024220811 -0.013250084
959.500000000 -0.313177454 -0.346567642 7.222740418 0.002844229 -0.698822883 -0.017108368 0.715084466 0.085153693 0.069750890 0.058297308
959.600000000 -0.274322211 -0.326769251 7.209433159 0.002279818 -0.699274497 -0.014414773 0.714704271 0.053027342 0.092445158 0.094392925
959.700000000 -0.353849638 -0.327391772 7.238430168 -0.001289615 -0.699605889 -0.011648563 0.714432816 0.037062195 0.052342848 0.155063747
959.800000000 -0.324042103 -0.315839990 7.225127711 -0.004708301 -0.700394237 -0.009107047 0.713682567 0.036802906 0.014597240 0.202093862
959.900000000 -0.377096075 -0.327264165 7.237776504 -0.004256733 -0.700497649 -0.005853131 0.713618010 0.152471866 -0.053634095 0.436193113
960.000000000 -0.388527060 -0.321243339 7.244221769 -0.007507275 -0.701718318 -0.002418567 0.712410832 0.310779769 -0.129155642 0.856989266
960.100000000 -0.563358123 -0.363410306 7.329124172 -0.009068347 -0.702724843 0.001045464 0.711403168 0.378262795 -0.180002853 1.117329851
960.200000000 -0.701426219 -0.364091135 7.360757181 -0.009269715 -0.703430135 0.003817406 0.710693706 0.343892232 -0.226420913 1.157953894
960.300000000 -0.801731722 -0.384416157 7.380769901 -0.010229567 -0.703668107 0.006428134 0.710426090 0.166300600 -0.212536554 0.897933642
960.400000000 -0.843817612 -0.412813078 7.385524744 -0.015369374 -0.704257996 0.006218274 0.709750513 0.031749884 -0.216893902 0.612608550
960.500000000 -0.901285220 -0.428116405 7.380768480 -0.017152135 -0.704430877 0.007639919 0.709524189 -0.127147254 -0.168003411 0.308244226
960.600000000 -0.929003474 -0.444006290 7.370192034 -0.018733281 -0.704633043 0.008072644 0.709278627 -0.329373496 -0.108982624 -0.053305399
960.700000000 -0.894369293 -0.456567096 7.321013285 -0.026190201 -0.704511734 0.002641562 0.709203999 -0.422482703 -0.120714786 -0.284189285
960.800000000 -0.790319097 -0.453716890 7.235384861 -0.030059475 -0.704746803 -0.000867790 0.708821288 -0.402852031 -0.201055223 -0.288486781
960.900000000 -0.808207618 -0.494755031 7.228594540 -0.028639544 -0.704536054 0.002184095 0.709086705 -0.265066664 -0.336360519 -0.104558773
961.000000000 -0.829497239 -0.539091755 7.219094383 -0.022301631 -0.704116671 0.008432536 0.709683904 -0.101656812 -0.451769876 0.155014030
961.100000000 -0.845562686 -0.589072790 7.209811727 -0.019651142 -0.703923651 0.012653875 0.709890982 -0.056667874 -0.493745187 0.226411599
961.200000000 -0.868922979 -0.639336021 7.208306444 -0.018068600 -0.703988818 0.013274096 0.709857076 -0.014224390 -0.518715748 0.271909803
961.300000000 -0.894869582 -0.693048452 7.213757558 -0.017017835 -0.703952999 0.013304603 0.709917992 -0.003509151 -0.533429170 0.264627428
961.400000000 -0.935484527 -0.745420014 7.220510511 -0.017417968 -0.704187869 0.012673024 0.709686870 0.004877838 -0.544771094 0.221368448
961.500000000 -0.943245156 -0.799850679 7.216969644 -0.016382276 -0.704327601 0.012591526 0.709574312 -0.002405478 -0.561233587 0.137398381
961.600000000 -0.965332211 -0.857575666 7.226557047 -0.015937034 -0.704169587 0.013153043 0.709731076 -0.040733273 -0.592930469 -0.021266411
961.700000000 -0.957488163 -0.915105319 7.225465323 -0.015957880 -0.704222232 0.013899417 0.709664146 -0.079622931 -0.631601177 -0.152727011
961.800000000 -0.914669873 -0.984431407 7.209016653 -0.014911088 -0.704094734 0.012416690 0.709840891 -0.107061995 -0.657205946 -0.248886002
961.900000000 -0.897425483 -1.055496372 7.202274142 -0.014725135 -0.703998972 0.011102160 0.709961520 -0.060493467 -0.639058476 -0.169785927
962.000000000 -0.876984339 -1.115409883 7.198463022 -0.015550817 -0.704193831 0.008712262 0.709783993 -0.002686521 -0.602523201 -0.057505702
962.100000000 -0.897015900 -1.167576628 7.213454607 -0.016590569 -0.704132846 0.007025937 0.709839647 0.032089545 -0.547843720 0.070413966
962.200000000 -0.883386134 -1.234479170 7.211664785 -0.015823026 -0.704072552 0.004215409 0.709939226 0.045257224 -0.512762906 0.124294737
962.300000000 -0.926587494 -1.269829262 7.215916630 -0.016188330 -0.704093064 0.005249048 0.709903756 0.054229911 -0.496452549 0.108608202
962.400000000 -0.922662453 -1.322095613 7.219091372 -0.014777571 -0.703817558 0.005217788 0.710207887 0.083980525 -0.500640097 0.091726084
962.500000000 -0.936242833 -1.371433212 7.241062712 -0.016351675 -0.703538262 0.004740325 0.710453423 0.152690175 -0.534719436 0.054732721
962.600000000 -0.914908685 -1.434296244 7.239277526 -0.016224260 -0.703352751 0.003672075 0.710646324 0.147320439 -0.566006173 -0.010255448
962.700000000 -0.950079419 -1.481594749 7.291006697 -0.018088232 -0.703281804 0.003264653 0.710673527 0.098151041 -0.568043813 -0.100953564
962.800000000 -0.921621828 -1.548003587 7.285388155 -0.017927790 -0.703053964 0.001908416 0.710907923 0.054281899 -0.534068469 -0.138101595
962.900000000 -0.896923874 -1.593197288 7.284643138 -0.018832893 -0.702809480 0.002222885 0.711125316 -0.002579864 -0.485103088 -0.148494012
963.000000000 -0.892077468 -1.640478437 7.285743286 -0.017139819 -0.702404880 0.001646339 0.711569323 0.018202656 -0.433753236 -0.096404038
963.100000000 -0.899061910 -1.679023236 7.291327201 -0.016236349 -0.702258856 0.001314610 0.711735310 -0.057807067 -0.511055518 -0.250474355
963.200000000 -0.882358984 -1.718506567 7.292663661 -0.016683780 -0.702310148 0.001587902 0.711673792 -0.129343667 -0.606061596 -0.399053073
963.300000000 -0.724184931 -1.846818526 7.223926303 -0.016491544 -0.702393193 0.000880740 0.711597538 -0.204246541 -0.730607678 -0.547144436
963.400000000 -0.766017680 -1.879200326 7.254081510 -0.016546557 -0.702304030 0.000919134 0.711684211 -0.211323935 -0.743314074 -0.520291665
963.500000000 -0.683677193 -1.976125670 7.218729818 -0.019049604 -0.702312755 -0.000409696 0.711613476 -0.112873408 -0.639194468 -0.200282086
963.600000000 -0.679905093 -2.018442764 7.212379236 -0.038898450 -0.701681184 -0.022749656 0.711064610 -0.033706002 -0.506708299 0.016867484
963.700000000 -0.754257480 -2.077087546 7.223412228 -0.044636529 -0.701610417 -0.029449068 0.710551304 0.042425129 -0.347044009 0.215665790
963.800000000 -0.758966827 -2.087693561 7.231019643 -0.034518382 -0.702079436 -0.021260004 0.710943710 0.043715861 -0.224608177 0.248654621
963.900000000 -0.774855972 -2.097977452 7.234349075 -0.022951767 -0.701476970 -0.009973900 0.712252622 0.002649107 -0.119523602 0.080004000
964.000000000 -0.800988828 -2.101973965 7.238483571 -0.017892987 -0.700382970 -0.001980718 0.713540197 -0.034141322 -0.062967225 0.011518341
964.100000000 -0.764064870 -2.114936941 7.222624188 -0.016667693 -0.699857639 -0.000568936 0.714087634 -0.044503028 -0.020188486 -0.009715554
964.200000000 -0.780912497 -2.105262874 7.219842302 -0.016376583 -0.699792307 -0.000610701 0.714158359 -0.035501848 0.005084751 -0.011225004
964.300000000 -0.780912497 -2.105262874 7.219842302 -0.016376583 -0.699792307 -0.000610701 0.714158359 -0.015551473 0.023120591 0.043213931
964.400000000 -0.780912497 -2.105262874 7.219842302 -0.016376583 -0.699792307 -0.000610701 0.714158359 -0.002536297 0.008121124 0.014811936
964.500000000 -0.780912497 -2.105262874 7.219842302 -0.016376583 -0.699792307 -0.000610701 0.714158359 0.000000000 0.000000000 0.000000000
964.600000000 -0.780912497 -2.105262874 7.219842302 -0.016376583 -0.699792307 -0.000610701 0.714158359 0.000000000 0.000000000 0.000000000
964.700000000 -0.780912497 -2.105262874 7.219842302 -0.016376583 -0.699792307 -0.000610701 0.714158359 -0.025526097 0.010397606 -0.017675762
964.800000000 -0.780912497 -2.105262874 7.219842302 -0.016376583 -0.699792307 -0.000610701 0.714158359 -0.038311007 0.017700420 -0.023722171
964.900000000 -0.773278303 -2.099491495 7.206524042 -0.016821105 -0.699809425 -0.000530138 0.714131317 -0.036904541 0.021571010 -0.025228428
965.000000000 -0.773278303 -2.099491495 7.206524042 -0.016821105 -0.699809425 -0.000530138 0.714131317 -0.019082631 0.028205000 -0.029544583
965.100000000 -0.773278303 -2.099491495 7.206524042 -0.016821105 -0.699809425 -0.000530138 0.714131317 0.008549591 0.021766057 -0.019387513
965.200000000 -0.765330846 -2.092982019 7.208635376 -0.017035854 -0.699838059 -0.000566951 0.714098138 0.006754976 0.018545989 -0.021573646
965.300000000 -0.765330846 -2.092982019 7.208635376 -0.017035854 -0.699838059 -0.000566951 0.714098138 0.003778805 0.010374823 -0.012068525
965.400000000 -0.765330846 -2.092982019 7.208635376 -0.017035854 -0.699838059 -0.000566951 0.714098138 0.000000000 0.000000000 0.000000000
965.500000000 -0.765330846 -2.092982019 7.208635376 -0.017035854 -0.699838059 -0.000566951 0.714098138 0.000000000 0.000000000 0.000000000
965.600000000 -0.765330846 -2.092982019 7.208635376 -0.017035854 -0.699838059 -0.000566951 0.714098138 0.000000000 0.000000000 0.000000000
965.700000000 -0.765330846 -2.092982019 7.208635376 -0.017035854 -0.699838059 -0.000566951 0.714098138 0.000000000 0.000000000 0.000000000
965.800000000 -0.765330846 -2.092982019 7.208635376 -0.017035854 -0.699838059 -0.000566951 0.714098138 0.000000000 0.000000000 0.000000000
965.900000000 -0.765330846 -2.092982019 7.208635376 -0.017035854 -0.699838059 -0.000566951 0.714098138 0.000000000 0.000000000 0.000000000
966.000000000 -0.765330846 -2.092982019 7.208635376 -0.017035854 -0.699838059 -0.000566951 0.714098138 0.000000000 0.000000000 0.000000000
966.100000000 -0.765330846 -2.092982019 7.208635376 -0.017035854 -0.699838059 -0.000566951 0.714098138 0.000000000 0.000000000 0.000000000
966.200000000 -0.765330846 -2.092982019 7.208635376 -0.017035854 -0.699838059 -0.000566951 0.714098138 0.000000000 0.000000000 0.000000000
966.300000000 -0.765330846 -2.092982019 7.208635376 -0.017035854 -0.699838059 -0.000566951 0.714098138 0.000000000 0.000000000 0.000000000
966.400000000 -0.765330846 -2.092982019 7.208635376 -0.017035854 -0.699838059 -0.000566951 0.714098138 0.016643231 0.000355270 0.010453899
966.500000000 -0.765330846 -2.092982019 7.208635376 -0.017035854 -0.699838059 -0.000566951 0.714098138 0.133320853 -0.024185946 0.097739543
966.600000000 -0.765330846 -2.092982019 7.208635376 -0.017035854 -0.699838059 -0.000566951 0.714098138 0.187178252 -0.036598640 0.137718970
966.700000000 -0.810477632 -2.102838561 7.272526338 -0.017864579 -0.699677271 -0.000898068 0.714235093 0.177672717 -0.036768684 0.131149322
966.800000000 -0.810477632 -2.102838561 7.272526338 -0.017864579 -0.699677271 -0.000898068 0.714235093 0.105157951 -0.023913121 0.078103380
966.900000000 -0.810477632 -2.102838561 7.272526338 -0.017864579 -0.699677271 -0.000898068 0.714235093 0.000000000 0.000000000 0.000000000
967.000000000 -0.810477632 -2.102838561 7.272526338 -0.017864579 -0.699677271 -0.000898068 0.714235093 0.000000000 0.000000000 0.000000000
967.100000000 -0.810477632 -2.102838561 7.272526338 -0.017864579 -0.699677271 -0.000898068 0.714235093 0.000000000 0.000000000 0.000000000
967.200000000 -0.810477632 -2.102838561 7.272526338 -0.017864579 -0.699677271 -0.000898068 0.714235093 0.000000000 0.000000000 0.000000000
967.300000000 -0.810477632 -2.102838561 7.272526338 -0.017864579 -0.699677271 -0.000898068 0.714235093 0.000000000 0.000000000 0.000000000
967.400000000 -0.810477632 -2.102838561 7.272526338 -0.017864579 -0.699677271 -0.000898068 0.714235093 0.000000000 0.000000000 0.000000000
967.500000000 -0.810477632 -2.102838561 7.272526338 -0.017864579 -0.699677271 -0.000898068 0.714235093 0.000000000 0.000000000 0.000000000
967.600000000 -0.810477632 -2.102838561 7.272526338 -0.017864579 -0.699677271 -0.000898068 0.714235093 0.000000000 0.000000000 0.000000000
967.700000000 -0.810477632 -2.102838561 7.272526338 -0.017864579 -0.699677271 -0.000898068 0.714235093 0.000000000 0.000000000 0.000000000
967.800000000 -0.810477632 -2.102838561 7.272526338 -0.017864579 -0.699677271 -0.000898068 0.714235093 0.000000000 0.000000000 0.000000000
967.900000000 -0.810477632 -2.102838561 7.272526338 -0.017864579 -0.699677271 -0.000898068 0.714235093 0.000000000 0.000000000 0.000000000
968.000000000 -0.810477632 -2.102838561 7.272526338 -0.017864579 -0.699677271 -0.000898068 0.714235093 0.000000000 0.000000000 0.000000000
968.100000000 -0.810477632 -2.102838561 7.272526338 -0.017864579 -0.699677271 -0.000898068 0.714235093 0.000000000 0.000000000 0.000000000
968.200000000 -0.810477632 -2.102838561 7.272526338 -0.017864579 -0.699677271 -0.000898068 0.714235093 0.000000000 0.000000000 0.000000000
968.300000000 -0.810477632 -2.102838561 7.272526338 -0.017864579 -0.699677271 -0.000898068 0.714235093 0.000000000 0.000000000 0.000000000
968.400000000 -0.810477632 -2.102838561 7.272526338 -0.017864579 -0.699677271 -0.000898068 0.714235093 0.000000000 0.000000000 0.000000000
968.500000000 -0.810477632 -2.102838561 7.272526338 -0.017864579 -0.699677271 -0.000898068 0.714235093 0.000000000 0.000000000 0.000000000
968.600000000 -0.810477632 -2.102838561 7.272526338 -0.017864579 -0.699677271 -0.000898068 0.714235093 0.000000000 0.000000000 0.000000000
968.700000000 -0.810477632 -2.102838561 7.272526338 -0.017864579 -0.699677271 -0.000898068 0.714235093 0.000000000 0.000000000 0.000000000
968.800000000 -0.810477632 -2.102838561 7.272526338 -0.017864579 -0.699677271 -0.000898068 0.714235093 0.000000000 0.000000000 0.000000000
968.900000000 -0.810477632 -2.102838561 7.272526338 -0.017864579 -0.699677271 -0.000898068 0.714235093 0.000000000 0.000000000 0.000000000
969.000000000 -0.810477632 -2.102838561 7.272526338 -0.017864579 -0.699677271 -0.000898068 0.714235093 0.000000000 0.000000000 0.000000000
969.100000000 -0.810477632 -2.102838561 7.272526338 -0.017864579 -0.699677271 -0.000898068 0.714235093 0.000000000 0.000000000 0.000000000
969.200000000 -0.810477632 -2.102838561 7.272526338 -0.017864579 -0.699677271 -0.000898068 0.714235093 0.000000000 0.000000000 0.000000000
969.300000000 -0.810477632 -2.102838561 7.272526338 -0.017864579 -0.699677271 -0.000898068 0.714235093 -0.000940511 -0.004234749 -0.002039906
969.400000000 -0.810477632 -2.102838561 7.272526338 -0.017864579 -0.699677271 -0.000898068 0.714235093 -0.013881534 0.004324225 0.004698376
969.500000000 -0.808162493 -2.104554586 7.272325320 -0.022650452 -0.700192865 0.002381833 0.713590383 -0.044663540 0.031317516 0.023008927
969.600000000 -0.812666711 -2.100938433 7.265774610 -0.050902421 -0.700779989 -0.047214797 0.709990925 -0.094695622 0.083627271 0.093405460
969.700000000 -0.822159420 -2.087926386 7.251174348 -0.017202222 -0.706999501 -0.129566935 0.695031077 -0.197658928 0.097682919 0.222488117
969.800000000 -0.844584453 -2.062096524 7.235239954 0.035124411 -0.720075673 -0.161032294 0.674037018 -0.367736295 0.079783924 0.312995477
969.900000000 -0.892953992 -2.035186816 7.199068894 0.075732680 -0.736335075 -0.169794856 0.650572767 -0.607177217 0.031573521 0.405353228
970.000000000 -0.903485531 -2.007063639 7.119159066 0.099095005 -0.753546686 -0.179515080 0.624597397 -0.903735323 -0.059901894 0.551187002
970.100000000 -0.932066520 -1.968552222 7.015321774 0.109575545 -0.768907800 -0.192852862 0.599651372 -1.201600561 -0.164340099 0.733900722
970.200000000 -1.009029892 -1.912088449 6.863282057 0.113390378 -0.785083448 -0.205262634 0.573283397 -1.468016127 -0.285364300 0.915409786
970.300000000 -1.040120896 -1.861220602 6.686849822 0.114542470 -0.802911194 -0.216552030 0.543432476 -1.723897468 -0.440890090 1.129638829
970.400000000 -1.072743858 -1.802662424 6.476877320 0.113686599 -0.819275136 -0.224286640 0.515324279 -1.969998178 -0.598186318 1.306117636
970.500000000 -1.112027083 -1.735095015 6.217495604 -0.109124811 0.835781259 0.229954605 -0.486500094 -2.185913295 -0.758337771 1.552625818
970.600000000 -1.122931420 -1.662062035 5.912928965 -0.102746534 0.853256775 0.233717672 -0.454721976 -2.349722934 -0.921155003 1.924836947
970.700000000 -1.157543725 -1.595259696 5.609387270 -0.095903527 0.868505347 0.235790538 -0.425327870 -2.486375450 -1.087487230 2.259033619
970.800000000 -1.194746237 -1.515944396 5.229309481 -0.086162107 0.883338499 0.235390740 -0.396081289 -2.592620969 -1.234473324 2.663902845
970.900000000 -1.212689995 -1.447251173 4.823208319 -0.074768371 0.897951355 0.234663008 -0.364727744 -2.662077888 -1.376223790 3.094345496
971.000000000 -1.234718304 -1.372805998 4.395010300 -0.064377862 0.909805262 0.233721318 -0.336874193 -2.720765430 -1.529349110 3.495971563
971.100000000 -1.265025392 -1.295505815 3.918694333 -0.055365450 0.920325777 0.233333776 -0.309015341 -2.710898133 -1.684859967 3.901806652
971.200000000 -1.283085257 -1.224133451 3.358496911 -0.046018996 0.931813830 0.226202837 -0.280066983 -2.602274017 -1.753315709 4.267412488
971.300000000 -1.302831380 -1.162379688 2.841791488 -0.040893703 0.940608413 0.221720608 -0.253817829 -2.483824359 -1.883066746 4.674597364
971.400000000 -1.320001571 -1.105419720 2.303346889 -0.036868784 0.948869656 0.215457964 -0.227738743 -2.319205497 -2.021329072 5.116006741
971.500000000 -1.361563479 -1.044043605 1.633223322 -0.031435728 0.958736288 0.199533498 -0.200057263 -2.097128917 -2.023925912 5.507471952
971.600000000 -1.401155398 -1.003632954 0.989282484 -0.029017626 0.966864281 0.183503936 -0.175093534 -1.884487187 -1.991872055 5.761312333
971.700000000 -1.415094526 -0.976794382 0.399747133 -0.026522946 0.973225526 0.171621022 -0.150581650 -1.642607859 -1.954116340 5.873311207
971.800000000 -1.425124059 -0.956114250 -0.282493955 -0.024355441 0.978739713 0.161350325 -0.124263669 -1.391123562 -1.917195371 5.975841145
971.900000000 -1.439256155 -0.944820462 -0.914744078 -0.023357979 0.982683816 0.154206063 -0.100037056 -1.161730146 -1.928660958 6.113053075
972.000000000 -1.444629318 -0.942781390 -1.546035153 -0.023289726 0.986274095 0.145401607 -0.074695185 -0.909432504 -1.918570631 6.248588293
972.100000000 -1.442934930 -0.946439674 -2.247964299 -0.022162914 0.989719419 0.133578916 -0.046053766 -0.629422561 -1.871207358 6.406572639
972.200000000 -1.430881460 -0.957125101 -2.927513209 -0.020600513 0.991841904 0.124234252 -0.019776431 -0.343989646 -1.810857533 6.380808498
972.300000000 -1.415454438 -0.977433705 -3.582551418 -0.019476751 0.993079647 0.115603009 0.007029639 -0.051379365 -1.767888364 6.262737546
972.400000000 -1.393326473 -1.014723522 -4.209420621 -0.018058290 0.993579380 0.105855893 0.035615205 0.262194837 -1.688233633 6.029547401
972.500000000 -1.370634847 -1.057930532 -4.827009960 -0.018640555 0.993540093 0.093166354 0.062053563 0.493803579 -1.536187169 5.758332259
972.600000000 -1.354990422 -1.113279129 -5.375072915 -0.021703426 0.992378392 0.081257514 0.090062778 0.710777658 -1.411573317 5.651032107
972.700000000 -1.305373948 -1.150131590 -5.965255612 -0.024511353 0.990016742 0.068015543 0.120995578 0.823354851 -1.271475291 5.865685530
972.800000000 -1.258209145 -1.210783746 -6.520595520 -0.026679829 0.986925314 0.057167175 0.148318998 1.067657374 -1.157446952 5.756785785
972.900000000 -1.078144767 -1.239995268 -7.252726793 -0.029196090 0.982869201 0.043740633 0.176642235 1.377643609 -1.007525614 5.299895496
973.000000000 -1.088729198 -1.312537945 -7.729768929 -0.033067346 0.977483584 0.020146868 0.207428292 1.594662281 -0.744568511 4.480063393
973.100000000 -1.072142408 -1.374586218 -8.120407346 -0.037721048 0.971474010 -0.001618416 0.234121234 1.706166456 -0.568917815 3.633966490
973.200000000 -1.044443482 -1.436599048 -8.483972563 -0.043203865 0.963823256 -0.020383107 0.262226403 1.740605613 -0.407440308 3.395681993
973.300000000 -1.016862780 -1.504480842 -8.889392367 -0.051311000 0.953826979 -0.032004202 0.294205722 1.829353293 -0.320741448 3.161808307
973.400000000 -0.984448113 -1.557848897 -9.227985989 -0.059110600 0.943868713 -0.038165381 0.322740133 1.920564077 -0.279245269 2.888648040
973.500000000 -0.942123573 -1.633033875 -9.560575271 -0.066287631 0.932717741 -0.043935242 0.351728958 1.997240597 -0.237197336 2.723472532
973.600000000 -0.934997460 -1.695557677 -9.856813941 -0.074196332 0.919517151 -0.050619983 0.382649619 2.122484295 -0.168065478 2.597835484
973.700000000 -0.871224839 -1.757402267 -10.204308752 -0.083381094 0.906953444 -0.058195540 0.408774170 2.237638327 -0.051767459 2.616841361
973.800000000 -0.831492333 -1.808978841 -10.514132885 -0.092610189 0.893051960 -0.069222070 0.434844634 2.253468441 0.061288420 2.580505595
973.900000000 -0.718640989 -1.857333193 -10.930621141 -0.101608187 0.876386360 -0.082031143 0.463566193 2.167167503 0.161201951 2.365767846
974.000000000 -0.638568803 -1.905170762 -11.183267627 -0.110128527 0.860338325 -0.092026133 0.489102100 1.958820053 0.213283369 2.145727449
974.100000000 -0.585380046 -1.959074127 -11.422651624 -0.119944582 0.842321724 -0.102051288 0.515454115 1.685978133 0.231576626 1.822244103
974.200000000 -0.471585274 -1.995487176 -11.643314724 -0.130462859 0.820924264 -0.113252343 0.544276311 1.426997452 0.258484870 1.564289458
974.300000000 -0.406493284 -2.019458974 -11.802007092 -0.139673066 0.800450406 -0.121733442 0.570045218 1.118702677 0.233727456 1.322014094
974.400000000 -0.310803885 -2.039340781 -11.933685211 -0.149648816 0.778459315 -0.129101275 0.595767730 0.811733211 0.189311625 1.134196485
974.500000000 -0.219390050 -2.053627927 -12.025387377 -0.159715300 0.753691164 -0.133872929 0.623312676 0.480714906 0.122626103 0.993585352
974.600000000 -0.133106921 -2.059056501 -12.065191209 -0.168896839 0.730444982 -0.136847464 0.647454059 0.123954995 0.044927640 0.880518171
974.700000000 -0.051635955 -2.052546239 -12.066051327 -0.177483652 0.706093448 -0.138898176 0.671296426 -0.245392743 -0.038802442 0.831234081
974.800000000 0.041267487 -2.032687656 -12.023308918 -0.186473522 0.678946642 -0.139940784 0.696186512 -0.619986088 -0.124995619 0.865654966
974.900000000 0.109546677 -2.010100654 -11.940624852 -0.195231311 0.653497951 -0.141095758 0.717577278 -0.991167231 -0.248670015 0.943815265
975.000000000 0.213568639 -1.962495902 -11.818016321 -0.201878692 0.626882034 -0.141022502 0.739172892 -1.332254638 -0.385186852 1.060973028
975.100000000 0.287829215 -1.922364395 -11.631398913 -0.206824777 0.597299159 -0.138341107 0.762442761 -1.636688342 -0.520014130 1.243258977
975.200000000 0.364166703 -1.871760464 -11.435806805 -0.209826185 0.569730987 -0.134494635 0.783128832 -1.927627290 -0.656707492 1.458308994
975.300000000 0.454368266 -1.813128997 -11.180269149 -0.213785757 0.540916192 -0.128880890 0.803178087 -2.172768180 -0.785995678 1.769369334
975.400000000 0.519755008 -1.745073175 -10.885512439 -0.218781770 0.509468707 -0.120773634 0.823401423 -2.344573796 -0.928687398 2.133574244
975.500000000 0.618709210 -1.672926818 -10.545902839 -0.223395329 0.480989945 -0.111799997 0.840383222 -2.340554534 -0.972318024 2.186155417
975.600000000 0.706145636 -1.601639985 -10.194237155 -0.228172034 0.451825431 -0.102686077 0.856298355 -2.258616372 -0.963664119 2.111094274
975.700000000 0.706646810 -1.542878159 -9.915945884 -0.230028401 0.420436019 -0.092419519 0.872799588 -2.258062559 -0.961662184 2.032849192
975.800000000 0.718277721 -1.483763750 -9.612504443 -0.232980221 0.391917688 -0.084165679 0.886023070 -2.402048833 -1.077567130 2.198116691
975.900000000 0.710303532 -1.425804733 -9.268338258 -0.235750198 0.363636005 -0.074231996 0.898153835 -2.634027752 -1.368070176 2.904969002
976.000000000 0.720491088 -1.350572609 -8.803420604 -0.238074043 0.333015777 -0.065968250 0.909983204 -2.719990631 -1.649541062 3.602372799
976.100000000 0.779518191 -1.268729322 -8.264259678 -0.234565085 0.306383649 -0.058420097 0.920703738 -2.692325365 -1.852582152 4.247688112
976.200000000 0.813740509 -1.206786825 -7.759304444 -0.224395741 0.281170370 -0.048853907 0.931774152 -2.602205563 -1.925683323 4.746781618
976.300000000 0.864598744 -1.135193006 -7.123932616 -0.215708936 0.253604972 -0.042111649 0.942008908 -2.402844583 -1.948309094 5.052580922
976.400000000 0.914358870 -1.071836011 -6.539051345 -0.208227557 0.227348385 -0.039689511 0.950462382 -2.149667669 -1.982347868 5.308773213
976.500000000 0.959431126 -1.024140276 -5.954813552 -0.197927397 0.200620157 -0.036634690 0.958767019 -1.881610306 -1.936274043 5.389676087
976.600000000 1.014898692 -0.981798971 -5.326314021 -0.192713518 0.170577942 -0.035157210 0.965675223 -1.601344266 -1.975453822 5.522375434
976.700000000 1.035208542 -0.946213792 -4.745671611 -0.189782133 0.143483171 -0.033446016 0.970709372 -1.400485660 -2.038904211 5.653553920
976.800000000 1.073377544 -0.919931732 -4.117331904 -0.181611650 0.115938021 -0.030458576 0.976036812 -1.197121338 -2.038242688 5.856407232
976.900000000 1.081999722 -0.896299187 -3.438048123 -0.168616005 0.086769616 -0.026579567 0.981495391 -0.954835869 -1.971097876 6.033107075
977.000000000 1.095842420 -0.879804140 -2.801031522 -0.157504766 0.060043730 -0.025124855 0.985370865 -0.745187526 -1.913815442 6.078044375
977.100000000 1.073591357 -0.875739108 -2.207934351 -0.145527394 0.033749798 -0.025849437 0.988440456 -0.458783555 -1.792748278 5.922682706
977.200000000 1.045065210 -0.881387657 -1.532961686 -0.129785395 0.005772647 -0.024672239 0.991218295 -0.170575431 -1.597438226 5.638761765
977.300000000 1.046074897 -0.893770149 -1.066606710 -0.113472703 -0.019732480 -0.023821813 0.993059463 0.060762409 -1.431977535 5.455317202
977.400000000 1.024646223 -0.911044164 -0.490545548 -0.098412643 -0.045849362 -0.027503412 0.993708383 0.320346523 -1.276487578 5.289846682
977.500000000 0.985546380 -0.941129306 0.129461859 -0.086702611 -0.075907527 -0.029200657 0.992908871 0.617362962 -1.144610051 5.146553377
977.600000000 0.971041856 -0.972700546 0.619533272 -0.075184716 -0.104137892 -0.030919907 0.991234845 0.875854932 -1.007226340 4.854866437
977.700000000 0.961801499 -0.987653817 1.048213433 -0.064122104 -0.132948883 -0.034118673 0.988457822 1.102181895 -0.904695418 4.592089777
977.800000000 0.938984498 -1.028983444 1.545402781 -0.051976820 -0.165065781 -0.034806071 0.984296823 1.381793737 -0.823216967 4.468020636
977.900000000 0.900814706 -1.079118402 2.037112052 -0.044042156 -0.192324659 -0.035349238 0.979705030 1.627983263 -0.774846753 4.398834053
978.000000000 0.891781944 -1.112409059 2.489441661 -0.040370975 -0.218834901 -0.035375535 0.974284374 1.814436988 -0.737585522 4.193632561
978.100000000 0.871796112 -1.156300783 2.975898385 -0.028763480 -0.246859397 -0.036516032 0.967935783 1.931561853 -0.635141192 3.886038029
978.200000000 0.851270396 -1.204387464 3.365162873 -0.010011813 -0.272285926 -0.039574073 0.961350108 1.961650836 -0.508953401 3.628970770
978.300000000 0.821329132 -1.251252494 3.752643308 0.006997431 -0.298699115 -0.044498152 0.953283688 2.015387176 -0.393705522 3.374983669
978.400000000 0.789883488 -1.312630137 4.154245898 0.018078356 -0.328278163 -0.051733472 0.942990068 2.115073094 -0.307970494 3.151679613
978.500000000 0.741785365 -1.369198627 4.543783000 0.029867636 -0.355091156 -0.060316756 0.932405536 2.187958397 -0.200672182 2.954843837
978.600000000 0.720001906 -1.418280067 4.857822972 0.046641250 -0.382822749 -0.068325972 0.920110264 2.225187932 -0.069281607 2.761010161
978.700000000 0.674438716 -1.474043857 5.225918465 0.061539501 -0.413854928 -0.076726810 0.905013804 2.219953468 0.027233025 2.528560121
978.800000000 0.617461237 -1.519866885 5.529402724 0.071579270 -0.441302486 -0.087870704 0.890172603 2.149548823 0.079363882 2.286183915
978.900000000 0.563375802 -1.570694091 5.810291458 0.081438749 -0.468431148 -0.100549865 0.873973520 2.018692081 0.121821797 2.024993281
979.000000000 0.502456436 -1.627868429 6.096725663 0.092518410 -0.496706398 -0.113430599 0.855486176 1.843214102 0.177215699 1.761211841
979.100000000 0.431605310 -1.661710971 6.315592139 0.102076751 -0.522266492 -0.124326347 0.837472989 1.622468778 0.211631289 1.551882656
979.200000000 0.366476747 -1.694516584 6.504285361 0.111070837 -0.550004115 -0.132804698 0.817019984 1.369577850 0.226121088 1.340067418
979.300000000 0.282391509 -1.724579747 6.669050666 0.117690524 -0.579620290 -0.141170162 0.793889316 1.089954672 0.201408266 1.127374436
979.400000000 0.220095818 -1.742793766 6.780420219 0.122691661 -0.605456434 -0.149307038 0.772060017 0.775336486 0.158178907 0.971591298
979.500000000 0.142263021 -1.756662710 6.855906068 0.126859992 -0.631605629 -0.156375983 0.748683794 0.434257466 0.113465590 0.875516484
979.600000000 0.054281314 -1.755620866 6.900667965 0.128540935 -0.659296135 -0.164630587 0.722289834 0.093955034 0.049036085 0.830420653
979.700000000 -0.027716488 -1.745354898 6.894661444 0.129541878 -0.683385483 -0.173262835 0.697268365 -0.246824079 -0.021932511 0.827142440
979.800000000 -0.112505503 -1.730519551 6.852356797 0.129804103 -0.707244785 -0.181150526 0.670924881 -0.575189001 -0.105315483 0.861957386
979.900000000 -0.203729173 -1.697704247 6.767647010 0.126766635 -0.732497081 -0.188014490 0.641894694 -0.859599321 -0.192929573 0.868863822
980.000000000 -0.273826269 -1.667080895 6.666982878 0.123664174 -0.753938776 -0.195161448 0.614976018 -1.172814613 -0.299935534 0.948726186
980.100000000 -0.319278681 -1.631086132 6.522941381 0.120635557 -0.774388118 -0.203471012 0.586830173 -1.479308896 -0.432786796 1.098096801
980.200000000 -0.390326326 -1.579651560 6.299264999 0.115032048 -0.796120128 -0.208080698 0.556473534 -1.725300495 -0.534844620 1.238696617
980.300000000 -0.481471457 -1.522971967 6.062036587 0.111092378 -0.814296082 -0.212327426 0.528675174 -1.981422629 -0.682004538 1.541979103
980.400000000 -0.495833777 -1.469345690 5.845571954 -0.107472671 0.831687900 0.216628405 -0.499816962 -2.121268469 -0.804120413 1.743061398
980.500000000 -0.580148810 -1.406479216 5.500655474 -0.099820722 0.849504097 0.219023409 -0.469475621 -2.228466786 -0.909464898 1.954600375
980.600000000 -0.594247348 -1.355448032 5.236450270 -0.091850362 0.864005194 0.223527119 -0.441694648 -2.348249095 -1.038538999 2.227680397
980.700000000 -0.636133139 -1.295539116 4.892015291 -0.084066427 0.877443763 0.228593474 -0.413243636 -2.458674168 -1.172518623 2.493090827
980.800000000 -0.673636600 -1.226158232 4.485581821 -0.076575957 0.892245751 0.227114874 -0.382691098 -2.568941646 -1.322448670 2.973855256
980.900000000 -0.718974368 -1.163440649 4.058255500 -0.067324050 0.905296465 0.221212734 -0.356329496 -2.658203320 -1.444877168 3.442976279
981.000000000 -0.763876229 -1.089888286 3.575049502 -0.058330646 0.917108244 0.215757645 -0.330088841 -2.703694816 -1.577160139 3.926883082
981.100000000 -0.806283433 -1.027787876 3.042822551 -0.053271170 0.928123464 0.212467618 -0.301009184 -2.640350918 -1.707949324 4.355043982
981.200000000 -0.858247182 -0.964814385 2.486898661 -0.049076630 0.937413123 0.207895754 -0.275004504 -2.522431337 -1.801052151 4.695843550
981.300000000 -0.891227939 -0.910467591 1.942696255 -0.045558766 0.946074304 0.202901994 -0.248392012 -2.344467802 -1.875112313 5.030230401
981.400000000 -0.946142833 -0.856790688 1.309833334 -0.043061249 0.953987801 0.200106540 -0.219112704 -2.139712030 -1.984075768 5.348646272
981.500000000 -0.990201300 -0.811158111 0.718637887 -0.041356828 0.960096833 0.198392236 -0.192728319 -1.929920951 -2.125609491 5.647129208
981.600000000 -1.016796986 -0.771524253 0.089443279 -0.037214552 0.966653421 0.190794330 -0.166714617 -1.734289944 -2.170989964 5.848231800
981.700000000 -1.048951565 -0.749255055 -0.607893644 -0.032892233 0.973462236 0.178232457 -0.139723181 -1.504126646 -2.108198048 5.951194314
981.800000000 -1.065988264 -0.734205681 -1.241859911 -0.029877462 0.978854404 0.166063008 -0.115648044 -1.275559999 -2.035277458 5.966779675
981.900000000 -1.065311406 -0.725297328 -1.843678767 -0.028275269 0.983571133 0.153530197 -0.090646641 -1.040348302 -1.979142304 6.058388117
982.000000000 -1.067872668 -0.731468075 -2.519800159 -0.026865455 0.987951210 0.139030191 -0.062460061 -0.711643728 -1.871820661 6.112401301
982.100000000 -1.066552468 -0.750577246 -3.161718432 -0.026192953 0.990663494 0.128684258 -0.036607827 -0.422799125 -1.802740447 6.114602238
982.200000000 -1.068798115 -0.766151266 -3.742196144 -0.024169995 0.992512859 0.119292825 -0.010161553 -0.140804509 -1.735341259 6.118253990
982.300000000 -1.064387012 -0.793066077 -4.437561404 -0.022232415 0.993769374 0.107743319 0.017875340 0.192984482 -1.614852514 5.961887325
982.400000000 -1.040908356 -0.826468336 -5.069400717 -0.020364180 0.994140387 0.097258795 0.042554875 0.438375231 -1.529640012 5.799324948
982.500000000 -1.063726840 -0.865182175 -5.573385954 -0.019710435 0.993612537 0.086613715 0.069596616 0.620129927 -1.438152378 5.677317643
982.600000000 -1.006253471 -0.917273156 -6.227526042 -0.020798665 0.992169965 0.072526105 0.099529597 0.805588773 -1.285385325 5.556451900
982.700000000 -0.953492920 -0.963784312 -6.787298274 -0.022219081 0.989910591 0.058558673 0.127099238 1.016771860 -1.130343252 5.286170993
982.800000000 -0.908376112 -1.019427039 -7.309772894 -0.025067895 0.986591340 0.043980374 0.155160737 1.259215235 -0.968072137 4.793985185
982.900000000 -0.908574406 -1.082654005 -7.804594947 -0.028607405 0.981879850 0.027731032 0.185268901 1.496506716 -0.807786889 4.306331024
983.000000000 -0.897247324 -1.142437786 -8.166332323 -0.032950009 0.976238626 0.020274895 0.213216724 1.719306711 -0.786562440 4.242012496
983.100000000 -0.856343102 -1.196863716 -8.622981406 -0.038450954 0.969508134 0.017691987 0.241376255 1.891112839 -0.786049869 4.214527207
983.200000000 -0.801051462 -1.285032448 -9.215064006 -0.041659316 0.960886076 0.012245958 0.273518713 2.051425106 -0.721862210 3.963413148
983.300000000 -0.765680357 -1.354458537 -9.562464972 -0.044935255 0.951482385 0.004876119 0.304365435 2.098739478 -0.627558747 3.452343142
983.400000000 -0.733379848 -1.408402155 -9.941451087 -0.049822792 0.940745238 -0.009330506 0.335304383 2.078922459 -0.489792419 2.777630893
983.500000000 -0.696302049 -1.480876786 -10.294855893 -0.057721712 0.927849200 -0.034562031 0.366837201 2.164011164 -0.339565558 2.501976577
983.600000000 -0.719550553 -1.546316411 -10.568447779 -0.066421926 0.914489673 -0.057544652 0.394949844 2.186570906 -0.184767441 2.391160199
983.700000000 -0.683178320 -1.620595641 -10.876388346 -0.076728448 0.900584105 -0.072027387 0.421750009 2.138372714 -0.057585931 2.278692548
983.800000000 -0.613220934 -1.671208498 -11.218725542 -0.092782278 0.885297131 -0.087549794 0.447186172 2.045332698 0.111624642 2.179865222
983.900000000 -0.570628887 -1.734938506 -11.467222396 -0.107554491 0.870055605 -0.101505735 0.470246596 1.896087055 0.200261291 1.815724652
984.000000000 -0.501936480 -1.764250220 -11.723030247 -0.121482769 0.854096566 -0.113147280 0.492908395 1.724424250 0.226748524 1.532542347
984.100000000 -0.493039897 -1.806297573 -11.915505649 -0.132583412 0.834850261 -0.123443901 0.519815624 1.566121394 0.288367067 1.394691338
984.200000000 -0.406250159 -1.855381883 -12.106422576 -0.142110952 0.815116106 -0.131880738 0.545891639 1.317921606 0.325070266 1.284745889
984.300000000 -0.330606432 -1.869370534 -12.272566945 -0.151021776 0.794190686 -0.135387684 0.572820873 1.050844633 0.339921825 1.215149522
984.400000000 -0.234657202 -1.875211459 -12.401786318 -0.158581709 0.770402355 -0.137488470 0.602020742 0.733715018 0.282938729 1.006926354
984.500000000 -0.164775702 -1.879127941 -12.473581171 -0.166173236 0.747647070 -0.139257564 0.627708248 0.385580053 0.183085486 0.840013142
984.600000000 -0.098813775 -1.877999122 -12.505349948 -0.171734826 0.723636113 -0.139638442 0.653727031 0.016859985 0.075663671 0.761644845
984.700000000 -0.023008348 -1.865643599 -12.498465241 -0.180418088 0.697324051 -0.138749818 0.679659451 -0.355301580 -0.042215527 0.768507792
984.800000000 0.063574616 -1.841825143 -12.444955419 -0.187989661 0.674104461 -0.134810269 0.701476482 -0.732570056 -0.163254269 0.851682670
984.900000000 0.140045583 -1.819602545 -12.346414922 -0.195066226 0.649080797 -0.133186159 0.723121521 -1.099200406 -0.292101559 0.964830358
985.000000000 0.237165280 -1.774774280 -12.199004108 -0.200213345 0.620496392 -0.132697678 0.746518701 -1.434047476 -0.408297056 1.150253891
985.100000000 0.315832446 -1.728004362 -12.018464349 -0.204641683 0.593614647 -0.131440223 0.767115963 -1.727412358 -0.512184355 1.408922490
985.200000000 0.414872233 -1.668350973 -11.799076173 -0.208128161 0.565734825 -0.128030200 0.787550026 -1.968091248 -0.628097466 1.674390516
985.300000000 0.526603724 -1.595829534 -11.525992584 -0.209337711 0.535180026 -0.121261497 0.809355121 -2.138121692 -0.754208209 2.009962361
985.400000000 0.607224813 -1.532893117 -11.237820712 -0.211287049 0.507540339 -0.113066746 0.827633070 -2.263543122 -0.885232162 2.260779374
985.500000000 0.725685101 -1.471373196 -10.905853664 -0.215438442 0.478873804 -0.105429976 0.844482491 -2.239731727 -0.938703464 2.229373072
985.600000000 0.815001166 -1.405005307 -10.539693624 -0.219494100 0.447206286 -0.097112039 0.861625284 -2.168556314 -0.908914203 2.051320463
985.700000000 0.795970136 -1.357975481 -10.310758570 -0.222841865 0.418675302 -0.089790706 0.875779724 -2.240098698 -0.932481189 2.012878340
985.800000000 0.792828770 -1.299313283 -10.014951124 -0.225692439 0.389319806 -0.082775011 0.889180133 -2.431510735 -1.128127343 2.467887621
985.900000000 0.802609180 -1.230958062 -9.614432814 -0.229248081 0.358204656 -0.076161685 0.901850398 -2.576034587 -1.432034210 3.224759378
986.000000000 0.882656477 -1.158860191 -9.102533894 -0.228356270 0.331735272 -0.066709751 0.912882759 -2.650960198 -1.684614002 3.929820508
986.100000000 0.930153165 -1.087460673 -8.600962922 -0.225868926 0.305127966 -0.059754183 0.923206147 -2.604544282 -1.813729530 4.363433846
986.200000000 0.989105935 -1.016898323 -8.007884792 -0.223046878 0.276100409 -0.054163430 0.933319333 -2.485809553 -1.888378165 4.662908232
986.300000000 1.022365533 -0.958175074 -7.480015160 -0.217171544 0.249912816 -0.048675324 0.942343259 -2.349661234 -1.957017555 5.017548282
986.400000000 1.064003039 -0.892563785 -6.891832900 -0.209935383 0.223526757 -0.043176439 0.950841059 -2.167736734 -1.977241787 5.238095216
986.500000000 1.115807733 -0.838344230 -6.247382486 -0.204604320 0.194014687 -0.039778475 0.958599523 -1.923054790 -2.024918840 5.436275038
986.600000000 1.138215825 -0.791481684 -5.664044038 -0.198673279 0.166964033 -0.037843383 0.964997315 -1.706020969 -2.063105392 5.574446859
986.700000000 1.158527600 -0.756820359 -5.055661856 -0.191909547 0.139492072 -0.034876092 0.970822510 -1.475136643 -2.094886970 5.752354416
986.800000000 1.173666376 -0.728244411 -4.382619817 -0.182860179 0.109884288 -0.032250497 0.976446365 -1.204955376 -2.091047512 5.938795486
986.900000000 1.204467131 -0.706344119 -3.728979070 -0.171025316 0.083345498 -0.029721077 0.981285140 -0.975804939 -2.033269177 6.074085032
987.000000000 1.182439421 -0.690362779 -3.116452873 -0.156656586 0.056761914 -0.027165557 0.985646403 -0.756277430 -1.929452119 6.162977928
987.100000000 1.163679812 -0.682986278 -2.418922316 -0.143164597 0.028459179 -0.024844613 0.988977613 -0.474460412 -1.783471394 6.032083342
987.200000000 1.145345949 -0.686828915 -1.805258103 -0.133045710 0.003193536 -0.024394154 0.990804504 -0.208147496 -1.640484028 5.698871519
987.300000000 1.148337317 -0.696274738 -1.196700888 -0.121524140 -0.022701717 -0.023856659 0.992042023 0.051662279 -1.532680622 5.501461781
987.400000000 1.096823936 -0.718514335 -0.729742446 -0.111608357 -0.051650033 -0.024917386 0.992096252 0.382367966 -1.431376349 5.238753237
987.500000000 1.068636755 -0.748315237 -0.144384354 -0.098441335 -0.078369526 -0.025469493 0.991725177 0.674862946 -1.286992779 5.014437166
987.600000000 1.076769283 -0.782173435 0.347835789 -0.085319281 -0.106518796 -0.027271520 0.990267959 0.955500617 -1.150364476 4.737723712
987.700000000 1.064545089 -0.812854039 0.830814010 -0.070575006 -0.136481872 -0.028097502 0.987725872 1.115150875 -1.031716995 4.431086670
987.800000000 1.039155200 -0.855396980 1.255206207 -0.056651776 -0.164632911 -0.031114434 0.984234968 1.259031668 -0.951247699 4.330948263
987.900000000 0.993734475 -0.917083760 1.734077296 -0.043568310 -0.193208223 -0.033119994 0.979630262 1.434632111 -0.868304418 4.199578608
988.000000000 0.965880676 -0.968263662 2.186030783 -0.028845095 -0.223521727 -0.034237088 0.973670283 1.645283006 -0.744253416 4.018093353
988.100000000 0.935622754 -1.019762270 2.594550617 -0.015100438 -0.248977745 -0.037116243 0.967679928 1.793109512 -0.603361537 3.798605488
988.200000000 0.909313925 -1.073985953 3.003600007 0.001497667 -0.274807253 -0.041900635 0.960584753 1.934273415 -0.472667630 3.701155056
988.300000000 0.869808170 -1.120775172 3.411294301 0.018100289 -0.303114677 -0.049631261 0.951488628 2.077959568 -0.349525018 3.580452975
988.400000000 0.823057436 -1.186930148 3.820003225 0.031470677 -0.329127781 -0.057278057 0.942021085 2.176147673 -0.243442319 3.412267414
988.500000000 0.773548795 -1.255079595 4.218648469 0.042880155 -0.356710810 -0.064892266 0.930971366 2.251407407 -0.145617481 3.161934606
988.600000000 0.722867241 -1.309341351 4.609101592 0.052837233 -0.387395610 -0.072273618 0.917556206 2.274565833 -0.040649031 2.860093780
988.700000000 0.687191959 -1.366770388 4.917103439 0.061181697 -0.414894542 -0.080985632 0.904190603 2.222171454 0.058710822 2.582247019
988.800000000 0.620143508 -1.405415820 5.251837445 0.071302316 -0.442788805 -0.091100006 0.889131511 2.113227247 0.135284932 2.281601626
988.900000000 0.557493509 -1.451183928 5.566493327 0.082237870 -0.472669050 -0.101751945 0.871474293 1.959717263 0.182696839 1.966656461
989.000000000 0.499289429 -1.487876612 5.801833294 0.089291241 -0.499084222 -0.111598230 0.854685819 1.744820672 0.191098074 1.670521338
989.100000000 0.448113491 -1.531221887 5.999708557 0.095504078 -0.525799029 -0.121015456 0.836522332 1.514859872 0.191952249 1.453143984
989.200000000 0.374558039 -1.556687677 6.192963166 0.103029866 -0.555147674 -0.129247486 0.815163171 1.286753447 0.205409421 1.295971005
989.300000000 0.294262669 -1.576497712 6.340226833 0.111448221 -0.581413343 -0.137097537 0.794192725 1.031914825 0.202671689 1.157640461
989.400000000 0.207713155 -1.591543110 6.456183188 0.117565982 -0.607650635 -0.143768171 0.772184990 0.739246543 0.162926232 1.022172316
989.500000000 0.129846554 -1.603707765 6.535268016 0.120943353 -0.635902423 -0.150178627 0.747293245 0.434685248 0.095030433 0.907658634
989.600000000 0.051322843 -1.605481261 6.570999663 0.113021350 -0.660808674 -0.147734401 0.727140026 0.144597769 -0.007632777 0.834252874
989.700000000 -0.040932050 -1.603070704 6.570514050 0.077134745 -0.684238973 -0.122431704 0.714757117 -0.110414040 -0.098305637 0.830159981
989.800000000 -0.125509048 -1.607287240 6.540655682 0.033821310 -0.702233210 -0.080442530 0.706578826 -0.317612329 -0.141712069 0.833566078
989.900000000 -0.217687469 -1.602651242 6.494494575 0.009382419 -0.710270194 -0.043674947 0.702510300 -0.421092326 -0.134500196 0.764852846
990.000000000 -0.297446556 -1.619101880 6.436564781 -0.000731254 -0.714488622 -0.014532182 0.699495740 -0.433548915 -0.104472741 0.741660156
990.100000000 -0.332024931 -1.633148806 6.401290076 -0.001509031 -0.723241562 0.073894629 0.686628684 -0.368725583 0.059953695 0.772136071
990.200000000 -0.401559133 -1.639137217 6.360528373 0.005883494 -0.723359762 0.131110310 0.677883563 -0.272715478 0.204964632 0.716789584
990.300000000 -0.513866174 -1.629529879 6.331402876 0.005789735 -0.724925918 0.115104168 0.679117017 -0.224516207 0.216459370 0.613738547
990.400000000 -0.559847141 -1.612645572 6.309260793 -0.001941738 -0.726854145 0.072231537 0.682980151 -0.176422985 0.177540643 0.412637886
990.500000000 -0.567164207 -1.611698103 6.285559614 -0.008781698 -0.726526739 0.040796659 0.685869821 -0.128699899 0.136391679 0.171578928
990.600000000 -0.595009051 -1.591065531 6.279925176 -0.013330766 -0.725146111 0.022736091 0.688090458 -0.138912907 0.054495005 -0.086729206
990.700000000 -0.580811111 -1.580739068 6.273582359 -0.016316436 -0.722806003 0.015358626 0.690687605 -0.064523230 -0.093613354 -0.154396746
990.800000000 -0.497876888 -1.601107271 6.241638108 -0.018757430 -0.720502730 0.013515959 0.693066587 -0.018080748 -0.237778166 -0.213497890
990.900000000 -0.551933754 -1.650389727 6.284134658 -0.019198923 -0.717923437 0.012247970 0.695749472 0.081147192 -0.289931429 -0.126345362
991.000000000 -0.491883146 -1.684640861 6.271098017 -0.019889939 -0.715651618 0.009790922 0.698105501 -0.017079432 -0.437789908 -0.419515098
991.100000000 -0.511194502 -1.693851240 6.303305011 -0.020742403 -0.714392047 0.007410814 0.699398910 -0.212877721 -0.563695576 -0.857511954
991.200000000 -0.314026239 -1.810381392 6.245343387 -0.019965711 -0.713322919 0.004396149 0.700537263 -0.212243208 -0.572479630 -0.849930128
991.300000000 -0.232990418 -1.885094033 6.218242758 -0.018122475 -0.712087135 0.001347232 0.701855877 -0.171652020 -0.459169293 -0.709769209
991.400000000 -0.232767394 -1.880152128 6.233864795 -0.016901103 -0.711128566 -0.001998805 0.702855974 0.024970667 -0.225231861 -0.310962203
991.500000000 -0.212163336 -1.879103652 6.227203442 -0.016905881 -0.710707646 -0.003223260 0.703276933 0.092679232 -0.099584879 -0.142872590
991.600000000 -0.186698352 -1.910680398 6.257042216 -0.017541705 -0.710139360 -0.004272994 0.703829610 -0.030514073 -0.080499820 -0.194555133
991.700000000 -0.186698352 -1.910680398 6.257042216 -0.017541705 -0.710139360 -0.004272994 0.703829610 -0.106453384 -0.036504807 -0.129395701
991.800000000 -0.146181503 -1.913220163 6.199357565 -0.017879966 -0.710080548 -0.004924386 0.703876178 -0.097251947 -0.001776953 0.004827926
991.900000000 -0.146181503 -1.913220163 6.199357565 -0.017879966 -0.710080548 -0.004924386 0.703876178 -0.006456582 -0.000537866 0.062660692
992.000000000 -0.212744843 -1.919693384 6.231558795 -0.015682733 -0.709943813 -0.004609720 0.704068593 0.119776347 0.037801104 0.140982424
992.100000000 -0.200270876 -1.909674340 6.245501532 -0.022660927 -0.709409929 -0.019937530 0.704149509 0.301607588 0.095367226 0.214759477
992.200000000 -0.195253689 -1.891141356 6.247814980 -0.032548912 -0.708884845 -0.038471292 0.703521715 0.334666044 0.192636413 0.228386577
992.300000000 -0.253309764 -1.868849654 6.343085083 -0.028935944 -0.709310187 -0.033963094 0.703482962 0.316470219 0.273285003 0.280578643
992.400000000 -0.266041433 -1.830721972 6.347068402 -0.021628628 -0.709737516 -0.021340505 0.703810659 0.153413118 0.258623264 0.191514480
992.500000000 -0.296452197 -1.790181620 6.358954768 -0.016376639 -0.709972663 -0.011451388 0.703945658 -0.070556368 0.258738571 0.066539573
992.600000000 -0.289004524 -1.805795083 6.325226212 -0.015411049 -0.709388597 -0.008610669 0.704596463 -0.028341485 0.359110383 0.192472971
992.700000000 -0.240990405 -1.771218378 6.304878741 -0.014818374 -0.708296317 -0.005189704 0.705740611 0.019989796 0.505991988 0.295166555
992.800000000 -0.369965679 -1.661019070 6.350850369 -0.014521759 -0.707405827 -0.003706494 0.706648694 0.069822309 0.653953549 0.375423099
992.900000000 -0.367737785 -1.604010679 6.342867606 -0.013412863 -0.706895690 -0.002784205 0.707185143 0.009544834 0.667710185 0.257154570
993.000000000 -0.395305223 -1.539426520 6.336660808 -0.010869081 -0.706444384 -0.002302006 0.707681352 -0.064448558 0.615294687 0.096823789
993.100000000 -0.392822151 -1.474659201 6.324207985 -0.009639203 -0.706357435 -0.003477440 0.707781158 -0.051134330 0.618274980 0.105454463
993.200000000 -0.405464591 -1.414562776 6.323328459 -0.009650441 -0.706550464 -0.004420743 0.707583047 -0.027290550 0.624380399 0.122577936
993.300000000 -0.419645954 -1.354670557 6.323752129 -0.009188027 -0.706858535 -0.004703869 0.707279623 -0.021362130 0.610253961 0.119338510
993.400000000 -0.431109865 -1.286204011 6.321368577 -0.008580096 -0.707320627 -0.004678440 0.706825314 -0.024142010 0.592578313 0.081521705
993.500000000 -0.429385406 -1.236639304 6.314091000 -0.009926358 -0.708062687 -0.004535866 0.706065241 -0.015588026 0.586597671 0.059761908
993.600000000 -0.435501444 -1.179371235 6.311414832 -0.009512888 -0.708544120 -0.004984022 0.705584789 -0.000324654 0.599332313 0.092076436
993.700000000 -0.448445602 -1.108991747 6.320661900 -0.006941138 -0.709145111 -0.005572162 0.705006371 -0.005710581 0.615442410 0.101269255
993.800000000 -0.463303085 -1.049563980 6.316047051 -0.004726860 -0.709585398 -0.005923912 0.704578687 -0.019845820 0.616993142 0.077314549
993.900000000 -0.464158863 -0.991248632 6.312171201 -0.003251983 -0.710109438 -0.005503266 0.704062301 -0.032748298 0.611373507 0.030213576
994.000000000 -0.458675486 -0.926902417 6.308888550 -0.002167096 -0.710522866 -0.005270491 0.703651038 -0.034736456 0.594654501 -0.013049493
994.100000000 -0.457449130 -0.866747043 6.307270149 -0.001089717 -0.710883539 -0.005312682 0.703288832 -0.030325080 0.574166213 0.009129481
994.200000000 -0.451696903 -0.815884397 6.299496575 -0.001099459 -0.711087998 -0.005678549 0.703079231 -0.052736600 0.545228461 -0.018495419
994.300000000 -0.465577634 -0.759660476 6.298316288 -0.002734061 -0.711164139 -0.008072832 0.702974340 -0.104157832 0.524875859 -0.106411239
994.400000000 -0.443991996 -0.709966845 6.287256052 -0.003212621 -0.711212916 -0.008872568 0.702913327 -0.123993381 0.535481081 -0.152364340
994.500000000 -0.408046585 -0.658952257 6.265223082 -0.002409524 -0.711343883 -0.009213940 0.702779608 -0.106965108 0.547379450 -0.103969100
994.600000000 -0.406417873 -0.595916272 6.260871605 -0.003090081 -0.711075679 -0.010864625 0.703024744 -0.079195129 0.544797290 -0.009428216
994.700000000 -0.428794037 -0.543661423 6.261626655 -0.006637354 -0.710279146 -0.012404523 0.703779517 -0.046723138 0.523434664 0.069826940
994.800000000 -0.424755452 -0.496048287 6.253503811 -0.010058897 -0.709231996 -0.012266913 0.704796650 -0.054564091 0.480128487 0.057395754
994.900000000 -0.417144417 -0.447809135 6.243864599 -0.011224197 -0.707912283 -0.010763185 0.706129146 -0.027842644 0.452320723 0.059172916
995.000000000 -0.421282953 -0.406239085 6.237674499 -0.010917608 -0.706853251 -0.010049368 0.707204565 0.011023262 0.448353045 0.104788914
995.100000000 -0.457027739 -0.363233955 6.257445056 -0.009635599 -0.706458467 -0.009753804 0.707621687 0.049293114 0.460157342 0.191747528
995.200000000 -0.454622204 -0.310098016 6.253843510 -0.009173397 -0.706781495 -0.008717603 0.707318720 0.034248826 0.462526065 0.190679166
995.300000000 -0.515095976 -0.258982618 6.274114902 -0.008487360 -0.708825792 -0.005775087 0.705308876 -0.031430073 0.447756469 0.073304913
995.400000000 -0.490006747 -0.221782426 6.252603610 -0.004957353 -0.710787163 -0.007200877 0.703352814 -0.065855352 0.370502103 0.007107036
995.500000000 -0.460682058 -0.179243640 6.236202792 -0.000905977 -0.713010644 -0.011154209 0.701063894 -0.074302211 0.245039054 -0.033691885
995.600000000 -0.474880129 -0.168970395 6.234798711 -0.015992481 -0.714811666 -0.026003787 0.698650360 -0.030149556 0.137209646 0.050515394
995.700000000 -0.487435676 -0.167272303 6.237104661 -0.012970786 -0.716481234 -0.021171540 0.697164375 0.005870915 0.050209500 0.099285430
995.800000000 -0.498276081 -0.158419390 6.234684185 -0.033222770 -0.715405350 -0.038771344 0.696841600 -0.008074679 0.027288480 0.025022005
995.900000000 -0.498630202 -0.159250577 6.241130855 -0.029790302 -0.715857559 -0.036252663 0.696667954 0.002681936 0.021708849 -0.000895135
996.000000000 -0.483757698 -0.157891701 6.231432068 -0.030299848 -0.715758025 -0.036663986 0.696726719 0.030998838 0.006283348 -0.013932637
996.100000000 -0.510249001 -0.158564480 6.253116101 -0.028507349 -0.715788766 -0.035170155 0.696847783 0.033729784 0.013350005 -0.030626436
996.200000000 -0.498378187 -0.157285189 6.254753230 -0.030130024 -0.715697663 -0.037061791 0.696775043 0.008829339 0.018450671 -0.049437526
996.300000000 -0.471518508 -0.153761905 6.243431438 -0.029946840 -0.715681356 -0.036985539 0.696803741 -0.046289395 0.022520507 -0.092410401
996.400000000 -0.463322515 -0.153691727 6.230138738 -0.029898986 -0.715663762 -0.037019068 0.696822086 -0.060781677 0.014659011 -0.072056739
996.500000000 -0.463322515 -0.153691727 6.230138738 -0.029898986 -0.715663762 -0.037019068 0.696822086 -0.036430578 0.001099195 -0.027109826
996.600000000 -0.463322515 -0.153691727 6.230138738 -0.029898986 -0.715663762 -0.037019068 0.696822086 -0.008525322 -0.002183337 -0.003074809
996.700000000 -0.463322515 -0.153691727 6.230138738 -0.029898986 -0.715663762 -0.037019068 0.696822086 0.000000000 0.000000000 0.000000000
996.800000000 -0.463322515 -0.153691727 6.230138738 -0.029898986 -0.715663762 -0.037019068 0.696822086 0.000000000 0.000000000 0.000000000
996.900000000 -0.463322515 -0.153691727 6.230138738 -0.029898986 -0.715663762 -0.037019068 0.696822086 0.000000000 0.000000000 0.000000000
997.000000000 -0.463322515 -0.153691727 6.230138738 -0.029898986 -0.715663762 -0.037019068 0.696822086 0.000000000 0.000000000 0.000000000
997.100000000 -0.463322515 -0.153691727 6.230138738 -0.029898986 -0.715663762 -0.037019068 0.696822086 0.000000000 0.000000000 0.000000000
997.200000000 -0.463322515 -0.153691727 6.230138738 -0.029898986 -0.715663762 -0.037019068 0.696822086 0.000000000 0.000000000 0.000000000
997.300000000 -0.463322515 -0.153691727 6.230138738 -0.029898986 -0.715663762 -0.037019068 0.696822086 0.000000000 0.000000000 0.000000000
997.400000000 -0.463322515 -0.153691727 6.230138738 -0.029898986 -0.715663762 -0.037019068 0.696822086 0.000000000 0.000000000 0.000000000
997.500000000 -0.463322515 -0.153691727 6.230138738 -0.029898986 -0.715663762 -0.037019068 0.696822086 0.000000000 0.000000000 0.000000000
997.600000000 -0.463322515 -0.153691727 6.230138738 -0.029898986 -0.715663762 -0.037019068 0.696822086 0.000000000 0.000000000 0.000000000
