956.700000000 -0.169630000 -0.149470000 7.083191000 0.011710003 -0.709916184 -0.007084002 0.704153183 0.000000000 0.000000000 0.000000000
956.800000000 -0.169630000 -0.149470000 7.083191000 0.011710003 -0.709916184 -0.007084002 0.704153183 0.000000000 0.000000000 0.000000000
956.900000000 -0.169630000 -0.149470000 7.083191000 0.011710003 -0.709916184 -0.007084002 0.704153183 0.000000000 0.000000000 0.000000000
957.000000000 -0.169630000 -0.149470000 7.083191000 0.011710003 -0.709916184 -0.007084002 0.704153183 0.000000000 0.000000000 0.000000000
957.100000000 -0.169630000 -0.149470000 7.083191000 0.011710003 -0.709916184 -0.007084002 0.704153183 0.000000000 0.000000000 0.000000000
957.200000000 -0.169630000 -0.149470000 7.083191000 0.011710003 -0.709916184 -0.007084002 0.704153183 0.000000000 0.000000000 0.000000000
957.300000000 -0.169630000 -0.149470000 7.083191000 0.011710003 -0.709916184 -0.007084002 0.704153183 0.000000000 0.000000000 0.000000000
957.400000000 -0.169630000 -0.149470000 7.083191000 0.011710003 -0.709916184 -0.007084002 0.704153183 0.000000000 0.000000000 0.000000000
957.500000000 -0.169630000 -0.149470000 7.083191000 0.011710003 -0.709916184 -0.007084002 0.704153183 0.000000000 0.000000000 0.000000000
957.600000000 -0.169630000 -0.149470000 7.083191000 0.011710003 -0.709916184 -0.007084002 0.704153183 0.000000000 0.000000000 0.000000000
957.700000000 -0.169630000 -0.149470000 7.083191000 0.011710003 -0.709916184 -0.007084002 0.704153183 0.000000000 0.000000000 0.000000000
957.800000000 -0.169630000 -0.149470000 7.083191000 0.011710003 -0.709916184 -0.007084002 0.704153183 0.000000000 0.000000000 0.000000000
957.900000000 -0.169630000 -0.149470000 7.083191000 0.011710003 -0.709916184 -0.007084002 0.704153183 0.000000000 0.000000000 0.000000000
958.000000000 -0.169630000 -0.149470000 7.083191000 0.011710003 -0.709916184 -0.007084002 0.704153183 0.000000000 0.000000000 0.000000000
958.100000000 -0.169630000 -0.149470000 7.083191000 0.011710003 -0.709916184 -0.007084002 0.704153183 0.000000000 0.000000000 0.000000000
958.200000000 -0.169630000 -0.149470000 7.083191000 0.011710003 -0.709916184 -0.007084002 0.704153183 -0.003437931 0.000750251 -0.005764318
958.300000000 -0.169630000 -0.149470000 7.083191000 0.011710003 -0.709916184 -0.007084002 0.704153183 0.004274319 -0.014079458 0.009378546
958.400000000 -0.169630000 -0.149470000 7.083191000 0.011710003 -0.709916184 -0.007084002 0.704153183 0.049923089 -0.040323863 0.120898362
958.500000000 -0.166893562 -0.151232698 7.080847586 0.011203899 -0.709896722 -0.006618898 0.704185562 0.144829599 -0.087879401 0.291064134
958.600000000 -0.265634256 -0.173754463 7.122498316 0.009041416 -0.709998515 -0.003055163 0.704138500 0.191898647 -0.126692045 0.329865777
958.700000000 -0.263759012 -0.177777299 7.128853615 0.002724164 -0.710303634 0.004658222 0.703874725 0.178911046 -0.155792529 0.231883565
958.800000000 -0.279881599 -0.200497937 7.149236126 -0.023596793 -0.712243661 0.023976103 0.701125741 0.137646990 -0.193886549 0.067427558
958.900000000 -0.270260874 -0.218799640 7.154833803 -0.048043342 -0.713184760 0.032855660 0.698555539 0.126198160 -0.232978159 -0.001415414
959.000000000 -0.266472227 -0.240773475 7.173251089 -0.015130739 -0.712577433 0.018295852 0.701191646 0.264550721 -0.267836495 0.168214408
959.100000000 -0.291752477 -0.278949152 7.207328096 0.036217444 -0.709401268 0.002592696 0.703868891 0.375901295 -0.221052216 0.285665059
959.200000000 -0.359563769 -0.304402915 7.264893485 0.075988853 -0.705402898 -0.008053895 0.704675514 0.350322383 -0.137413776 0.233913941
959.300000000 -0.355529815 -0.315085438 7.287941273 0.081527592 -0.705887424 -0.014816480 0.703460495 0.253728849 -0.054382043 0.116618899
959.400000000 -0.341973541 -0.323792126 7.291839738 0.076222598 -0.706779926 -0.017157466 0.703105876 0.125512279 0.024220811 -0.013250084
959.500000000 -0.356172992 -0.315197788 7.312808528 0.075569772 -0.706844366 -0.012934918 0.703201920 0.085153693 0.069750890 0.058297308
959.600000000 -0.319368348 -0.290192090 7.302862547 0.074971290 -0.707451107 -0.010299874 0.702699188 0.053027342 0.092445158 0.094392925
959.700000000 -0.399066890 -0.302068166 7.328803382 0.071373841 -0.708104189 -0.007626663 0.702450046 0.037062195 0.052342848 0.155063747
959.800000000 -0.370360253 -0.286175959 7.317746485 0.067931191 -0.709186560 -0.005223259 0.701721095 0.036802906 0.014597240 0.202093862
959.900000000 -0.422166291 -0.304326382 7.327334201 0.068334122 -0.709423897 -0.001979929 0.701458668 0.152471866 -0.053634095 0.436193113
960.000000000 -0.434341532 -0.300213738 7.333915149 0.065046274 -0.710965145 0.001270974 0.700211347 0.310779769 -0.129155642 0.856989266
960.100000000 -0.605662043 -0.368791815 7.408068378 0.063441088 -0.712206811 0.004598285 0.699081928 0.378262795 -0.180002853 1.117329851
960.200000000 -0.743597997 -0.387155709 7.434532502 0.063200913 -0.713045881 0.007286945 0.698224976 0.343892232 -0.226420913 1.157953894
960.300000000 -0.841583615 -0.419823444 7.448900772 0.062203415 -0.713458419 0.009849800 0.697861592 0.166300600 -0.212536554 0.897933642
960.400000000 -0.880451053 -0.452827853 7.449397883 0.057079496 -0.714301462 0.009496806 0.697441871 0.031749884 -0.216893902 0.612608550
960.500000000 -0.935783337 -0.473552589 7.441141763 0.055278080 -0.714635565 0.010866670 0.697224683 -0.127147254 -0.168003411 0.308244226
960.600000000 -0.961340431 -0.491144922 7.428103511 0.053693476 -0.714939334 0.011250957 0.697030972 -0.329373496 -0.108982624 -0.053305399
960.700000000 -0.924318005 -0.495038650 7.379215592 0.046330025 -0.714950722 0.005722726 0.697614682 -0.422482703 -0.120714786 -0.284189285
960.800000000 -0.819059964 -0.472748763 7.298032468 0.042518941 -0.715214701 0.002131841 0.697607000 -0.402852031 -0.201055223 -0.288486781
960.900000000 -0.832218823 -0.514564649 7.286696118 0.043889986 -0.715082009 0.005221579 0.697641831 -0.265066664 -0.336360519 -0.104558773
961.000000000 -0.848331768 -0.559733519 7.272225728 0.050121640 -0.714639407 0.011602285 0.697598542 -0.101656812 -0.451769876 0.155014030
961.100000000 -0.858646831 -0.609958354 7.257616297 0.052700056 -0.714514854 0.015873082 0.697451986 -0.056667874 -0.493745187 0.226411599
961.200000000 -0.876377304 -0.662003646 7.250455326 0.054270581 -0.714524911 0.016510791 0.697306424 -0.014224390 -0.518715748 0.271909803
961.300000000 -0.896479964 -0.718425334 7.249790302 0.055319048 -0.714435317 0.016562305 0.697314614 -0.003509151 -0.533429170 0.264627428
961.400000000 -0.931338065 -0.775195173 7.250024572 0.054930941 -0.714656506 0.015902457 0.697133978 0.004877838 -0.544771094 0.221368448
961.500000000 -0.933062726 -0.829518064 7.240996206 0.055966999 -0.714734645 0.015824150 0.696973226 -0.002405478 -0.561233587 0.137398381
961.600000000 -0.948999462 -0.889914239 7.244198241 0.056401638 -0.714583115 0.016407070 0.697080078 -0.040733273 -0.592930469 -0.021266411
961.700000000 -0.934942390 -0.945902527 7.237866400 0.056368975 -0.714672268 0.017144903 0.696973558 -0.079622931 -0.631601177 -0.152727011
961.800000000 -0.884462051 -1.008352224 7.216375891 0.057437388 -0.714419106 0.015697990 0.697179934 -0.107061995 -0.657205946 -0.248886002
961.900000000 -0.859453535 -1.076181319 7.203458940 0.057643713 -0.714251098 0.014401082 0.697363019 -0.060493467 -0.639058476 -0.169785927
962.000000000 -0.832550577 -1.132930874 7.194643463 0.056858607 -0.714369876 0.011986083 0.697351499 -0.002686521 -0.602523201 -0.057505702
962.100000000 -0.847183398 -1.188147660 7.203828643 0.055846974 -0.714283016 0.010294470 0.697549219 0.032089545 -0.547843720 0.070413966
962.200000000 -0.826343215 -1.252731065 7.196108894 0.056657038 -0.714045612 0.007511718 0.697762437 0.045257224 -0.512762906 0.124294737
962.300000000 -0.865553016 -1.292682920 7.195397843 0.056276292 -0.714135731 0.008534015 0.697689263 0.054229911 -0.496452549 0.108608202
962.400000000 -0.856068730 -1.344300147 7.193675463 0.057683777 -0.713788516 0.008554212 0.697929338 0.083980525 -0.500640097 0.091726084
962.500000000 -0.864773305 -1.396731227 7.210306080 0.056118377 -0.713574698 0.008080825 0.698281160 0.152690175 -0.534719436 0.054732721
962.600000000 -0.836714438 -1.456506373 7.203254464 0.056261290 -0.713333494 0.007036890 0.698527363 0.147320439 -0.566006173 -0.010255448
962.700000000 -0.867847893 -1.512150884 7.248910052 0.054406218 -0.713343073 0.006607013 0.698668713 0.098151041 -0.568043813 -0.100953564
962.800000000 -0.832228753 -1.574303082 7.237959370 0.054586238 -0.713044415 0.005280688 0.698970757 0.054281899 -0.534068469 -0.138101595
962.900000000 -0.802767965 -1.616344042 7.233760054 0.053676368 -0.712867830 0.005604070 0.699218777 -0.002579864 -0.485103088 -0.148494012
963.000000000 -0.792855853 -1.662725445 7.230485834 0.055373666 -0.712352179 0.005098619 0.699615705 0.018202656 -0.433753236 -0.096404038
963.100000000 -0.795761085 -1.702154582 7.232087953 0.056280027 -0.712144438 0.004797670 0.699756987 -0.057807067 -0.511055518 -0.250474355
963.200000000 -0.774917053 -1.739594550 7.230221817 0.055829383 -0.712232009 0.005057557 0.699702127 -0.129343667 -0.606061596 -0.399053073
963.300000000 -0.602084592 -1.843059337 7.155176546 0.056032620 -0.712268718 0.004347131 0.699653287 -0.204246541 -0.730607678 -0.547144436
963.400000000 -0.640910210 -1.882503196 7.180566500 0.055976640 -0.712185954 0.004393589 0.699741723 -0.211323935 -0.743314074 -0.520291665
963.500000000 -0.547684864 -1.966219078 7.139034511 0.053497820 -0.712262595 0.003025917 0.699864860 -0.112873408 -0.639194468 -0.200282086
963.600000000 -0.539190122 -2.007061800 7.128787241 0.033984661 -0.711593559 -0.019554552 0.701496450 -0.033706002 -0.506708299 0.016867484
963.700000000 -0.607004479 -2.074018729 7.131470054 0.028335933 -0.711494415 -0.026347307 0.701625678 0.042425129 -0.347044009 0.215665790
963.800000000 -0.610727420 -2.085764872 7.137850187 0.038345288 -0.711827149 -0.018027995 0.701075417 0.043715861 -0.224608177 0.248654621
963.900000000 -0.625487587 -2.097945300 7.139606059 0.049739231 -0.711179468 -0.006496429 0.701218632 0.002649107 -0.119523602 0.080004000
964.000000000 -0.651129517 -2.105063950 7.142400443 0.054666261 -0.710228672 0.001674681 0.701843308 -0.034141322 -0.062967225 0.011518341
964.100000000 -0.612629541 -2.112424255 7.126699641 0.055865252 -0.709716666 0.003156380 0.702261607 -0.044503028 -0.020188486 -0.009715554
964.200000000 -0.630350608 -2.104350998 7.124259288 0.056156163 -0.709634952 0.003126172 0.702321114 -0.035501848 0.005084751 -0.011225004
964.300000000 -0.630350608 -2.104350998 7.124259288 0.056156163 -0.709634952 0.003126172 0.702321114 -0.015551473 0.023120591 0.043213931
964.400000000 -0.630350608 -2.104350998 7.124259288 0.056156163 -0.709634952 0.003126172 0.702321114 -0.002536297 0.008121124 0.014811936
964.500000000 -0.630350608 -2.104350998 7.124259288 0.056156163 -0.709634952 0.003126172 0.702321114 0.000000000 0.000000000 0.000000000
964.600000000 -0.630350608 -2.104350998 7.124259288 0.056156163 -0.709634952 0.003126172 0.702321114 0.000000000 0.000000000 0.000000000
964.700000000 -0.630350608 -2.104350998 7.124259288 0.056156163 -0.709634952 0.003126172 0.702321114 -0.025526097 0.010397606 -0.017675762
964.800000000 -0.630350608 -2.104350998 7.124259288 0.056156163 -0.709634952 0.003126172 0.702321114 -0.038311007 0.017700420 -0.023722171
964.900000000 -0.623052835 -2.096513037 7.111838553 0.055711226 -0.709679373 0.003197427 0.702311343 -0.036904541 0.021571010 -0.025228428
965.000000000 -0.623052835 -2.096513037 7.111838553 0.055711226 -0.709679373 0.003197427 0.702311343 -0.019082631 0.028205000 -0.029544583
965.100000000 -0.623052835 -2.096513037 7.111838553 0.055711226 -0.709679373 0.003197427 0.702311343 0.008549591 0.021766057 -0.019387513
965.200000000 -0.615913452 -2.089444513 7.114848248 0.055497541 -0.709717124 0.003154250 0.702290309 0.006754976 0.018545989 -0.021573646
965.300000000 -0.615913452 -2.089444513 7.114848248 0.055497541 -0.709717124 0.003154250 0.702290309 0.003778805 0.010374823 -0.012068525
965.400000000 -0.615913452 -2.089444513 7.114848248 0.055497541 -0.709717124 0.003154250 0.702290309 0.000000000 0.000000000 0.000000000
965.500000000 -0.615913452 -2.089444513 7.114848248 0.055497541 -0.709717124 0.003154250 0.702290309 0.000000000 0.000000000 0.000000000
965.600000000 -0.615913452 -2.089444513 7.114848248 0.055497541 -0.709717124 0.003154250 0.702290309 0.000000000 0.000000000 0.000000000
965.700000000 -0.615913452 -2.089444513 7.114848248 0.055497541 -0.709717124 0.003154250 0.702290309 0.000000000 0.000000000 0.000000000
965.800000000 -0.615913452 -2.089444513 7.114848248 0.055497541 -0.709717124 0.003154250 0.702290309 0.000000000 0.000000000 0.000000000
965.900000000 -0.615913452 -2.089444513 7.114848248 0.055497541 -0.709717124 0.003154250 0.702290309 0.000000000 0.000000000 0.000000000
966.000000000 -0.615913452 -2.089444513 7.114848248 0.055497541 -0.709717124 0.003154250 0.702290309 0.000000000 0.000000000 0.000000000
966.100000000 -0.615913452 -2.089444513 7.114848248 0.055497541 -0.709717124 0.003154250 0.702290309 0.000000000 0.000000000 0.000000000
966.200000000 -0.615913452 -2.089444513 7.114848248 0.055497541 -0.709717124 0.003154250 0.702290309 0.000000000 0.000000000 0.000000000
966.300000000 -0.615913452 -2.089444513 7.114848248 0.055497541 -0.709717124 0.003154250 0.702290309 0.000000000 0.000000000 0.000000000
966.400000000 -0.615913452 -2.089444513 7.114848248 0.055497541 -0.709717124 0.003154250 0.702290309 0.016643231 0.000355270 0.010453899
966.500000000 -0.615913452 -2.089444513 7.114848248 0.055497541 -0.709717124 0.003154250 0.702290309 0.133320853 -0.024185946 0.097739543
966.600000000 -0.615913452 -2.089444513 7.114848248 0.055497541 -0.709717124 0.003154250 0.702290309 0.187178252 -0.036598640 0.137718970
966.700000000 -0.661325568 -2.110301017 7.175841564 0.054674258 -0.709587057 0.002826584 0.702487682 0.177672717 -0.036768684 0.131149322
966.800000000 -0.661325568 -2.110301017 7.175841564 0.054674258 -0.709587057 0.002826584 0.702487682 0.105157951 -0.023913121 0.078103380
966.900000000 -0.661325568 -2.110301017 7.175841564 0.054674258 -0.709587057 0.002826584 0.702487682 0.000000000 0.000000000 0.000000000
967.000000000 -0.661325568 -2.110301017 7.175841564 0.054674258 -0.709587057 0.002826584 0.702487682 0.000000000 0.000000000 0.000000000
967.100000000 -0.661325568 -2.110301017 7.175841564 0.054674258 -0.709587057 0.002826584 0.702487682 0.000000000 0.000000000 0.000000000
967.200000000 -0.661325568 -2.110301017 7.175841564 0.054674258 -0.709587057 0.002826584 0.702487682 0.000000000 0.000000000 0.000000000
967.300000000 -0.661325568 -2.110301017 7.175841564 0.054674258 -0.709587057 0.002826584 0.702487682 0.000000000 0.000000000 0.000000000
967.400000000 -0.661325568 -2.110301017 7.175841564 0.054674258 -0.709587057 0.002826584 0.702487682 0.000000000 0.000000000 0.000000000
967.500000000 -0.661325568 -2.110301017 7.175841564 0.054674258 -0.709587057 0.002826584 0.702487682 0.000000000 0.000000000 0.000000000
967.600000000 -0.661325568 -2.110301017 7.175841564 0.054674258 -0.709587057 0.002826584 0.702487682 0.000000000 0.000000000 0.000000000
967.700000000 -0.661325568 -2.110301017 7.175841564 0.054674258 -0.709587057 0.002826584 0.702487682 0.000000000 0.000000000 0.000000000
967.800000000 -0.661325568 -2.110301017 7.175841564 0.054674258 -0.709587057 0.002826584 0.702487682 0.000000000 0.000000000 0.000000000
967.900000000 -0.661325568 -2.110301017 7.175841564 0.054674258 -0.709587057 0.002826584 0.702487682 0.000000000 0.000000000 0.000000000
968.000000000 -0.661325568 -2.110301017 7.175841564 0.054674258 -0.709587057 0.002826584 0.702487682 0.000000000 0.000000000 0.000000000
968.100000000 -0.661325568 -2.110301017 7.175841564 0.054674258 -0.709587057 0.002826584 0.702487682 0.000000000 0.000000000 0.000000000
968.200000000 -0.661325568 -2.110301017 7.175841564 0.054674258 -0.709587057 0.002826584 0.702487682 0.000000000 0.000000000 0.000000000
968.300000000 -0.661325568 -2.110301017 7.175841564 0.054674258 -0.709587057 0.002826584 0.702487682 0.000000000 0.000000000 0.000000000
968.400000000 -0.661325568 -2.110301017 7.175841564 0.054674258 -0.709587057 0.002826584 0.702487682 0.000000000 0.000000000 0.000000000
968.500000000 -0.661325568 -2.110301017 7.175841564 0.054674258 -0.709587057 0.002826584 0.702487682 0.000000000 0.000000000 0.000000000
968.600000000 -0.661325568 -2.110301017 7.175841564 0.054674258 -0.709587057 0.002826584 0.702487682 0.000000000 0.000000000 0.000000000
968.700000000 -0.661325568 -2.110301017 7.175841564 0.054674258 -0.709587057 0.002826584 0.702487682 0.000000000 0.000000000 0.000000000
968.800000000 -0.661325568 -2.110301017 7.175841564 0.054674258 -0.709587057 0.002826584 0.702487682 0.000000000 0.000000000 0.000000000
968.900000000 -0.661325568 -2.110301017 7.175841564 0.054674258 -0.709587057 0.002826584 0.702487682 0.000000000 0.000000000 0.000000000
969.000000000 -0.661325568 -2.110301017 7.175841564 0.054674258 -0.709587057 0.002826584 0.702487682 0.000000000 0.000000000 0.000000000
969.100000000 -0.661325568 -2.110301017 7.175841564 0.054674258 -0.709587057 0.002826584 0.702487682 0.000000000 0.000000000 0.000000000
969.200000000 -0.661325568 -2.110301017 7.175841564 0.054674258 -0.709587057 0.002826584 0.702487682 0.000000000 0.000000000 0.000000000
969.300000000 -0.661325568 -2.110301017 7.175841564 0.054674258 -0.709587057 0.002826584 0.702487682 -0.000940511 -0.004234749 -0.002039906
969.400000000 -0.661325568 -2.110301017 7.175841564 0.054674258 -0.709587057 0.002826584 0.702487682 -0.013881534 0.004324225 0.004698376
969.500000000 -0.658833772 -2.111735045 7.175559545 0.049847450 -0.710508465 0.005964441 0.701895561 -0.044663540 0.031317516 0.023008927
969.600000000 -0.663536422 -2.107980864 7.169229651 0.022287109 -0.710123180 -0.044149263 0.702338377 -0.094695622 0.083627271 0.093405460
969.700000000 -0.674011448 -2.094655819 7.155616807 0.056754519 -0.710257035 -0.126865184 0.690086294 -0.197658928 0.097682919 0.222488117
969.800000000 -0.698693789 -2.069878179 7.141445729 0.109090467 -0.718631027 -0.159208850 0.668072795 -0.367736295 0.079783924 0.312995477
969.900000000 -0.748765403 -2.044755485 7.106320609 0.149442645 -0.731881665 -0.169379814 0.642904816 -0.607177217 0.031573521 0.405353228
970.000000000 -0.760260710 -2.010100261 7.029156625 0.172539068 -0.746920613 -0.180950786 0.616114178 -0.903735323 -0.059901894 0.551187002
970.100000000 -0.790214734 -1.964691185 6.928543716 0.182795814 -0.760642916 -0.196180586 0.591203198 -1.201600561 -0.164340099 0.733900722
970.200000000 -0.868978588 -1.901828519 6.779976780 0.186365018 -0.775558369 -0.210702979 0.565138525 -1.468016127 -0.285364300 0.915409786
970.300000000 -0.900932416 -1.837246220 6.608248503 0.187179589 -0.792265644 -0.224416358 0.535645637 -1.723897468 -0.440890090 1.129638829
970.400000000 -0.934394878 -1.761884212 6.403840575 0.185944295 -0.807821525 -0.234450383 0.507820954 -1.969998178 -0.598186318 1.306117636
970.500000000 -0.974204533 -1.673401446 6.150910955 -0.180954231 0.823808044 0.242525472 -0.479350883 -2.185913295 -0.758337771 1.552625818
970.600000000 -0.985262505 -1.572031888 5.854574166 -0.174030790 0.840906739 0.248934455 -0.447907107 -2.349722934 -0.921155003 1.924836947
970.700000000 -1.019231936 -1.479427155 5.557810681 -0.166615506 0.855928790 0.253428181 -0.418807040 -2.486375450 -1.087487230 2.259033619
970.800000000 -1.055198279 -1.367111258 5.186023604 -0.156256943 0.870815243 0.255472138 -0.389869937 -2.592620969 -1.234473324 2.663902845
970.900000000 -1.070217101 -1.260691093 4.788018485 -0.144130589 0.885554375 0.257316439 -0.358898414 -2.662077888 -1.376223790 3.094345496
971.000000000 -1.089360288 -1.146814903 4.368439380 -0.133025045 0.897552425 0.258609348 -0.331398833 -2.720765430 -1.529349110 3.495971563
971.100000000 -1.115824852 -1.026206120 3.900973994 -0.123230574 0.908119692 0.260368766 -0.303876546 -2.710898133 -1.684859967 3.901806652
971.200000000 -1.127357182 -0.901839512 3.349937447 -0.112998306 0.919983390 0.255514254 -0.274908005 -2.602274017 -1.753315709 4.267412488
971.300000000 -1.140621518 -0.791488247 2.841179561 -0.107003982 0.928846408 0.252960020 -0.248607575 -2.483824359 -1.883066746 4.674597364
971.400000000 -1.150257347 -0.683449279 2.310428610 -0.102059522 0.937208412 0.248578208 -0.222335603 -2.319205497 -2.021329072 5.116006741
971.500000000 -1.181286003 -0.560529936 1.648244291 -0.095570543 0.947695604 0.234747239 -0.193992390 -2.097128917 -2.023925912 5.507471952
971.600000000 -1.208746324 -0.460748460 1.010161278 -0.092126573 0.956334124 0.220534561 -0.168232714 -1.884487187 -1.991872055 5.761312333
971.700000000 -1.210616608 -0.377097629 0.425810717 -0.088597133 0.963018657 0.210347519 -0.143176592 -1.642607859 -1.954116340 5.873311207
971.800000000 -1.205592636 -0.289919080 -0.251209092 -0.085284770 0.968734334 0.201818526 -0.116402664 -1.391123562 -1.917195371 5.975841145
971.900000000 -1.204891290 -0.217426265 -0.879549593 -0.083205367 0.972700405 0.196200487 -0.091848558 -1.161730146 -1.928660958 6.113053075
972.000000000 -1.194506746 -0.153262982 -1.507511920 -0.081953628 0.976328105 0.188955041 -0.066053207 -0.909432504 -1.918570631 6.248588293
972.100000000 -1.174696953 -0.086975192 -2.206034847 -0.079430685 0.979965347 0.178885560 -0.036859756 -0.629422561 -1.871207358 6.406572639
972.200000000 -1.144396199 -0.028772198 -2.882600041 -0.076556185 0.982221508 0.171102472 -0.010198217 -0.343989646 -1.810857533 6.380808498
972.300000000 -1.110319131 0.017829648 -3.535587415 -0.074056721 0.983528829 0.164009120 0.016960328 -0.051379365 -1.767888364 6.262737546
972.400000000 -1.068454073 0.045537052 -4.161945772 -0.071119592 0.984143407 0.155866672 0.045927529 0.262194837 -1.688233633 6.029547401
972.500000000 -1.025622036 0.066527175 -4.779621397 -0.070208966 0.984290227 0.144617857 0.073000857 0.493803579 -1.536187169 5.758332259
972.600000000 -0.990233838 0.067854463 -5.329555149 -0.071646965 0.983122546 0.134138830 0.101703226 0.710777658 -1.411573317 5.651032107
972.700000000 -0.922024997 0.095246598 -5.918395314 -0.072602824 0.980792466 0.122432114 0.133361710 0.823354851 -1.271475291 5.865685530
972.800000000 -0.854553633 0.095370330 -6.474950087 -0.073095311 0.977706840 0.112893046 0.161250026 1.067657374 -1.157446952 5.756785785
972.900000000 -0.653949560 0.158168831 -7.199592791 -0.073794525 0.973751552 0.100783904 0.190275823 1.377643609 -1.007525614 5.299895496
973.000000000 -0.644557983 0.132664476 -7.681469327 -0.075497605 0.968858192 0.078581668 0.222348456 1.594662281 -0.744568511 4.480063393
973.100000000 -0.611483534 0.111823597 -8.075417574 -0.078176012 0.963273711 0.057941030 0.250270068 1.706166456 -0.568917815 3.633966490
973.200000000 -0.568053614 0.089499216 -8.442034476 -0.081570033 0.955839563 0.040275307 0.279454752 1.740605613 -0.407440308 3.395681993
973.300000000 -0.523048025 0.065513073 -8.850853522 -0.087374959 0.945516557 0.029786035 0.312212826 1.829353293 -0.320741448 3.161808307
973.400000000 -0.476499172 0.049758574 -9.191631310 -0.093127495 0.935033174 0.024563618 0.341228458 1.920564077 -0.279245269 2.888648040
973.500000000 -0.417889465 0.012864830 -9.528177788 -0.098179000 0.923367611 0.019706886 0.370627546 1.997240597 -0.237197336 2.723472532
973.600000000 -0.396549787 -0.018820992 -9.828607453 -0.103741713 0.909634141 0.013929713 0.402006654 2.122484295 -0.168065478 2.597835484
973.700000000 -0.317694320 -0.038774341 -10.177932550 -0.110832407 0.896584424 0.007018879 0.428722851 2.237638327 -0.051767459 2.616841361
973.800000000 -0.264793868 -0.054843116 -10.489658624 -0.117845495 0.882368115 -0.003402524 0.455551723 2.253468441 0.061288420 2.580505595
973.900000000 -0.136883648 -0.049423395 -10.904562997 -0.124322892 0.865454457 -0.015591375 0.485066294 2.167167503 0.161201951 2.365767846
974.000000000 -0.045743393 -0.063222071 -11.157610987 -0.130556130 0.849093135 -0.025107030 0.511239261 1.958820053 0.213283369 2.145727449
974.100000000 0.019002698 -0.087172721 -11.399010293 -0.137935597 0.830688242 -0.034725289 0.538261062 1.685978133 0.231576626 1.822244103
974.200000000 0.141610278 -0.089291247 -11.617940093 -0.145695213 0.808893998 -0.045560207 0.567791927 1.426997452 0.258484870 1.564289458
974.300000000 0.212904044 -0.090387452 -11.775771899 -0.152391021 0.788004366 -0.053781010 0.594082233 1.118702677 0.233727456 1.322014094
974.400000000 0.313479679 -0.086896384 -11.905244785 -0.159788269 0.765506839 -0.060980132 0.620280914 0.811733211 0.189311625 1.134196485
974.500000000 0.408190315 -0.082291305 -11.994567726 -0.167077645 0.740079995 -0.065630006 0.648119869 0.480714906 0.122626103 0.993585352
974.600000000 0.495531293 -0.074617172 -12.031598175 -0.173760274 0.716182370 -0.068581989 0.672448281 0.123954995 0.044927640 0.880518171
974.700000000 0.575812596 -0.059505722 -12.028915241 -0.179819368 0.691173626 -0.070673764 0.696382964 -0.245392743 -0.038802442 0.831234081
974.800000000 0.664907577 -0.034313479 -11.981168393 -0.186094734 0.663290309 -0.071847168 0.721285450 -0.619986088 -0.124995619 0.865654966
974.900000000 0.728226697 -0.012983933 -11.894308651 -0.192399340 0.637171892 -0.073233392 0.742718886 -0.991167231 -0.248670015 0.943815265
975.000000000 0.823347185 0.032899714 -11.764053454 -0.196545566 0.609939244 -0.073408691 0.764169564 -1.332254638 -0.385186852 1.060973028
975.100000000 0.888084177 0.061894434 -11.571908571 -0.198794094 0.579685604 -0.071012645 0.787021418 -1.636688342 -0.520014130 1.243258977
975.200000000 0.953523661 0.100578491 -11.369756004 -0.199355641 0.551527760 -0.067464738 0.807169726 -1.927627290 -0.656707492 1.458308994
975.300000000 1.030357112 0.142711352 -11.106706755 -0.200864144 0.521998561 -0.062264272 0.826616149 -2.172768180 -0.785995678 1.769369334
975.400000000 1.080517967 0.187658575 -10.804627005 -0.203294783 0.489663587 -0.054712655 0.846113070 -2.344573796 -0.928687398 2.133574244
975.500000000 1.162461664 0.235734482 -10.456337400 -0.205675128 0.460316790 -0.046319455 0.862357642 -2.340554534 -0.972318024 2.186155417
975.600000000 1.232747734 0.280548688 -10.096549616 -0.208235821 0.430286832 -0.037879598 0.877528473 -2.258616372 -0.963664119 2.111094274
975.700000000 1.219848963 0.311098732 -9.814061472 -0.207753934 0.398129156 -0.028323193 0.893044946 -2.258062559 -0.961662184 2.032849192
975.800000000 1.217337362 0.340671957 -9.506123791 -0.208648090 0.368924682 -0.020825700 0.905498119 -2.402048833 -1.077567130 2.198116691
975.900000000 1.194438968 0.362990678 -9.158487865 -0.209452805 0.339900372 -0.011697168 0.916766293 -2.634027752 -1.368070176 2.904969002
976.000000000 1.184667784 0.392318748 -8.688427792 -0.209676538 0.308654281 -0.004357849 0.927765754 -2.719990631 -1.649541062 3.602372799
976.100000000 1.220841200 0.425959123 -8.142134066 -0.204340598 0.281749836 0.002493013 0.937473058 -2.692325365 -1.852582152 4.247688112
976.200000000 1.235384371 0.440692829 -7.632664496 -0.192452378 0.256512991 0.011546475 0.947116596 -2.602205563 -1.925683323 4.746781618
976.300000000 1.262120203 0.453773543 -6.991943274 -0.181914325 0.229002187 0.017601118 0.956114730 -2.402844583 -1.948309094 5.052580922
976.400000000 1.289932624 0.463604236 -6.402277176 -0.172669678 0.202970867 0.019297778 0.963647033 -2.149667669 -1.982347868 5.308773213
976.500000000 1.314799661 0.457508726 -5.814923224 -0.160605717 0.176591522 0.021637416 0.970851719 -1.881610306 -1.936274043 5.389676087
976.600000000 1.349459711 0.442813630 -5.183683307 -0.153480730 0.146733424 0.022089104 0.976946795 -1.601344266 -1.975453822 5.522375434
976.700000000 1.351121272 0.422483236 -4.601954575 -0.148885249 0.119709566 0.022782916 0.981317350 -1.400485660 -2.038904211 5.653553920
976.800000000 1.370334462 0.390091348 -3.973034845 -0.139046130 0.092450280 0.024823247 0.985648480 -1.197121338 -2.038242688 5.856407232
976.900000000 1.359184659 0.346903872 -3.294750379 -0.124315387 0.063785070 0.027754005 0.989801427 -0.954835869 -1.971097876 6.033107075
977.000000000 1.355064003 0.301402985 -2.659009436 -0.111635195 0.037597648 0.028273148 0.992635194 -0.745187526 -1.913815442 6.078044375
977.100000000 1.317530014 0.244162923 -2.069441235 -0.098120542 0.012006478 0.026610232 0.994746249 -0.458783555 -1.792748278 5.922682706
977.200000000 1.272744481 0.168517046 -1.399586248 -0.080804831 -0.015150259 0.026803351 0.996254300 -0.170575431 -1.597438226 5.638761765
977.300000000 1.263310409 0.110044199 -0.936840926 -0.063093337 -0.039780872 0.026750235 0.996855625 0.060762409 -1.431977535 5.455317202
977.400000000 1.229336392 0.033469015 -0.366239446 -0.046587325 -0.064848433 0.022064574 0.996562821 0.320346523 -1.276487578 5.289846682
977.500000000 1.178079202 -0.062009798 0.246214304 -0.033312235 -0.094100960 0.019035885 0.994823069 0.617362962 -1.144610051 5.146553377
977.600000000 1.154707597 -0.143459785 0.730153124 -0.020369190 -0.121526564 0.016024993 0.992249762 0.875854932 -1.007226340 4.854866437
977.700000000 1.136317312 -0.201813751 1.154808605 -0.007880462 -0.149466244 0.011444155 0.988669192 1.102181895 -0.904695418 4.592089777
977.800000000 1.105562521 -0.294502214 1.644593244 0.005758878 -0.180746559 0.009148230 0.983470298 1.381793737 -0.823216967 4.468020636
977.900000000 1.060642877 -0.396976489 2.127531856 0.014915600 -0.207408326 0.007146623 0.978114634 1.627983263 -0.774846753 4.398834053
978.000000000 1.043848671 -0.475801990 2.573958142 0.019731967 -0.233564600 0.005587508 0.972124996 1.814436988 -0.737585522 4.193632561
978.100000000 1.016456197 -0.569661063 3.052921802 0.032515499 -0.260736951 0.002914761 0.964857756 1.931561853 -0.635141192 3.886038029
978.200000000 0.991436679 -0.658072777 3.434782861 0.052302030 -0.284838149 -0.001446410 0.957146611 1.961650836 -0.508953401 3.628970770
978.300000000 0.956972760 -0.746090580 3.814649947 0.070359815 -0.309902589 -0.007822799 0.948129045 2.015387176 -0.393705522 3.374983669
978.400000000 0.922229750 -0.850029416 4.207116920 0.082601500 -0.338294523 -0.016869152 0.937256229 2.115073094 -0.307970494 3.151679613
978.500000000 0.870721282 -0.949765841 4.587448487 0.095407751 -0.363819593 -0.027129011 0.926173138 2.187958397 -0.200672182 2.954843837
978.600000000 0.846459667 -1.031821620 4.894340705 0.113141235 -0.389995620 -0.036876805 0.913095054 2.225187932 -0.069281607 2.761010161
978.700000000 0.797924767 -1.128364740 5.253511536 0.129050147 -0.419501590 -0.047355594 0.897285865 2.219953468 0.027233025 2.528560121
978.800000000 0.738601199 -1.209856154 5.548958219 0.139976362 -0.445562673 -0.060454925 0.882171029 2.149548823 0.079363882 2.286183915
978.900000000 0.683264714 -1.293749654 5.821551091 0.150662664 -0.471219425 -0.075145185 0.865798023 2.018692081 0.121821797 2.024993281
979.000000000 0.621684468 -1.385194335 6.098806157 0.162518213 -0.497909351 -0.090196570 0.847076553 1.843214102 0.177215699 1.761211841
979.100000000 0.549412444 -1.447887523 6.310735515 0.172704020 -0.522077606 -0.103133303 0.828837630 1.622468778 0.211631289 1.551882656
979.200000000 0.483477205 -1.505954361 6.492954770 0.182287310 -0.548528717 -0.113905324 0.808030421 1.369577850 0.226121088 1.340067418
979.300000000 0.399010200 -1.560928089 6.650957747 0.189470506 -0.576944997 -0.124836580 0.784634454 1.089954672 0.201408266 1.127374436
979.400000000 0.336262095 -1.596577387 6.757763570 0.194897329 -0.601709490 -0.135309743 0.762661127 0.775336486 0.158178907 0.971591298
979.500000000 0.258508872 -1.625999858 6.828736522 0.199418302 -0.626859444 -0.144828875 0.739123925 0.434257466 0.113465590 0.875516484
979.600000000 0.169829999 -1.638685987 6.870216794 0.201411639 -0.653575498 -0.155805639 0.712739099 0.093955034 0.049036085 0.830420653
979.700000000 0.087380626 -1.636571426 6.862296087 0.202606906 -0.676739249 -0.166919466 0.687831609 -0.246824079 -0.021932511 0.827142440
979.800000000 0.002579043 -1.626623934 6.818607569 0.202977018 -0.699729418 -0.177361652 0.661605559 -0.575189001 -0.105315483 0.861957386
979.900000000 -0.089494544 -1.595351521 6.734234344 0.199983899 -0.724294594 -0.187045597 0.632785687 -0.859599321 -0.192929573 0.868863822
980.000000000 -0.159932238 -1.562437019 6.634535664 0.196829556 -0.745081589 -0.196712950 0.606148140 -1.172814613 -0.299935534 0.948726186
980.100000000 -0.205364716 -1.517301916 6.493085284 0.193653351 -0.764799288 -0.207555719 0.578360660 -1.479308896 -0.432786796 1.098096801
980.200000000 -0.275895174 -1.451675797 6.272987411 0.187813189 -0.786081505 -0.214929478 0.548276749 -1.725300495 -0.534844620 1.238696617
980.300000000 -0.366624394 -1.381631313 6.039194106 0.183561509 -0.803785229 -0.221604563 0.520697509 -1.981422629 -0.682004538 1.541979103
980.400000000 -0.381241184 -1.308580224 5.828507420 -0.179535810 0.820670966 0.228347231 -0.492060567 -2.121268469 -0.804120413 1.743061398
980.500000000 -0.463133143 -1.220996774 5.488431778 -0.171409915 0.838266639 0.233351109 -0.462033487 -2.228466786 -0.909464898 1.954600375
980.600000000 -0.476000731 -1.145743127 5.230016116 -0.162946537 0.852509278 0.240163176 -0.434739009 -2.348249095 -1.038538999 2.227680397
980.700000000 -0.515418588 -1.056663242 4.891652467 -0.154587922 0.865644518 0.247517340 -0.406813606 -2.458674168 -1.172518623 2.493090827
980.800000000 -0.549941778 -0.951590605 4.492683455 -0.146391963 0.880412155 0.248519485 -0.376406556 -2.568941646 -1.322448670 2.973855256
980.900000000 -0.591000846 -0.851861035 4.072011423 -0.136483217 0.893808515 0.244826884 -0.350054948 -2.658203320 -1.444877168 3.442976279
981.000000000 -0.631389394 -0.735813928 3.596810415 -0.126778642 0.905935455 0.241508980 -0.323854195 -2.703694816 -1.577160139 3.926883082
981.100000000 -0.666819611 -0.625965511 3.071835763 -0.120848521 0.916907769 0.240403093 -0.294757750 -2.640350918 -1.707949324 4.355043982
981.200000000 -0.711243096 -0.513906131 2.523031143 -0.115819517 0.926222758 0.237756387 -0.268643151 -2.522431337 -1.801052151 4.695843550
981.300000000 -0.736162707 -0.409546731 1.985736351 -0.111395423 0.934886115 0.234680378 -0.241876275 -2.344467802 -1.875112313 5.030230401
981.400000000 -0.780568249 -0.299353849 1.359399375 -0.107851793 0.942600702 0.233887273 -0.212529176 -2.139712030 -1.984075768 5.348646272
981.500000000 -0.814365508 -0.200115794 0.774125856 -0.105160734 0.948464623 0.233916705 -0.186115700 -1.929920951 -2.125609491 5.647129208
981.600000000 -0.829198586 -0.101198423 0.151101490 -0.099990683 0.955199367 0.228118101 -0.159869212 -1.734289944 -2.170989964 5.848231800
981.700000000 -0.845953174 -0.013279205 -0.541573119 -0.094530776 0.962423493 0.217436707 -0.132386673 -1.504126646 -2.108198048 5.951194314
981.800000000 -0.848502020 0.062794038 -1.171363819 -0.090447767 0.968190202 0.206901005 -0.107791042 -1.275559999 -2.035277458 5.966779675
981.900000000 -0.833593823 0.131463926 -1.769132958 -0.087686320 0.973211278 0.195997878 -0.082193364 -1.040348302 -1.979142304 6.058388117
982.000000000 -0.818392853 0.192253612 -2.442377579 -0.084912568 0.977933965 0.183284208 -0.053309610 -0.711643728 -1.871820661 6.112401301
982.100000000 -0.798796370 0.237252529 -3.082703315 -0.082962624 0.980786168 0.174495112 -0.026965739 -0.422799125 -1.802740447 6.114602238
982.200000000 -0.784678556 0.279270162 -3.661700009 -0.079605211 0.982794347 0.166668102 -0.000159959 -0.140804509 -1.735341259 6.118253990
982.300000000 -0.759814534 0.322180771 -4.355830523 -0.076190249 0.984288118 0.156743845 0.028342801 0.192984482 -1.614852514 5.961887325
982.400000000 -0.716902909 0.354370800 -4.986711075 -0.072977746 0.984894297 0.147657309 0.053430246 0.438375231 -1.529640012 5.799324948
982.500000000 -0.722654718 0.363726134 -5.492576628 -0.070810055 0.984510751 0.138474621 0.080927731 0.620129927 -1.438152378 5.677317643
982.600000000 -0.643371007 0.383221702 -6.146220207 -0.070136242 0.983246074 0.125942351 0.111564281 0.805588773 -1.285385325 5.556451900
982.700000000 -0.571759070 0.398367287 -6.705625478 -0.069867543 0.981179312 0.113358208 0.139841343 1.016771860 -1.130343252 5.286170993
982.800000000 -0.507695947 0.399967048 -7.229080084 -0.070933078 0.978001459 0.100117467 0.168695396 1.259215235 -0.968072137 4.793985185
982.900000000 -0.488543128 0.386540806 -7.727376641 -0.072486993 0.973448747 0.085241188 0.199692547 1.496506716 -0.807786889 4.306331024
983.000000000 -0.461671106 0.364515347 -8.092546609 -0.075032298 0.967528141 0.078960300 0.228089285 1.719306711 -0.786562440 4.242012496
983.100000000 -0.403588905 0.360336163 -8.550556123 -0.078738558 0.960217252 0.077479479 0.256476117 1.891112839 -0.786049869 4.214527207
983.200000000 -0.324131298 0.337739653 -9.146012740 -0.079818304 0.951222176 0.073299242 0.288847071 2.051425106 -0.721862210 3.963413148
983.300000000 -0.272681790 0.307282809 -9.496988319 -0.080957605 0.941558057 0.067091751 0.320020294 2.098739478 -0.627558747 3.452343142
983.400000000 -0.225163772 0.294959338 -9.878005224 -0.083523523 0.930811296 0.053981286 0.351710354 2.078922459 -0.489792419 2.777630893
983.500000000 -0.171536167 0.262262332 -10.235184840 -0.088779124 0.918281213 0.029756311 0.384697860 2.164011164 -0.339565558 2.501976577
983.600000000 -0.180638537 0.222241222 -10.514453197 -0.095010912 0.905188137 0.007555826 0.414186279 2.186570906 -0.184767441 2.391160199
983.700000000 -0.128664909 0.183167922 -10.826606614 -0.103009630 0.891068166 -0.006289839 0.441980742 2.138372714 -0.057585931 2.278692548
983.800000000 -0.045010474 0.174467233 -11.169501184 -0.116716713 0.875334445 -0.021400973 0.468731070 2.045332698 0.111624642 2.179865222
983.900000000 0.010499742 0.140582238 -11.421288209 -0.129288482 0.859674323 -0.035055423 0.492966190 1.896087055 0.200261291 1.815724652
984.000000000 0.088403191 0.144229130 -11.676108209 -0.141035125 0.843236609 -0.046445451 0.516627462 1.724424250 0.226748524 1.532542347
984.100000000 0.106662551 0.122682723 -11.871290836 -0.149598401 0.823541378 -0.056384565 0.544261608 1.566121394 0.288367067 1.394691338
984.200000000 0.203054565 0.102226100 -12.062813960 -0.156635935 0.803365540 -0.064513393 0.570882663 1.317921606 0.325070266 1.284745889
984.300000000 0.283940954 0.112859894 -12.226722233 -0.163028236 0.781780223 -0.067729121 0.598042008 1.050844633 0.339921825 1.215149522
984.400000000 0.383191173 0.130026968 -12.352391255 -0.167830254 0.757308655 -0.069540479 0.627280422 0.733715018 0.282938729 1.006926354
984.500000000 0.454876550 0.140647021 -12.421685446 -0.172896257 0.733903071 -0.071159134 0.653015731 0.385580053 0.183085486 0.840013142
984.600000000 0.521108974 0.151870045 -12.450819874 -0.175875645 0.709280970 -0.071406107 0.678888378 0.016859985 0.075663671 0.761644845
984.700000000 0.594930881 0.171398816 -12.440073988 -0.181868454 0.682135981 -0.070552173 0.704724599 -0.355301580 -0.042215527 0.768507792
984.800000000 0.677043558 0.198773596 -12.381462050 -0.187166595 0.658048004 -0.066707738 0.726286147 -0.732570056 -0.163254269 0.851682670
984.900000000 0.748142570 0.219030561 -12.278571486 -0.191847436 0.632303501 -0.065262378 0.747748397 -1.099200406 -0.292101559 0.964830358
985.000000000 0.836078064 0.258975880 -12.124158153 -0.194310164 0.603140279 -0.065000545 0.770869829 -1.434047476 -0.408297056 1.150253891
985.100000000 0.904628425 0.295607095 -11.937263652 -0.196296237 0.575718696 -0.064027480 0.791148691 -1.727412358 -0.512184355 1.408922490
985.200000000 0.991047551 0.343273419 -11.709759291 -0.197330488 0.547249306 -0.060951008 0.811088066 -1.968091248 -0.628097466 1.674390516
985.300000000 1.087328879 0.399675392 -11.427152399 -0.195934974 0.516048813 -0.054547858 0.832062281 -2.138121692 -0.754208209 2.009962361
985.400000000 1.153350562 0.441816505 -11.131569849 -0.195627992 0.487699857 -0.046780095 0.849523491 -2.263543122 -0.885232162 2.260779374
985.500000000 1.256023783 0.482192492 -10.791205851 -0.197523418 0.458258078 -0.039729300 0.865682168 -2.239731727 -0.938703464 2.229373072
985.600000000 1.328344755 0.520897801 -10.417405359 -0.199158628 0.425790862 -0.032129034 0.882046318 -2.168556314 -0.908914203 2.051320463
985.700000000 1.298553050 0.542684456 -10.185838869 -0.200387092 0.396583993 -0.025518272 0.895497051 -2.240098698 -0.932481189 2.012878340
985.800000000 1.281602728 0.571012077 -9.886066624 -0.201107820 0.366608030 -0.019285492 0.908175240 -2.431510735 -1.128127343 2.467887621
985.900000000 1.273798750 0.599890203 -9.480741864 -0.202467001 0.334870363 -0.013590074 0.920154478 -2.576034587 -1.432034210 3.224759378
986.000000000 1.332606477 0.628810908 -8.961751092 -0.199763560 0.307889959 -0.004856029 0.930201436 -2.650960198 -1.684614002 3.929820508
986.100000000 1.359402266 0.654636823 -8.454264862 -0.195458139 0.280990631 0.001368190 0.939594864 -2.604544282 -1.813729530 4.363433846
986.200000000 1.395362407 0.671751255 -7.855424226 -0.190678678 0.251765727 0.006106657 0.948798382 -2.485809553 -1.888378165 4.662908232
986.300000000 1.408718910 0.680921914 -7.323504615 -0.183058299 0.225558247 0.010870215 0.956815016 -2.349661234 -1.957017555 5.017548282
986.400000000 1.428131489 0.691799363 -6.730628805 -0.174096148 0.199233280 0.015627424 0.964236701 -2.167736734 -1.977241787 5.238095216
986.500000000 1.457461343 0.686886820 -6.082511955 -0.166870431 0.169803064 0.018067622 0.971079162 -1.923054790 -2.024918840 5.436275038
986.600000000 1.459917956 0.677668183 -5.496943046 -0.159222551 0.142952099 0.019105824 0.976651342 -1.706020969 -2.063105392 5.574446859
986.700000000 1.460980885 0.653668233 -4.887709324 -0.150765538 0.115683800 0.021134799 0.981549964 -1.475136643 -2.094886970 5.752354416
986.800000000 1.455929182 0.616678736 -4.214925844 -0.139919385 0.086427847 0.022742569 0.986121478 -1.204955376 -2.091047512 5.938795486
986.900000000 1.467655646 0.576661515 -3.561522717 -0.126496839 0.060398400 0.024405305 0.989825724 -0.975804939 -2.033269177 6.074085032
987.000000000 1.428561578 0.529305626 -2.951475146 -0.110568799 0.034466072 0.026105048 0.992927569 -0.756277430 -1.929452119 6.162977928
987.100000000 1.391500713 0.465335698 -2.257580663 -0.095469840 0.006799601 0.027418048 0.995031419 -0.474460412 -1.783471394 6.032083342
987.200000000 1.358197020 0.398640952 -1.648173296 -0.083942493 -0.017904244 0.026882292 0.995947006 -0.208147496 -1.640484028 5.698871519
987.300000000 1.346822316 0.329156388 -1.043621754 -0.071012796 -0.043156057 0.026392367 0.996191839 0.051662279 -1.532680622 5.501461781
987.400000000 1.286244243 0.255336183 -0.583101083 -0.059554394 -0.071442169 0.024071108 0.995374237 0.382367966 -1.431376349 5.238753237
987.500000000 1.246676330 0.164730481 -0.004696645 -0.045001747 -0.097349806 0.022393189 0.993980082 0.674862946 -1.286992779 5.014437166
987.600000000 1.245994760 0.083189392 0.481969330 -0.030451422 -0.124607849 0.019339872 0.991550082 0.955500617 -1.150364476 4.737723712
987.700000000 1.224971973 0.003565556 0.959019411 -0.014254234 -0.153618997 0.017137747 0.987878696 1.115150875 -1.031716995 4.431086670
987.800000000 1.193630480 -0.083362931 1.376181771 0.001014116 -0.180745257 0.012776076 0.983446438 1.259031668 -0.951247699 4.330948263
987.900000000 1.143081003 -0.196755939 1.844980871 0.015397720 -0.208372121 0.009329683 0.977883902 1.434632111 -0.868304418 4.199578608
988.000000000 1.109530688 -0.295227874 2.288641581 0.031429709 -0.237667320 0.006636628 0.970815314 1.645283006 -0.744253416 4.018093353
988.100000000 1.074722774 -0.389953814 2.688980823 0.046251036 -0.262084072 0.002407717 0.963933080 1.793109512 -0.603361537 3.798605488
988.200000000 1.044121355 -0.487012603 3.089726266 0.063912981 -0.286610169 -0.003755027 0.955905666 1.934273415 -0.472667630 3.701155056
988.300000000 0.999633555 -0.577971204 3.489366031 0.081659246 -0.313432183 -0.013084409 0.946002554 2.077959568 -0.349525018 3.580452975
988.400000000 0.950018694 -0.688955607 3.887895735 0.096039779 -0.338137810 -0.022287145 0.935917980 2.176147673 -0.243442319 3.412267414
988.500000000 0.898133372 -0.801204334 4.276124559 0.108470923 -0.364491497 -0.031649055 0.924325887 2.251407407 -0.145617481 3.161934606
988.600000000 0.843784410 -0.899021546 4.657496532 0.119500431 -0.393991453 -0.041079647 0.910386097 2.274565833 -0.040649031 2.860093780
988.700000000 0.806774330 -0.990200852 4.957083826 0.128773850 -0.420336300 -0.051703184 0.896694748 2.222171454 0.058710822 2.582247019
988.800000000 0.735875218 -1.068755798 5.283945043 0.139778206 -0.446885623 -0.063808153 0.881296665 2.113227247 0.135284932 2.281601626
988.900000000 0.670626229 -1.151900348 5.590306952 0.151582614 -0.475305718 -0.076673232 0.863266124 1.959717263 0.182696839 1.966656461
989.000000000 0.610815478 -1.217717513 5.818801467 0.159360111 -0.500531052 -0.088577975 0.846301934 1.744820672 0.191098074 1.670521338
989.100000000 0.559656425 -1.285654901 6.009640853 0.166241526 -0.526100216 -0.100156050 0.827980122 1.514859872 0.191952249 1.453143984
989.200000000 0.484436037 -1.337800324 6.196801221 0.174398728 -0.554234788 -0.110832356 0.806303338 1.286753447 0.205409421 1.295971005
989.300000000 0.403066355 -1.380491078 6.338515178 0.183294048 -0.579271712 -0.120942236 0.784997166 1.031914825 0.202671689 1.157640461
989.400000000 0.315755814 -1.416016360 6.449320786 0.189824741 -0.604445513 -0.129965329 0.762706499 0.739246543 0.162926232 1.022172316
989.500000000 0.237693410 -1.444113587 6.524036267 0.193585283 -0.631743720 -0.139024084 0.737629252 0.434685248 0.095030433 0.907658634
989.600000000 0.158946971 -1.457691761 6.556601596 0.185995012 -0.656817264 -0.139007621 0.717407708 0.144597769 -0.007632777 0.834252874
989.700000000 0.067015999 -1.464979012 6.553051360 0.150469114 -0.683155857 -0.116134791 0.705102710 -0.110414040 -0.098305637 0.830159981
989.800000000 -0.015824712 -1.475096642 6.519921008 0.107196314 -0.705353003 -0.076243501 0.696543624 -0.317612329 -0.141712069 0.833566078
989.900000000 -0.106767162 -1.475636493 6.471152363 0.082493711 -0.716416113 -0.040562750 0.691590489 -0.421092326 -0.134500196 0.764852846
990.000000000 -0.182785104 -1.494563028 6.409095492 0.072040504 -0.722546258 -0.012023161 0.687453646 -0.433548915 -0.104472741 0.741660156
990.100000000 -0.214735597 -1.508601158 6.371420806 0.069750996 -0.735451519 0.075029865 0.669788311 -0.368725583 0.059953695 0.772136071
990.200000000 -0.282159515 -1.517803842 6.327812222 0.075825934 -0.737842242 0.131726577 0.657637714 -0.272715478 0.204964632 0.716789584
990.300000000 -0.394074599 -1.517237952 6.295747276 0.076121599 -0.738643912 0.115752485 0.659706022 -0.224516207 0.216459370 0.613738547
990.400000000 -0.441040424 -1.503176931 6.273699602 0.069359761 -0.738940057 0.072992284 0.666204880 -0.176422985 0.177540643 0.412637886
990.500000000 -0.447816075 -1.500655976 6.249952637 0.063143485 -0.737484405 0.041710285 0.671110948 -0.128699899 0.136391679 0.171578928
990.600000000 -0.477581529 -1.482615100 6.245334214 0.058918010 -0.735500594 0.023816523 0.674537113 -0.138912907 0.054495005 -0.086729206
990.700000000 -0.464430566 -1.470271401 6.240524446 0.056055251 -0.733005250 0.016667508 0.677704438 -0.064523230 -0.093613354 -0.154396746
990.800000000 -0.378997296 -1.478513048 6.209757322 0.053642293 -0.730785240 0.015032875 0.680330397 -0.018080748 -0.237778166 -0.213497890
990.900000000 -0.428451416 -1.537193415 6.245363030 0.053214632 -0.728215636 0.014031724 0.683134907 0.081147192 -0.289931429 -0.126345362
991.000000000 -0.364732821 -1.563461102 6.231252080 0.052556789 -0.725902782 0.011808400 0.685684692 -0.017079432 -0.437789908 -0.419515098
991.100000000 -0.383739676 -1.577808592 6.261714171 0.051738949 -0.724595553 0.009552814 0.687163088 -0.212877721 -0.563695576 -0.857511954
991.200000000 -0.173704049 -1.666577503 6.199913958 0.052558090 -0.723357495 0.006671702 0.688438138 -0.212243208 -0.572479630 -0.849930128
991.300000000 -0.084390739 -1.729271944 6.168676693 0.054441261 -0.721897173 0.003790569 0.689845092 -0.171652020 -0.459169293 -0.709769209
991.400000000 -0.085099211 -1.725910509 6.184699148 0.055708077 -0.720727196 0.000572977 0.690976549 0.024970667 -0.225231861 -0.310962203
991.500000000 -0.064568461 -1.722040361 6.178910332 0.055720108 -0.720254151 -0.000605003 0.691468627 0.092679232 -0.099584879 -0.142872590
991.600000000 -0.036593491 -1.753565244 6.206469205 0.055098717 -0.719678532 -0.001604119 0.692115864 -0.030514073 -0.080499820 -0.194555133
991.700000000 -0.036593491 -1.753565244 6.206469205 0.055098717 -0.719678532 -0.001604119 0.692115864 -0.106453384 -0.036504807 -0.129395701
991.800000000 0.005403996 -1.746078752 6.150293160 0.054770481 -0.719606809 -0.002253514 0.692214675 -0.097251947 -0.001776953 0.004827926
991.900000000 0.005403996 -1.746078752 6.150293160 0.054770481 -0.719606809 -0.002253514 0.692214675 -0.006456582 -0.000537866 0.062660692
992.000000000 -0.060857888 -1.762696173 6.179322871 0.056958945 -0.719371080 -0.001889099 0.692284161 0.119776347 0.037801104 0.140982424
992.100000000 -0.049899256 -1.752853449 6.194600638 0.050209794 -0.718462968 -0.017250916 0.693536118 0.301607588 0.095367226 0.214759477
992.200000000 -0.046979971 -1.734216987 6.198861593 0.040573665 -0.717551657 -0.035892761 0.694395498 0.334666044 0.192636413 0.228386577
992.300000000 -0.109497517 -1.727741504 6.293695369 0.044128609 -0.718002482 -0.031364635 0.693931813 0.316470219 0.273285003 0.280578643
992.400000000 -0.126382417 -1.691752919 6.300865040 0.051261661 -0.718660433 -0.018668437 0.693217797 0.153413118 0.258623264 0.191514480
992.500000000 -0.161297695 -1.656024972 6.315495748 0.056367125 -0.719100011 -0.008730525 0.692561694 -0.070556368 0.258738571 0.066539573
992.600000000 -0.151352403 -1.667338553 6.280711303 0.057287188 -0.718614924 -0.005819384 0.693020132 -0.028341485 0.359110383 0.192472971
992.700000000 -0.106869375 -1.626045903 6.265509299 0.057823424 -0.717678976 -0.002283972 0.693965505 0.019989796 0.505991988 0.295166555
992.800000000 -0.248146585 -1.535164725 6.317212885 0.058093304 -0.716861592 -0.000708037 0.694790706 0.069822309 0.653953549 0.375423099
992.900000000 -0.251908569 -1.477729501 6.314828101 0.059183981 -0.716346830 0.000282404 0.695229744 0.009544834 0.667710185 0.257154570
993.000000000 -0.286146665 -1.416114237 6.313872277 0.061713502 -0.715791681 0.000850877 0.695581044 -0.064448558 0.615294687 0.096823789
993.100000000 -0.290382939 -1.350530932 6.307795430 0.062958200 -0.715583022 -0.000292898 0.695684640 -0.051134330 0.618274980 0.105454463
993.200000000 -0.309436964 -1.292312698 6.312241394 0.062962059 -0.715726883 -0.001253843 0.695535215 -0.027290550 0.624380399 0.122577936
993.300000000 -0.330031144 -1.234588129 6.317909047 0.063429173 -0.715990818 -0.001560464 0.695220435 -0.021362130 0.610253961 0.119338510
993.400000000 -0.348782991 -1.167814416 6.321705088 0.064037545 -0.716413361 -0.001572784 0.694729167 -0.024142010 0.592578313 0.081521705
993.500000000 -0.352256465 -1.117867511 6.319288728 0.062695340 -0.717220867 -0.001528271 0.694018146 -0.015588026 0.586597671 0.059761908
993.600000000 -0.364472743 -1.061581676 6.321909183 0.063116787 -0.717649517 -0.002018193 0.693535413 -0.000324654 0.599332313 0.092076436
993.700000000 -0.385196709 -0.994226529 6.337405414 0.065694313 -0.718073399 -0.002625806 0.692854932 -0.005710581 0.615442410 0.101269255
993.800000000 -0.406285216 -0.936532234 6.337992294 0.067910509 -0.718370058 -0.002987201 0.692332073 -0.019845820 0.616993142 0.077314549
993.900000000 -0.413357083 -0.878536725 6.339708078 0.069377670 -0.718826336 -0.002598492 0.691714309 -0.032748298 0.611373507 0.030213576
994.000000000 -0.414797673 -0.813964906 6.342819933 0.070458012 -0.719185607 -0.002392052 0.691232240 -0.034736456 0.594654501 -0.013049493
994.100000000 -0.420056749 -0.754153631 6.347032480 0.071534650 -0.719479953 -0.002454722 0.690815001 -0.030325080 0.574166213 0.009129481
994.200000000 -0.419655588 -0.702448802 6.344391439 0.071531219 -0.719663242 -0.002840976 0.690622931 -0.052736600 0.545228461 -0.018495419
994.300000000 -0.439512977 -0.648162852 6.348121952 0.069936686 -0.719707867 -0.005263013 0.690725522 -0.104157832 0.524875859 -0.106411239
994.400000000 -0.423167031 -0.595619899 6.342665414 0.069471303 -0.719742043 -0.006073523 0.690730223 -0.123993381 0.535481081 -0.152364340
994.500000000 -0.392416475 -0.539166844 6.326934286 0.070277875 -0.719810852 -0.006415250 0.690573821 -0.106965108 0.547379450 -0.103969100
994.600000000 -0.397518815 -0.476191425 6.328719254 0.069622080 -0.719502742 -0.008045524 0.690944165 -0.079195129 0.544797290 -0.009428216
994.700000000 -0.425437660 -0.426920103 6.333689870 0.066102431 -0.718834582 -0.009555977 0.691965313 -0.046723138 0.523434664 0.069826940
994.800000000 -0.426378547 -0.378576397 6.330327971 0.062681930 -0.717995945 -0.009365288 0.693155891 -0.054564091 0.480128487 0.057395754
994.900000000 -0.423798706 -0.329086221 6.325645567 0.061491402 -0.716836349 -0.007747488 0.694481413 -0.027842644 0.452320723 0.059172916
995.000000000 -0.432259900 -0.287775501 6.323333342 0.061782164 -0.715815224 -0.006921449 0.695516803 0.011023262 0.448353045 0.104788914
995.100000000 -0.472942312 -0.250953995 6.345852755 0.063055399 -0.715373696 -0.006565402 0.695860178 0.049293114 0.460157342 0.191747528
995.200000000 -0.476218784 -0.197766913 6.347460474 0.063502944 -0.715717192 -0.005557045 0.695474943 0.034248826 0.462526065 0.190679166
995.300000000 -0.542368137 -0.155576006 6.370372933 0.064153164 -0.717832494 -0.002819973 0.693248101 -0.031430073 0.447756469 0.073304913
995.400000000 -0.520922539 -0.113987440 6.353445532 0.067704525 -0.719499557 -0.004388723 0.691170907 -0.065855352 0.370502103 0.007107036
995.500000000 -0.495975375 -0.067177945 6.342265964 0.071812218 -0.721271171 -0.008500749 0.688867650 -0.074302211 0.245039054 -0.033691885
995.600000000 -0.511163069 -0.058369519 6.341348457 0.056972703 -0.723111249 -0.023757705 0.687967880 -0.030149556 0.137209646 0.050515394
995.700000000 -0.523882907 -0.058241340 6.343356435 0.059928822 -0.724828289 -0.019053959 0.686053521 0.005870915 0.050209500 0.099285430
995.800000000 -0.535554199 -0.050383519 6.341411508 0.039928399 -0.723973420 -0.036879624 0.687683141 -0.008074679 0.027288480 0.025022005
995.900000000 -0.535978881 -0.051883664 6.347731716 0.043328606 -0.724361190 -0.034346838 0.687199965 0.002681936 0.021708849 -0.000895135
996.000000000 -0.521101010 -0.048008568 6.338746340 0.042824302 -0.724269983 -0.034756796 0.687307091 0.030998838 0.006283348 -0.013932637
996.100000000 -0.547902606 -0.053619642 6.359304292 0.044596588 -0.724279624 -0.033234684 0.687259505 0.033729784 0.013350005 -0.030626436
996.200000000 -0.536285487 -0.051265672 6.361480150 0.042998875 -0.724181941 -0.035145361 0.687369200 0.008829339 0.018450671 -0.049437526
996.300000000 -0.509688427 -0.043824701 6.351516857 0.043180919 -0.724160038 -0.035064181 0.687385009 -0.046289395 0.022520507 -0.092410401
996.400000000 -0.501215183 -0.041571190 6.338593973 0.043229111 -0.724138566 -0.035095041 0.687403025 -0.060781677 0.014659011 -0.072056739
996.500000000 -0.501215183 -0.041571190 6.338593973 0.043229111 -0.724138566 -0.035095041 0.687403025 -0.036430578 0.001099195 -0.027109826
996.600000000 -0.501215183 -0.041571190 6.338593973 0.043229111 -0.724138566 -0.035095041 0.687403025 -0.008525322 -0.002183337 -0.003074809
996.700000000 -0.501215183 -0.041571190 6.338593973 0.043229111 -0.724138566 -0.035095041 0.687403025 0.000000000 0.000000000 0.000000000
996.800000000 -0.501215183 -0.041571190 6.338593973 0.043229111 -0.724138566 -0.035095041 0.687403025 0.000000000 0.000000000 0.000000000
996.900000000 -0.501215183 -0.041571190 6.338593973 0.043229111 -0.724138566 -0.035095041 0.687403025 0.000000000 0.000000000 0.000000000
997.000000000 -0.501215183 -0.041571190 6.338593973 0.043229111 -0.724138566 -0.035095041 0.687403025 0.000000000 0.000000000 0.000000000
997.100000000 -0.501215183 -0.041571190 6.338593973 0.043229111 -0.724138566 -0.035095041 0.687403025 0.000000000 0.000000000 0.000000000
997.200000000 -0.501215183 -0.041571190 6.338593973 0.043229111 -0.724138566 -0.035095041 0.687403025 0.000000000 0.000000000 0.000000000
997.300000000 -0.501215183 -0.041571190 6.338593973 0.043229111 -0.724138566 -0.035095041 0.687403025 0.000000000 0.000000000 0.000000000
997.400000000 -0.501215183 -0.041571190 6.338593973 0.043229111 -0.724138566 -0.035095041 0.687403025 0.000000000 0.000000000 0.000000000
997.500000000 -0.501215183 -0.041571190 6.338593973 0.043229111 -0.724138566 -0.035095041 0.687403025 0.000000000 0.000000000 0.000000000
997.600000000 -0.501215183 -0.041571190 6.338593973 0.043229111 -0.724138566 -0.035095041 0.687403025 0.000000000 0.000000000 0.000000000
