956.700000000 0.000000000 0.000000000 0.000000000 0.000000000 0.000000000 0.000000000 1.000000000 0.000000000 0.000000000 0.000000000
956.800000000 0.000000000 0.000000000 0.000000000 0.000000000 0.000000000 0.000000000 1.000000000 0.000000000 0.000000000 0.000000000
956.900000000 0.000000000 0.000000000 0.000000000 0.000000000 0.000000000 0.000000000 1.000000000 0.000000000 0.000000000 0.000000000
957.000000000 0.000000000 0.000000000 0.000000000 0.000000000 0.000000000 0.000000000 1.000000000 0.000000000 0.000000000 0.000000000
957.100000000 0.000000000 0.000000000 0.000000000 0.000000000 0.000000000 0.000000000 1.000000000 0.000000000 0.000000000 0.000000000
957.200000000 0.000000000 0.000000000 0.000000000 0.000000000 0.000000000 0.000000000 1.000000000 0.000000000 0.000000000 0.000000000
957.300000000 0.000000000 0.000000000 0.000000000 0.000000000 0.000000000 0.000000000 1.000000000 0.000000000 0.000000000 0.000000000
957.400000000 0.000000000 0.000000000 0.000000000 0.000000000 0.000000000 0.000000000 1.000000000 0.000000000 0.000000000 0.000000000
957.500000000 0.000000000 0.000000000 0.000000000 0.000000000 0.000000000 0.000000000 1.000000000 0.000000000 0.000000000 0.000000000
957.600000000 0.000000000 0.000000000 0.000000000 0.000000000 0.000000000 0.000000000 1.000000000 0.000000000 0.000000000 0.000000000
957.700000000 0.000000000 0.000000000 0.000000000 0.000000000 0.000000000 0.000000000 1.000000000 0.000000000 0.000000000 0.000000000
957.800000000 0.000000000 0.000000000 0.000000000 0.000000000 0.000000000 0.000000000 1.000000000 0.000000000 0.000000000 0.000000000
957.900000000 0.000000000 0.000000000 0.000000000 0.000000000 0.000000000 0.000000000 1.000000000 0.000000000 0.000000000 0.000000000
958.000000000 0.000000000 0.000000000 0.000000000 0.000000000 0.000000000 0.000000000 1.000000000 0.000000000 0.000000000 0.000000000
958.100000000 0.000000000 0.000000000 0.000000000 0.000000000 0.000000000 0.000000000 1.000000000 0.000000000 0.000000000 0.000000000
958.200000000 0.000000000 0.000000000 0.000000000 0.000000000 0.000000000 0.000000000 1.000000000 -0.003437931 0.000750251 -0.005764318
958.300000000 0.000000000 0.000000000 0.000000000 0.000000000 0.000000000 0.000000000 1.000000000 0.004274319 -0.014079458 0.009378546
958.400000000 0.000000000 0.000000000 0.000000000 0.000000000 0.000000000 0.000000000 1.000000000 0.049923089 -0.040323863 0.120898362
958.500000000 -0.002317678 -0.001842451 -0.002705648 -0.000026707 0.000038552 0.000686797 0.999999763 0.144829599 -0.087879401 0.291064134
958.600000000 0.040712178 -0.022593373 0.095831495 0.000981799 -0.000040124 0.004732253 0.999988320 0.191898647 -0.126692045 0.329865777
958.700000000 0.047156920 -0.026458442 0.093929890 0.002014593 -0.000396660 0.014650081 0.999890574 0.178911046 -0.155792529 0.231883565
958.800000000 0.068265971 -0.048522214 0.110029887 -0.002759383 -0.003674530 0.046941746 0.998887059 0.137646990 -0.193886549 0.067427558
958.900000000 0.074270794 -0.066732422 0.100481322 -0.013632993 -0.006231035 0.070542128 0.997396172 0.126198160 -0.232978159 -0.001415414
959.000000000 0.093234980 -0.088234252 0.096682554 -0.000828893 -0.003869312 0.036936166 0.999309792 0.264550721 -0.267836495 0.168214408
959.100000000 0.128518213 -0.125322796 0.121926349 0.024126318 0.000447682 -0.010592395 0.999652700 0.375901295 -0.221052216 0.285665059
959.200000000 0.187285213 -0.148787768 0.189423565 0.044535525 0.003992850 -0.046364700 0.997923323 0.350322383 -0.137413776 0.233913941
959.300000000 0.210575756 -0.158881210 0.185268727 0.043652438 0.002749155 -0.055061569 0.997524501 0.253728849 -0.054382043 0.116618899
959.400000000 0.214595040 -0.167571281 0.171737096 0.038265481 0.001803953 -0.052935942 0.997862859 0.125512279 0.024220811 -0.013250084
959.500000000 0.235441576 -0.158329031 0.185707779 0.040802778 0.001871582 -0.049497735 0.997938678 0.085153693 0.069750890 0.058297308
959.600000000 0.224537488 -0.133841503 0.148826196 0.042262201 0.001114063 -0.047213844 0.997989739 0.053027342 0.092445158 0.094392925
959.700000000 0.251426791 -0.144494439 0.228383132 0.041634345 0.000483142 -0.042771724 0.998216874 0.037062195 0.052342848 0.155063747
959.800000000 0.239719948 -0.129092632 0.199666893 0.040932611 -0.000792751 -0.038627856 0.998414634 0.036802906 0.014597240 0.202093862
959.900000000 0.250204487 -0.146637208 0.251507900 0.043523583 -0.001105340 -0.036629182 0.998380077 0.152471866 -0.053634095 0.436193113
960.000000000 0.256771646 -0.142270422 0.263601816 0.043541827 -0.003061331 -0.031996740 0.998534399 0.310779769 -0.129155642 0.856989266
960.100000000 0.334101826 -0.207714841 0.434743403 0.044795664 -0.004709855 -0.028507717 0.998578227 0.378262795 -0.180002853 1.117329851
960.200000000 0.362156339 -0.224452004 0.572571998 0.046551246 -0.005879270 -0.026440229 0.998548612 0.343892232 -0.226420913 1.157953894
960.300000000 0.378178100 -0.256074448 0.670644082 0.047675444 -0.006404788 -0.023925190 0.998555765 0.166300600 -0.212536554 0.897933642
960.400000000 0.379866388 -0.288794835 0.709717626 0.043827712 -0.007336817 -0.020529300 0.998801207 0.031749884 -0.216893902 0.612608550
960.500000000 0.372610899 -0.309363053 0.765248213 0.043536637 -0.007722983 -0.018283478 0.998854660 -0.127147254 -0.168003411 0.308244226
960.600000000 0.360251739 -0.327125004 0.791024472 0.042698065 -0.008081126 -0.016885760 0.998912630 -0.329373496 -0.108982624 -0.053305399
960.700000000 0.311187808 -0.332561408 0.754431769 0.033581732 -0.007791658 -0.015546780 0.999284672 -0.422482703 -0.120714786 -0.284189285
960.800000000 0.228594458 -0.313135176 0.649704724 0.028350878 -0.008052041 -0.015366726 0.999447475 -0.402852031 -0.201055223 -0.288486781
960.900000000 0.218480995 -0.355148866 0.663225242 0.031508411 -0.007887984 -0.014165712 0.999371969 -0.265066664 -0.336360519 -0.104558773
961.000000000 0.205347718 -0.400577847 0.679747068 0.040423588 -0.007488193 -0.014102159 0.999055048 -0.101656812 -0.451769876 0.155014030
961.100000000 0.192163211 -0.451103146 0.690504999 0.045271930 -0.007436255 -0.012927819 0.998863367 -0.056667874 -0.493745187 0.226411599
961.200000000 0.186532501 -0.503201156 0.708628300 0.046832316 -0.007528080 -0.013594629 0.998781882 -0.014224390 -0.518715748 0.271909803
961.300000000 0.187530777 -0.559485685 0.729098310 0.047606437 -0.007451147 -0.014303670 0.998735957 -0.003509151 -0.533429170 0.264627428
961.400000000 0.189556225 -0.615996238 0.764317788 0.046868396 -0.007745611 -0.014491470 0.998765917 0.004877838 -0.544771094 0.221368448
961.500000000 0.181990387 -0.670527008 0.766466184 0.047544784 -0.007908331 -0.015282348 0.998720883 -0.002405478 -0.561233587 0.137398381
961.600000000 0.186926373 -0.730709569 0.782764216 0.048262336 -0.007715869 -0.015181458 0.998689509 -0.040733273 -0.592930469 -0.021266411
961.700000000 0.181973085 -0.786938466 0.769120244 0.048765014 -0.007845859 -0.014638433 0.998672185 -0.079622931 -0.631601177 -0.152727011
961.800000000 0.161745220 -0.850271012 0.719221413 0.048485944 -0.007530459 -0.016417268 0.998660542 -0.107061995 -0.657205946 -0.248886002
961.900000000 0.150436069 -0.918583936 0.694757006 0.047707198 -0.007295905 -0.017477634 0.998681794 -0.060493467 -0.639058476 -0.169785927
962.000000000 0.142916789 -0.975725176 0.668293204 0.045440893 -0.007421563 -0.018619494 0.998765919 -0.002686521 -0.602523201 -0.057505702
962.100000000 0.153685309 -1.030580111 0.683204794 0.043524714 -0.007247011 -0.019092090 0.998843617 0.032089545 -0.547843720 0.070413966
962.200000000 0.147518614 -1.095482860 0.662844807 0.042115424 -0.006955323 -0.021627921 0.998854418 0.045257224 -0.512762906 0.124294737
962.300000000 0.148186788 -1.135177889 0.702315340 0.042574561 -0.007061454 -0.020637233 0.998855168 0.054229911 -0.496452549 0.108608202
962.400000000 0.147761765 -1.186884576 0.693177821 0.043574713 -0.006636321 -0.021624573 0.998794064 0.083980525 -0.500640097 0.091726084
962.500000000 0.165850942 -1.238796598 0.702082245 0.042130732 -0.006252629 -0.020846619 0.998875029 0.152690175 -0.534719436 0.054732721
962.600000000 0.160166010 -1.298923154 0.674467533 0.041485667 -0.005919213 -0.021684245 0.998886228 0.147320439 -0.566006173 -0.010255448
962.700000000 0.207535258 -1.353127661 0.705581229 0.039872648 -0.005843787 -0.020668886 0.998973883 0.098151041 -0.568043813 -0.100953564
962.800000000 0.197955049 -1.415784170 0.670454063 0.039052177 -0.005433316 -0.021731978 0.998986050 0.054281899 -0.534068469 -0.138101595
962.900000000 0.194638235 -1.458116778 0.641299927 0.038636908 -0.005135558 -0.020858647 0.999022388 -0.002579864 -0.485103088 -0.148494012
963.000000000 0.192519236 -1.504633648 0.631713704 0.039464937 -0.004484570 -0.022422728 0.998959273 0.018202656 -0.433753236 -0.096404038
963.100000000 0.195193079 -1.543986160 0.634859236 0.039886380 -0.004235094 -0.023279514 0.998924024 -0.057807067 -0.511055518 -0.250474355
963.200000000 0.194155616 -1.581600255 0.614272570 0.039754818 -0.004335852 -0.022775958 0.998940444 -0.129343667 -0.606061596 -0.399053073
963.300000000 0.120498352 -1.688167988 0.442733245 0.039394417 -0.004403253 -0.023420404 0.998939526 -0.204246541 -0.730607678 -0.547144436
963.400000000 0.147240832 -1.726664801 0.481601375 0.039386358 -0.004282045 -0.023348292 0.998942058 -0.211323935 -0.743314074 -0.520291665
963.500000000 0.107200345 -1.812071900 0.389261746 0.036669057 -0.004282170 -0.022549818 0.999063836 -0.112873408 -0.639194468 -0.200282086
963.600000000 0.097975074 -1.853227868 0.381114615 0.006874719 -0.003055423 -0.024593496 0.999669227 -0.033706002 -0.506708299 0.016867484
963.700000000 0.102984827 -1.919637536 0.449333918 -0.001927353 -0.003013428 -0.025366758 0.999671812 0.042425129 -0.347044009 0.215665790
963.800000000 0.109704989 -1.931185133 0.453079672 0.011035581 -0.003470037 -0.026614493 0.999578833 0.043715861 -0.224608177 0.248654621
963.900000000 0.111903216 -1.943216229 0.467902930 0.027238842 -0.002696551 -0.026589818 0.999271613 0.002649107 -0.119523602 0.080004000
964.000000000 0.115092629 -1.950087509 0.493566240 0.036494979 -0.001452990 -0.024340592 0.999036306 -0.034141322 -0.062967225 0.011518341
964.100000000 0.099283298 -1.958117920 0.455245033 0.038382609 -0.000769658 -0.024151465 0.998970915 -0.044503028 -0.020188486 -0.009715554
964.200000000 0.096771991 -1.949994636 0.472933294 0.038564734 -0.000668167 -0.024379793 0.998958428 -0.035501848 0.005084751 -0.011225004
964.300000000 0.096771991 -1.949994636 0.472933294 0.038564734 -0.000668167 -0.024379793 0.998958428 -0.015551473 0.023120591 0.043213931
964.400000000 0.096771991 -1.949994636 0.472933294 0.038564734 -0.000668167 -0.024379793 0.998958428 -0.002536297 0.008121124 0.014811936
964.500000000 0.096771991 -1.949994636 0.472933294 0.038564734 -0.000668167 -0.024379793 0.998958428 -0.000000000 0.000000000 -0.000000000
964.600000000 0.096771991 -1.949994636 0.472933294 0.038564734 -0.000668167 -0.024379793 0.998958428 -0.000000000 0.000000000 -0.000000000
964.700000000 0.096771991 -1.949994636 0.472933294 0.038564734 -0.000668167 -0.024379793 0.998958428 -0.025526097 0.010397606 -0.017675762
964.800000000 0.096771991 -1.949994636 0.472933294 0.038564734 -0.000668167 -0.024379793 0.998958428 -0.038311007 0.017700420 -0.023722171
964.900000000 0.084088708 -1.942537902 0.465687797 0.038302444 -0.000708700 -0.024013300 0.998977368 -0.036904541 0.021571010 -0.025228428
965.000000000 0.084088708 -1.942537902 0.465687797 0.038302444 -0.000708700 -0.024013300 0.998977368 -0.019082631 0.028205000 -0.029544583
965.100000000 0.084088708 -1.942537902 0.465687797 0.038302444 -0.000708700 -0.024013300 0.998977368 0.008549591 0.021766057 -0.019387513
965.200000000 0.086851638 -1.935439596 0.458478542 0.038121839 -0.000752234 -0.023891712 0.998987160 0.006754976 0.018545989 -0.021573646
965.300000000 0.086851638 -1.935439596 0.458478542 0.038121839 -0.000752234 -0.023891712 0.998987160 0.003778805 0.010374823 -0.012068525
965.400000000 0.086851638 -1.935439596 0.458478542 0.038121839 -0.000752234 -0.023891712 0.998987160 0.000000000 -0.000000000 -0.000000000
965.500000000 0.086851638 -1.935439596 0.458478542 0.038121839 -0.000752234 -0.023891712 0.998987160 0.000000000 -0.000000000 -0.000000000
965.600000000 0.086851638 -1.935439596 0.458478542 0.038121839 -0.000752234 -0.023891712 0.998987160 0.000000000 -0.000000000 -0.000000000
965.700000000 0.086851638 -1.935439596 0.458478542 0.038121839 -0.000752234 -0.023891712 0.998987160 0.000000000 -0.000000000 -0.000000000
965.800000000 0.086851638 -1.935439596 0.458478542 0.038121839 -0.000752234 -0.023891712 0.998987160 0.000000000 -0.000000000 -0.000000000
965.900000000 0.086851638 -1.935439596 0.458478542 0.038121839 -0.000752234 -0.023891712 0.998987160 0.000000000 -0.000000000 -0.000000000
966.000000000 0.086851638 -1.935439596 0.458478542 0.038121839 -0.000752234 -0.023891712 0.998987160 0.000000000 -0.000000000 -0.000000000
966.100000000 0.086851638 -1.935439596 0.458478542 0.038121839 -0.000752234 -0.023891712 0.998987160 0.000000000 -0.000000000 -0.000000000
966.200000000 0.086851638 -1.935439596 0.458478542 0.038121839 -0.000752234 -0.023891712 0.998987160 0.000000000 -0.000000000 -0.000000000
966.300000000 0.086851638 -1.935439596 0.458478542 0.038121839 -0.000752234 -0.023891712 0.998987160 0.000000000 -0.000000000 -0.000000000
966.400000000 0.086851638 -1.935439596 0.458478542 0.038121839 -0.000752234 -0.023891712 0.998987160 0.016643231 0.000355270 0.010453899
966.500000000 0.086851638 -1.935439596 0.458478542 0.038121839 -0.000752234 -0.023891712 0.998987160 0.133320853 -0.024185946 0.097739543
966.600000000 0.086851638 -1.935439596 0.458478542 0.038121839 -0.000752234 -0.023891712 0.998987160 0.187178252 -0.036598640 0.137718970
966.700000000 0.148742352 -1.954366972 0.503519997 0.037306274 -0.000530198 -0.023538102 0.999026485 0.177672717 -0.036768684 0.131149322
966.800000000 0.148742352 -1.954366972 0.503519997 0.037306274 -0.000530198 -0.023538102 0.999026485 0.105157951 -0.023913121 0.078103380
966.900000000 0.148742352 -1.954366972 0.503519997 0.037306274 -0.000530198 -0.023538102 0.999026485 -0.000000000 -0.000000000 0.000000000
967.000000000 0.148742352 -1.954366972 0.503519997 0.037306274 -0.000530198 -0.023538102 0.999026485 -0.000000000 -0.000000000 0.000000000
967.100000000 0.148742352 -1.954366972 0.503519997 0.037306274 -0.000530198 -0.023538102 0.999026485 -0.000000000 -0.000000000 0.000000000
967.200000000 0.148742352 -1.954366972 0.503519997 0.037306274 -0.000530198 -0.023538102 0.999026485 -0.000000000 -0.000000000 0.000000000
967.300000000 0.148742352 -1.954366972 0.503519997 0.037306274 -0.000530198 -0.023538102 0.999026485 -0.000000000 -0.000000000 0.000000000
967.400000000 0.148742352 -1.954366972 0.503519997 0.037306274 -0.000530198 -0.023538102 0.999026485 -0.000000000 -0.000000000 0.000000000
967.500000000 0.148742352 -1.954366972 0.503519997 0.037306274 -0.000530198 -0.023538102 0.999026485 -0.000000000 -0.000000000 0.000000000
967.600000000 0.148742352 -1.954366972 0.503519997 0.037306274 -0.000530198 -0.023538102 0.999026485 -0.000000000 -0.000000000 0.000000000
967.700000000 0.148742352 -1.954366972 0.503519997 0.037306274 -0.000530198 -0.023538102 0.999026485 -0.000000000 -0.000000000 0.000000000
967.800000000 0.148742352 -1.954366972 0.503519997 0.037306274 -0.000530198 -0.023538102 0.999026485 -0.000000000 -0.000000000 0.000000000
967.900000000 0.148742352 -1.954366972 0.503519997 0.037306274 -0.000530198 -0.023538102 0.999026485 -0.000000000 -0.000000000 0.000000000
968.000000000 0.148742352 -1.954366972 0.503519997 0.037306274 -0.000530198 -0.023538102 0.999026485 -0.000000000 -0.000000000 0.000000000
968.100000000 0.148742352 -1.954366972 0.503519997 0.037306274 -0.000530198 -0.023538102 0.999026485 -0.000000000 -0.000000000 0.000000000
968.200000000 0.148742352 -1.954366972 0.503519997 0.037306274 -0.000530198 -0.023538102 0.999026485 -0.000000000 -0.000000000 0.000000000
968.300000000 0.148742352 -1.954366972 0.503519997 0.037306274 -0.000530198 -0.023538102 0.999026485 -0.000000000 -0.000000000 0.000000000
968.400000000 0.148742352 -1.954366972 0.503519997 0.037306274 -0.000530198 -0.023538102 0.999026485 -0.000000000 -0.000000000 0.000000000
968.500000000 0.148742352 -1.954366972 0.503519997 0.037306274 -0.000530198 -0.023538102 0.999026485 -0.000000000 -0.000000000 0.000000000
968.600000000 0.148742352 -1.954366972 0.503519997 0.037306274 -0.000530198 -0.023538102 0.999026485 -0.000000000 -0.000000000 0.000000000
968.700000000 0.148742352 -1.954366972 0.503519997 0.037306274 -0.000530198 -0.023538102 0.999026485 -0.000000000 -0.000000000 0.000000000
968.800000000 0.148742352 -1.954366972 0.503519997 0.037306274 -0.000530198 -0.023538102 0.999026485 -0.000000000 -0.000000000 0.000000000
968.900000000 0.148742352 -1.954366972 0.503519997 0.037306274 -0.000530198 -0.023538102 0.999026485 -0.000000000 -0.000000000 0.000000000
969.000000000 0.148742352 -1.954366972 0.503519997 0.037306274 -0.000530198 -0.023538102 0.999026485 -0.000000000 -0.000000000 0.000000000
969.100000000 0.148742352 -1.954366972 0.503519997 0.037306274 -0.000530198 -0.023538102 0.999026485 -0.000000000 -0.000000000 0.000000000
969.200000000 0.148742352 -1.954366972 0.503519997 0.037306274 -0.000530198 -0.023538102 0.999026485 -0.000000000 -0.000000000 0.000000000
969.300000000 0.148742352 -1.954366972 0.503519997 0.037306274 -0.000530198 -0.023538102 0.999026485 -0.000940511 -0.004234749 -0.002039906
969.400000000 0.148742352 -1.954366972 0.503519997 0.037306274 -0.000530198 -0.023538102 0.999026485 -0.013881534 0.004324225 0.004698376
969.500000000 0.148478501 -1.955824520 0.501039885 0.036148538 -0.001596816 -0.017895346 0.999184913 -0.044663540 0.031317516 0.023008927
969.600000000 0.142089096 -1.952208529 0.505770262 -0.018842608 -0.001793223 -0.033618912 0.999255477 -0.094695622 0.083627271 0.093405460
969.700000000 0.128211484 -1.939180231 0.516271112 -0.053149222 -0.011309866 -0.116417790 0.991712733 -0.197658928 0.097682919 0.222488117
969.800000000 0.113585728 -1.914623974 0.540909422 -0.038940890 -0.032842175 -0.176404706 0.982998666 -0.367736295 0.079783924 0.312995477
969.900000000 0.078209544 -1.890110275 0.591105981 -0.017358724 -0.059873056 -0.212236412 0.975227972 -0.607177217 0.031573521 0.405353228
970.000000000 0.000246136 -1.857440246 0.603013257 -0.008889470 -0.089453768 -0.236794352 0.967392080 -0.903735323 -0.059901894 0.551187002
970.100000000 -0.101294398 -1.814520202 0.633502191 -0.012090114 -0.116906761 -0.254815675 0.959820613 -1.201600561 -0.164340099 0.733900722
970.200000000 -0.250841218 -1.755101680 0.713080968 -0.019475651 -0.146058031 -0.267585482 0.952200483 -1.468016127 -0.285364300 0.915409786
970.300000000 -0.423963575 -1.694890365 0.746031974 -0.028173702 -0.178914804 -0.277833365 0.943400422 -1.723897468 -0.440890090 1.129638829
970.400000000 -0.630027560 -1.624760971 0.780691341 -0.035730830 -0.209747969 -0.284036851 0.934907570 -1.969998178 -0.598186318 1.306117636
970.500000000 -0.884892361 -1.542761747 0.822012782 -0.044530602 -0.241346200 -0.286194903 0.926208138 -2.185913295 -0.758337771 1.552625818
970.600000000 -1.183722187 -1.449224185 0.834858718 -0.053466273 -0.275832841 -0.285815268 0.916169872 -2.349722934 -0.921155003 1.924836947
970.700000000 -1.482560656 -1.364307136 0.870674762 -0.061430759 -0.307174426 -0.283745546 0.906288364 -2.486375450 -1.087487230 2.259033619
970.800000000 -1.856901996 -1.261664856 0.908978715 -0.069731503 -0.338297002 -0.277861763 0.896373525 -2.592620969 -1.234473324 2.663902845
970.900000000 -2.257463291 -1.165751470 0.926590157 -0.079112524 -0.370770294 -0.270598546 0.884899443 -2.662077888 -1.376223790 3.094345496
971.000000000 -2.679755333 -1.062930201 0.948455461 -0.087443371 -0.398834968 -0.263679256 0.873932248 -2.720765430 -1.529349110 3.495971563
971.100000000 -3.150035229 -0.954601526 0.977992832 -0.095192074 -0.425904447 -0.258036128 0.861951987 -2.710898133 -1.684859967 3.901806652
971.200000000 -3.704074349 -0.844834491 0.993262921 -0.098527597 -0.454839182 -0.247420044 0.849821718 -2.602274017 -1.753315709 4.267412488
971.300000000 -4.215464336 -0.747943560 1.010006867 -0.100564463 -0.479763760 -0.241448531 0.837505899 -2.483824359 -1.883066746 4.674597364
971.400000000 -4.748806630 -0.653972090 1.023318521 -0.100568520 -0.504286505 -0.234941104 0.824853788 -2.319205497 -2.021329072 5.116006741
971.500000000 -5.413754884 -0.548473035 1.059008619 -0.094912736 -0.531676407 -0.220673330 0.812166887 -2.097128917 -2.023925912 5.507471952
971.600000000 -6.054024385 -0.465487033 1.091080924 -0.086885167 -0.555904426 -0.208301822 0.800019742 -1.884487187 -1.991872055 5.761312333
971.700000000 -6.640359396 -0.397369239 1.097225808 -0.081797727 -0.578304820 -0.198722199 0.787008358 -1.642607859 -1.954116340 5.873311207
971.800000000 -7.319477275 -0.328231204 1.097217363 -0.077721255 -0.601260368 -0.190487717 0.772113856 -1.391123562 -1.917195371 5.975841145
971.900000000 -7.949509126 -0.272452252 1.101224850 -0.074881513 -0.621433390 -0.185183054 0.757575434 -1.161730146 -1.928660958 6.113053075
972.000000000 -8.579019431 -0.225054063 1.095600138 -0.070291507 -0.642224406 -0.179332774 0.741920934 -0.909432504 -1.918570631 6.248588293
972.100000000 -9.279195577 -0.177468178 1.081118178 -0.064551936 -0.665410444 -0.170615454 0.723845533 -0.629422561 -1.871207358 6.406572639
972.200000000 -9.957291979 -0.137450859 1.056016992 -0.060722495 -0.685855808 -0.163256764 0.706584615 -0.343989646 -1.810857533 6.380808498
972.300000000 -10.611541496 -0.108429478 1.027020138 -0.057119527 -0.705991296 -0.156664630 0.688309410 -0.051379365 -1.767888364 6.262737546
972.400000000 -11.238732433 -0.097640265 0.990137948 -0.053063701 -0.726913796 -0.149043991 0.668256287 0.262194837 -1.688233633 6.029547401
972.500000000 -11.857073092 -0.093341727 0.952260532 -0.045401136 -0.746111701 -0.140666702 0.649206397 0.493803579 -1.536187169 5.758332259
972.600000000 -12.407114956 -0.106850653 0.921395106 -0.036621501 -0.765532855 -0.134525722 0.628109182 0.710777658 -1.411573317 5.651032107
972.700000000 -12.997006205 -0.095555688 0.857863592 -0.027283428 -0.786223135 -0.127212535 0.604090861 0.823354851 -1.271475291 5.865685530
972.800000000 -13.553893179 -0.110656850 0.794979027 -0.019859989 -0.803733557 -0.121078887 0.582200871 1.067657374 -1.157446952 5.756785785
972.900000000 -14.281543809 -0.068454656 0.599950236 -0.010459287 -0.821407559 -0.113300515 0.558876747 1.377643609 -1.007525614 5.299895496
973.000000000 -14.762631369 -0.106805426 0.594692089 0.006842575 -0.840458714 -0.099160288 0.532681488 1.594662281 -0.744568511 4.480063393
973.100000000 -15.156139618 -0.138317512 0.564998166 0.023669109 -0.856087711 -0.086790752 0.508941028 1.706166456 -0.568917815 3.633966490
973.200000000 -15.522371108 -0.170655777 0.524733774 -0.038889291 0.871340703 0.077054646 -0.483027518 1.740605613 -0.407440308 3.395681993
973.300000000 -15.930756930 -0.205786099 0.483252075 -0.050733821 0.887163261 0.074142543 -0.452626016 1.829353293 -0.320741448 3.161808307
973.400000000 -16.271359213 -0.230891671 0.439613838 -0.058757475 0.900278115 0.074877288 -0.424782610 1.920564077 -0.279245269 2.888648040
973.500000000 -16.607266699 -0.277096433 0.384016549 -0.066024005 0.912842002 0.075388416 -0.395824325 1.997240597 -0.237197336 2.723472532
973.600000000 -16.906909390 -0.316888507 0.365356283 -0.074312478 0.925341016 0.075652570 -0.364003227 2.122484295 -0.168065478 2.597835484
973.700000000 -17.256204446 -0.346633114 0.289510606 -0.084431928 0.934987120 0.076162152 -0.335960803 2.237638327 -0.051767459 2.616841361
973.800000000 -17.567809089 -0.371323777 0.239283862 -0.096981997 0.943851196 0.074159122 -0.306985077 2.253468441 0.061288420 2.580505595
973.900000000 -17.983728567 -0.377772111 0.114763007 -0.110421939 0.952705645 0.070581853 -0.274184523 2.167167503 0.161201951 2.365767846
974.000000000 -18.237046495 -0.398889946 0.025800659 -0.121756992 0.959609795 0.068683451 -0.244145160 1.958820053 0.213283369 2.145727449
974.100000000 -18.478237371 -0.429671171 -0.036799598 -0.133967470 0.965668239 0.067556470 -0.212070019 1.685978133 0.231576626 1.822244103
974.200000000 -18.698014717 -0.438416666 -0.157583698 -0.147314728 0.971104346 0.065900113 -0.175817791 1.426997452 0.258484870 1.564289458
974.300000000 -18.856331165 -0.444176884 -0.227566581 -0.158025561 0.974915060 0.065295729 -0.142495672 1.118702677 0.233727456 1.322014094
974.400000000 -18.986657767 -0.444793355 -0.327092814 -0.168492544 0.977535518 0.065926908 -0.108112052 0.811733211 0.189311625 1.134196485
974.500000000 -19.076832288 -0.443191275 -0.421092219 -0.177072272 0.979288362 0.068322490 -0.070510654 0.480714906 0.122626103 0.993585352
974.600000000 -19.114756753 -0.437083951 -0.508172805 -0.183989122 0.979650000 0.071440132 -0.036471756 0.123954995 0.044927640 0.880518171
974.700000000 -19.113124116 -0.422440786 -0.588569035 -0.189843751 0.978964214 0.074731057 -0.001920095 -0.245392743 -0.038802442 0.831234081
974.800000000 -19.066784214 -0.396582796 -0.678214471 -0.195189671 0.976950570 0.078862707 0.035344715 -0.619986088 -0.124995619 0.865654966
974.900000000 -18.981035961 -0.373376228 -0.742382746 -0.200679145 0.973714253 0.082820016 0.068915018 -0.991167231 -0.248670015 0.943815265
975.000000000 -18.852818620 -0.324684109 -0.838866028 -0.203781442 0.969735056 0.086110903 0.103305168 -1.332254638 -0.385186852 1.060973028
975.100000000 -18.662041256 -0.291029413 -0.905368561 -0.203717037 0.964666889 0.089910506 0.140830619 -1.636688342 -0.520014130 1.243258977
975.200000000 -18.461523502 -0.247427985 -0.972718307 -0.201630202 0.959180632 0.093279886 0.174976114 -1.927627290 -0.656707492 1.458308994
975.300000000 -18.200316207 -0.198838043 -1.051985143 -0.199019057 0.952243094 0.098496267 0.209578126 -2.172768180 -0.785995678 1.769369334
975.400000000 -17.899953320 -0.146221191 -1.104920408 -0.195368832 0.943386710 0.106056071 0.246180108 -2.344573796 -0.928687398 2.133574244
975.500000000 -17.553737910 -0.089461335 -1.190037503 -0.191068822 0.934335775 0.114114742 0.278365210 -2.340554534 -0.972318024 2.186155417
975.600000000 -17.195848006 -0.035579167 -1.263571325 -0.186845269 0.924040794 0.122334693 0.310276778 -2.258616372 -0.963664119 2.111094274
975.700000000 -16.914177742 0.002545088 -1.253196428 -0.179675594 0.912527578 0.129208252 0.343969952 -2.258062559 -0.961662184 2.032849192
975.800000000 -16.607125534 0.040299487 -1.253411458 -0.174921567 0.900885326 0.135552614 0.373408040 -2.402048833 -1.077567130 2.198116691
975.900000000 -16.260033067 0.071991630 -1.233521103 -0.168934059 0.888548419 0.142971478 0.401873297 -2.634027752 -1.368070176 2.904969002
976.000000000 -15.790856065 0.113853487 -1.227810645 -0.163788756 0.874439438 0.148742126 0.431746097 -2.719990631 -1.649541062 3.602372799
976.100000000 -15.245960008 0.161744467 -1.268697898 -0.155090981 0.862503984 0.150161930 0.457695380 -2.692325365 -1.852582152 4.247688112
976.200000000 -14.737196519 0.189902039 -1.287531166 -0.140226802 0.851769715 0.148461153 0.482477028 -2.602205563 -1.925683323 4.746781618
976.300000000 -14.097286424 0.219810808 -1.319626812 -0.128418591 0.838931367 0.145629309 0.508423968 -2.402844583 -1.948309094 5.052580922
976.400000000 -13.508333945 0.245108133 -1.352357580 -0.120608254 0.826033991 0.140619279 0.532304154 -2.149667669 -1.982347868 5.308773213
976.500000000 -12.921245292 0.254443421 -1.382021624 -0.110349926 0.812686473 0.134062281 0.556229175 -1.881610306 -1.936274043 5.389676087
976.600000000 -12.290137815 0.256282368 -1.421784279 -0.104872042 0.796044553 0.129715011 0.581798023 -1.601344266 -1.975453822 5.522375434
976.700000000 -11.708106432 0.251393070 -1.428106209 -0.101003313 0.780159025 0.127288565 0.604109136 -1.400485660 -2.038904211 5.653553920
976.800000000 -11.078722926 0.235582974 -1.452289892 -0.092484215 0.764132644 0.122090209 0.626611485 -1.197121338 -2.038242688 5.856407232
976.900000000 -10.399461770 0.210493843 -1.446449368 -0.079876489 0.747034861 0.114061408 0.650037428 -0.954835869 -1.971097876 6.033107075
977.000000000 -9.762722827 0.181915923 -1.447272327 -0.070426815 0.730702548 0.105751820 0.670768517 -0.745187526 -1.913815442 6.078044375
977.100000000 -9.171557100 0.140599560 -1.414227969 -0.061934393 0.714257380 0.095301228 0.690592645 -0.458783555 -1.792748278 5.922682706
977.200000000 -8.499587503 0.083064061 -1.374475315 -0.049429662 0.696330393 0.083473199 0.711134950 -0.170575431 -1.597438226 5.638761765
977.300000000 -8.035389402 0.036961449 -1.368476867 -0.036828324 0.679538406 0.071154805 0.729251824 0.060762409 -1.431977535 5.455317202
977.400000000 -7.462697402 -0.024210021 -1.338711686 -0.028350982 0.661741196 0.056428964 0.747067991 0.320346523 -1.276487578 5.289846682
977.500000000 -6.847527075 -0.103051957 -1.291887370 -0.020925803 0.639966433 0.045202325 0.766786688 0.617362962 -1.144610051 5.146553377
977.600000000 -6.361420043 -0.171467746 -1.271978888 -0.013724982 0.618884205 0.034196643 0.784617458 0.875854932 -1.007226340 4.854866437
977.700000000 -5.935228020 -0.218403225 -1.256711764 -0.007943162 0.596703315 0.022406890 0.802109713 1.102181895 -0.904695418 4.592089777
977.800000000 -5.442918929 -0.297848981 -1.229396348 0.000313578 0.571056138 0.011436883 0.820831278 1.381793737 -0.823216967 4.468020636
977.900000000 -4.957078689 -0.387164447 -1.187797513 0.005591926 0.548521525 0.003801210 0.836109095 1.627983263 -0.774846753 4.398834053
978.000000000 -4.508592543 -0.453996405 -1.174173993 0.008131975 0.525867222 -0.000452004 0.850527678 1.814436988 -0.737585522 4.193632561
978.100000000 -4.027096216 -0.534921981 -1.150124055 0.015513702 0.501633854 -0.011142556 0.864869149 1.931561853 -0.635141192 3.886038029
978.200000000 -3.642829014 -0.612996030 -1.127682229 0.026611415 0.479277751 -0.028032668 0.876811747 1.961650836 -0.508953401 3.628970770
978.300000000 -3.260489349 -0.690666452 -1.095782629 0.035083313 0.455280083 -0.045112512 0.888512278 2.015387176 -0.393705522 3.374983669
978.400000000 -2.865128873 -0.783915567 -1.063605306 0.037609631 0.427549812 -0.059917654 0.901219479 2.115073094 -0.307970494 3.151679613
978.500000000 -2.481875741 -0.873174547 -1.014590525 0.039654156 0.401678764 -0.076013145 0.911758587 2.187958397 -0.200672182 2.954843837
978.600000000 -2.172723604 -0.946890457 -0.992329989 0.045559704 0.373973965 -0.095252496 0.921409111 2.225187932 -0.069281607 2.761010161
978.700000000 -1.810731955 -1.033538906 -0.946134872 0.049717099 0.341964035 -0.113691640 0.931484310 2.219953468 0.027233025 2.528560121
978.800000000 -1.512753263 -1.106761380 -0.888723661 0.048473012 0.312806782 -0.130474171 0.939563077 2.149548823 0.079363882 2.286183915
978.900000000 -1.237587794 -1.183018307 -0.835095632 0.045942433 0.283020715 -0.148220289 0.946477318 2.018692081 0.121821797 2.024993281
979.000000000 -0.957510712 -1.266658289 -0.775214005 0.044013634 0.250843977 -0.167055300 0.952487599 1.843214102 0.177215699 1.761211841
979.100000000 -0.743412760 -1.323220807 -0.704288109 0.042386792 0.220798384 -0.183242005 0.957012957 1.622468778 0.211631289 1.551882656
979.200000000 -0.559187593 -1.375989630 -0.639483716 0.041918696 0.187343123 -0.197468146 0.961328096 1.369577850 0.226121088 1.340067418
979.300000000 -0.399102222 -1.426186197 -0.555969016 0.039691759 0.150647414 -0.210097874 0.965188481 1.089954672 0.201408266 1.127374436
979.400000000 -0.290883408 -1.458569251 -0.493874676 0.036510745 0.117526000 -0.221190841 0.967434348 0.775336486 0.158178907 0.971591298
979.500000000 -0.218528292 -1.485579370 -0.416520969 0.033390200 0.083027697 -0.230975512 0.968835285 0.434257466 0.113465590 0.875516484
979.600000000 -0.176011604 -1.496569775 -0.328106967 0.027499455 0.045370070 -0.239994002 0.969323587 0.093955034 0.049036085 0.830420653
979.700000000 -0.183320768 -1.494118025 -0.245610464 0.020906979 0.011255336 -0.248573576 0.968321947 -0.246824079 -0.021932511 0.827142440
979.800000000 -0.226573335 -1.484770248 -0.160517677 0.014224487 -0.023671219 -0.256105793 0.966254190 -0.575189001 -0.105315483 0.861957386
979.900000000 -0.311003557 -1.455137336 -0.067955383 0.005753585 -0.061563162 -0.260716412 0.963433353 -0.859599321 -0.192929573 0.868863822
980.000000000 -0.410971432 -1.424413704 0.003087860 -0.002871386 -0.095246366 -0.265229675 0.959465009 -1.172814613 -0.299935534 0.948726186
980.100000000 -0.553201575 -1.382748811 0.049392512 -0.012340306 -0.129006897 -0.270575758 0.953935897 -1.479308896 -0.432786796 1.098096801
980.200000000 -0.774391586 -1.322521722 0.121309710 -0.021184380 -0.165477612 -0.271585888 0.947844654 -1.725300495 -0.534844620 1.238696617
980.300000000 -1.009226429 -1.258107211 0.213508940 -0.028468598 -0.197630978 -0.273255895 0.940990304 -1.981422629 -0.682004538 1.541979103
980.400000000 -1.221657209 -1.190579888 0.229390245 -0.035635079 -0.229958427 -0.275150989 0.932813591 -2.121268469 -0.804120413 1.743061398
980.500000000 -1.563271151 -1.111513476 0.313515231 -0.044433023 -0.263781346 -0.272912448 0.924101674 -2.228466786 -0.909464898 1.954600375
980.600000000 -1.823485160 -1.043063226 0.328026366 -0.054808021 -0.293326861 -0.271727470 0.914942411 -2.348249095 -1.038538999 2.227680397
980.700000000 -2.163770020 -0.962737931 0.369655843 -0.065494549 -0.322546107 -0.271016022 0.904557786 -2.458674168 -1.172518623 2.493090827
980.800000000 -2.565101737 -0.868067458 0.406787195 -0.071516518 -0.354601038 -0.265945716 0.893541475 -2.568941646 -1.322448670 2.973855256
980.900000000 -2.987933252 -0.779270790 0.450667192 -0.075468879 -0.382768514 -0.256340984 0.884354009 -2.658203320 -1.444877168 3.442976279
981.000000000 -3.465712168 -0.675614866 0.494220845 -0.079554234 -0.409937970 -0.247158836 0.874376632 -2.703694816 -1.577160139 3.926883082
981.100000000 -3.993120568 -0.579509741 0.533266262 -0.082526414 -0.438349256 -0.242247867 0.861600425 -2.640350918 -1.707949324 4.355043982
981.200000000 -4.544336039 -0.481767348 0.581486502 -0.083816874 -0.463452244 -0.236889926 0.849746969 -2.522431337 -1.801052151 4.695843550
981.300000000 -5.083998535 -0.391546169 0.610158670 -0.084373594 -0.488550133 -0.231671377 0.836975649 -2.344467802 -1.875112313 5.030230401
981.400000000 -5.712666892 -0.297728129 0.659011549 -0.085907509 -0.514832181 -0.228714787 0.821740392 -2.139712030 -1.984075768 5.348646272
981.500000000 -6.300081759 -0.213841147 0.696988991 -0.087472479 -0.537732042 -0.226943532 0.807272847 -1.929920951 -2.125609491 5.647129208
981.600000000 -6.925377250 -0.131403097 0.716316275 -0.086641409 -0.561075863 -0.219297190 0.793470784 -1.734289944 -2.170989964 5.848231800
981.700000000 -7.619987997 -0.061795473 0.738209372 -0.082530129 -0.585586652 -0.208009867 0.779107788 -1.504126646 -2.108198048 5.951194314
981.800000000 -8.251538532 -0.002454323 0.745455784 -0.077596861 -0.607013686 -0.197799232 0.765760129 -1.275559999 -2.035277458 5.966779675
981.900000000 -8.851023676 0.050220312 0.735029997 -0.071465718 -0.628613385 -0.188283902 0.751190412 -1.040348302 -1.979142304 6.058388117
982.000000000 -9.525747861 0.093011923 0.724983780 -0.064021540 -0.652314697 -0.177511710 0.734081992 -0.711643728 -1.871820661 6.112401301
982.100000000 -10.167181244 0.120863427 0.710372748 -0.058826386 -0.672935918 -0.170091764 0.717471601 -0.422799125 -1.802740447 6.114602238
982.200000000 -10.747185803 0.147399444 0.700754145 -0.055305876 -0.693311970 -0.162363244 0.699927103 -0.140804509 -1.735341259 6.118253990
982.300000000 -11.442390086 0.171699911 0.681332445 -0.050320793 -0.714506363 -0.153135132 0.680806953 0.192984482 -1.614852514 5.961887325
982.400000000 -12.074229158 0.186843049 0.643412153 -0.045834140 -0.732659543 -0.144626832 0.663469898 0.438375231 -1.529640012 5.799324948
982.500000000 -12.580101735 0.182802716 0.653269886 -0.040522309 -0.751818204 -0.136821217 0.643744736 0.620129927 -1.438152378 5.677317643
982.600000000 -13.234650576 0.184409937 0.579248642 -0.031750120 -0.772535081 -0.127750068 0.621177429 0.805588773 -1.285385325 5.556451900
982.700000000 -13.794819951 0.184221788 0.512150569 -0.022689155 -0.791008651 -0.118922666 0.599706525 1.016771860 -1.130343252 5.286170993
982.800000000 -14.318631337 0.171497554 0.452391943 -0.012223670 -0.809092318 -0.110597212 0.577051523 1.259215235 -0.968072137 4.793985185
982.900000000 -14.816532581 0.144719522 0.437430626 -0.000237839 -0.827706681 -0.101498078 0.551905549 1.496506716 -0.807786889 4.306331024
983.000000000 -15.181192153 0.112828589 0.413709387 0.006303934 -0.843605391 -0.099152817 0.527692073 1.719306711 -0.786562440 4.242012496
983.100000000 -15.639381781 0.096104873 0.359429513 0.010245587 -0.858566081 -0.101027928 0.502546187 1.891112839 -0.786049869 4.214527207
983.200000000 -16.234647784 0.057179455 0.285025928 -0.014288854 0.875156235 0.099185579 -0.473349358 2.051425106 -0.721862210 3.963413148
983.300000000 -16.585092306 0.017073712 0.236665877 -0.019794473 0.890400829 0.095957361 -0.444507286 2.098739478 -0.627558747 3.452343142
983.400000000 -16.966017245 -0.005676885 0.192367874 -0.031203564 0.905159049 0.088897509 -0.414500502 2.078922459 -0.489792419 2.777630893
983.500000000 -17.322621373 -0.048201148 0.141895355 -0.052399535 0.919433410 0.075950863 -0.382266870 2.164011164 -0.339565558 2.501976577
983.600000000 -17.600643758 -0.095561134 0.153554808 -0.072800710 0.930844071 0.065104584 -0.352123225 2.186570906 -0.184767441 2.391160199
983.700000000 -17.912056125 -0.143252887 0.104406350 -0.088487742 0.940414393 0.061395775 -0.322523252 2.138372714 -0.057585931 2.278692548
983.800000000 -18.255261180 -0.161610235 0.023636613 -0.109069055 0.948051881 0.060859843 -0.292570763 2.045332698 0.111624642 2.179865222
983.900000000 -18.506497019 -0.202536454 -0.029578808 -0.127787878 0.953980708 0.060524983 -0.264438639 1.896087055 0.200261291 1.815724652
984.000000000 -18.761943651 -0.206174280 -0.105402709 -0.144305908 0.958986969 0.061203892 -0.236164946 1.724424250 0.226748524 1.532542347
984.100000000 -18.956624875 -0.233016011 -0.121914892 -0.157575779 0.964559388 0.060710833 -0.202754178 1.566121394 0.288367067 1.394691338
984.200000000 -19.148306934 -0.259190776 -0.216592613 -0.168470874 0.969106182 0.060407795 -0.169710549 1.317921606 0.325070266 1.284745889
984.300000000 -19.313086889 -0.253450505 -0.296193009 -0.175420056 0.973104732 0.063126589 -0.135314518 1.050844633 0.339921825 1.215149522
984.400000000 -19.439964229 -0.240286288 -0.394513208 -0.180256351 0.976574594 0.065753833 -0.097396833 0.733715018 0.282938729 1.006926354
984.500000000 -19.510092117 -0.231986624 -0.465692268 -0.185108257 0.978308548 0.068666878 -0.062707087 0.385580053 0.183085486 0.840013142
984.600000000 -19.540047838 -0.221981737 -0.531753317 -0.187510079 0.979314231 0.071079693 -0.027042291 0.016859985 0.075663671 0.761644845
984.700000000 -19.530420799 -0.202665886 -0.605785330 -0.191233960 0.978509097 0.076436278 0.010344808 -0.355301580 -0.042215527 0.768507792
984.800000000 -19.473221774 -0.174291284 -0.688552371 -0.192317282 0.976861850 0.083339397 0.042538610 -0.732570056 -0.163254269 0.851682670
984.900000000 -19.371483084 -0.151783022 -0.760625246 -0.194656176 0.973953941 0.088133664 0.075862710 -1.099200406 -0.292101559 0.964830358
985.000000000 -19.218901039 -0.108337844 -0.850084696 -0.196268594 0.969818464 0.090571658 0.112816489 -1.434047476 -0.408297056 1.150253891
985.100000000 -19.033605924 -0.067214267 -0.920406274 -0.197019510 0.964903087 0.093131553 0.146532790 -1.727412358 -0.512184355 1.408922490
985.200000000 -18.808154270 -0.014100372 -1.009001103 -0.195595557 0.959040259 0.096506719 0.180750140 -1.968091248 -0.628097466 1.674390516
985.300000000 -18.527933282 0.049143255 -1.107967631 -0.190091785 0.952045134 0.100538759 0.217639917 -2.138121692 -0.754208209 2.009962361
985.400000000 -18.234118309 0.098677080 -1.176691294 -0.184364809 0.944572257 0.106246184 0.250009234 -2.263543122 -0.885232162 2.260779374
985.500000000 -17.895787733 0.147391634 -1.282421968 -0.180674658 0.935381179 0.113015849 0.282216470 -2.239731727 -0.938703464 2.229373072
985.600000000 -17.523744430 0.195525690 -1.358066693 -0.176392171 0.924213876 0.120024577 0.316715352 -2.168556314 -0.908914203 2.051320463
985.700000000 -17.292606816 0.223650236 -1.330324007 -0.172514718 0.913265368 0.125988970 0.346859941 -2.240098698 -0.932481189 2.012878340
985.800000000 -16.993567342 0.260038725 -1.316025838 -0.168533581 0.901226031 0.131330290 0.377015157 -2.431510735 -1.128127343 2.467887621
985.900000000 -16.589104528 0.299719043 -1.311746411 -0.165362830 0.887439171 0.136762150 0.407925197 -2.576034587 -1.432034210 3.224759378
986.000000000 -16.071557804 0.342016731 -1.375011503 -0.157185275 0.875694759 0.141380152 0.434123405 -2.650960198 -1.684614002 3.929820508
986.100000000 -15.565170756 0.381128223 -1.406151742 -0.149654367 0.863525444 0.143088002 0.459840410 -2.604544282 -1.813729530 4.363433846
986.200000000 -14.967306741 0.413895956 -1.447152205 -0.142825724 0.849569705 0.143439013 0.487090728 -2.485809553 -1.888378165 4.662908232
986.300000000 -14.435944327 0.437096490 -1.464947985 -0.133986304 0.836916527 0.141747137 0.511396271 -2.349661234 -1.957017555 5.017548282
986.400000000 -13.843743500 0.463581252 -1.489312539 -0.124198779 0.823767687 0.139095406 0.535382040 -2.167736734 -1.977241787 5.238095216
986.500000000 -13.195982881 0.475682604 -1.523947224 -0.117250073 0.807981643 0.136077126 0.561160495 -1.923054790 -2.024918840 5.436275038
986.600000000 -12.610414817 0.481997568 -1.531167275 -0.111002795 0.793096566 0.131732723 0.584228300 -1.706020969 -2.063105392 5.574446859
986.700000000 -12.000786626 0.474174310 -1.537093536 -0.103471555 0.777456786 0.127511675 0.607120545 -1.475136643 -2.094886970 5.752354416
986.800000000 -11.327238379 0.455094238 -1.537345345 -0.094539103 0.760197166 0.121318904 0.631224484 -1.204955376 -2.091047512 5.938795486
986.900000000 -10.673117721 0.432361469 -1.554195306 -0.083766155 0.744612709 0.113291888 0.652456967 -0.975804939 -2.033269177 6.074085032
987.000000000 -10.061730905 0.401479665 -1.519823213 -0.071196318 0.728687166 0.103506835 0.673225396 -0.756277430 -1.929452119 6.162977928
987.100000000 -9.366103992 0.356202607 -1.488067913 -0.059460865 0.710821626 0.094051271 0.694515212 -0.474460412 -1.783471394 6.032083342
987.200000000 -8.754889352 0.305933689 -1.459356196 -0.051559908 0.694151710 0.085786335 0.712836365 -0.208147496 -1.640484028 5.698871519
987.300000000 -8.148631242 0.252601255 -1.452514329 -0.042627210 0.676630234 0.076559785 0.731090313 0.051662279 -1.532680622 5.501461781
987.400000000 -7.685836311 0.191438068 -1.395257618 -0.035996686 0.656186039 0.067116196 0.750745987 0.382367966 -1.431376349 5.238753237
987.500000000 -7.104926019 0.116485698 -1.359872853 -0.026740720 0.637036803 0.055897027 0.768338837 0.674862946 -1.286992779 5.014437166
987.600000000 -6.616273398 0.047900362 -1.362675042 -0.018441110 0.616185189 0.043719491 0.786170684 0.955500617 -1.150364476 4.737723712
987.700000000 -6.137119961 -0.018888471 -1.345070261 -0.008350626 0.593239475 0.030983924 0.804386219 1.115150875 -1.031716995 4.431086670
987.800000000 -5.717553587 -0.094500582 -1.316607096 -0.000451725 0.571048986 0.017359641 0.820732291 1.259031668 -0.951247699 4.330948263
987.900000000 -5.245511537 -0.195068649 -1.269192037 0.007490732 0.547708044 0.005005805 0.836621019 1.434632111 -0.868304418 4.199578608
988.000000000 -4.799132158 -0.281501681 -1.238664157 0.017158165 0.522143666 -0.007978914 0.852647598 1.645283006 -0.744253416 4.018093353
988.100000000 -4.396147020 -0.365331916 -1.206546039 0.024846036 0.500120197 -0.021241448 0.865338814 1.793109512 -0.603361537 3.798605488
988.200000000 -3.992727692 -0.451511315 -1.178622524 0.033175463 0.477204228 -0.037889130 0.877348236 1.934273415 -0.472667630 3.701155056
988.300000000 -3.590463939 -0.531529824 -1.136843524 0.039354446 0.451303510 -0.056812873 0.889690209 2.077959568 -0.349525018 3.580452975
988.400000000 -3.188735743 -0.631562010 -1.089799771 0.043240478 0.426741869 -0.073284118 0.900361636 2.176147673 -0.243442319 3.412267414
988.500000000 -2.797252506 -0.733116431 -1.040392706 0.045670169 0.399933856 -0.088474924 0.911119824 2.251407407 -0.145617481 3.161934606
988.600000000 -2.412987524 -0.820410405 -0.988558502 0.047113915 0.369232987 -0.102698836 0.922442535 2.274565833 -0.040649031 2.860093780
988.700000000 -2.110791997 -0.903355592 -0.953431339 0.046448954 0.340903760 -0.116551275 0.931688210 2.222171454 0.058710822 2.582247019
988.800000000 -1.781395702 -0.972731687 -0.884722844 0.045972580 0.311213827 -0.132685385 0.939908008 2.113227247 0.135284932 2.281601626
988.900000000 -1.472414251 -1.047277482 -0.821465800 0.045564029 0.278334526 -0.149919441 0.947616997 1.959717263 0.182696839 1.966656461
989.000000000 -1.241774905 -1.106605877 -0.763116835 0.042966556 0.248444565 -0.163648360 0.953754889 1.744820672 0.191098074 1.670521338
989.100000000 -1.048789485 -1.169110953 -0.713095318 0.039988344 0.217346175 -0.176516703 0.959168091 1.514859872 0.191952249 1.453143984
989.200000000 -0.859707780 -1.215767652 -0.639085073 0.038606122 0.182079193 -0.189649490 0.964048653 1.286753447 0.205409421 1.295971005
989.300000000 -0.716256866 -1.254138905 -0.558612385 0.038119479 0.149268394 -0.202941077 0.966995745 1.031914825 0.202671689 1.157640461
989.400000000 -0.603845081 -1.286128463 -0.471990692 0.036751803 0.115658280 -0.213794083 0.969311383 0.739246543 0.162926232 1.022172316
989.500000000 -0.527781644 -1.311712417 -0.394367170 0.033455879 0.078553979 -0.222700489 0.971140808 0.434685248 0.095030433 0.907658634
989.600000000 -0.494232803 -1.323897267 -0.315805896 0.028537268 0.046489185 -0.217150078 0.974612858 0.144597769 -0.007632777 0.834252874
989.700000000 -0.496846628 -1.330664723 -0.223803824 0.020090060 0.019223439 -0.175602436 0.984068409 -0.110414040 -0.098305637 0.830159981
989.800000000 -0.529027131 -1.341107279 -0.140629680 0.018196324 -0.002322403 -0.116593500 0.993010300 -0.317612329 -0.141712069 0.833566078
989.900000000 -0.577029360 -1.342336955 -0.049287054 0.026268623 -0.013386009 -0.073837547 0.996834385 -0.421092326 -0.134500196 0.764852846
990.000000000 -0.637945871 -1.362398467 0.027359609 0.039260548 -0.020379234 -0.046277925 0.997948721 -0.433548915 -0.104472741 0.741660156
990.100000000 -0.674974950 -1.377219113 0.059708964 0.099747018 -0.041004250 0.016672078 0.994027779 -0.368725583 0.059953695 0.772136071
990.200000000 -0.717778272 -1.387127774 0.127547572 0.144433838 -0.050606637 0.052224472 0.986838608 -0.272715478 0.204964632 0.716789584
990.300000000 -0.748943584 -1.386669188 0.239716998 0.133283224 -0.049887772 0.040790407 0.988980756 -0.224516207 0.216459370 0.613738547
990.400000000 -0.770978144 -1.372886473 0.286771391 0.098091692 -0.046031282 0.015530519 0.993990918 -0.176422985 0.177540643 0.412637886
990.500000000 -0.794728369 -1.370951872 0.293726039 0.071439122 -0.041933732 -0.002066056 0.996560959 -0.128699899 0.136391679 0.171578928
990.600000000 -0.799584964 -1.352842437 0.323411846 0.055706495 -0.038344004 -0.011665232 0.997642444 -0.138912907 0.054495005 -0.086729206
990.700000000 -0.804827277 -1.340718509 0.310221806 0.048560706 -0.034442359 -0.014673698 0.998118362 -0.064523230 -0.093613354 -0.154396746
990.800000000 -0.836052054 -1.350342030 0.225099627 0.045654685 -0.031051156 -0.014119126 0.998374742 -0.018080748 -0.237778166 -0.213497890
990.900000000 -0.798500333 -1.407726246 0.274635291 0.044591770 -0.027265547 -0.014530709 0.998527427 0.081147192 -0.289931429 -0.126345362
991.000000000 -0.812420761 -1.434782445 0.211205381 0.042503931 -0.023857506 -0.015638277 0.998688980 -0.017079432 -0.437789908 -0.419515098
991.100000000 -0.781435519 -1.448189420 0.230052606 0.040300197 -0.021919685 -0.016650792 0.998808376 -0.212877721 -0.563695576 -0.857511954
991.200000000 -0.842543739 -1.539962527 0.021108516 0.038807949 -0.020170659 -0.019266523 0.998857291 -0.212243208 -0.572479630 -0.849930128
991.300000000 -0.872821167 -1.604056727 -0.067539315 0.038061806 -0.018163947 -0.022639309 0.998853759 -0.171652020 -0.459169293 -0.709769209
991.400000000 -0.856888615 -1.600266454 -0.066984471 0.036648080 -0.016565568 -0.025810005 0.998857519 0.024970667 -0.225231861 -0.310962203
991.500000000 -0.862943676 -1.596687970 -0.087491319 0.035811172 -0.015896847 -0.026650078 0.998876681 0.092679232 -0.099584879 -0.142872590
991.600000000 -0.834782350 -1.627655401 -0.115488938 0.034652672 -0.015048140 -0.026914628 0.998923595 -0.030514073 -0.080499820 -0.194555133
991.700000000 -0.834782350 -1.627655401 -0.115488938 0.034652672 -0.015048140 -0.026914628 0.998923595 -0.106453384 -0.036504807 -0.129395701
991.800000000 -0.891474446 -1.621942427 -0.157069614 0.033958863 -0.014937419 -0.027139022 0.998943013 -0.097251947 -0.001776953 0.004827926
991.900000000 -0.891474446 -1.621942427 -0.157069614 0.033958863 -0.014937419 -0.027139022 0.998943013 -0.006456582 -0.000537866 0.062660692
992.000000000 -0.861479659 -1.637342274 -0.090943541 0.035756097 -0.014702330 -0.028438312 0.998847639 0.119776347 0.037801104 0.140982424
992.100000000 -0.846557990 -1.627170495 -0.102090726 0.020076965 -0.013401793 -0.034465818 0.999114315 0.301607588 0.095367226 0.214759477
992.200000000 -0.842817998 -1.608447301 -0.105164837 0.000040987 -0.012436561 -0.040756272 0.999091716 0.334666044 0.192636413 0.228386577
992.300000000 -0.747689096 -1.599040739 -0.043473436 0.005767426 -0.013004981 -0.040089496 0.999094810 0.316470219 0.273285003 0.280578643
992.400000000 -0.741343457 -1.562763004 -0.026880030 0.019816446 -0.013775968 -0.036210650 0.999052711 0.153413118 0.258623264 0.191514480
992.500000000 -0.727387363 -1.526427826 0.007682995 0.030477356 -0.014398736 -0.032836790 0.998892163 -0.070556368 0.258738571 0.066539573
992.600000000 -0.761937577 -1.538726808 -0.001902479 0.033183082 -0.013691101 -0.031442501 0.998860754 -0.028341485 0.359110383 0.192472971
992.700000000 -0.778590839 -1.498149033 -0.046523513 0.036052820 -0.012315716 -0.029337975 0.998843231 0.019989796 0.505991988 0.295166555
992.800000000 -0.728185891 -1.404989738 0.093735484 0.037346185 -0.011133963 -0.028423593 0.998836021 0.069822309 0.653953549 0.375423099
992.900000000 -0.732067354 -1.347614329 0.097147413 0.038808531 -0.010440487 -0.028503378 0.998785488 0.009544834 0.667710185 0.257154570
993.000000000 -0.734385901 -1.285819847 0.130995130 0.040985224 -0.009775607 -0.029902846 0.998664342 -0.064448558 0.615294687 0.096823789
993.100000000 -0.742170938 -1.220394276 0.134859314 0.041047006 -0.009559711 -0.031593579 0.998611837 -0.051134330 0.618274980 0.105454463
993.200000000 -0.739121833 -1.161953109 0.153501152 0.040370302 -0.009778316 -0.032272346 0.998615601 -0.027290550 0.624380399 0.122577936
993.300000000 -0.734825961 -1.103962744 0.173676175 0.040487102 -0.010187916 -0.032819005 0.998588961 -0.021362130 0.610253961 0.119338510
993.400000000 -0.732656564 -1.036988567 0.191966166 0.040915489 -0.010830044 -0.033258105 0.998550215 -0.024142010 0.592578313 0.081521705
993.500000000 -0.736372707 -0.987101428 0.195138035 0.040016018 -0.011912404 -0.032269489 0.998606776 -0.015588026 0.586597671 0.059761908
993.600000000 -0.735152128 -0.930685871 0.206969966 0.039973667 -0.012559691 -0.032912061 0.998579569 -0.000324654 0.599332313 0.092076436
993.700000000 -0.721286629 -0.862806731 0.227131862 0.041368257 -0.013330109 -0.035169598 0.998435814 -0.005710581 0.615442410 0.101269255
993.800000000 -0.722064776 -0.804978234 0.247843226 0.042680463 -0.013898721 -0.036997619 0.998306756 -0.019845820 0.616993142 0.077314549
993.900000000 -0.721835476 -0.746911871 0.254527480 0.043999986 -0.014643626 -0.037764503 0.998210102 -0.032748298 0.611373507 0.030213576
994.000000000 -0.720430992 -0.682272045 0.255526960 0.044915458 -0.015228766 -0.038385298 0.998136892 -0.034736456 0.594654501 -0.013049493
994.100000000 -0.717768813 -0.622336363 0.260366276 0.045636056 -0.015725342 -0.039193259 0.998065104 -0.030325080 0.574166213 0.009129481
994.200000000 -0.721787556 -0.570723689 0.259654263 0.045362980 -0.015995307 -0.039462019 0.998062673 -0.052736600 0.545228461 -0.018495419
994.300000000 -0.719342539 -0.516226985 0.279130611 0.042519856 -0.015993557 -0.040034270 0.998165079 -0.104157832 0.524875859 -0.106411239
994.400000000 -0.726326539 -0.463957281 0.262492481 0.041616948 -0.016027072 -0.040274177 0.998192944 -0.123993381 0.535481081 -0.152364340
994.500000000 -0.743801312 -0.408147510 0.231509997 0.041944619 -0.016184844 -0.041087706 0.998143527 -0.106965108 0.547379450 -0.103969100
994.600000000 -0.743651213 -0.345114363 0.236192225 0.040318962 -0.015728711 -0.041771093 0.998189443 -0.079195129 0.544797290 -0.009428216
994.700000000 -0.739768176 -0.295543878 0.263751635 0.036751604 -0.014575915 -0.040336619 0.998403636 -0.046723138 0.523434664 0.069826940
994.800000000 -0.744407262 -0.247301282 0.264409157 0.034458538 -0.013162173 -0.037775462 0.998605218 -0.054564091 0.480128487 0.057395754
994.900000000 -0.750425228 -0.197971116 0.261549643 0.034744990 -0.011394120 -0.035795296 0.998689970 -0.027842644 0.452320723 0.059172916
995.000000000 -0.753767319 -0.156680994 0.269763660 0.035516791 -0.009928319 -0.035424678 0.998691683 0.011023262 0.448353045 0.104788914
995.100000000 -0.731908163 -0.119004876 0.310021496 0.036658958 -0.009360459 -0.036080594 0.998632411 0.049293114 0.460157342 0.191747528
995.200000000 -0.731689569 -0.065773247 0.312942385 0.037696892 -0.009860839 -0.035686982 0.998603098 0.034248826 0.462526065 0.190679166
995.300000000 -0.709375036 -0.022549954 0.378627992 0.040138900 -0.012894549 -0.034212271 0.998524972 -0.031430073 0.447756469 0.073304913
995.400000000 -0.727575165 0.018431011 0.357055436 0.041562054 -0.015536263 -0.037833273 0.998298484 -0.065855352 0.370502103 0.007107036
995.500000000 -0.740196804 0.064760267 0.331900579 0.041574827 -0.018437923 -0.043640458 0.998011567 -0.074302211 0.245039054 -0.033691885
995.600000000 -0.741225836 0.073642029 0.347038334 0.020317946 -0.020656163 -0.043833707 0.998618601 -0.030149556 0.137209646 0.050515394
995.700000000 -0.739119492 0.073908055 0.359740114 0.025773353 -0.023148235 -0.042613601 0.998490848 0.005870915 0.050209500 0.099285430
995.800000000 -0.741178609 0.081788907 0.371376237 -0.000989875 -0.021739804 -0.040965442 0.998923537 -0.008074679 0.027288480 0.025022005
995.900000000 -0.734817511 0.080459946 0.371758492 0.003210862 -0.022302122 -0.041594716 0.998880466 0.002681936 0.021708849 -0.000895135
996.000000000 -0.744022453 0.083996099 0.356930510 0.002562818 -0.022170221 -0.041525685 0.998888147 0.030998838 0.006283348 -0.013932637
996.100000000 -0.723107092 0.079111153 0.383597419 0.004891977 -0.022180413 -0.041712284 0.998871455 0.033729784 0.013350005 -0.030626436
996.200000000 -0.721088358 0.081444757 0.371947870 0.002408545 -0.022067447 -0.041923818 0.998874176 0.008829339 0.018450671 -0.049437526
996.300000000 -0.731460186 0.088441557 0.345386454 0.002594023 -0.022038561 -0.041996035 0.998871316 -0.046289395 0.022520507 -0.092410401
996.400000000 -0.744506340 0.090294784 0.337005611 0.002605686 -0.022010671 -0.042052101 0.998869542 -0.060781677 0.014659011 -0.072056739
996.500000000 -0.744506340 0.090294784 0.337005611 0.002605686 -0.022010671 -0.042052101 0.998869542 -0.036430578 0.001099195 -0.027109826
996.600000000 -0.744506340 0.090294784 0.337005611 0.002605686 -0.022010671 -0.042052101 0.998869542 -0.008525322 -0.002183337 -0.003074809
996.700000000 -0.744506340 0.090294784 0.337005611 0.002605686 -0.022010671 -0.042052101 0.998869542 0.000000000 -0.000000000 0.000000000
996.800000000 -0.744506340 0.090294784 0.337005611 0.002605686 -0.022010671 -0.042052101 0.998869542 0.000000000 -0.000000000 0.000000000
996.900000000 -0.744506340 0.090294784 0.337005611 0.002605686 -0.022010671 -0.042052101 0.998869542 0.000000000 -0.000000000 0.000000000
997.000000000 -0.744506340 0.090294784 0.337005611 0.002605686 -0.022010671 -0.042052101 0.998869542 0.000000000 -0.000000000 0.000000000
997.100000000 -0.744506340 0.090294784 0.337005611 0.002605686 -0.022010671 -0.042052101 0.998869542 0.000000000 -0.000000000 0.000000000
997.200000000 -0.744506340 0.090294784 0.337005611 0.002605686 -0.022010671 -0.042052101 0.998869542 0.000000000 -0.000000000 0.000000000
997.300000000 -0.744506340 0.090294784 0.337005611 0.002605686 -0.022010671 -0.042052101 0.998869542 0.000000000 -0.000000000 0.000000000
997.400000000 -0.744506340 0.090294784 0.337005611 0.002605686 -0.022010671 -0.042052101 0.998869542 0.000000000 -0.000000000 0.000000000
997.500000000 -0.744506340 0.090294784 0.337005611 0.002605686 -0.022010671 -0.042052101 0.998869542 -0.000000000 0.000000000 -0.000000000
997.600000000 -0.744506340 0.090294784 0.337005611 0.002605686 -0.022010671 -0.042052101 0.998869542 -0.000000000 0.000000000 -0.000000000
