5.065643000 0.000000000 0.000000000 0.000000000 -0.000000000 -0.000000000 -0.000000000 1.000000000
5.165951000 0.006552439 0.012884205 -0.026021941 -0.000005158 -0.000152926 0.000182183 0.999999972
5.266121000 0.024836535 0.025191181 -0.069010363 0.000002004 -0.000202284 0.000220002 0.999999955
5.366190000 0.026663856 0.029944124 -0.074563579 -0.000077236 -0.000624911 0.000309855 0.999999754
5.466203000 0.019236839 0.044786182 -0.117217293 0.000496449 -0.002324058 0.000251427 0.999997145
5.566125000 0.013124385 0.031119669 -0.089287687 0.000894880 -0.005756841 -0.000347841 0.999982968
5.666080000 0.009895636 0.016635643 -0.065003311 0.001730797 -0.014185650 -0.001940737 0.999895997
5.766098000 0.010271364 0.019345940 -0.065560656 0.002093396 -0.022425954 -0.004155470 0.999737679
5.866079000 0.008407691 0.014773654 -0.050097262 0.002167762 -0.028838025 -0.005729198 0.999565328
5.966076000 0.006012714 0.013061941 -0.051812345 0.001910786 -0.037017964 -0.008174085 0.999279342
6.066371000 0.002732041 0.006664526 -0.039356505 0.003853174 -0.044648312 -0.010421053 0.998940981
6.167130000 -0.003953955 -0.010128339 -0.015039008 0.006526337 -0.050605504 -0.013336259 0.998608349
6.267914000 -0.015708521 -0.016253464 -0.078022132 0.009387985 -0.052165852 -0.010695511 0.998537028
6.368629000 -0.017833336 -0.029942185 -0.079254404 0.006730541 -0.054098507 -0.013350525 0.998423665
6.469516000 -0.023852758 -0.040698097 -0.109952201 0.005254861 -0.055075865 -0.015622434 0.998346120
6.570368000 -0.018904852 -0.081385958 -0.059721973 0.004534832 -0.053914013 -0.020946769 0.998315555
6.670993000 -0.022012053 -0.120393480 -0.046939990 0.001848950 -0.049263183 -0.035335495 0.998158867
6.771279000 -0.023916077 -0.165987517 -0.038129238 -0.001293035 -0.045560427 -0.040532884 0.998138097
6.871285000 -0.014141154 -0.208000350 -0.022061090 0.001296041 -0.046556232 -0.024526411 0.998613685
6.971115000 0.015278117 -0.262910289 0.044946023 0.001974653 -0.047143728 -0.014097666 0.998786677
7.070994000 0.031360216 -0.309522098 0.077954557 0.001631856 -0.047359834 -0.011074711 0.998815165
7.171136000 0.088158518 -0.377928948 0.202052972 0.000392166 -0.047494651 -0.008896865 0.998831793
7.271368000 0.048014782 -0.396956136 0.123593060 0.000827554 -0.047123730 -0.009848903 0.998840162
7.371613000 0.092822335 -0.467322137 0.232823982 -0.000954742 -0.046599448 -0.010292151 0.998860176
7.471789000 0.119460037 -0.531859706 0.310452171 -0.028893392 -0.046442958 -0.008960339 0.998462786
7.571761000 0.118029197 -0.568659930 0.325315011 -0.053761531 -0.045942837 -0.009579227 0.997450346
7.671541000 0.114351628 -0.595196277 0.337572318 -0.059563075 -0.043836129 -0.016371893 0.997127171
7.771162000 0.115468103 -0.621273503 0.331405640 -0.050759559 -0.043485046 -0.016811095 0.997622125
7.870738000 0.116937590 -0.640927380 0.310982419 -0.039203004 -0.044097454 -0.013094694 0.998171863
7.970470000 0.114427665 -0.663664003 0.290196591 -0.027832083 -0.044015763 -0.010813171 0.998584530
8.070540000 0.110907780 -0.682439158 0.264538331 -0.012875167 -0.043608548 -0.009903812 0.998916633
8.170917000 0.100304814 -0.701265499 0.235371974 -0.004148281 -0.043278572 -0.009646890 0.999007855
8.271215000 0.170012839 -0.742581521 0.352070223 -0.002247945 -0.043228027 -0.009431119 0.999018187
8.371414000 0.161999757 -0.763001079 0.325366922 0.002356509 -0.042018735 -0.016126586 0.998983887
8.471664000 0.147811478 -0.786329762 0.286142012 0.013487435 -0.038809133 -0.027342705 0.998781416
8.571804000 0.177433950 -0.848705348 0.419289068 0.022854227 -0.036102378 -0.037329167 0.998389120
8.671731000 0.198570832 -0.886058869 0.427833966 0.022958092 -0.036038160 -0.035103564 0.998469788
8.771611000 0.209993415 -0.922740125 0.438694936 0.023226562 -0.039111446 -0.023047686 0.998698967
8.871588000 0.230385481 -0.956480505 0.472308977 0.021446192 -0.041605247 -0.015490079 0.998783821
8.971692000 0.248432221 -0.990167032 0.501671486 0.019946767 -0.042822420 -0.012035020 0.998811056
9.071848000 0.260234484 -1.026256148 0.518468367 0.014028151 -0.043548198 -0.010811216 0.998894330
9.171938000 0.272390992 -1.066695943 0.527844776 0.014215941 -0.044124850 -0.010553949 0.998869120
9.271789000 0.277456424 -1.113673842 0.541068953 0.014710998 -0.044195616 -0.010829251 0.998855876
9.371429000 0.282763676 -1.161916721 0.556999074 0.018406466 -0.043826516 -0.011779482 0.998800121
9.471095000 0.289144471 -1.211688996 0.580192033 0.020196219 -0.043966942 -0.010778630 0.998770665
9.570960000 0.292041818 -1.261421490 0.609651181 0.014332831 -0.044152098 -0.010916552 0.998862348
9.670957000 0.292827125 -1.309647507 0.644626286 0.009521619 -0.044258741 -0.010821530 0.998916111
9.770914000 0.297275612 -1.357602115 0.680657724 0.009473679 -0.043943280 -0.010556827 0.998933327
9.870697000 0.297311568 -1.406127097 0.723383436 0.006857644 -0.042576985 -0.015596623 0.998947906
9.970450000 0.299011810 -1.454464755 0.759524759 0.004877219 -0.040072747 -0.024647233 0.998880825
10.070385000 0.299532076 -1.502280376 0.800882976 0.000083632 -0.033624359 -0.045495430 0.998398498
10.170543000 0.306678051 -1.545950947 0.848091314 -0.004222968 -0.025344710 -0.072545452 0.997034086
10.270761000 0.319892954 -1.577220609 0.884176966 -0.005767799 -0.018037114 -0.091418207 0.995632516
10.370965000 0.349258225 -1.593872476 0.923309297 -0.006664342 -0.016208088 -0.082997114 0.996395686
10.471059000 0.396626218 -1.605777907 0.969941836 -0.004389593 -0.014789585 -0.065864930 0.997709282
10.570878000 0.451489091 -1.611291013 1.015059139 -0.002700006 -0.016421280 -0.041450973 0.999001936
10.670534000 0.514330664 -1.610930385 1.063746059 -0.003590173 -0.021654957 -0.017135763 0.999612194
10.770210000 0.574983661 -1.609374707 1.119956081 -0.003445833 -0.025832988 -0.007507152 0.999632145
10.869948000 0.635637131 -1.612160996 1.181932002 -0.003089707 -0.030204241 -0.004574098 0.999528506
10.969808000 0.692037816 -1.618137176 1.232432978 -0.002933237 -0.035067998 -0.004663977 0.999369741
11.069763000 0.745507492 -1.629930283 1.288176059 -0.002544092 -0.039452810 -0.006058660 0.999199828
11.169931000 0.793302721 -1.643342087 1.333444032 -0.002600455 -0.043332361 -0.007564570 0.999028689
11.269947000 0.844287896 -1.663907865 1.385779554 -0.002107603 -0.046286288 -0.008456553 0.998890196
11.369887000 0.888693814 -1.687910940 1.424315678 -0.001755798 -0.047114555 -0.009096052 0.998846534
11.469670000 0.935253690 -1.711492996 1.475290840 -0.001891169 -0.046571700 -0.009255000 0.998870284
11.569473000 0.973812877 -1.735893135 1.503245995 -0.001864982 -0.045210322 -0.007539814 0.998947296
11.669295000 1.016362123 -1.753354274 1.546025216 -0.006008244 -0.046448451 0.011130591 0.998840604
11.769154000 1.051796450 -1.767702017 1.600052379 -0.006729794 -0.041530287 0.011970524 0.999042868
11.869126000 1.078784358 -1.780952782 1.635699607 -0.005016981 -0.033694461 0.007225285 0.999393470
11.969080000 1.105260862 -1.790063655 1.688625031 -0.002825863 -0.024886690 0.002223184 0.999683812
12.069056000 1.128499754 -1.794066707 1.744715669 -0.002307946 -0.017447149 -0.000022325 0.999845123
12.169159000 1.151334917 -1.792961300 1.801698418 -0.008726086 -0.011694600 0.000762403 0.999893250
12.269086000 1.171829223 -1.791771254 1.855613194 -0.019757004 -0.008180600 0.000497099 0.999771220
12.369185000 1.180315052 -1.776887417 1.900972245 -0.029937985 -0.006668162 0.001259544 0.999528722
12.469487000 1.197785536 -1.775038415 1.937477451 -0.019496743 -0.006209879 0.000900894 0.999790229
12.569817000 1.211623575 -1.777012669 1.967146546 -0.010559137 -0.006256143 0.000709597 0.999924428
12.670282000 1.226430839 -1.779851390 1.988355427 -0.005609160 -0.006806448 -0.000142004 0.999961094
12.770842000 1.241102937 -1.787378664 2.005605148 -0.003696794 -0.007563670 0.000404989 0.999964480
12.871327000 1.250431674 -1.804581908 2.026951898 -0.004697191 -0.008775864 0.000067435 0.999950457
12.971634000 1.259371113 -1.816463919 2.048254735 -0.004077089 -0.008973596 0.000329095 0.999951371
13.071809000 1.266803080 -1.836923216 2.076050768 -0.004387706 -0.010229628 0.000244477 0.999938020
13.171960000 1.276476524 -1.857151210 2.111928444 -0.004237479 -0.011993922 -0.000497061 0.999918968
13.271925000 1.279443064 -1.875687807 2.134531990 -0.004618786 -0.011630148 -0.009727464 0.999874384
13.371883000 1.298044491 -1.897274152 2.180658046 -0.003730185 -0.010691164 -0.016448360 0.999800598
13.471768000 1.310115645 -1.915032917 2.211874062 -0.001789882 -0.013326124 -0.007198547 0.999883689
13.571604000 1.322075526 -1.935875260 2.248425917 -0.002282828 -0.014092015 -0.003519978 0.999891901
13.671390000 1.331593286 -1.960949093 2.277834638 -0.000916811 -0.013882500 -0.000757132 0.999902926
13.771060000 1.335531077 -1.985502836 2.307880958 -0.001484118 -0.013120733 0.000415944 0.999912732
13.870733000 1.347357115 -2.009356365 2.355533571 0.000254964 -0.011516496 0.000648093 0.999933440
13.970369000 1.345066461 -2.032702999 2.370462232 0.006400569 -0.009835003 0.001815726 0.999929502
14.070028000 1.346630083 -2.055574627 2.397567023 0.010682384 -0.006598580 0.001566979 0.999919942
14.169973000 1.346979726 -2.083096218 2.426117978 0.012408076 -0.003311646 0.003100993 0.999912724
14.270000000 1.346939008 -2.108600005 2.470531531 0.008376138 0.001127394 0.004504164 0.999954140
14.370138000 1.346853519 -2.129545280 2.515834090 0.001453547 0.006827252 0.006676687 0.999953348
14.470316000 1.344369248 -2.149483483 2.559813877 -0.000911906 0.013116647 0.007609416 0.999884603
14.570361000 1.341562936 -2.163302686 2.611132590 -0.003491937 0.020098663 0.010287997 0.999738970
14.670168000 1.335964097 -2.176557596 2.666435099 -0.003752136 0.027390909 0.013590728 0.999525363
14.769977000 1.328763615 -2.184769044 2.709359361 -0.004529031 0.035633952 0.014873731 0.999243955
14.869916000 1.324377518 -2.197316975 2.761817323 -0.009384841 0.042852527 0.017021513 0.998892313
14.970099000 1.314332343 -2.209169945 2.808711980 -0.022863649 0.048882705 0.017419597 0.998390852
15.070584000 1.305718199 -2.224069191 2.852743179 -0.030841048 0.052812113 0.018253652 0.997961179
15.171197000 1.297572070 -2.243326486 2.888740253 -0.035601740 0.055787742 0.018577782 0.997634758
15.271608000 1.287556122 -2.262671950 2.913937015 -0.037935870 0.060403105 0.018079687 0.997289055
15.371633000 1.279121835 -2.284540503 2.935928786 -0.036028269 0.064739988 0.024736817 0.996944727
15.471121000 1.267291183 -2.300227726 2.942861571 -0.030891282 0.066826741 0.043428830 0.996340229
15.570258000 1.248964216 -2.318848762 2.955397774 -0.026110669 0.073669582 0.049472908 0.995712537
15.669549000 1.231632042 -2.332258057 2.957813018 -0.025696365 0.082151435 0.054600775 0.994791231
15.769314000 1.207093048 -2.329705458 2.968511979 -0.028284632 0.091530295 0.057329278 0.993748227
15.869533000 1.180844597 -2.317777990 2.970419243 -0.029782878 0.101619593 0.060211092 0.992552801
15.970106000 1.150008670 -2.300495293 2.978309594 -0.032881802 0.110943395 0.063803946 0.991231258
16.070691000 1.111623499 -2.275425378 2.986352079 -0.035362686 0.116561004 0.068030962 0.990219572
16.171177000 1.070451079 -2.251206698 2.974732136 -0.032935281 0.122153546 0.062074004 0.990020503
16.271372000 1.024216804 -2.231772056 2.958424648 -0.024027580 0.127823067 0.051376639 0.990173914
16.371544000 0.975740206 -2.218303016 2.931668701 -0.016476545 0.131594505 0.044889357 0.990149663
16.471676000 0.927633494 -2.207448028 2.911477961 -0.011765706 0.133741280 0.042379503 0.990039805
16.571591000 0.878378734 -2.205344668 2.886473752 -0.009641100 0.135200335 0.041651186 0.989895498
16.671364000 0.830906637 -2.208482000 2.854748516 -0.008407833 0.136638332 0.040947109 0.989738657
16.771007000 0.782296995 -2.209791598 2.826807144 -0.003716118 0.137788426 0.041901900 0.989567972
16.870416000 0.736214680 -2.220085940 2.795307020 -0.001661862 0.139242607 0.043719157 0.989291347
16.969794000 0.689433950 -2.233114040 2.777507142 -0.001398591 0.140936544 0.045611050 0.988966413
17.069148000 0.640986025 -2.248707822 2.754219299 -0.001815805 0.142947474 0.047089441 0.988607762
17.168755000 0.593656164 -2.265855741 2.724497751 -0.002061138 0.145319230 0.048638027 0.988186428
17.268414000 0.545798033 -2.283231812 2.703042098 -0.002511054 0.148221281 0.049018664 0.987735449
17.368390000 0.499256549 -2.300955762 2.680591374 -0.003201767 0.149949830 0.051167603 0.987363496
17.468515000 0.452931069 -2.317478233 2.669861823 -0.006589624 0.142066273 0.069871164 0.987366078
17.568853000 0.413770585 -2.330834350 2.630633782 -0.006353788 0.137221483 0.070310677 0.988021408
17.669235000 0.350977804 -2.343855394 2.616098593 -0.005656648 0.133748249 0.060906701 0.989125766
17.769574000 0.286836211 -2.357101056 2.593982012 -0.005818441 0.130607908 0.050379324 0.990136174
17.869891000 0.218673202 -2.366556872 2.581471482 -0.004474317 0.127446949 0.044531068 0.990835122
17.970157000 0.165117688 -2.373970594 2.554146651 -0.005314071 0.121500886 0.040755023 0.991740048
18.070463000 0.095224792 -2.379184349 2.546103784 -0.003577176 0.113437221 0.030525407 0.993069686
18.170873000 0.023945330 -2.395767917 2.541206447 -0.020880844 0.110080953 -0.004866578 0.993691346
18.271137000 -0.032723103 -2.403310723 2.525425394 -0.048109262 0.108243230 -0.047312891 0.991831837
18.371118000 -0.069494731 -2.407683722 2.506984614 -0.054556996 0.101669915 -0.064674456 0.991213386
18.470790000 -0.088822616 -2.408316591 2.486714891 -0.052510702 0.089920277 -0.060755307 0.992706282
18.570396000 -0.089725482 -2.410103433 2.457621149 -0.049365810 0.076467190 -0.051539832 0.994514671
18.670004000 -0.079410041 -2.412324347 2.425142529 -0.041756126 0.065181767 -0.037312964 0.996300911
18.769538000 -0.053884660 -2.416036243 2.379036031 -0.025471934 0.054693710 -0.012532089 0.998099557
18.869150000 -0.028043000 -2.429959351 2.330092273 -0.011224768 0.047729737 0.006109724 0.998778528
18.968958000 -0.000638941 -2.444155718 2.277551915 -0.008193146 0.044884527 0.013099308 0.998872694
19.068969000 0.017059499 -2.459790132 2.225138635 -0.003559620 0.044493184 0.017682086 0.998846850
19.169051000 0.038966053 -2.477116597 2.210360792 -0.003573969 0.044796189 0.019125857 0.998806653
19.269261000 0.022816822 -2.493288655 2.204316942 -0.003146998 0.045877344 0.020297696 0.998735886
19.369589000 0.008709665 -2.507466870 2.212854377 -0.003086547 0.047505739 0.021218207 0.998640809
19.469752000 0.025660119 -2.513540773 2.174787427 0.010182305 0.049109619 0.021894801 0.998501469
19.569611000 0.044905449 -2.509588711 2.138318785 0.030552840 0.050231316 0.023390215 0.997996111
19.669091000 0.058001519 -2.506400042 2.112161751 0.040866447 0.050990152 0.023679819 0.997581678
19.768578000 0.065762728 -2.491396120 2.097858313 0.046100877 0.052850233 0.018632089 0.997363729
19.868147000 0.073581639 -2.484862989 2.097531814 0.043252101 0.057152953 0.002825947 0.997424087
19.967863000 0.083514678 -2.484959408 2.106253337 0.027283196 0.063110534 -0.019227077 0.997448248
