5.065643000 -0.081574725 -0.029823704 -0.083286257 -0.031793706 0.000148532 0.037458357 0.998792276
5.165951000 -0.074861881 -0.017419344 -0.105608184 -0.031804613 -0.000009808 0.037635456 0.998785282
5.266121000 -0.057769811 -0.005347645 -0.143003821 -0.031799313 -0.000060578 0.037671661 0.998784084
5.366190000 -0.055824831 -0.000960467 -0.147655345 -0.031894295 -0.000482583 0.037747949 0.998778060
5.466203000 -0.061308046 0.015036993 -0.184564285 -0.031384859 -0.002199310 0.037635557 0.998796135
5.566125000 -0.067688152 0.001805387 -0.160598502 -0.031114956 -0.005623821 0.036927400 0.998817601
5.666080000 -0.071563075 -0.012133987 -0.139911036 -0.030592776 -0.014023131 0.035065311 0.998818231
5.766098000 -0.071049531 -0.009735006 -0.140252403 -0.030533921 -0.022196674 0.032585387 0.998755816
5.866079000 -0.073038223 -0.014518500 -0.126817701 -0.030694117 -0.028553778 0.030803251 0.998645940
5.966076000 -0.075266220 -0.015773936 -0.128427987 -0.031247734 -0.036636522 0.028090495 0.998444925
6.066371000 -0.078622297 -0.021905104 -0.117755924 -0.029582420 -0.044259024 0.025591258 0.998254029
6.167130000 -0.085708628 -0.037654984 -0.097162838 -0.027124624 -0.050216518 0.022478109 0.998116872
6.267914000 -0.096362962 -0.038734063 -0.153241696 -0.024323005 -0.051966144 0.025063812 0.998037933
6.368629000 -0.099147993 -0.050607396 -0.155099935 -0.027045635 -0.053712525 0.022345917 0.997939957
6.469516000 -0.105113346 -0.057973555 -0.182869916 -0.028553340 -0.054561206 0.020042554 0.997900836
6.570368000 -0.103556293 -0.097048728 -0.140705635 -0.029227215 -0.053204510 0.014760337 0.998046684
6.670993000 -0.108923881 -0.131996530 -0.131582632 -0.031728522 -0.048001240 0.000530588 0.998343077
6.771279000 -0.113654881 -0.172614798 -0.126348490 -0.034726581 -0.044020022 -0.004544045 0.998416573
6.871285000 -0.107834860 -0.211255795 -0.114509591 -0.032195432 -0.045620441 0.011429636 0.998374475
6.971115000 -0.085615408 -0.265455027 -0.058340286 -0.031546695 -0.046564190 0.021833688 0.998178277
7.070994000 -0.074561846 -0.309528670 -0.031775803 -0.031898527 -0.046863301 0.024847137 0.998082629
7.171136000 -0.029155685 -0.380675601 0.074122130 -0.033142622 -0.047020758 0.027018505 0.997978264
7.271368000 -0.065741098 -0.390387760 0.003668056 -0.032693991 -0.046636324 0.026079788 0.998036072
7.371613000 -0.031036033 -0.461630738 0.096316408 -0.034455066 -0.046031817 0.025654230 0.998015922
7.471789000 -0.011941192 -0.524742413 0.161350629 -0.062341675 -0.044871383 0.026970373 0.996680828
7.571761000 -0.015684413 -0.557970198 0.172436971 -0.087128766 -0.043420820 0.026326515 0.994902068
7.671541000 -0.020727618 -0.581841588 0.181799266 -0.092833105 -0.040883424 0.019596066 0.994648960
7.771162000 -0.021456014 -0.604588167 0.174868830 -0.084042742 -0.040848493 0.019188404 0.995439613
7.870738000 -0.021411991 -0.620884913 0.155679144 -0.072541114 -0.042011127 0.022903155 0.996216993
7.970470000 -0.025091678 -0.639618384 0.136002122 -0.061194325 -0.042427947 0.025201666 0.996905211
8.070540000 -0.029390243 -0.654513357 0.112236887 -0.046250913 -0.042610348 0.026137536 0.997678325
8.170917000 -0.039949200 -0.668785727 0.085376345 -0.037525145 -0.042615821 0.026409352 0.998037224
8.271215000 0.018691714 -0.716458232 0.186225908 -0.035625571 -0.042643379 0.026627138 0.998099873
8.371414000 0.010312049 -0.732447680 0.161451211 -0.030979295 -0.041395154 0.019977605 0.998462628
8.471664000 -0.003693191 -0.749889953 0.125439331 -0.019733482 -0.038249803 0.008871146 0.999033956
8.571804000 0.018053392 -0.814418442 0.239737629 -0.010262656 -0.035579733 -0.001030501 0.999313614
8.671731000 0.034250711 -0.849276879 0.245158129 -0.010159407 -0.035590231 0.001197493 0.999314109
8.771611000 0.041894372 -0.883027471 0.252684768 -0.010015458 -0.039053129 0.013149724 0.999100410
8.871588000 0.057613088 -0.916059002 0.280502557 -0.011890912 -0.041717500 0.020621830 0.998845832
8.971692000 0.071270925 -0.948647832 0.304564072 -0.013435498 -0.042986882 0.024034816 0.998696121
9.071848000 0.079275626 -0.982235262 0.317378107 -0.019376982 -0.043528979 0.025236307 0.998545387
9.171938000 0.087322570 -1.019268824 0.323377409 -0.019210256 -0.044120152 0.025474013 0.998516626
9.271789000 0.088654066 -1.061819943 0.332427645 -0.018717986 -0.044200626 0.025196371 0.998529461
9.371429000 0.090109084 -1.105656199 0.343801580 -0.015011241 -0.043940195 0.024257483 0.998626805
9.471095000 0.092394947 -1.151322891 0.361516741 -0.013228122 -0.044179317 0.025251824 0.998616818
9.570960000 0.091587283 -1.197076181 0.384787698 -0.019094259 -0.044140218 0.025110745 0.998527166
9.670957000 0.088998289 -1.241670112 0.413030416 -0.023905378 -0.044069525 0.025203561 0.998424354
9.770914000 0.089665057 -1.286327125 0.442216765 -0.023942030 -0.043761063 0.025478612 0.998430062
9.870697000 0.086374969 -1.331571790 0.477305207 -0.026503442 -0.042138190 0.020488499 0.998550030
9.970450000 0.084585099 -1.376390697 0.506572331 -0.028384193 -0.039275050 0.011525632 0.998758714
10.070385000 0.081773732 -1.420964293 0.540489279 -0.032912013 -0.031992120 -0.009111147 0.998904545
10.170543000 0.085084316 -1.462648169 0.579806318 -0.036855873 -0.022701335 -0.035917008 0.998416878
10.270761000 0.094612579 -1.493161442 0.609964578 -0.038077743 -0.014744871 -0.054587364 0.997673741
10.370965000 0.119389505 -1.512014481 0.643613680 -0.038930206 -0.013152095 -0.046089836 0.998091774
10.471059000 0.160387893 -1.528295097 0.684136445 -0.036649378 -0.012365014 -0.028883700 0.998834151
10.570878000 0.208443697 -1.539345031 0.723664176 -0.035067677 -0.014834046 -0.004502435 0.999264698
10.670534000 0.263938380 -1.545940601 0.766668097 -0.036175828 -0.020801038 0.019639738 0.998935887
10.770210000 0.317558595 -1.551759702 0.816403188 -0.036190228 -0.025285556 0.029124654 0.998600352
10.869948000 0.370877373 -1.561736502 0.870997855 -0.035995413 -0.029758138 0.031911359 0.998398943
10.969808000 0.420249923 -1.573600544 0.915262517 -0.036016259 -0.034619048 0.031661027 0.998249433
11.069763000 0.466631354 -1.590700212 0.963845384 -0.035786223 -0.038968824 0.030122312 0.998144991
11.169931000 0.507910925 -1.608262086 1.003074506 -0.035982175 -0.042793725 0.028488457 0.998029252
11.269947000 0.551520589 -1.632749015 1.048151139 -0.035596031 -0.045734207 0.027498520 0.997940447
11.369887000 0.589115251 -1.659056220 1.080830419 -0.035274194 -0.046554326 0.026831877 0.997932100
11.469670000 0.628613579 -1.685835400 1.124541029 -0.035389798 -0.046001999 0.026691250 0.997957392
11.569473000 0.661035312 -1.711509009 1.147842004 -0.035315351 -0.044697767 0.028450536 0.997970692
11.669295000 0.697411733 -1.732157033 1.184649510 -0.039499368 -0.046372818 0.047054416 0.997033221
11.769154000 0.727674558 -1.750217944 1.231602785 -0.040042376 -0.041460240 0.048057170 0.997180107
11.869126000 0.750582587 -1.765714525 1.262362754 -0.038048557 -0.033547116 0.043580180 0.997761327
11.969080000 0.773271946 -1.778495864 1.308652366 -0.035538648 -0.024672980 0.038875353 0.998307045
12.069056000 0.793428941 -1.786731613 1.358037762 -0.034747479 -0.017190407 0.036875206 0.998567635
12.169159000 0.813565724 -1.790481292 1.408501483 -0.040944033 -0.011229335 0.037842730 0.998381398
12.269086000 0.831644811 -1.793828055 1.456258396 -0.051826081 -0.007297962 0.037683260 0.997918218
12.369185000 0.840030937 -1.783807489 1.497235204 -0.061930516 -0.005430265 0.038482275 0.997323537
12.469487000 0.855520403 -1.785391209 1.529623112 -0.051492979 -0.005352205 0.038149975 0.997930061
12.569817000 0.867559307 -1.789723745 1.555750681 -0.042572138 -0.005727099 0.037963792 0.998355430
12.670282000 0.880418267 -1.794407200 1.574338390 -0.037649792 -0.006435077 0.037097832 0.998581411
12.770842000 0.892855916 -1.802997522 1.589157342 -0.035768289 -0.007280409 0.037620501 0.998625217
12.871327000 0.899915219 -1.820005427 1.607067845 -0.036812389 -0.008442936 0.037244140 0.998592229
12.971634000 0.906983419 -1.832287668 1.625240026 -0.036200510 -0.008671976 0.037499324 0.998603085
13.071809000 0.912133524 -1.852407225 1.648679765 -0.036557364 -0.009912167 0.037374328 0.998583230
13.171960000 0.919262473 -1.872926601 1.679282622 -0.036472690 -0.011656384 0.036576901 0.998597017
13.271925000 0.920602628 -1.890759985 1.698242336 -0.036837122 -0.010985304 0.027367485 0.998886065
13.371883000 0.935514315 -1.913648367 1.737824465 -0.035911077 -0.009867069 0.020681927 0.999092235
13.471768000 0.944939102 -1.931884609 1.764435309 -0.034075834 -0.012865601 0.029840195 0.998890823
13.571604000 0.954048143 -1.953136058 1.795596134 -0.034597681 -0.013729056 0.033490205 0.998745673
13.671390000 0.960733156 -1.977558418 1.820199626 -0.033226227 -0.013658802 0.036256991 0.998696593
13.771060000 0.962515416 -2.001187169 1.845407176 -0.033764800 -0.012914000 0.037453153 0.998644295
13.870733000 0.971279852 -2.025713140 1.886225466 -0.031968419 -0.011384221 0.037737060 0.998711337
13.970369000 0.967668779 -2.047011328 1.898129726 -0.025767299 -0.009972087 0.038957509 0.998858807
14.070028000 0.967469595 -2.068831895 1.920832475 -0.021369083 -0.006892055 0.038812238 0.998994230
14.169973000 0.965884554 -2.094758112 1.944555670 -0.019522350 -0.003722506 0.040448890 0.998983938
14.270000000 0.964050443 -2.119770673 1.982435563 -0.023384665 0.000817597 0.041992452 0.998843893
14.370138000 0.962477144 -2.140806285 2.021359381 -0.030085686 0.006700807 0.044342513 0.998540781
14.470316000 0.958851984 -2.160719156 2.059173404 -0.032210644 0.013041547 0.045471152 0.998361040
14.570361000 0.955330614 -2.175622445 2.103829550 -0.034521792 0.020026591 0.048362644 0.998032182
14.670168000 0.949367103 -2.190066620 2.152049291 -0.034502221 0.027214739 0.051885194 0.997685763
14.769977000 0.942350983 -2.199255109 2.189598397 -0.034960650 0.035436095 0.053418067 0.997330711
14.869916000 0.937513878 -2.212995476 2.235337611 -0.039529339 0.042759504 0.055778868 0.996743585
14.970099000 0.927730384 -2.225433339 2.276201564 -0.052750103 0.049274562 0.056347407 0.995798380
15.070584000 0.919017342 -2.240494026 2.314356363 -0.060557141 0.053471463 0.057288105 0.995083769
15.171197000 0.910448148 -2.258980338 2.345152571 -0.065190292 0.056611473 0.057693516 0.994593799
15.271608000 0.900244819 -2.276812015 2.366386352 -0.067337654 0.061324479 0.057329465 0.994192276
15.371633000 0.891280715 -2.296795432 2.384637839 -0.065259945 0.065372963 0.064103826 0.993659003
15.471121000 0.879758368 -2.310248568 2.389913017 -0.060034553 0.066670394 0.082817730 0.992518078
15.570258000 0.862281696 -2.326175926 2.399995296 -0.054984333 0.073133640 0.089049265 0.991815720
15.669549000 0.846054893 -2.336998550 2.401409873 -0.054224283 0.081426560 0.094406160 0.990715357
15.769314000 0.824492942 -2.333718914 2.411070288 -0.056425352 0.090804141 0.097390102 0.989487724
15.869533000 0.802061948 -2.321554880 2.413479301 -0.057506281 0.100845574 0.100544211 0.988136660
15.970106000 0.775914294 -2.304695968 2.421495041 -0.060210725 0.110159770 0.104379201 0.986582220
16.070691000 0.743605407 -2.280470282 2.430098200 -0.062446649 0.115728981 0.108741452 0.985333708
16.171177000 0.708821287 -2.255703489 2.421252493 -0.059805474 0.121413207 0.102962400 0.985434362
16.271372000 0.669253354 -2.234559783 2.407996961 -0.050699449 0.127082344 0.092465279 0.986270661
16.371544000 0.627330893 -2.217944870 2.385159996 -0.043014527 0.130772629 0.086105953 0.986728957
16.471676000 0.585546533 -2.204031874 2.367986869 -0.038225097 0.132820132 0.083663968 0.986862703
16.571591000 0.542177301 -2.197497089 2.346061647 -0.036043707 0.134220976 0.082977830 0.986813184
16.671364000 0.500053090 -2.195328318 2.317888081 -0.034752973 0.135633402 0.082314631 0.986721902
16.771007000 0.457034972 -2.191683725 2.293169251 -0.030018559 0.136575981 0.083299138 0.986664655
16.870416000 0.415664579 -2.195937780 2.264789123 -0.027903788 0.137893638 0.085150377 0.986385389
16.969794000 0.373462425 -2.203330399 2.248384320 -0.027567333 0.139515469 0.087081709 0.985998099
17.069148000 0.329628322 -2.212568098 2.226979843 -0.027897534 0.141492542 0.088608753 0.985570940
17.168755000 0.286695348 -2.222889552 2.199790325 -0.028040562 0.143821325 0.090215057 0.985083954
17.268414000 0.243260312 -2.233842929 2.179906268 -0.028366947 0.146724556 0.090670541 0.984604527
17.368390000 0.200969191 -2.245134751 2.159119292 -0.028980571 0.148408512 0.092857807 0.984130310
17.468515000 0.158921023 -2.256040511 2.148775722 -0.032662502 0.140066725 0.111287725 0.983325743
17.568853000 0.123488492 -2.263021564 2.113369175 -0.032629329 0.135205075 0.111597256 0.983972036
17.669235000 0.067115611 -2.269528930 2.099884434 -0.032096847 0.132009074 0.102135681 0.985449998
17.769574000 0.009552746 -2.275718008 2.079678145 -0.032406638 0.129213440 0.091559000 0.986848847
17.869891000 -0.051338566 -2.278835704 2.068196543 -0.031203895 0.126191992 0.085643689 0.987809221
17.970157000 -0.099138115 -2.280285969 2.043688706 -0.032293575 0.120404755 0.081716929 0.988828683
18.070463000 -0.161288686 -2.279795777 2.036404302 -0.030901584 0.112611202 0.071293358 0.990596319
18.170873000 -0.225427778 -2.289427481 2.031266380 -0.048324582 0.111032489 0.035858125 0.991993304
18.271137000 -0.276016850 -2.291435274 2.016976095 -0.075523528 0.111566167 -0.006669051 0.990860591
18.371118000 -0.308789545 -2.291815882 2.000473106 -0.082187459 0.105794209 -0.024242762 0.990689202
18.470790000 -0.325879839 -2.289949803 1.982529532 -0.080631806 0.093857728 -0.020645685 0.992100295
18.570396000 -0.326727926 -2.289828466 1.956675442 -0.078053506 0.080010360 -0.011800857 0.993663289
18.670004000 -0.317673638 -2.290644345 1.927779698 -0.070934651 0.068001461 0.002118063 0.995158073
18.769538000 -0.295231988 -2.293018453 1.886707805 -0.055123857 0.056128483 0.026605349 0.996545588
18.869150000 -0.273181503 -2.304267747 1.842548295 -0.041179113 0.048046654 0.045030786 0.996979452
18.968958000 -0.249758590 -2.315659393 1.795186627 -0.038261761 0.044869110 0.051925447 0.996908496
19.068969000 -0.235016507 -2.327683362 1.747874377 -0.033648349 0.044158968 0.056489968 0.996858394
19.169051000 -0.216753858 -2.343600212 1.733775572 -0.033650267 0.044416235 0.057940121 0.996763663
19.269261000 -0.232097543 -2.356463735 1.727543922 -0.033181238 0.045442823 0.059142331 0.996662501
19.369589000 -0.245537237 -2.368524052 1.734328845 -0.033056977 0.047037707 0.060109951 0.996534738
19.469752000 -0.230856384 -2.372866853 1.700256689 -0.019739741 0.048121088 0.060833472 0.996791850
19.569611000 -0.213484024 -2.368601544 1.668160106 0.000664054 0.048430764 0.062346839 0.996878574
19.669091000 -0.201626146 -2.365182741 1.645160179 0.011006763 0.048793083 0.062646227 0.996781589
19.768578000 -0.193731253 -2.351647491 1.633329196 0.016312226 0.050615299 0.057656346 0.996919128
19.868147000 -0.186380697 -2.346380979 1.633393820 0.013628492 0.055522077 0.042007930 0.997480274
19.967863000 -0.177621562 -2.347616722 1.641090696 -0.002095458 0.062771783 0.020169487 0.997821880
