5.065643000 0.011366000 -0.014793000 0.000026000 -0.000193000 -0.001197000 -0.000721000 0.999999005
5.165951000 0.017837537 -0.001889358 -0.026006554 -0.000197830 -0.001349965 -0.000538841 0.999998924
5.266121000 0.036000894 0.010460498 -0.069033845 -0.000190587 -0.001399325 -0.000501040 0.999998877
5.366190000 0.037808061 0.015218205 -0.074589575 -0.000269414 -0.001822026 -0.000411173 0.999998219
5.466203000 0.030257552 0.030065924 -0.117219631 0.000305426 -0.003520743 -0.000470614 0.999993645
5.566125000 0.024231694 0.016379877 -0.089280775 0.000705617 -0.006953103 -0.001071011 0.999975004
5.666080000 0.021081981 0.001881878 -0.064994357 0.001545720 -0.015380889 -0.002666470 0.999876957
5.766098000 0.021452466 0.004592928 -0.065551549 0.001911640 -0.023620306 -0.004883111 0.999707248
5.866079000 0.019632415 0.000012016 -0.050085512 0.001988778 -0.030031807 -0.006458039 0.999526102
5.966076000 0.017235808 -0.001702490 -0.051795521 0.001734829 -0.038211109 -0.008903989 0.999228513
6.066371000 0.013994193 -0.008109417 -0.039334345 0.003680092 -0.045839211 -0.011154508 0.998879773
6.167130000 0.007390653 -0.024921252 -0.015007426 0.006354122 -0.051793508 -0.014073821 0.998538424
6.267914000 -0.004505836 -0.031039123 -0.077964603 0.009220067 -0.053352216 -0.011436751 0.998467692
6.368629000 -0.006613861 -0.044730420 -0.079197092 0.006560863 -0.055286137 -0.014088873 0.998349589
6.469516000 -0.012691253 -0.055483207 -0.109884561 0.005083185 -0.056264027 -0.016359146 0.998268951
6.570368000 -0.007564448 -0.096183187 -0.059682100 0.004355951 -0.055101631 -0.021682367 0.998235799
6.670993000 -0.010584803 -0.135200060 -0.046907841 0.001649526 -0.050449777 -0.036066853 0.998073785
6.771279000 -0.012401998 -0.180800178 -0.038110235 -0.001501343 -0.046748262 -0.041259747 0.998053094
6.871285000 -0.002528079 -0.222805039 -0.022081822 0.001107516 -0.047745858 -0.025256924 0.998539531
6.971115000 0.027130665 -0.277698230 0.044833382 0.001799001 -0.048335084 -0.014829240 0.998719469
7.070994000 0.043358926 -0.324299473 0.077785251 0.001459973 -0.048552055 -0.011805939 0.998749812
7.171136000 0.100552743 -0.392672005 0.201720818 0.000222985 -0.048688206 -0.009626650 0.998767609
7.271368000 0.060248737 -0.411726928 0.123349853 0.000656964 -0.048316797 -0.010579142 0.998775819
7.371613000 0.105419079 -0.482070192 0.232445914 -0.001126243 -0.047793739 -0.011020170 0.998795798
7.471789000 0.132335574 -0.546599096 0.309985089 -0.029063307 -0.047657175 -0.009654600 0.998394164
7.571761000 0.130993374 -0.583407054 0.324837042 -0.053932327 -0.047173653 -0.010242894 0.997377077
7.671541000 0.127383420 -0.609953386 0.337092827 -0.059743453 -0.045069432 -0.017027969 0.997050407
7.771162000 0.128522717 -0.636026603 0.330913384 -0.050940820 -0.044712510 -0.017477997 0.997547164
7.870738000 0.129971631 -0.655670490 0.310479085 -0.039379492 -0.045317960 -0.013775948 0.998101078
7.970470000 0.127444725 -0.678402721 0.289690510 -0.028005990 -0.045229005 -0.011508320 0.998517681
8.070540000 0.123890486 -0.697173073 0.264033472 -0.013048358 -0.044811579 -0.010617026 0.998853814
8.170917000 0.113244868 -0.716003479 0.234885282 -0.004321429 -0.044475470 -0.010370552 0.998947301
8.271215000 0.183291587 -0.757263748 0.351400307 -0.002420875 -0.044423609 -0.010157054 0.998958216
8.371414000 0.175244036 -0.777684581 0.324708348 0.002174695 -0.043209665 -0.016857768 0.998921424
8.471664000 0.160995527 -0.801018630 0.285508471 0.013289909 -0.039989634 -0.028086434 0.998716857
8.571804000 0.191026591 -0.863402583 0.418560043 0.022642862 -0.037273731 -0.038083293 0.998322409
8.671731000 0.212237695 -0.900728856 0.427039837 0.022749329 -0.037209965 -0.035857862 0.998404778
8.771611000 0.223739115 -0.937397769 0.437859211 0.023034401 -0.040285655 -0.023803076 0.998639022
8.871588000 0.244260221 -0.971121613 0.471411258 0.021264861 -0.042782298 -0.016243888 0.998725997
8.971692000 0.262425753 -1.004793354 0.500717421 0.019770446 -0.044001250 -0.012787292 0.998753976
9.071848000 0.274320210 -1.040871860 0.517472008 0.013853808 -0.044731630 -0.011556605 0.998836122
9.171938000 0.286557415 -1.081297678 0.526803611 0.014042326 -0.045308166 -0.011299656 0.998810443
9.271789000 0.291722210 -1.128273300 0.539997409 0.014537107 -0.045378506 -0.011575554 0.998797012
9.371429000 0.297137127 -1.176514591 0.555896075 0.018231178 -0.045006492 -0.012530096 0.998741727
9.471095000 0.303645176 -1.226286519 0.579054394 0.020022234 -0.045145785 -0.011531393 0.998713170
9.570960000 0.306684736 -1.276026099 0.608487237 0.014158803 -0.045335251 -0.011662399 0.998803400
9.670957000 0.307623299 -1.324264369 0.643441661 0.009347776 -0.045445446 -0.011561677 0.998856175
9.770914000 0.312227167 -1.372226353 0.679443751 0.009299922 -0.045130091 -0.011296868 0.998873950
9.870697000 0.312435370 -1.420767647 0.722150437 0.006676869 -0.043764729 -0.016333275 0.998886026
9.970450000 0.314291818 -1.469116687 0.758268842 0.004683820 -0.041260094 -0.025380974 0.998815034
10.070385000 0.314980033 -1.516947397 0.799607153 -0.000139274 -0.034810568 -0.046221820 0.998324470
10.170543000 0.322301963 -1.560625753 0.846781314 -0.004483955 -0.026527178 -0.073264078 0.996949637
10.270761000 0.335648289 -1.591890185 0.882823104 -0.006056373 -0.019215383 -0.092132544 0.995542909
10.370965000 0.365131144 -1.608514712 0.921878571 -0.006944301 -0.017389544 -0.083710584 0.996314167
10.471059000 0.412627765 -1.620369723 0.968392971 -0.004650324 -0.015974281 -0.066581813 0.997642250
10.570878000 0.467606394 -1.625821023 1.013376678 -0.002930588 -0.017611016 -0.042171150 0.998950879
10.670534000 0.530563772 -1.625388458 1.061913169 -0.003787993 -0.022850753 -0.017856348 0.999572231
10.770210000 0.591348872 -1.623766892 1.117978443 -0.003629119 -0.027030558 -0.008228740 0.999594151
10.869948000 0.652154509 -1.626489503 1.179807914 -0.003266311 -0.031401991 -0.005296885 0.999487463
10.969808000 0.708684502 -1.632403727 1.230171417 -0.003106411 -0.036265423 -0.005387775 0.999322841
11.069763000 0.762304434 -1.644141114 1.285781770 -0.002715742 -0.040649478 -0.006783646 0.999146749
11.169931000 0.810227194 -1.657501355 1.330930002 -0.002771077 -0.044528570 -0.008290113 0.998969870
11.269947000 0.861367121 -1.678013677 1.383135352 -0.002277137 -0.047481801 -0.009183155 0.998827294
11.369887000 0.905899733 -1.701967480 1.421555760 -0.001925492 -0.048309638 -0.009823203 0.998782247
11.469670000 0.952615471 -1.725501938 1.472410178 -0.002061449 -0.047766879 -0.009981901 0.998806506
11.569473000 0.991276613 -1.749857172 1.500263490 -0.002034205 -0.046405906 -0.008266541 0.998886389
11.669295000 1.033953289 -1.767273355 1.542933964 -0.006154202 -0.047650497 0.010408643 0.998790877
11.769154000 1.069537516 -1.781590730 1.596870586 -0.006878331 -0.042733262 0.011250242 0.998999494
11.869126000 1.096629770 -1.794816250 1.632447970 -0.005176917 -0.034895713 0.006504217 0.999356385
11.969080000 1.123246022 -1.803909259 1.685306328 -0.002998195 -0.026085753 0.001500989 0.999654086
12.069056000 1.146624890 -1.807900340 1.741339622 -0.002488361 -0.018645606 -0.000743818 0.999822782
12.169159000 1.169594803 -1.806783892 1.798267971 -0.008909712 -0.012897899 0.000049667 0.999877122
12.269086000 1.190216400 -1.805585003 1.852133992 -0.019943447 -0.009391659 -0.000201666 0.999756978
12.369185000 1.198789343 -1.790706373 1.897478368 -0.030124549 -0.007886420 0.000573431 0.999514876
12.469487000 1.216344497 -1.788846200 1.933942364 -0.019684127 -0.007420853 0.000202183 0.999778688
12.569817000 1.230256364 -1.790811892 1.963577482 -0.010746752 -0.007460796 0.000000083 0.999914418
12.670282000 1.245118442 -1.793637401 1.984749756 -0.005797409 -0.008007411 -0.000857575 0.999950767
12.770842000 1.259842634 -1.801150131 2.001961387 -0.003883845 -0.008763364 -0.000313021 0.999954010
12.871327000 1.269247244 -1.818348103 2.023279073 -0.004883769 -0.009976196 -0.000649601 0.999938099
12.971634000 1.278254781 -1.830225392 2.044555842 -0.004263212 -0.010173532 -0.000388722 0.999939085
13.071809000 1.285782763 -1.850684627 2.072326071 -0.004573021 -0.011429754 -0.000473201 0.999924109
13.171960000 1.295571230 -1.870912432 2.108172643 -0.004422407 -0.013193772 -0.001215245 0.999902440
13.271925000 1.298618598 -1.889453415 2.130761834 -0.004815016 -0.012828439 -0.010445080 0.999851563
13.371883000 1.317361509 -1.911030629 2.176834858 -0.003935123 -0.011887430 -0.017166798 0.999774227
13.471768000 1.329532955 -1.928783958 2.208015002 -0.001981866 -0.014522873 -0.007919885 0.999861207
13.571604000 1.341610350 -1.949623072 2.244530040 -0.002469858 -0.015289838 -0.004240884 0.999871059
13.671390000 1.351234630 -1.974694449 2.273906170 -0.001100688 -0.015079885 -0.001479643 0.999884591
13.771060000 1.355279740 -1.999254030 2.303933456 -0.001667142 -0.014318766 -0.000305749 0.999896045
13.870733000 1.367254211 -2.023108786 2.351548372 0.000071056 -0.012713346 -0.000075388 0.999919177
13.970369000 1.365032964 -2.046464435 2.366473420 0.006216841 -0.011027644 0.001085215 0.999919279
14.070028000 1.366694447 -2.069344197 2.393565520 0.010496022 -0.007788078 0.000831975 0.999914240
14.169973000 1.367152121 -2.096876225 2.422104884 0.012221180 -0.004500191 0.002364561 0.999912396
14.270000000 1.367254506 -2.122397109 2.466508515 0.008187717 -0.000064382 0.003773384 0.999959359
14.370138000 1.367307677 -2.143359893 2.511803024 0.001263624 0.005630060 0.005955292 0.999965619
14.470316000 1.364957458 -2.163318557 2.555780898 -0.001105231 0.011917646 0.006892115 0.999904619
14.570361000 1.362293949 -2.177161513 2.607100820 -0.003687060 0.018897452 0.009575234 0.999768777
14.670168000 1.356846648 -2.190445736 2.662411429 -0.003948521 0.026189122 0.012879834 0.999566230
14.769977000 1.349760804 -2.198684056 2.705349617 -0.004729769 0.034431685 0.014165560 0.999295464
14.869916000 1.345518411 -2.211258458 2.757813059 -0.009588140 0.041646759 0.016320799 0.998953075
14.970099000 1.335602641 -2.223143925 2.804727027 -0.023070709 0.047667736 0.016736542 0.998456518
15.070584000 1.327115431 -2.238072500 2.848772940 -0.031049852 0.051591742 0.017581213 0.998030611
15.171197000 1.319083281 -2.257355356 2.884781941 -0.035812233 0.054564263 0.017911851 0.997707067
15.271608000 1.309155587 -2.276724929 2.909995104 -0.038150218 0.059178449 0.017417691 0.997366079
15.371633000 1.300805512 -2.298614075 2.931998520 -0.036237711 0.063515830 0.024073616 0.997032110
15.471121000 1.289014119 -2.314321009 2.938953522 -0.031079743 0.065603401 0.042760300 0.996444580
15.570258000 1.270744081 -2.332973278 2.951526338 -0.026296712 0.072449267 0.048800423 0.995830360
15.669549000 1.253437088 -2.346408487 2.953977864 -0.025882208 0.080931523 0.053930090 0.994922985
15.769314000 1.228920126 -2.343895399 2.964736523 -0.028473767 0.090309230 0.056664251 0.993892675
15.869533000 1.202659150 -2.332006539 2.966711237 -0.029975606 0.100398312 0.059550664 0.992711116
15.970106000 1.171817322 -2.314771373 2.974682078 -0.033076694 0.109720759 0.063149976 0.991402727
16.070691000 1.133415418 -2.289759946 2.982826143 -0.035556371 0.115336969 0.067381771 0.990400336
16.171177000 1.092180425 -2.265596217 2.971314180 -0.033140092 0.120932643 0.061423137 0.990204135
16.271372000 1.045879270 -2.246222021 2.955124947 -0.024249322 0.126610462 0.050716103 0.990358338
16.371544000 0.997319384 -2.232812640 2.928490340 -0.016708775 0.130388622 0.044220535 0.990335382
16.471676000 0.949148870 -2.222019298 2.908419022 -0.012002471 0.132539407 0.041705538 0.990227193
16.571591000 0.899831403 -2.219977380 2.883533604 -0.009879763 0.134000306 0.040975064 0.990084518
16.671364000 0.852288055 -2.223170994 2.851920880 -0.008648347 0.135439514 0.040269902 0.989929128
16.771007000 0.803613592 -2.224539970 2.824095440 -0.003956290 0.136593010 0.041219421 0.989761414
16.870416000 0.757470876 -2.234888668 2.792701726 -0.001900856 0.138048651 0.043034698 0.989488237
16.969794000 0.710666492 -2.247977393 2.775008829 -0.001636479 0.139742800 0.044926835 0.989166746
17.069148000 0.662185477 -2.263632093 2.751830979 -0.002053304 0.141753571 0.046406370 0.988811488
17.168755000 0.614809359 -2.280836843 2.722216164 -0.002298411 0.144125353 0.047956010 0.988394062
17.268414000 0.566925092 -2.298273683 2.700868396 -0.002749877 0.147027543 0.048338070 0.987946745
17.368390000 0.520355586 -2.316056121 2.678522273 -0.003439191 0.148755623 0.050488436 0.987578278
17.468515000 0.474028416 -2.332641273 2.667897238 -0.006798973 0.140866018 0.069194510 0.987584254
17.568853000 0.434793415 -2.346038788 2.628757873 -0.006559245 0.136020534 0.069632333 0.988234147
17.669235000 0.371984848 -2.359144808 2.614367986 -0.005871071 0.132548299 0.060226065 0.989327701
17.769574000 0.307809647 -2.372474478 2.592399871 -0.006043396 0.129408667 0.049697558 0.990326727
17.869891000 0.239630581 -2.382023799 2.580048875 -0.004704129 0.126248972 0.043846585 0.991017934
17.970157000 0.186020540 -2.389504264 2.552849447 -0.005544290 0.120301955 0.040069748 0.991912857
18.070463000 0.116116176 -2.394815740 2.544971886 -0.003814084 0.112239933 0.029835549 0.993225800
18.170873000 0.044849173 -2.411500226 2.540238756 -0.021157799 0.108877279 -0.005536785 0.993814585
18.271137000 -0.011845950 -2.419118701 2.524590474 -0.048435315 0.107030344 -0.047949477 0.991917019
18.371118000 -0.048655283 -2.423537651 2.506236073 -0.054898965 0.100456478 -0.065304130 0.991276939
18.470790000 -0.068030711 -2.424190610 2.486012430 -0.052839799 0.088705784 -0.061390778 0.992758990
18.570396000 -0.069000656 -2.425967572 2.456920242 -0.049674528 0.075251034 -0.052182977 0.994558525
18.670004000 -0.058759817 -2.428161123 2.424416164 -0.042040030 0.063966225 -0.037968698 0.996342981
18.769538000 -0.033339576 -2.431818478 2.378247262 -0.025718977 0.053482984 -0.013210661 0.998150080
18.869150000 -0.007595131 -2.445685487 2.329236392 -0.011444621 0.046524879 0.005412246 0.998836906
18.968958000 0.019703489 -2.459822119 2.276625086 -0.008402602 0.043680396 0.012397578 0.998933291
19.068969000 0.037298906 -2.475410846 2.224163533 -0.003763308 0.043291541 0.016974748 0.998911176
19.169051000 0.059194969 -2.492700013 2.209326578 -0.003776140 0.043594305 0.018418622 0.998872380
19.269261000 0.043054643 -2.508893025 2.203315132 -0.003348532 0.044675625 0.019590209 0.998803834
19.369589000 0.028988420 -2.523094854 2.211880813 -0.003288135 0.046303998 0.020511029 0.998711383
19.469752000 0.045856421 -2.529129672 2.173771045 0.009980384 0.047917480 0.021172150 0.998577011
19.569611000 0.065008663 -2.525135840 2.137257975 0.030351978 0.049054179 0.022643759 0.998078006
19.669091000 0.078037458 -2.521918232 2.111070906 0.040665454 0.049820890 0.022921463 0.997666681
19.768578000 0.085742761 -2.506897635 2.096754749 0.045892538 0.051685979 0.017867989 0.997448329
19.868147000 0.093551442 -2.500353108 2.096412068 0.043021731 0.055989619 0.002066059 0.997501892
19.967863000 0.103505463 -2.500438550 2.105109751 0.027022144 0.061939908 -0.019966696 0.997514202
