1750921983.200000048 0.196895974 0.206622888 0.447811985 0.046944234 -0.671926963 0.035953244 0.738253181 -0.320105263 -0.060081666 -1.670194963
1750921983.299999952 0.350480707 0.219345918 0.407459711 0.046813224 -0.628080744 0.033576252 0.776012717 -0.011745069 0.048615630 -1.660535274
1750921983.400000095 0.513753557 0.224269982 0.332642358 0.048492918 -0.576900914 0.034534783 0.814641713 -0.396906626 -0.265053662 -1.618120215
1750921983.500000000 0.654675359 0.236885596 0.258171393 0.044278619 -0.527066033 0.031648423 0.848079700 -0.321958725 -0.195290148 -1.647770256
1750921983.599999905 0.775441404 0.246958399 0.167582578 0.044279365 -0.479541314 0.030535024 0.875869327 -0.092445895 0.027704667 -1.639684963
1750921983.700000048 0.920981439 0.254411354 0.053381335 0.046922778 -0.420507794 0.031395128 0.905530670 -0.144611091 -0.099202403 -1.596629615
1750921983.799998999 1.018081804 0.266904651 -0.066066530 0.047918324 -0.371562144 0.030140864 0.926680601 -0.145215688 -0.052393189 -1.672308339
1750921983.899998903 1.104636979 0.275250169 -0.196382420 0.046060292 -0.323953178 0.031279705 0.944433358 -0.144427158 -0.131040905 -1.650215607
1750921983.999999046 1.187680534 0.283394220 -0.353696681 0.047918198 -0.271244270 0.029358720 0.960868595 -0.176637834 -0.107354308 -1.702539261
1750921984.099998951 1.247370221 0.291991040 -0.498647452 0.046538791 -0.225807445 0.029188000 0.972621817 -0.182419259 -0.129609878 -1.652450208
1750921984.199999094 1.290200541 0.299255718 -0.644806980 0.046909325 -0.180130803 0.028215934 0.982118257 -0.220145977 -0.143522814 -1.633941097
1750921984.299998999 1.325508460 0.304579049 -0.826967165 0.044753435 -0.128125610 0.026993903 0.990379870 -0.208567584 -0.175412237 -1.760396750
1750921984.399998903 1.339953583 0.314273400 -0.972393670 0.043016456 -0.080398330 0.026516519 0.995481073 -0.139035339 0.079174068 -1.609627100
1750921984.499999046 1.340430433 0.322510045 -1.127454647 0.043545606 -0.029549040 0.024549224 0.998312561 -0.146706813 0.041293766 -1.370344265
1750921984.599998951 1.313396812 0.335178238 -1.292832609 0.043150141 0.030717387 0.024943413 0.998284696 -0.214525222 -0.201050020 -1.785074817
1750921984.699999094 1.271515525 0.343198225 -1.453344053 0.041548270 0.083403018 0.024743787 0.995341862 -0.103856870 -0.137822932 -1.674295344
1750921984.799998999 1.242858468 0.359547193 -1.595350915 0.031278969 0.142237961 0.024091755 0.989044779 -0.080539716 0.192944396 -1.780962658
1750921984.899997950 1.169586318 0.375269442 -1.709952268 0.021133589 0.201660307 0.025233964 0.978902313 -0.152356216 -0.039385783 -1.439311938
1750921984.999998093 1.080355722 0.365117926 -1.852684866 0.020465048 0.256297241 0.021784765 0.966135772 -0.037684967 0.016254812 -1.546293199
1750921985.099997997 0.981201371 0.357190561 -1.972663911 0.019067713 0.310529572 0.020661957 0.950147826 -0.164426076 -0.187455101 -1.738921407
1750921985.199997902 0.855741217 0.350619897 -2.101432266 0.013952384 0.370450345 0.017395109 0.928584559 -0.109426878 -0.091191034 -1.684845341
1750921985.299998045 0.728062855 0.343524661 -2.189790138 0.012612799 0.420904923 0.013902396 0.906910518 -0.273302144 -0.123769449 -1.467383829
1750921985.399997950 0.597638842 0.322171614 -2.269259915 0.010160046 0.472746430 0.010283656 0.881079924 -0.099763857 -0.029206365 -1.604957332
1750921985.499998093 0.452883777 0.307831171 -2.341826360 0.009084232 0.528086576 0.006400920 0.849117820 -0.107133617 -0.167845362 -1.592095536
1750921985.599997997 0.316672840 0.302167638 -2.391943798 0.006429570 0.574423808 0.002490241 0.818529014 -0.049129329 0.010151598 -1.518827283
1750921985.699997902 0.170987307 0.287051776 -2.426493351 0.004285373 0.618979833 0.000111207 0.785395180 -0.028965263 -0.221879057 -1.548669003
1750921985.799998045 -0.001271726 0.285880562 -2.433569458 0.000895535 0.665721761 0.000284075 0.746199473 -0.127282939 -0.083948845 -1.501792502
1750921985.899996996 -0.157616616 0.280135739 -2.429408268 -0.001202170 0.705775993 0.000078856 0.708434045 0.038892094 -0.056865362 -1.639249534
1750921985.999996901 -0.315278089 0.274829286 -2.397007781 -0.001664709 0.741488795 -0.000911896 0.670962565 -0.247439812 0.009957337 -1.687293787
1750921986.099997044 -0.496033982 0.266713403 -2.345564511 -0.004819613 0.782180128 -0.002363016 0.623029240 -0.179356513 -0.146762995 -1.689054416
1750921986.199996948 -0.647132759 0.255769041 -2.277870844 -0.004707251 0.815182935 -0.004002621 0.579170617 -0.097058434 -0.051729626 -1.666490523
1750921986.299997091 -0.797799858 0.240013409 -2.197376435 -0.005863385 0.845867755 -0.008874880 0.533286601 -0.089845048 -0.102491557 -1.685974262
1750921986.399996996 -0.946164366 0.224114142 -2.094360207 -0.009245302 0.877698046 -0.013790071 0.478926402 -0.274677555 -0.348930062 -1.654810584
1750921986.499996901 -1.062736570 0.220489004 -1.991622385 -0.012736543 0.903582587 -0.015641098 0.427938833 -0.252299176 -0.066804312 -1.640506940
1750921986.599997044 -1.161307149 0.212211351 -1.872264626 -0.013989339 0.925127058 -0.015448902 0.379085156 -0.171897645 -0.140031825 -1.738785106
1750921986.699996948 -1.271634192 0.209602163 -1.724176131 -0.018343299 0.947016388 -0.013341149 0.320383360 -0.137064127 -0.004416986 -1.703787925
1750921986.799997091 -1.347744376 0.208248860 -1.585037128 -0.019809755 0.963488703 -0.017444284 0.266444721 -0.218358178 -0.075839536 -1.593167349
1750921986.899996996 -1.408664365 0.200680115 -1.432540958 -0.021619626 0.976935457 -0.018882038 0.211596724 -0.212034112 -0.165486458 -1.765844081
1750921986.999995947 -1.458400668 0.196823033 -1.254894161 -0.021892623 0.988264420 -0.018695703 0.150015400 -0.174457480 -0.163768732 -1.747808417
1750921987.099996090 -1.486719812 0.191760158 -1.091592109 -0.026395095 0.994980317 -0.017110733 0.094998371 -0.233348243 -0.100071201 -1.459533888
1750921987.199995995 -1.498824807 0.187599747 -0.907548627 -0.027715383 0.998627459 -0.019953613 0.039710304 -0.201620516 -0.092176811 -1.628924025
1750921987.299995899 -1.484730144 0.188183077 -0.732570495 -0.029881901 0.999065266 -0.020694458 -0.023396686 -0.100152764 -0.071649253 -1.919632865
1750921987.399996042 -1.436613372 0.178034941 -0.568660574 -0.032218437 0.996234076 -0.021555517 -0.077556417 -0.486161977 -0.022098959 -1.700041834
1750921987.499995947 -1.387084730 0.188289594 -0.421786676 -0.031946843 0.990262406 -0.018489354 -0.134230811 -0.088629413 -0.114190644 -1.464316747
1750921987.599996090 -1.327943071 0.222179149 -0.222526113 -0.034957365 0.978857311 -0.020404864 -0.200499350 0.291327088 0.091265311 -1.560097730
1750921987.699995995 -1.199566333 0.211951175 -0.051523563 -0.037950129 0.966085066 -0.022326668 -0.254442437 -0.110539891 -0.918759295 -2.019581452
1750921987.799995899 -1.110080772 0.206016269 0.045540890 -0.039433866 0.950362256 -0.028177660 -0.307347641 0.132740186 0.069442894 -1.403094554
1750921987.899996042 -0.992933927 0.216818017 0.172399671 -0.039981052 0.929740174 -0.030374084 -0.364776834 0.077787874 0.151243944 -1.567000249
1750921987.999994993 -0.882836412 0.235180025 0.278445793 -0.039955095 0.907907963 -0.030463330 -0.416147457 0.618941451 0.049331081 -1.420337342
1750921988.099994898 -0.703371092 0.237138772 0.342936751 -0.042204461 0.886349861 -0.033411553 -0.459876479 -0.862637797 -0.052339993 -1.903669401
1750921988.199995041 -0.527472001 0.226031798 0.427873796 0.045160018 -0.856617000 0.035116308 0.512771619 -0.425802758 0.038037943 -1.650483730
1750921988.299994946 -0.374416985 0.235118251 0.491396356 0.045623889 -0.826399860 0.037141896 0.560001975 -0.110296827 -0.172472448 -1.796873625
1750921988.399995089 -0.210865063 0.249948113 0.536986543 0.045806181 -0.793483298 0.036108979 0.605790551 -0.167496000 -0.170785694 -1.760687757
1750921988.499994993 -0.021944840 0.261135309 0.547518978 0.041344905 -0.757947006 0.033566955 0.650138597 -0.289779710 -0.157985945 -1.815482046
1750921988.599994898 0.143227314 0.218681080 0.544947160 0.058368645 -0.722420226 0.040033525 0.687822241 -0.213630624 0.367789147 -1.591557604
1750921988.699995041 0.314635814 0.281907279 0.568061726 0.038743938 -0.671260903 0.027979879 0.739678872 0.147013096 -0.041053488 -1.815630940
1750921988.799994946 0.493271280 0.300092133 0.520478661 0.039442511 -0.621738436 0.028151950 0.781724423 -0.079211137 0.190802863 -1.730507051
1750921988.899995089 0.664672192 0.300780813 0.472060742 0.039245780 -0.571166373 0.024772548 0.819521240 0.172670258 -0.217663969 -1.916963596
1750921988.999994993 0.821702511 0.306945738 0.393662604 0.039665268 -0.522539130 0.023289631 0.851373665 -0.052515904 -0.244285629 -2.024864262
1750921989.099993944 0.984394770 0.309843439 0.276110458 0.041588384 -0.472719524 0.028753311 0.879761278 -0.097605917 0.138664142 -1.821756839
1750921989.199994087 1.126128078 0.323951760 0.157824203 0.039613663 -0.422711935 0.027871948 0.904968802 -0.149426115 -0.207187205 -1.929330760
1750921989.299993992 1.241205056 0.333879605 0.036370576 0.038681953 -0.374628016 0.026783398 0.925980672 -0.140507786 -0.069587453 -1.815040127
1750921989.399993896 1.360355502 0.338332961 -0.124533171 0.037673535 -0.317289436 0.024187568 0.947271387 -0.099227719 -0.144455781 -1.743643505
1750921989.499994040 1.455502531 0.346168662 -0.274728447 0.037198879 -0.263881508 0.020525102 0.963618967 -0.112025209 -0.086036733 -1.791070269
1750921989.599993944 1.517324974 0.348275290 -0.424828542 0.037566774 -0.212459989 0.020279974 0.976236761 -0.236396250 -0.126695216 -1.486191814
1750921989.699994087 1.580943085 0.356676469 -0.610877483 0.037936422 -0.151303733 0.019224882 0.987571978 -0.113027975 -0.110100303 -1.808514002
1750921989.799993992 1.603368796 0.357674569 -0.775853002 0.036380843 -0.099713971 0.019941532 0.994150840 -0.154123641 -0.085096162 -1.748590915
1750921989.899993896 1.621856659 0.358658304 -0.943597090 0.035885178 -0.044707951 0.018011226 0.998192892 -0.261037227 -0.070878084 -1.768992423
1750921989.999994040 1.596728930 0.359329675 -1.129123737 0.039974263 0.017944749 0.018410759 0.998869906 -0.166484882 -0.353239889 -1.966591728
1750921990.099992990 1.578734890 0.368408345 -1.296038721 0.039389861 0.078737174 0.017042604 0.995971107 -0.220360649 0.027964760 -1.607495751
1750921990.199992895 1.506442501 0.391916602 -1.420931516 0.028393825 0.128846423 0.015711377 0.991133464 -0.524364688 -0.516292772 -1.454442791
1750921990.299993038 1.445417120 0.399955845 -1.593309077 0.024861603 0.190759869 0.014996906 0.981207249 0.081158350 0.158237433 -1.533220227
1750921990.399992943 1.361213206 0.395469780 -1.741324692 0.023387372 0.238606768 0.011751709 0.970763482 -0.112836354 -0.143452567 -1.708688905
1750921990.499993086 1.263567717 0.403166673 -1.875352870 0.015997059 0.284732106 0.010040800 0.958421048 -0.119356699 0.005839349 -1.763821880
1750921990.599992990 1.129021959 0.381255768 -2.017570298 0.015640845 0.334256555 0.008075389 0.942317732 0.057785306 -0.038633693 -1.869378949
1750921990.699992895 0.997691561 0.367307961 -2.145672426 0.014595565 0.380325637 0.005250673 0.924722558 -0.194263974 -0.174259867 -1.832021242
1750921990.799993038 0.861696575 0.362649744 -2.237671621 0.014181171 0.422430591 0.003921983 0.906275846 -0.111704507 -0.063623670 -1.814090149
1750921990.899992943 0.683458257 0.350484548 -2.348433286 0.012436003 0.467725359 -0.001075593 0.883785708 -0.143715662 0.030024861 -1.841607863
1750921990.999993086 0.544288572 0.353022427 -2.426925238 0.011828010 0.508891160 -0.004587858 0.860737380 0.099821976 -0.070790480 -1.886388108
1750921991.099992990 0.356882776 0.326252877 -2.504581906 0.007962096 0.549757597 -0.011887971 0.835201692 0.159792918 -0.021877193 -1.937477941
1750921991.199991941 0.165845459 0.301158359 -2.528543273 0.012690220 0.590677980 -0.015208248 0.806664237 -0.590023599 -0.159780719 -1.726859891
1750921991.299992085 0.011189044 0.321232077 -2.559648422 0.006832275 0.632649500 -0.013036443 0.774298380 -0.116735741 -0.000045720 -1.841076367
1750921991.399991989 -0.175679168 0.309233092 -2.552826276 0.007031051 0.671814350 -0.013833301 0.740557009 0.316845503 0.040902173 -1.956767891
1750921991.499991894 -0.372731770 0.307451034 -2.568519223 0.005872278 0.721961214 -0.017727262 0.691681477 -0.405141745 -0.407103840 -1.952385049
1750921991.599992037 -0.535440221 0.297138188 -2.512868580 0.003925711 0.757554429 -0.016508626 0.652551409 -0.228840552 -0.036572316 -1.819940297
1750921991.699991941 -0.693029253 0.291634494 -2.450066230 0.003209114 0.791546901 -0.016640360 0.610873394 -0.399592797 0.014656805 -1.614133538
1750921991.799992085 -0.865873236 0.289719606 -2.382664103 0.002485045 0.830728195 -0.020760005 0.556285460 -0.105461158 -0.164159340 -1.724196529
1750921991.899991989 -0.997417088 0.282500635 -2.283111476 0.003216772 0.858394387 -0.023919774 0.512422261 -0.176503246 -0.131021979 -1.769054545
1750921991.999991894 -1.120455102 0.282665094 -2.181413482 0.002260989 0.884781770 -0.024722662 0.465343848 -0.179329396 -0.115239470 -1.719883963
1750921992.099992037 -1.244051035 0.283653333 -2.048187378 -0.000305970 0.911124939 -0.024846264 0.411380499 -0.145448432 -0.080539536 -1.688375052
1750921992.199990988 -1.340721658 0.278997489 -1.922232319 -0.001813399 0.932046884 -0.025842000 0.361410443 -0.174165122 -0.203250906 -1.680567361
1750921992.299990892 -1.416528187 0.282731753 -1.794896835 -0.002729534 0.950399179 -0.028023016 0.309755809 -0.153623604 -0.115493212 -1.671721688
1750921992.399991035 -1.497940293 0.276687981 -1.634253405 -0.003890728 0.967984052 -0.029361416 0.249258188 -0.116946022 -0.145505703 -1.703101577
1750921992.499990940 -1.549907230 0.279171163 -1.481728110 -0.005540740 0.980210309 -0.026982008 0.196033215 -0.268165219 -0.181176476 -1.812039622
1750921992.599991083 -1.580584340 0.273043875 -1.331452339 -0.007659996 0.989335100 -0.022025991 0.143778442 -0.395987456 -0.076841030 -1.487441459
1750921992.699990988 -1.602867920 0.273676824 -1.141368486 -0.007525077 0.996420678 -0.025097413 0.080369929 -0.214552852 -0.155117879 -1.665637091
1750921992.799990892 -1.596588078 0.279544015 -0.998073738 -0.012758842 0.999248870 -0.025578225 0.026166062 -0.025562339 -0.063373294 -1.739935764
1750921992.899991035 -1.574725775 0.278461742 -0.817575496 -0.014660454 0.999185294 -0.024611497 -0.028426999 -0.224659799 0.043975963 -1.650229487
1750921992.999990940 -1.534239877 0.276870259 -0.647576685 -0.015792170 0.995518064 -0.022017339 -0.090607003 -0.277071028 -0.086526772 -1.668915921
1750921993.099991083 -1.461549516 0.265924780 -0.499072617 -0.016277777 0.989126102 -0.023597656 -0.144248876 -0.016489289 0.024439644 -1.490445808
1750921993.199990988 -1.397301622 0.272275473 -0.334700111 -0.015444848 0.979166376 -0.023922958 -0.201053120 0.225437014 0.418135180 -1.347158813
1750921993.299989939 -1.289109674 0.273553781 -0.155325894 -0.018161025 0.964558226 -0.023770907 -0.262168932 -0.716784054 0.196713020 -1.953765271
1750921993.399990082 -1.166365343 0.273844624 -0.069470458 -0.021462537 0.949376106 -0.028185463 -0.312137706 -0.284092625 -0.170587386 -1.601940811
1750921993.499989986 -1.082934624 0.287979590 0.026246983 -0.020693654 0.930669180 -0.029282992 -0.364100476 -0.122865165 -0.004527795 -1.620240557
1750921993.599989891 -0.895465228 0.277729166 0.137657932 -0.024835460 0.907464304 -0.031714481 -0.418193650 -0.458945181 -0.258491294 -1.952068257
1750921993.699990034 -0.769985429 0.287443975 0.210119637 -0.021654907 0.883827318 -0.030618880 -0.466307646 -0.179671744 0.201319566 -1.388802757
1750921993.799989939 -0.625432718 0.290316695 0.276038474 0.022468152 -0.856675938 0.031129033 0.514424439 0.114703727 -0.146503383 -1.534787532
1750921993.899990082 -0.452623958 0.298067120 0.339299021 0.021194582 -0.821872825 0.029098007 0.568532458 -0.247026685 -0.194329117 -1.668337758
1750921993.999989986 -0.298828785 0.299576720 0.357288760 0.021069442 -0.790646207 0.030670235 0.611141547 -0.235861303 -0.008152140 -1.598802827
1750921994.099989891 -0.136468129 0.297811144 0.376073175 0.020684724 -0.754921519 0.027776173 0.654900089 -0.328055191 -0.216960376 -1.784626609
1750921994.199990034 0.040353923 0.310176333 0.366138893 0.018306972 -0.713101437 0.024656224 0.700387940 -0.342401744 0.065105181 -1.578102599
1750921994.299988985 0.201083408 0.307460589 0.342897155 0.018040249 -0.672679348 0.023439821 0.739342694 -0.331266644 -0.196801546 -1.618354884
1750921994.399988890 0.352895057 0.314824561 0.292459710 0.020875250 -0.632309867 0.021994462 0.774121890 -0.284053763 -0.131157165 -1.663383668
1750921994.499989033 0.513505638 0.303483867 0.218849089 0.022665869 -0.583183117 0.019231460 0.811796688 -0.337640316 -0.292408530 -1.703397710
1750921994.599988937 0.639423114 0.306762326 0.148331780 0.023348952 -0.537299506 0.016909148 0.842898658 -0.262635730 -0.125288429 -1.400227153
1750921994.699989080 0.756860170 0.309498455 0.069543110 0.024531217 -0.488102477 0.015693647 0.872300350 -0.224441674 -0.160858287 -1.503800381
1750921994.799988985 0.864654236 0.315892400 -0.038325668 0.025164608 -0.434410612 0.012035643 0.900282903 -0.233365230 0.044840962 -1.406907644
1750921994.899988890 0.955560336 0.314464882 -0.152408996 0.026563771 -0.385920260 0.010339712 0.922091649 -0.142141764 -0.015818269 -1.511116480
1750921994.999989033 1.034404311 0.319804016 -0.269000200 0.026917512 -0.336874788 0.008914111 0.941122396 -0.147419367 -0.084501400 -1.491927506
1750921995.099988937 1.104577747 0.315985187 -0.412443846 0.028318443 -0.284113289 0.009452743 0.958325806 -0.256614926 -0.109861055 -1.493855454
1750921995.199989080 1.159538623 0.317518807 -0.545952097 0.027169674 -0.236789710 0.007201313 0.971154253 -0.176514103 -0.026539409 -1.505324554
1750921995.299988985 1.210462326 0.312566058 -0.688023740 0.029110121 -0.188090496 0.005927349 0.981702314 -0.244365941 -0.213403878 -1.630189919
1750921995.399987936 1.248695870 0.314308726 -0.855292324 0.032312217 -0.132852125 0.004677365 0.990597979 -0.100201013 -0.052418729 -1.560847183
1750921995.499988079 1.262751597 0.314431573 -1.005848516 0.031727280 -0.082681339 0.004140034 0.996062265 -0.168571514 -0.105941739 -1.658055847
1750921995.599987984 1.265853288 0.323306643 -1.167408793 0.028620585 -0.030458536 0.001809858 0.999124549 -0.144854324 0.099388388 -1.477538991
1750921995.699987888 1.241519560 0.335347314 -1.331420823 0.025085900 0.030033473 -0.000253196 0.999234019 -0.467487778 0.041027481 -1.518494368
1750921995.799988031 1.216553264 0.356497477 -1.491804304 0.019819520 0.087361798 -0.002942079 0.995975124 -0.237928647 -0.120029749 -1.717943966
1750921995.899987936 1.160976444 0.356115438 -1.648331461 0.018442701 0.143436017 -0.003084826 0.989482925 -0.138037292 -0.085377816 -1.744606405
1750921995.999988079 1.076693809 0.342215662 -1.825430538 0.019576091 0.209058729 -0.006582312 0.977684968 -0.110704295 -0.187420044 -1.773011686
1750921996.099987984 0.988831749 0.339728032 -1.974236370 0.017929321 0.268034340 -0.008273175 0.963206980 -0.207689210 -0.023515852 -1.578575261
1750921996.199987888 0.889853464 0.333005141 -2.090280570 0.016973414 0.325483999 -0.012004178 0.945318978 -0.066260479 -0.157875812 -1.630396600
1750921996.299988031 0.765912793 0.328764159 -2.220614662 0.015894518 0.390270838 -0.016241441 0.920419607 0.005788433 -0.137995974 -1.668147502
1750921996.399986982 0.639803435 0.323968004 -2.323523446 0.014014794 0.446550282 -0.020671595 0.894409927 -0.037306250 -0.103494682 -1.675956097
1750921996.499986887 0.510735924 0.321624240 -2.410374619 0.013179351 0.499152934 -0.024477605 0.866067838 -0.008800097 -0.159534224 -1.649685555
1750921996.599987030 0.338882552 0.306322697 -2.482907501 0.011623347 0.551741502 -0.025831281 0.833534017 -0.175447289 -0.253538409 -1.614792343
1750921996.699986935 0.195498111 0.299800019 -2.528573661 0.017684689 0.596868793 -0.030300053 0.801571458 -0.173178927 -0.215171097 -1.620106187
1750921996.799987078 0.040909652 0.295359851 -2.548063830 0.018443470 0.638786384 -0.029845395 0.768583792 -0.023174002 -0.039297377 -1.725462708
1750921996.899986982 -0.151231993 0.300250482 -2.570238948 0.016752897 0.686683260 -0.032524463 0.726035536 -0.010737552 -0.311053210 -1.816738483
1750921996.999986887 -0.300561284 0.317623386 -2.550717043 0.014833487 0.724490943 -0.028463702 0.688536607 -0.135561479 -0.087993465 -1.650624924
1750921997.099987030 -0.497470272 0.303149932 -2.554613531 0.013806377 0.767499577 -0.031329324 0.640134562 0.054532128 -0.231991839 -1.866760942
1750921997.199986935 -0.667739255 0.313569079 -2.493399916 0.009823848 0.804189135 -0.032613882 0.593396716 -0.387693487 -0.032502022 -1.740599458
1750921997.299987078 -0.836796396 0.303353791 -2.431643433 0.013557566 0.837450092 -0.036329976 0.545136377 0.006293800 -0.312061177 -1.872428169
1750921997.399986982 -0.981247478 0.308572604 -2.338660574 0.014909439 0.865660254 -0.037897555 0.498972753 -0.256343975 -0.168136859 -1.775804432
1750921997.499985933 -1.132010776 0.319244915 -2.214262324 0.013989627 0.894881094 -0.035727044 0.444652332 -0.179277048 -0.095018750 -1.860423038
1750921997.599986076 -1.253650741 0.331998626 -2.096676039 0.009131560 0.919324210 -0.034960281 0.391838475 -0.209842438 -0.056133350 -1.681313796
1750921997.699985981 -1.363463211 0.334348253 -1.960988936 0.008269011 0.940432674 -0.035135866 0.338058397 -0.070431635 -0.079945185 -1.746648928
1750921997.799985886 -1.466094957 0.336306434 -1.801377370 0.006682679 0.960685225 -0.035838674 0.275235954 -0.152554987 -0.168907370 -1.798514203
1750921997.899986029 -1.535650642 0.329808867 -1.645780673 0.010114431 0.975039972 -0.035442610 0.218948788 -0.102395267 -0.161592471 -1.784374147
1750921997.999985933 -1.600513369 0.337706667 -1.483362223 0.003895688 0.986520339 -0.030699536 0.160685975 -0.189834333 -0.105520300 -1.736899739
1750921998.099986076 -1.621998551 0.329189111 -1.319459847 0.003303755 0.994569443 -0.028976133 0.099905412 -0.036535009 0.017626186 -1.794263038
1750921998.199985981 -1.645492831 0.343278893 -1.118082314 -0.001453441 0.998754764 -0.028440139 0.040963010 -0.062993654 -0.016725221 -2.170595740
1750921998.299985886 -1.638014372 0.346683392 -0.965013011 -0.004017921 0.999389638 -0.029842887 -0.017709061 -0.112447123 -0.077846039 -1.431235468
1750921998.399986029 -1.613991932 0.328241578 -0.759289102 -0.006743702 0.996120719 -0.026714026 -0.083572707 0.363246119 -0.568878070 -3.276614203
1750921998.499984980 -1.563743847 0.327129044 -0.599932876 -0.006482544 0.989789966 -0.027020495 -0.139798760 -0.129718142 0.206379943 -1.823394486
1750921998.599984884 -1.471059348 0.316100630 -0.430870967 -0.009679773 0.980402849 -0.028753378 -0.194653024 -0.414711784 -0.167962092 -1.926510127
1750921998.699985027 -1.375358822 0.328724833 -0.272222060 -0.006444660 0.965962046 -0.026864232 -0.257204405 -0.337597734 -0.044838759 -1.805112325
1750921998.799984932 -1.265944190 0.329561729 -0.136588868 -0.009621944 0.949861661 -0.029016628 -0.311172426 -0.176663336 -0.047580663 -1.751766352
1750921998.899985075 -1.141997527 0.334362399 -0.007730129 -0.011129807 0.930451286 -0.031713884 -0.364870884 -0.218103379 -0.005916068 -1.786114616
1750921998.999984980 -1.002906050 0.336952200 0.110984776 -0.012326853 0.905861773 -0.033469917 -0.422069024 -0.012660030 -0.050070027 -1.602697307
1750921999.099984884 -0.884134279 0.350851099 0.205741327 -0.012081476 0.880954618 -0.033141492 -0.471884139 0.131075530 -0.367086665 -1.582607069
1750921999.199985027 -0.703888150 0.294957196 0.308207159 0.021395652 -0.852391132 0.039035871 0.521006512 -0.440484545 -0.249219598 -1.982492133
1750921999.299984932 -0.513045969 0.316375143 0.350623545 0.018415743 -0.821336155 0.036651145 0.568967903 -0.022190158 -0.037412678 -1.812661584
1750921999.399985075 -0.344623461 0.317582056 0.396055759 0.018127487 -0.787807971 0.034345739 0.614695344 -0.081872606 -0.215861363 -1.776601864
1750921999.499984980 -0.170579239 0.323515348 0.413448372 0.014261795 -0.753217923 0.031772692 0.656848428 -0.254448225 0.006190684 -1.768148800
1750921999.599983931 0.030550081 0.326081042 0.408339160 0.012493978 -0.710503246 0.028677706 0.702998312 -0.183631519 -0.200825638 -1.860239431
1750921999.699984074 0.208225220 0.350767103 0.388443619 0.008202051 -0.669278551 0.023591502 0.742591670 -0.088105457 -0.093190297 -1.770549256
1750921999.799983978 0.381889819 0.334947085 0.349589576 0.010044008 -0.626706889 0.019066221 0.778957042 -0.353593295 -0.180825293 -1.712988194
1750921999.899983883 0.556251350 0.381539559 0.271520834 0.001323764 -0.580190623 0.006844927 0.814450880 -0.190066343 0.040903162 -1.694662342
1750921999.999984026 0.714064188 0.358978927 0.193008461 0.008391511 -0.536358047 0.009984099 0.843889771 -0.015052048 -0.021390380 -1.813743101
1750922000.099983931 0.868326718 0.354696836 0.099870348 0.011227829 -0.488620348 0.005721689 0.872405499 -0.251311930 0.053554542 -1.606056595
1750922000.199984074 1.012459160 0.351132153 -0.019409956 0.011918995 -0.433786388 0.003836338 0.900928737 -0.105445764 -0.118572674 -1.789217740
1750922000.299983978 1.138055172 0.347692959 -0.145251251 0.012880701 -0.383849184 0.000208697 0.923305934 -0.076716436 -0.123595698 -1.825963846
1750922000.399983883 1.241936115 0.342861670 -0.279518738 0.015556042 -0.332157954 -0.000842641 0.943095114 -0.071984663 -0.052128360 -1.764632097
1750922000.499984026 1.342768965 0.334772566 -0.442206522 0.016348930 -0.272777819 -0.004291419 0.961928562 -0.071838473 -0.084802015 -1.738413918
1750922000.599982977 1.416525991 0.328979370 -0.596755788 0.016442817 -0.220023048 -0.004906142 0.975343746 0.011858259 -0.116677871 -1.877988722
1750922000.699982882 1.474201688 0.325554755 -0.760126251 0.019339868 -0.167934430 -0.008462397 0.985572110 -0.045179690 -0.045255075 -1.663104922
1750922000.799983025 1.511216557 0.327528992 -0.929791022 0.020539086 -0.107907151 -0.011940440 0.993877064 -0.061818644 -0.028803562 -1.584584591
1750922000.899982929 1.530125575 0.329526099 -1.103925996 0.023515047 -0.052619949 -0.011751555 0.998268543 -0.280910131 -0.103184824 -1.638576364
1750922000.999983072 1.495810518 0.359613491 -1.253714076 0.018588780 -0.002027897 -0.015103559 0.999711072 -0.635069371 0.619200626 -1.458936660
1750922001.099982977 1.472758947 0.357037313 -1.443235423 0.015822930 0.063479579 -0.016639612 0.997718949 -0.236358344 -0.002411700 -1.756482490
1750922001.199982882 1.409184978 0.354864905 -1.606631431 0.013859498 0.114305260 -0.017447155 0.993195760 -0.334162823 -0.154946311 -1.731275595
1750922001.299983025 1.352797371 0.351221943 -1.767686421 0.013873294 0.169298079 -0.020022020 0.985263828 -0.114806532 -0.161964805 -1.837255009
1750922001.399982929 1.270018381 0.356855361 -1.950874905 0.011426347 0.234127673 -0.021568006 0.971899425 0.050189750 0.005649823 -1.893528950
1750922001.499983072 1.170797491 0.350173662 -2.095559198 0.007294949 0.289458115 -0.026514368 0.956795575 -0.131291258 -0.149321147 -1.904378007
1750922001.599982977 1.050699951 0.346367009 -2.232567596 0.010598949 0.343568428 -0.027533633 0.938664102 -0.235899582 -0.212477435 -1.881808893
1750922001.699981928 0.901318916 0.331450724 -2.351315554 0.010271810 0.399133725 -0.031145732 0.916306009 -0.218234008 -0.299599254 -1.850496850
1750922001.799982071 0.787193283 0.335339350 -2.443676315 0.014168377 0.448083322 -0.036742760 0.893124047 -0.108475567 -0.091981934 -1.533590293
1750922001.899981976 0.650375778 0.340537716 -2.519981033 0.011586472 0.495814311 -0.040164905 0.867421871 -0.186967378 -0.123073515 -1.830536408
1750922001.999982119 0.476901175 0.320023675 -2.603504575 0.014522474 0.550082791 -0.045420335 0.833747572 0.046539544 -0.011783938 -1.722141442
1750922002.099982023 0.317230882 0.325271391 -2.652481745 0.013957104 0.595717647 -0.047578241 0.801662020 0.020872769 -0.125006559 -1.699270476
1750922002.199981928 0.154492506 0.326833028 -2.678361402 0.016533912 0.638997883 -0.047631373 0.767554290 -0.536770956 -0.364969661 -1.836002629
1750922002.299982071 -0.048228461 0.331493116 -2.691165577 0.020224781 0.685348187 -0.050488496 0.726181611 -0.183500941 -0.231168459 -1.905217325
1750922002.399981976 -0.217587688 0.348878300 -2.676123236 0.018760405 0.724005437 -0.047054818 0.687931696 -0.225170052 -0.177085304 -1.875124380
1750922002.499982119 -0.386201413 0.351529995 -2.636184733 0.016650631 0.758808719 -0.046720720 0.649422250 -0.261963416 -0.136830280 -1.872057032
1750922002.599982023 -0.578140632 0.367518063 -2.580382571 0.017073266 0.798311939 -0.048086128 0.600078557 0.055573364 0.108720297 -1.848447523
1750922002.699980974 -0.741527976 0.364898872 -2.508827310 0.021315024 0.830657153 -0.052464432 0.553896964 -0.110246000 -0.301783361 -1.747166766
1750922002.799981117 -0.897444875 0.377801026 -2.419838474 0.019643813 0.860961236 -0.051700766 0.505654923 -0.135793826 -0.033977571 -1.865482547
1750922002.899981022 -1.053676531 0.395375746 -2.294672207 0.017368177 0.891073684 -0.049441093 0.450823263 -0.259665174 -0.028513085 -1.799065334
1750922002.999980927 -1.178250331 0.403356228 -2.172155876 0.017530852 0.915024648 -0.050983864 0.399778949 -0.082716002 -0.184821040 -1.827211330
1750922003.099981070 -1.277479106 0.407995632 -2.041858058 0.021106770 0.935621319 -0.051963961 0.348521158 -0.183529295 -0.060332147 -1.753459233
1750922003.199980974 -1.385576165 0.419704571 -1.877915850 0.018608478 0.956348916 -0.050944481 0.287150023 -0.128598439 -0.176043380 -1.872885351
1750922003.299981117 -1.451231882 0.426609065 -1.724717436 0.020732320 0.971002778 -0.049656589 0.232933467 -0.252843238 -0.099710736 -1.541559684
1750922003.399981022 -1.518594040 0.432469390 -1.547585771 0.017077425 0.982860332 -0.044177838 0.178163543 -0.054482120 -0.124782841 -2.268869514
1750922003.499980927 -1.550825683 0.431591299 -1.370354192 0.018904149 0.991756793 -0.045845960 0.118149251 -0.145876298 -0.293080908 -1.949939786
1750922003.599981070 -1.573807588 0.453799345 -1.194183885 0.011239416 0.997035438 -0.044045712 0.062080482 -0.308400901 0.038458122 -1.519939254
1750922003.699980021 -1.557794605 0.463926874 -1.048525857 0.011400695 0.999111651 -0.039873805 0.007484131 -0.414399191 0.006195883 -1.299468827
1750922003.799979925 -1.551944402 0.459375570 -0.841824009 0.009773952 0.997631026 -0.038979474 -0.055833743 0.106909535 -0.284596224 -2.124997565
1750922003.899980068 -1.491796194 0.486937953 -0.697083476 0.009389580 0.993229126 -0.032438419 -0.111155247 -0.320528474 -0.315944822 -1.993516986
1750922003.999979973 -1.405904790 0.468892819 -0.517566434 0.011489560 0.985533546 -0.035191108 -0.165388048 -0.349026171 -0.218009854 -2.009331866
1750922004.099980116 -1.308577993 0.470118872 -0.348419285 0.007115821 0.972946509 -0.034707649 -0.228297688 -0.367747418 -0.203140809 -1.970278558
1750922004.199980021 -1.215828591 0.476648476 -0.223379858 0.007131206 0.958667925 -0.036529373 -0.282082540 -0.045741253 0.055647995 -1.624404769
1750922004.299979925 -1.112084925 0.490239327 -0.097073882 0.005720246 0.941768322 -0.037691778 -0.334094352 -0.515843706 0.003601752 -1.886320727
1750922004.399980068 -0.966966791 0.462945639 0.036499308 0.001853060 0.919844394 -0.038606747 -0.390374661 -0.197007454 -0.349848500 -1.767207203
1750922004.499979973 -0.788498486 0.468109970 0.122576896 0.003668355 0.899971592 -0.035519224 -0.434483672 -0.469543373 -0.252716991 -2.015896092
1750922004.599980116 -0.659220614 0.470316751 0.218117268 0.001706563 0.873477084 -0.036261148 -0.485510041 0.000436775 -0.197164142 -1.717335664
1750922004.699980021 -0.482790980 0.472684038 0.293728426 0.000030474 -0.841712304 0.033501464 0.538885932 -0.217131045 -0.250230500 -1.863166310
1750922004.799978971 -0.312025682 0.474049001 0.343219839 -0.003038083 -0.810851654 0.029273017 0.584511297 -0.206191724 -0.073691242 -1.886250190
1750922004.899979115 -0.134081920 0.470666880 0.372522935 -0.004299987 -0.777106382 0.026759453 0.628785426 -0.135787669 -0.189698725 -1.792818738
1750922004.999979019 0.061235471 0.459457387 0.387356426 -0.003518272 -0.735564635 0.021734528 0.677096669 -0.156786397 -0.037162134 -1.911072884
1750922005.099978924 0.239678167 0.440526446 0.372264856 0.001271914 -0.696811367 0.022670604 0.716894933 -0.196585013 -0.216812790 -1.763204818
1750922005.199979067 0.413995202 0.441931571 0.348771057 0.000358279 -0.651166679 0.018052725 0.758719926 -0.118669637 -0.148454017 -1.900493209
1750922005.299978971 0.608103866 0.430032521 0.295881279 0.001474528 -0.598905294 0.014602934 0.800685350 -0.130654436 -0.148926178 -1.771393284
1750922005.399979115 0.760941977 0.424590879 0.225305505 0.005297467 -0.553247077 0.011326772 0.832923354 -0.101551200 -0.090972188 -1.793196262
1750922005.499979019 0.917649593 0.421060882 0.139030205 0.007304406 -0.504109062 0.009559660 0.863556201 -0.122665516 -0.098153203 -1.817722482
1750922005.599978924 1.069191969 0.414811517 0.016909246 0.008583186 -0.452258131 0.007772274 0.891811922 -0.130781117 -0.090340372 -1.828757580
1750922005.699979067 1.188567635 0.408670890 -0.099867043 0.008570930 -0.403149566 0.005210480 0.915079132 -0.198010387 -0.118399885 -1.722964118
1750922005.799978018 1.294665770 0.400910656 -0.228934679 0.010243938 -0.353361025 0.005022866 0.935417457 -0.176399976 -0.064587278 -1.660852877
1750922005.899977922 1.396417171 0.397294825 -0.385988512 0.011579950 -0.297113708 0.000841339 0.954771513 -0.178278826 -0.041315705 -1.696111483
1750922005.999978065 1.479953472 0.388825940 -0.544251428 0.013356860 -0.245445789 -0.003455908 0.969312135 -0.168665390 -0.120796240 -1.764187094
1750922006.099977970 1.536046179 0.386252507 -0.698863097 0.013598032 -0.193632838 -0.005785522 0.980962765 -0.178297431 -0.095021376 -1.668589722
1750922006.199978113 1.580726429 0.384869095 -0.875168003 0.015744189 -0.133467320 -0.007523148 0.990899590 -0.015225107 -0.125299493 -1.686824384
1750922006.299978018 1.600534869 0.383793908 -1.042258250 0.018988939 -0.077821255 -0.008414331 0.996750958 -0.181875094 -0.004858496 -1.535785426
1750922006.399977922 1.600922261 0.391303412 -1.205925143 0.018931412 -0.020727877 -0.010016375 0.999555716 -0.208991737 -0.005933513 -1.644755275
1750922006.499978065 1.567574353 0.395194014 -1.391167688 0.012013988 0.038777680 -0.011927952 0.999104439 -0.581747036 -0.077595566 -1.672019577
1750922006.599977970 1.531537432 0.396420662 -1.566248158 0.010604908 0.094202008 -0.013474601 0.995405421 -0.354527207 -0.182896413 -1.947932902
1750922006.699978113 1.493912197 0.409028580 -1.720965431 0.007432203 0.151567666 -0.018244655 0.988250544 0.152965847 -0.070161315 -1.644405683
1750922006.799978018 1.412700706 0.395537052 -1.899277295 0.006036225 0.216816629 -0.020112642 0.975986473 -0.212076561 -0.131187125 -1.741743956
1750922006.899976969 1.305805752 0.382360001 -2.031625069 0.008656973 0.269208497 -0.024727953 0.962725491 -0.392520659 -0.148450965 -1.688541748
1750922006.999977112 1.194727041 0.373349673 -2.172420650 0.006475037 0.324167304 -0.027540022 0.945576639 -0.063273433 -0.070654071 -1.818084974
1750922007.099977016 1.060973374 0.375113660 -2.301560202 0.006517633 0.383546985 -0.032139344 0.922938943 -0.136785771 -0.103494165 -1.977116163
1750922007.199976921 0.921779646 0.362297209 -2.415506437 0.009447046 0.433568206 -0.034499275 0.900410553 -0.016415597 -0.137058970 -1.719422665
1750922007.299977064 0.801619088 0.366376813 -2.499381253 0.008211772 0.482218079 -0.037755949 0.875198709 0.213128968 -0.176909863 -1.610267885
1750922007.399976969 0.648122199 0.369436718 -2.574634615 0.010386239 0.534357271 -0.042612479 0.844120021 -0.271535359 -0.343758787 -1.748395285
1750922007.499977112 0.489092418 0.359412944 -2.641394915 0.013066265 0.579194204 -0.045199671 0.813830656 -0.120389766 0.093457950 -1.646211712
1750922007.599977016 0.308853991 0.358475889 -2.674302715 0.012542964 0.620947300 -0.044356206 0.782495784 -0.331977629 -0.560477269 -2.062027424
1750922007.699976921 0.118227560 0.361056033 -2.689918084 0.015175617 0.668923927 -0.045345172 0.741791276 -0.059621482 -0.080984823 -1.913069968
1750922007.799977064 -0.062575744 0.364991995 -2.670620207 0.016689859 0.707654971 -0.048570500 0.704689150 -0.338325608 0.128599853 -1.816368538
1750922007.899976015 -0.247422297 0.376278588 -2.641691944 0.015878474 0.746725377 -0.045139051 0.663409038 -0.181801052 -0.190002195 -1.825578153
1750922007.999975920 -0.431891729 0.369192296 -2.573577613 0.019179728 0.784533269 -0.050743491 0.617709305 -0.299371438 -0.325090355 -1.862105084
1750922008.099976063 -0.598594365 0.378671139 -2.516339649 0.021524399 0.819964327 -0.052244701 0.569618902 -0.211614430 -0.311963338 -1.872505971
1750922008.199975967 -0.754064334 0.384677035 -2.430729272 0.021530336 0.849917347 -0.054421072 0.523655703 -0.143758824 -0.005432436 -1.884239764
1750922008.299976110 -0.925402506 0.399909925 -2.321778169 0.017376927 0.882845372 -0.052529878 0.466393292 -0.104389107 0.023389040 -1.752422030
1750922008.399976015 -1.039397999 0.408757949 -2.210717103 0.018588550 0.907186790 -0.052158672 0.417068420 -0.122181904 -0.148575634 -1.846151883
1750922008.499975920 -1.147982224 0.416821048 -2.081165699 0.018888184 0.929433744 -0.050667125 0.365005473 -0.160484683 -0.115505833 -1.735374441
1750922008.599976063 -1.258210292 0.426790508 -1.921440377 0.018411877 0.950902518 -0.049402002 0.304966960 -0.079118352 -0.095060781 -1.840204170
1750922008.699975967 -1.327038353 0.433969800 -1.780330458 0.017793727 0.966855415 -0.047624458 0.250211713 -0.124042899 -0.184889881 -1.773007140
1750922008.799976110 -1.391924082 0.440490454 -1.617542190 0.016256826 0.979799137 -0.046207724 0.193892274 -0.255909091 -0.048901181 -1.475470717
1750922008.899976015 -1.430133400 0.443638738 -1.433355433 0.016257869 0.989825009 -0.044799534 0.134071377 -0.171264925 -0.072372055 -1.701807589
1750922008.999974966 -1.442361014 0.449844473 -1.277818180 0.015796367 0.995697377 -0.043038506 0.080528851 -0.308474863 0.064112134 -1.397070142
1750922009.099975109 -1.443936158 0.466650117 -1.097625334 0.013416369 0.998847680 -0.039092086 0.024395134 -0.199982169 -0.025744667 -1.567283612
1750922009.199975014 -1.432445970 0.460645662 -0.899147245 0.013126784 0.998460821 -0.036377614 -0.039753550 0.058758099 -0.012330258 -1.672183092
1750922009.299974918 -1.384446600 0.472033735 -0.746394852 0.012167252 0.994875706 -0.034890040 -0.094111493 -0.164905037 -0.052118195 -1.536589563
1750922009.399975061 -1.331466035 0.468395838 -0.586685415 0.009078306 0.987920197 -0.034636323 -0.150770000 -0.470435234 -0.378496003 -1.642196066
1750922009.499974966 -1.227276941 0.463019937 -0.424520913 0.006979097 0.976938085 -0.037781653 -0.210037657 -0.456475359 -0.290296483 -1.804737438
1750922009.599975109 -1.137628334 0.479866551 -0.296281330 0.010078650 0.964220828 -0.035239266 -0.262554394 -0.289317658 -0.210242969 -1.935832549
1750922009.699975014 -1.029229005 0.476842769 -0.170549865 0.007046790 0.948821376 -0.037020452 -0.313556735 0.254754549 -0.153942905 -1.170354986
1750922009.799974918 -0.891488478 0.473787453 -0.043471930 0.007041133 0.927880673 -0.036854660 -0.370984653 0.199211596 -0.054993750 -1.464300277
1750922009.899975061 -0.752660562 0.456034174 0.055195454 0.004757740 0.906236924 -0.034211959 -0.421356788 -0.210915469 -0.732786386 -2.201342331
1750922009.999974012 -0.599919693 0.449344261 0.162587103 0.002104876 0.880149204 -0.034683344 -0.473423714 -0.251350672 -0.265005946 -1.807974734
1750922010.099973917 -0.433753533 0.450620013 0.223257646 -0.002169413 -0.849862019 0.035271636 0.525819126 -0.174169343 -0.094438858 -1.623073314
1750922010.199974060 -0.275760393 0.447998700 0.269153504 -0.003976524 -0.820095617 0.031281485 0.571357011 -0.078598316 -0.036025658 -1.634379825
1750922010.299973965 -0.117534639 0.444075961 0.288852179 -0.005668385 -0.788389333 0.027038885 0.614555960 -0.215272893 0.236381594 -1.644055977
1750922010.399974108 0.056485416 0.449711325 0.303765407 -0.007098901 -0.746321083 0.021328274 0.665206398 -0.400337906 0.049527598 -1.402710685
1750922010.499974012 0.226384624 0.424833713 0.275501659 -0.001385803 -0.710578771 0.022756487 0.703248201 -0.089057901 -0.497717694 -1.385017447
1750922010.599973917 0.373889726 0.406833696 0.257586931 0.002913475 -0.669410051 0.021719149 0.742569845 0.393522970 -0.225419808 -1.465911372
1750922010.699974060 0.546377085 0.401397582 0.231529378 0.004046628 -0.617491282 0.017651892 0.786369221 -0.429886271 -0.077268835 -1.640750960
1750922010.799973965 0.692209046 0.380513716 0.156391564 0.009913514 -0.577630998 0.020798884 0.815972768 -0.305032696 -0.083248273 -1.656145383
1750922010.899974108 0.823168777 0.377530706 0.078958772 0.013039903 -0.533350887 0.020279855 0.845550424 -0.287474996 0.143612711 -1.456390085
1750922010.999974012 0.966193956 0.377471328 -0.022327111 0.011965685 -0.480218913 0.015447415 0.876931010 -0.170266815 -0.034310893 -1.652691393
1750922011.099972963 1.077769861 0.375134362 -0.130676928 0.013214042 -0.432881054 0.013524598 0.901252721 -0.175299562 -0.139405623 -1.633397256
1750922011.199973106 1.180281582 0.368931918 -0.250448215 0.014997683 -0.383290664 0.012875865 0.923416238 -0.237918124 -0.050540629 -1.598557800
1750922011.299973011 1.274613605 0.366457514 -0.391727591 0.016581518 -0.324537138 0.009998597 0.945674747 -0.143726562 -0.118434537 -1.591383404
1750922011.399972916 1.344179322 0.357958426 -0.530510645 0.015704743 -0.273340566 0.009412230 0.961743056 -0.193464843 -0.111605937 -1.569082505
1750922011.499973059 1.401223196 0.357815054 -0.671759446 0.016827257 -0.220972600 0.007566140 0.975105485 -0.174124643 -0.040871440 -1.548704354
1750922011.599972963 1.444248321 0.358252301 -0.839865736 0.018070235 -0.160546717 0.003732572 0.986855758 -0.118695719 -0.085265076 -1.502200430
1750922011.699973106 1.461767376 0.360163129 -0.989195973 0.018188565 -0.106143990 0.002034607 0.994182322 -0.202560708 -0.053588491 -1.439006867
1750922011.799973011 1.452885033 0.362565694 -1.125751420 0.014391582 -0.053515224 0.001581363 0.998462069 -0.338169669 -0.033394858 -1.544523542
1750922011.899972916 1.441170305 0.363029069 -1.309611100 0.014790143 0.008655093 -0.000556813 0.999853005 -0.198218216 0.200523843 -1.689002401
1750922011.999973059 1.395996683 0.360527522 -1.466351761 0.010976403 0.062609514 0.000028443 0.997977738 -0.360067625 0.140854012 -1.494095422
1750922012.099972010 1.356795266 0.365854417 -1.605083238 0.007042178 0.118896289 -0.001669418 0.992880302 0.094694564 0.008345445 -1.468027355
1750922012.199971914 1.281914358 0.353084691 -1.776703340 0.008398268 0.181149692 -0.006398018 0.983398863 -0.194927803 -0.272454011 -1.811056621
1750922012.299972057 1.203808420 0.345008311 -1.907130464 0.006311558 0.234928019 -0.009727161 0.971943606 -0.236088941 -0.106640154 -1.563684212
1750922012.399971962 1.110328793 0.337090108 -2.040284342 0.005311613 0.289005112 -0.014243345 0.957206853 -0.218368490 -0.125451487 -1.678361162
1750922012.499972105 0.984835446 0.326081784 -2.169480206 0.005141363 0.347049060 -0.018010890 0.937659919 -0.074790374 -0.185312723 -1.582154918
1750922012.599972010 0.864861674 0.320506531 -2.278029294 0.005284323 0.398643882 -0.022008141 0.916826468 -0.107134017 -0.147109869 -1.796247568
1750922012.699971914 0.741940493 0.312981647 -2.366603138 0.005900890 0.449389824 -0.026089168 0.892935228 -0.139480188 -0.164357417 -1.599269156
1750922012.799972057 0.599754183 0.308671296 -2.440089404 0.006156768 0.503462267 -0.028745439 0.863516960 -0.060489980 -0.049264249 -1.487028149
1750922012.899971962 0.463387686 0.300906173 -2.484634291 0.007013098 0.548067928 -0.031234379 0.835821019 -0.176027539 -0.178018849 -1.628263647
1750922012.999972105 0.309901255 0.313366780 -2.532182541 0.002875772 0.594616960 -0.030374768 0.803430006 -0.148812040 -0.001555004 -1.637038194
1750922013.099972010 0.128524540 0.293434736 -2.544666750 0.007992667 0.642536860 -0.033485511 0.765481040 -0.066755712 -0.249899303 -1.551718893
1750922013.199970961 -0.019046400 0.299488520 -2.545292118 0.006989265 0.682618950 -0.035263459 0.729889723 -0.255550977 -0.130317365 -1.660197059
1750922013.299971104 -0.169264434 0.301673287 -2.524757089 0.007945254 0.719273787 -0.033949369 0.693851233 -0.179744355 -0.096699894 -1.235166763
1750922013.399971008 -0.294934885 0.311628110 -2.503636977 0.007154549 0.759230035 -0.033890282 0.649900004 0.044347838 0.029761844 -1.132844320
1750922013.499970913 -0.373297450 0.303156967 -2.458234046 0.009001104 0.790213482 -0.035971127 0.611708845 -0.327584611 0.006095010 -0.752760302
1750922013.599971056 -0.425803323 0.307275969 -2.426065485 0.008398592 0.816267284 -0.037013948 0.576426190 -0.040583150 -0.055980795 -0.432406267
1750922013.699970961 -0.452500246 0.312285867 -2.405990716 0.007550937 0.835956524 -0.038632474 0.547382138 -0.064963718 0.084958936 -0.211996425
1750922013.799971104 -0.465810678 0.314259396 -2.393207750 0.006536967 0.847705436 -0.039508050 0.528953566 -0.184234083 0.031509927 -0.115198022
1750922013.899971008 -0.449874176 0.313643767 -2.374714903 0.007009764 0.857896955 -0.041239432 0.512116185 -0.205910676 0.056082241 0.085427705
1750922013.999970913 -0.428907905 0.314837635 -2.357694594 0.006966781 0.870216974 -0.041710003 0.490850444 -0.281565539 0.019544486 0.195254307
1750922014.099971056 -0.400623915 0.317592915 -2.353226360 0.006692833 0.880035652 -0.042137032 0.472987239 -0.211663291 0.055207130 0.220566014
1750922014.199970007 -0.379303317 0.316931875 -2.348537270 0.006720239 0.888489323 -0.042216047 0.456901921 -0.205398562 0.145436352 0.183358868
1750922014.299969912 -0.347951105 0.325226236 -2.353862634 0.004252266 0.896975392 -0.041883453 0.440071404 -0.369349239 0.169381219 0.317626014
1750922014.399970055 -0.386933949 0.223777022 -2.311310573 0.020726169 0.900639481 -0.048576602 0.431345877 0.031373668 -2.448558445 -1.257024013
1750922014.499969959 -0.371087309 0.306894923 -2.308318763 0.012740628 0.904534910 -0.047141654 0.423594072 2.012854899 -0.212353332 0.868420513
1750922014.599970102 -0.416510281 0.245320772 -2.330556329 0.036273147 0.902021418 -0.051578629 0.427061197 0.000000000 0.000000000 0.000000000
1750922014.699970007 -0.416510281 0.245320772 -2.330556329 0.036273147 0.902021418 -0.051578629 0.427061197 0.000000000 0.000000000 0.000000000
1750922014.799969912 -0.416510281 0.245320772 -2.330556329 0.036273147 0.902021418 -0.051578629 0.427061197 0.000000000 0.000000000 0.000000000
1750922014.899970055 -0.416510281 0.245320772 -2.330556329 0.036273147 0.902021418 -0.051578629 0.427061197 0.000000000 0.000000000 0.000000000
1750922014.999969959 -0.416510281 0.245320772 -2.330556329 0.036273147 0.902021418 -0.051578629 0.427061197 0.000000000 0.000000000 0.000000000
1750922015.099970102 -0.416510281 0.245320772 -2.330556329 0.036273147 0.902021418 -0.051578629 0.427061197 0.000000000 0.000000000 0.000000000
1750922015.199970007 -0.416510281 0.245320772 -2.330556329 0.036273147 0.902021418 -0.051578629 0.427061197 0.000000000 0.000000000 0.000000000
1750922015.299968958 -0.416510281 0.245320772 -2.330556329 0.036273147 0.902021418 -0.051578629 0.427061197 0.000000000 0.000000000 0.000000000
1750922015.399969101 -0.416510281 0.245320772 -2.330556329 0.036273147 0.902021418 -0.051578629 0.427061197 0.000000000 0.000000000 0.000000000
1750922015.499969006 -0.416510281 0.245320772 -2.330556329 0.036273147 0.902021418 -0.051578629 0.427061197 0.000000000 0.000000000 0.000000000
