1750921983.200000048 0.061434593 0.357903144 0.577210530 0.022204522 -0.718915247 0.031652968 0.694021554 -0.320105263 -0.060081666 -1.670194963
1750921983.299999952 0.219349000 0.363547000 0.556971000 0.022685271 -0.677657109 0.027993335 0.734494789 -0.011745069 0.048615630 -1.660535274
1750921983.400000095 0.390991980 0.360130663 0.503990604 0.024894861 -0.629137783 0.027676215 0.776401908 -0.396906626 -0.265053662 -1.618120215
1750921983.500000000 0.540772041 0.365282894 0.448282255 0.021507688 -0.581546579 0.023261321 0.812896000 -0.321958725 -0.195290148 -1.647770256
1750921983.599999905 0.672562347 0.368269422 0.374021711 0.022228451 -0.535957767 0.021031646 0.843690013 -0.092445895 0.027704667 -1.639684963
1750921983.700000048 0.831841012 0.367057741 0.279638392 0.025670283 -0.479040626 0.020770960 0.877171410 -0.144611091 -0.099202403 -1.596629615
1750921983.799998999 0.944022784 0.372645071 0.173636563 0.027498718 -0.431624006 0.018584560 0.901442817 -0.145215688 -0.052393189 -1.672308339
1750921983.899998903 1.046988738 0.374222145 0.055572163 0.026336782 -0.385233686 0.018684634 0.922253905 -0.144427158 -0.131040905 -1.650215607
1750921983.999999046 1.149961067 0.375038598 -0.089708141 0.029200465 -0.333781260 0.015941806 0.942063300 -0.176637834 -0.107354308 -1.702539261
1750921984.099998951 1.228216109 0.377542430 -0.225786682 0.028626562 -0.289192293 0.014914303 0.956726660 -0.182419259 -0.129609878 -1.652450208
1750921984.199999094 1.289868875 0.379345567 -0.365233821 0.029881665 -0.244262199 0.013244576 0.969158215 -0.220145977 -0.143522814 -1.633941097
1750921984.299998999 1.348646051 0.378574978 -0.541307584 0.028776196 -0.192889671 0.011112761 0.980735444 -0.208567584 -0.175412237 -1.760396750
1750921984.399998903 1.382185623 0.383937238 -0.683778120 0.027989520 -0.145578973 0.009865254 0.988901424 -0.139035339 0.079174068 -1.609627100
1750921984.499999046 1.403072157 0.388142444 -0.837589840 0.029650610 -0.095069553 0.007289017 0.995002257 -0.146706813 0.041293766 -1.370344265
1750921984.599998951 1.398226602 0.397586826 -1.005305357 0.030461007 -0.034933149 0.006957459 0.998901094 -0.214525222 -0.201050020 -1.785074817
1750921984.699999094 1.377845484 0.403096073 -1.170037091 0.029985634 0.017848125 0.006102485 0.999372336 -0.103856870 -0.137822932 -1.674295344
1750921984.799998999 1.368522667 0.416884277 -1.314872981 0.021057530 0.077154001 0.004229050 0.996787819 -0.080539716 0.192944396 -1.780962658
1750921984.899997950 1.311427089 0.432503763 -1.438346030 0.012192881 0.137314495 0.004225299 0.990443441 -0.152356216 -0.039385783 -1.439311938
1750921984.999998093 1.241069116 0.422177532 -1.591254079 0.013014014 0.192625113 0.000367185 0.981186051 -0.037684967 0.016254812 -1.546293199
1750921985.099997997 1.158029213 0.415049680 -1.722946782 0.012985797 0.247783687 -0.001147101 0.968727670 -0.164426076 -0.187455101 -1.738921407
1750921985.199997902 1.050123099 0.410081748 -1.866808880 0.009568914 0.309031010 -0.004994542 0.950990707 -0.109426878 -0.091191034 -1.684845341
1750921985.299998045 0.934767810 0.405720210 -1.970892280 0.009741475 0.360762346 -0.008709364 0.932566234 -0.273302144 -0.123769449 -1.467383829
1750921985.399997950 0.814939975 0.387453754 -2.066230876 0.008888306 0.414169128 -0.012553624 0.910069963 -0.099763857 -0.029206365 -1.604957332
1750921985.499998093 0.680317359 0.376932442 -2.156738442 0.009568559 0.471434132 -0.016487063 0.881695230 -0.107133617 -0.167845362 -1.592095536
1750921985.599997997 0.551620763 0.375323018 -2.224057446 0.008475845 0.519660314 -0.020474677 0.854085538 -0.049129329 0.010151598 -1.518827283
1750921985.699997902 0.411123879 0.365045225 -2.276985964 0.007785850 0.566282593 -0.022828456 0.823858159 -0.028965263 -0.221879057 -1.548669003
1750921985.799998045 0.241334595 0.370448213 -2.306431239 0.005802073 0.615535199 -0.022619171 0.787763371 -0.127282939 -0.083948845 -1.501792502
1750921985.899996996 0.085663920 0.370948664 -2.322569196 0.004978819 0.657992269 -0.022654513 0.752667363 0.038892094 -0.056865362 -1.639249534
1750921985.999996901 -0.074946969 0.372667771 -2.310895418 0.005745911 0.696056683 -0.023322661 0.717584930 -0.247439812 0.009957337 -1.687293787
1750921986.099997044 -0.261020267 0.372977941 -2.283298282 0.004080142 0.739818347 -0.024469571 0.672349170 -0.179356513 -0.146762995 -1.689054416
1750921986.199996948 -0.419934936 0.369719247 -2.235668865 0.005481823 0.775575780 -0.025585748 0.630711922 -0.097058434 -0.051729626 -1.666490523
1750921986.299997091 -0.580281699 0.361968175 -2.175195723 0.005804679 0.809140998 -0.029941149 0.586822527 -0.089845048 -0.102491557 -1.685974262
1750921986.399996996 -0.741267886 0.354564833 -2.092094610 0.004031667 0.844445656 -0.034324541 0.534525122 -0.274677555 -0.348930062 -1.654810584
1750921986.499996901 -0.870203222 0.358168072 -2.005376812 0.001789596 0.873637072 -0.035658055 0.485266490 -0.252299176 -0.066804312 -1.640506940
1750921986.599997044 -0.983651789 0.356847067 -1.899742392 0.001534229 0.898337938 -0.034800705 0.437921803 -0.171897645 -0.140031825 -1.738785106
1750921986.699996948 -1.112225944 0.362391162 -1.767277241 -0.001818200 0.924109465 -0.032037237 0.380778158 -0.137064127 -0.004416986 -1.703787925
1750921986.799997091 -1.205690566 0.367616774 -1.639248685 -0.002051611 0.944035850 -0.035316144 0.327940354 -0.218358178 -0.075839536 -1.593167349
1750921986.899996996 -1.286097469 0.366382953 -1.495872186 -0.002852329 0.961041076 -0.035904729 0.274048838 -0.212034112 -0.165486458 -1.765844081
1750921986.999995947 -1.358522713 0.369067488 -1.326183239 -0.002190646 0.976359390 -0.034611037 0.213353271 -0.174457480 -0.163768732 -1.747808417
1750921987.099996090 -1.407924767 0.369337248 -1.167897008 -0.006009718 0.986750956 -0.032277838 0.158885415 -0.233348243 -0.100071201 -1.459533888
1750921987.199995995 -1.443909601 0.370408134 -0.986955613 -0.006425492 0.993982406 -0.034113564 0.103893957 -0.201620516 -0.092176811 -1.628924025
1750921987.299995899 -1.452565151 0.374955971 -0.811682269 -0.007797049 0.998562882 -0.033710513 0.040926487 -0.100152764 -0.071649253 -1.919632865
1750921987.399996042 -1.426536278 0.367164129 -0.642725305 -0.009500991 0.999301831 -0.033583152 -0.013332403 -0.486161977 -0.022098959 -1.700041834
1750921987.499995947 -1.396042246 0.379257333 -0.490889688 -0.008893622 0.997063877 -0.029280411 -0.070193919 -0.088629413 -0.114190644 -1.464316747
1750921987.599996090 -1.361805608 0.415934986 -0.286357020 -0.011235746 0.990039244 -0.029902130 -0.137120076 0.291327088 0.091265311 -1.560097730
1750921987.699995995 -1.257185106 0.405098907 -0.099905418 -0.013730738 0.980847951 -0.030764707 -0.191839248 -0.110539891 -0.918759295 -2.019581452
1750921987.799995899 -1.181344198 0.398167315 0.008096927 -0.014536820 0.968569185 -0.035435752 -0.245777791 0.132740186 0.069442894 -1.403094554
1750921987.899996042 -1.081248168 0.407638388 0.148895701 -0.014693993 0.951720699 -0.036250798 -0.304462932 0.077787874 0.151243944 -1.567000249
1750921987.999994993 -0.985123164 0.424400461 0.267989878 -0.014511605 0.933283351 -0.035036037 -0.357133134 0.618941451 0.049331081 -1.420337342
1750921988.099994898 -0.815591375 0.420983967 0.355271156 -0.016496088 0.914635265 -0.036980690 -0.402246989 -0.862637797 -0.052339993 -1.903669401
1750921988.199995041 -0.652790419 0.405183938 0.462622749 -0.019326483 0.888457559 -0.037448814 -0.457019955 -0.425802758 0.038037943 -1.650483730
1750921988.299994946 -0.508996691 0.409898037 0.545355199 0.019725927 -0.861373385 0.038184817 0.506150866 -0.110296827 -0.172472448 -1.796873625
1750921988.399995089 -0.352240563 0.419474533 0.611562664 0.020115411 -0.831532162 0.035849411 0.553953476 -0.167496000 -0.170785694 -1.760687757
1750921988.499994993 -0.165969381 0.423512308 0.646400561 0.016040898 -0.798906442 0.031705227 0.600404834 -0.289779710 -0.157985945 -1.815482046
1750921988.599994898 -0.003795248 0.374560818 0.666252975 0.032890630 -0.766190383 0.038082810 0.640640463 -0.213630624 0.367789147 -1.591557604
1750921988.699995041 0.165697148 0.431591837 0.710213182 0.014539976 -0.718268757 0.023128067 0.695229225 0.147013096 -0.041053488 -1.815630940
1750921988.799994946 0.349595534 0.441522362 0.685959624 0.015748498 -0.671614331 0.021912000 0.740409373 -0.079211137 0.190802863 -1.730507051
1750921988.899995089 0.525695699 0.434238178 0.660294192 0.016365804 -0.623659197 0.017169242 0.781336409 0.172670258 -0.217663969 -1.916963596
1750921988.999994993 0.691670056 0.432213696 0.602925127 0.017503702 -0.577247819 0.014502459 0.816252568 -0.052515904 -0.244285629 -2.024864262
1750921989.099993944 0.868182499 0.425692593 0.507549513 0.019753982 -0.529371438 0.018920387 0.847949102 -0.097605917 0.138664142 -1.821756839
1750921989.199994087 1.024499634 0.431172755 0.408484209 0.018569569 -0.481094601 0.016817480 0.876310635 -0.149426115 -0.207187205 -1.929330760
1750921989.299993992 1.154641875 0.433440672 0.302890128 0.018448592 -0.434487394 0.014683761 0.900369225 -0.140507786 -0.069587453 -1.815040127
1750921989.399993896 1.293693599 0.429061789 0.158834165 0.018534895 -0.378681796 0.010928252 0.925276785 -0.099227719 -0.144455781 -1.743643505
1750921989.499994040 1.407722453 0.429279372 0.022194678 0.019200260 -0.326498921 0.006289948 0.944981609 -0.112025209 -0.086036733 -1.791070269
1750921989.599993944 1.488482614 0.425083574 -0.118577061 0.020486447 -0.276032422 0.005214837 0.960915820 -0.236396250 -0.126695216 -1.486191814
1750921989.699994087 1.575939698 0.426176768 -0.294878268 0.022040717 -0.215780471 0.003244988 0.976187720 -0.113027975 -0.110100303 -1.808514002
1750921989.799993992 1.619548040 0.422034635 -0.455508233 0.021418972 -0.164702583 0.003125458 0.986105734 -0.154123641 -0.085096162 -1.748590915
1750921989.899993896 1.659612862 0.417961103 -0.619395586 0.022126096 -0.110103854 0.000446441 0.993673678 -0.261037227 -0.070878084 -1.768992423
1750921989.999994040 1.658756117 0.414826914 -0.806589158 0.027450473 -0.047724267 0.000370056 0.998483214 -0.166484882 -0.353239889 -1.966591728
1750921990.099992990 1.662913276 0.420291534 -0.974576286 0.028231175 0.013107163 -0.001679420 0.999514073 -0.220360649 0.027964760 -1.607495751
1750921990.199992895 1.608449025 0.443384293 -1.108282710 0.018427227 0.063620210 -0.004206228 0.997795176 -0.524364688 -0.516292772 -1.454442791
1750921990.299993038 1.570638409 0.449357182 -1.287272743 0.016329088 0.126095202 -0.005665041 0.991867566 0.081158350 0.158237433 -1.533220227
1750921990.399992943 1.506183305 0.444356612 -1.444878517 0.016167609 0.174499673 -0.009340682 0.984480180 -0.112836354 -0.143452567 -1.708688905
1750921990.499993086 1.427116273 0.452413864 -1.590621172 0.009991252 0.221448887 -0.011812091 0.975049250 -0.119356699 0.005839349 -1.763821880
1750921990.599992990 1.311301573 0.432131675 -1.748684557 0.010961746 0.271887341 -0.014042177 0.962164191 0.057785306 -0.038633693 -1.869378949
1750921990.699992895 1.197182030 0.420042157 -1.892500214 0.011247547 0.318979919 -0.017103797 0.947540376 -0.194263974 -0.174259867 -1.832021242
1750921990.799993038 1.074161693 0.418347089 -2.001327190 0.011994296 0.362177794 -0.018568507 0.931846872 -0.111704507 -0.063623670 -1.814090149
1750921990.899992943 0.911402178 0.410325569 -2.134105321 0.011764353 0.408805627 -0.023734427 0.912236941 -0.143715662 0.030024861 -1.841607863
1750921990.999993086 0.783792711 0.416291921 -2.230104566 0.012494362 0.451344756 -0.027285242 0.891844895 0.099821976 -0.070790480 -1.886388108
1750921991.099992990 0.607050093 0.394896448 -2.330962784 0.010243603 0.493769692 -0.034772655 0.868836821 0.159792918 -0.021877193 -1.937477941
1750921991.199991941 0.419831888 0.376702986 -2.379102995 0.016343150 0.536314619 -0.037669675 0.843018698 -0.590023599 -0.159780719 -1.726859891
1750921991.299992085 0.271488323 0.402016711 -2.430508183 0.011590390 0.580437238 -0.035710954 0.813438998 -0.116735741 -0.000045720 -1.841076367
1750921991.399991989 0.084969931 0.397535661 -2.447859125 0.013031756 0.621691355 -0.036258842 0.782314086 0.316845503 0.040902173 -1.956767891
1750921991.499991894 -0.108292836 0.403078342 -2.489065361 0.013720313 0.674878109 -0.039803328 0.736727213 -0.405141745 -0.407103840 -1.952385049
1750921991.599992037 -0.277123962 0.400594824 -2.454899999 0.012879923 0.712987136 -0.038328746 0.700010257 -0.228840552 -0.036572316 -1.819940297
1750921991.699991941 -0.441605674 0.402899038 -2.413076730 0.013351361 0.749624336 -0.038050632 0.660633972 -0.399592797 0.014656805 -1.614133538
1750921991.799992085 -0.621643990 0.409505131 -2.368756074 0.014330741 0.792232177 -0.041548054 0.608635003 -0.105461158 -0.164159340 -1.724196529
1750921991.899991989 -0.765151220 0.410023414 -2.287073578 0.016340374 0.822635797 -0.044078386 0.566621949 -0.176503246 -0.131021979 -1.769054545
1750921991.999991894 -0.900197539 0.417638795 -2.202307077 0.016524336 0.852034785 -0.044286859 0.521346665 -0.179329396 -0.115239470 -1.719883963
1750921992.099992037 -1.039841791 0.426912980 -2.086377795 0.015135790 0.881878631 -0.043781500 0.469195235 -0.145448432 -0.080539536 -1.688375052
1750921992.199990988 -1.152108848 0.429305620 -1.974030359 0.014703982 0.906022544 -0.044095794 0.420669115 -0.174165122 -0.203250906 -1.680567361
1750921992.299990892 -1.243530265 0.439296513 -1.857766837 0.014906311 0.927686798 -0.045489816 0.370277847 -0.153623604 -0.115493212 -1.671721688
1750921992.399991035 -1.345228437 0.440599999 -1.709016871 0.014896306 0.949175909 -0.045869768 0.311029191 -0.116946022 -0.145505703 -1.703101577
1750921992.499990940 -1.416344800 0.449056653 -1.564650523 0.013962822 0.964898960 -0.042658900 0.258757135 -0.268165219 -0.181176476 -1.812039622
1750921992.599991083 -1.466442120 0.448019311 -1.419562210 0.012318913 0.977504313 -0.036891947 0.207298206 -0.395987456 -0.076841030 -1.487441459
1750921992.699990988 -1.513089990 0.454433413 -1.234058395 0.013534195 0.988662215 -0.038735086 0.144441831 -0.214552852 -0.155117879 -1.665637091
1750921992.799990892 -1.525164324 0.463747702 -1.091318424 0.009031257 0.995113408 -0.038481790 0.090481449 -0.025562339 -0.063373294 -1.739935764
1750921992.899991035 -1.526909246 0.466469673 -0.909526529 0.007703740 0.998653885 -0.036525994 0.036012792 -0.224659799 0.043975963 -1.650229487
1750921992.999990940 -1.508866729 0.467681526 -0.735704104 0.007052845 0.999096414 -0.032699841 -0.026217049 -0.277071028 -0.086526772 -1.668915921
1750921993.099991083 -1.456533049 0.457731720 -0.578798598 0.007163517 0.996203284 -0.033138758 -0.080184314 -0.016489289 0.024439644 -1.490445808
1750921993.199990988 -1.413886156 0.465799825 -0.407618599 0.008471747 0.989944457 -0.032133861 -0.137497696 0.225437014 0.418135180 -1.347158813
1750921993.299989939 -1.329859882 0.467465096 -0.215735683 0.006163468 0.979407014 -0.030741817 -0.199446366 -0.716784054 0.196713020 -1.953765271
1750921993.399990082 -1.219356280 0.465158635 -0.114636497 0.003427408 0.967530271 -0.034164421 -0.250412100 -0.284092625 -0.170587386 -1.601940811
1750921993.499989986 -1.148491771 0.478477456 -0.009170193 0.004487249 0.952222391 -0.033931357 -0.303481541 -0.122865165 -0.004527795 -1.620240557
1750921993.599989891 -0.977617981 0.463762823 0.125914493 0.000667926 0.932650787 -0.035253021 -0.359053321 -0.458945181 -0.258491294 -1.952068257
1750921993.699990034 -0.862273038 0.470416831 0.213900427 0.003845569 0.912150352 -0.032696425 -0.408531382 -0.179671744 0.201319566 -1.388802757
1750921993.799989939 -0.727475039 0.469319364 0.298027276 0.003071811 0.888207017 -0.031960865 -0.458320153 0.114703727 -0.146503383 -1.534787532
1750921993.899990082 -0.564133978 0.471917446 0.383102425 -0.004127794 -0.857007207 0.028343239 0.514507794 -0.247026685 -0.194329117 -1.668337758
1750921993.999989986 -0.414034700 0.467858370 0.420952073 -0.004212181 -0.828608382 0.028671244 0.559078140 -0.235861303 -0.008152140 -1.598802827
1750921994.099989891 -0.255690858 0.460212331 0.460773169 -0.004186302 -0.795843646 0.024451086 0.604993810 -0.328055191 -0.216960376 -1.784626609
1750921994.199990034 -0.078706902 0.465372814 0.473722101 -0.006029621 -0.757072641 0.019769778 0.653003687 -0.342401744 0.065105181 -1.578102599
1750921994.299988985 0.083419357 0.455756516 0.471691405 -0.005843585 -0.719291987 0.017274469 0.694468490 -0.331266644 -0.196801546 -1.618354884
1750921994.399988890 0.240655923 0.455856364 0.441333649 -0.002500956 -0.681357971 0.014838514 0.731795654 -0.284053763 -0.131157165 -1.663383668
1750921994.499989033 0.408818221 0.436328774 0.389535887 0.000030722 -0.634870154 0.010859317 0.772542530 -0.337640316 -0.292408530 -1.703397710
1750921994.599988937 0.542827585 0.432844668 0.335982164 0.001438930 -0.591162104 0.007419481 0.806517357 -0.262635730 -0.125288429 -1.400227153
1750921994.699989080 0.669482946 0.428937847 0.273135053 0.003360449 -0.544035237 0.005112540 0.839040065 -0.224441674 -0.160858287 -1.503800381
1750921994.799988985 0.790502802 0.428312140 0.180130110 0.005001642 -0.492349078 0.000310012 0.870383406 -0.233365230 0.044840962 -1.406907644
1750921994.899988890 0.895265729 0.420375447 0.078923882 0.007244535 -0.445442918 -0.002298885 0.895278079 -0.142141764 -0.015818269 -1.511116480
1750921994.999989033 0.988689183 0.419606238 -0.026479411 0.008470496 -0.397777650 -0.004655889 0.917430932 -0.147419367 -0.084501400 -1.491927506
1750921995.099988937 1.076610903 0.409335880 -0.159442808 0.010710340 -0.346284884 -0.004991036 0.938054986 -0.256614926 -0.109861055 -1.493855454
1750921995.199989080 1.148402041 0.405265201 -0.284650496 0.010528005 -0.299912543 -0.008123099 0.953874018 -0.176514103 -0.026539409 -1.505324554
1750921995.299988985 1.217027774 0.394652531 -0.418739963 0.013418403 -0.252071134 -0.010048358 0.967563497 -0.244365941 -0.213403878 -1.630189919
1750921995.399987936 1.276624992 0.390574990 -0.579597555 0.017718534 -0.197624154 -0.011909746 0.980045359 -0.100201013 -0.052418729 -1.560847183
1750921995.499988079 1.310038311 0.386259126 -0.727007422 0.018130707 -0.147923657 -0.013177840 0.988744767 -0.168571514 -0.105941739 -1.658055847
1750921995.599987984 1.334393283 0.390831302 -0.886932533 0.016213650 -0.095989033 -0.016373428 0.995115638 -0.144854324 0.099388388 -1.477538991
1750921995.699987888 1.332019220 0.399578238 -1.052929247 0.014055323 -0.035600972 -0.019366114 0.999079563 -0.467487778 0.041027481 -1.518494368
1750921995.799988031 1.328933702 0.417543116 -1.215598386 0.010184714 0.021878348 -0.022990371 0.999444372 -0.237928647 -0.120029749 -1.717943966
1750921995.899987936 1.294114032 0.415299587 -1.377993697 0.010040527 0.078267206 -0.023740835 0.996599120 -0.138037292 -0.085377816 -1.744606405
1750921995.999988079 1.232946945 0.400147844 -1.564245842 0.012875430 0.144436868 -0.027677125 0.989043068 -0.110704295 -0.187420044 -1.773011686
1750921996.099987984 1.165054424 0.397266565 -1.723152763 0.012714652 0.204227553 -0.029860229 0.978385308 -0.207689210 -0.023515852 -1.578575261
1750921996.199987888 1.081730623 0.391436550 -1.850946775 0.013384325 0.262680140 -0.033946284 0.964192747 -0.066260479 -0.157875812 -1.630396600
1750921996.299988031 0.975630874 0.388695713 -1.996210613 0.014195432 0.328905372 -0.038487442 0.943471496 0.005788433 -0.137995974 -1.668147502
1750921996.399986982 0.863810109 0.386193484 -2.114560292 0.014059412 0.386729991 -0.043151733 0.921075553 -0.037306250 -0.103494682 -1.675956097
1750921996.499986887 0.747084328 0.386671559 -2.217428679 0.014876559 0.441024395 -0.047035100 0.896138310 -0.008800097 -0.159534224 -1.649685555
1750921996.599987030 0.585570715 0.376253809 -2.311415705 0.014863607 0.495620797 -0.048433187 0.867060163 -0.175447289 -0.253538409 -1.614792343
1750921996.699986935 0.449155067 0.374182449 -2.375239854 0.022493579 0.542544962 -0.052368079 0.838091038 -0.173178927 -0.215171097 -1.620106187
1750921996.799987078 0.298340268 0.375306559 -2.414620131 0.024459580 0.586499254 -0.051678338 0.807929268 -0.023174002 -0.039297377 -1.725462708
1750921996.899986982 0.111063449 0.387154602 -2.461748498 0.024419143 0.637054485 -0.054148504 0.768526660 -0.010737552 -0.311053210 -1.816738483
1750921996.999986887 -0.038668232 0.410868758 -2.462219554 0.023447099 0.677298927 -0.049895847 0.733639422 -0.135561479 -0.087993465 -1.650624924
1750921997.099987030 -0.233851376 0.404032992 -2.491453540 0.024048849 0.723342992 -0.052332688 0.688082741 0.054532128 -0.231991839 -1.866760942
1750921997.199986935 -0.410016819 0.422698743 -2.453184512 0.021451028 0.763053480 -0.053345259 0.643772882 -0.387693487 -0.032502022 -1.740599458
1750921997.299987078 -0.585923563 0.420719309 -2.413796297 0.026656925 0.799256954 -0.056210348 0.597760927 0.006293800 -0.312061177 -1.872428169
1750921997.399986982 -0.740842310 0.433998220 -2.340563686 0.029219379 0.830358816 -0.057071292 0.553528076 -0.256343975 -0.168136859 -1.775804432
1750921997.499985933 -0.905849573 0.453783305 -2.237125064 0.029387579 0.863089686 -0.054196212 0.501273712 -0.179277048 -0.095018750 -1.860423038
1750921997.599986076 -1.041035159 0.474329459 -2.136685105 0.025603326 0.891020311 -0.052953174 0.450136909 -0.209842438 -0.056133350 -1.681313796
1750921997.699985981 -1.167285223 0.484486517 -2.016547496 0.025809501 0.915594675 -0.052331693 0.397846271 -0.070431635 -0.079945185 -1.746648928
1750921997.799985886 -1.289533969 0.494588675 -1.871750562 0.025415448 0.939912464 -0.052088764 0.336460065 -0.152554987 -0.168907370 -1.798514203
1750921997.899986029 -1.378852167 0.494843579 -1.726448332 0.029759653 0.957831482 -0.050487875 0.281290223 -0.102395267 -0.161592471 -1.784374147
1750921997.999985933 -1.463795817 0.509470061 -1.574067415 0.024157780 0.973259084 -0.045104920 0.223939062 -0.189834333 -0.105520300 -1.736899739
1750921998.099986076 -1.506651139 0.506036438 -1.414224422 0.024324983 0.985277630 -0.042276878 0.163856501 -0.036535009 0.017626186 -1.794263038
1750921998.199985981 -1.555391512 0.526231614 -1.217959435 0.020313994 0.993393239 -0.040897214 0.105283579 -0.062993654 -0.016725221 -2.170595740
1750921998.299985886 -1.567647321 0.533291298 -1.065323642 0.018541056 0.997882049 -0.041273205 0.046735093 -0.112447123 -0.077846039 -1.431235468
1750921998.399986029 -1.571249907 0.519239482 -0.857889139 0.016316003 0.999000476 -0.036946828 -0.019151218 0.363246119 -0.568878070 -3.276614203
1750921998.499984980 -1.542138605 0.520272113 -0.693353489 0.017119975 0.996336174 -0.036014296 -0.075657812 -0.129718142 0.206379943 -1.823394486
1750921998.599984884 -1.472660768 0.509986140 -0.513461854 0.014488391 0.990587575 -0.036722412 -0.131064133 -0.414711784 -0.167962092 -1.926510127
1750921998.699985027 -1.397848349 0.522939552 -0.343983985 0.018024134 0.980209208 -0.033182663 -0.194329487 -0.337597734 -0.044838759 -1.805112325
1750921998.799984932 -1.306968960 0.522986558 -0.195291151 0.015292427 0.967700467 -0.034248145 -0.249297037 -0.176663336 -0.047580663 -1.751766352
1750921998.899985075 -1.200648710 0.526248138 -0.051500459 0.014190908 0.951831719 -0.035715584 -0.304202883 -0.218103379 -0.005916068 -1.786114616
1750921998.999984980 -1.078105317 0.526445428 0.084254661 0.013273094 0.931028651 -0.036092259 -0.362914348 -0.012660030 -0.050070027 -1.602697307
1750921999.099984884 -0.972114362 0.538117635 0.193380248 0.013566358 0.909422841 -0.034442600 -0.414221869 0.131075530 -0.367086665 -1.582607069
1750921999.199985027 -0.809167032 0.477862185 0.319592335 0.004645396 0.884247275 -0.039594824 -0.465314331 -0.440484545 -0.249219598 -1.982492133
1750921999.299984932 -0.624685683 0.492867290 0.386076128 -0.007385758 -0.856355760 0.035682256 0.515099058 -0.022190158 -0.037412678 -1.812661584
1750921999.399985075 -0.463659308 0.488640771 0.453041245 -0.007369665 -0.825905568 0.032040929 0.562849055 -0.081872606 -0.215861363 -1.776601864
1750921999.499984980 -0.293235342 0.488190969 0.492847876 -0.010841836 -0.794093457 0.027960359 0.607055397 -0.254448225 0.006190684 -1.768148800
1750921999.599983931 -0.093208730 0.482734071 0.513949223 -0.012067732 -0.754485259 0.023319760 0.655791546 -0.183631519 -0.200825638 -1.860239431
1750921999.699984074 0.086429884 0.499911182 0.516882578 -0.015636366 -0.715908250 0.016679543 0.697819945 -0.088105457 -0.093190297 -1.770549256
1750921999.799983978 0.262837680 0.476294670 0.501330975 -0.013057364 -0.675896071 0.011048462 0.736798438 -0.353593295 -0.180825293 -1.712988194
1750921999.899983883 0.447646974 0.513981961 0.445718717 -0.020423612 -0.631765742 -0.002975753 0.774884551 -0.190066343 0.040903162 -1.694662342
1750921999.999984026 0.613197966 0.483229966 0.388927423 -0.013024137 -0.590062479 -0.000493815 0.807252376 -0.015052048 -0.021390380 -1.813743101
1750922000.099983931 0.777896488 0.470497953 0.316800693 -0.009273689 -0.544402905 -0.005697659 0.838753249 -0.251311930 0.053554542 -1.606056595
1750922000.199984074 0.935972545 0.458204848 0.217425150 -0.007673218 -0.491593187 -0.008752319 0.870747183 -0.105445764 -0.118572674 -1.789217740
1750922000.299983978 1.076539071 0.446594647 0.109127076 -0.005718048 -0.443294144 -0.013345173 0.896258619 -0.076716436 -0.123595698 -1.825963846
1750922000.399983883 1.196624284 0.434227939 -0.010325657 -0.002155211 -0.393081881 -0.015223878 0.919374909 -0.071984663 -0.052128360 -1.764632097
1750922000.499984026 1.317229995 0.417992742 -0.158280696 -0.000146196 -0.335126334 -0.019686568 0.941967493 -0.071838473 -0.084802015 -1.738413918
1750922000.599982977 1.410055710 0.405322909 -0.301744968 0.000908658 -0.283380385 -0.021179981 0.958773248 0.011858259 -0.116677871 -1.877988722
1750922000.699982882 1.488191380 0.395421955 -0.456098168 0.004974839 -0.232182908 -0.025352608 0.972328953 -0.045179690 -0.045255075 -1.663104922
1750922000.799983025 1.546901137 0.391561653 -0.619494604 0.007526550 -0.172905027 -0.029610631 0.984464531 -0.061818644 -0.028803562 -1.584584591
1750922000.899982929 1.588253033 0.388318847 -0.789682833 0.011560708 -0.118094804 -0.029959941 0.992482931 -0.280910131 -0.103184824 -1.638576364
1750922000.999983072 1.574912158 0.415851305 -0.943251150 0.007880473 -0.067656298 -0.034241361 0.997089792 -0.635069371 0.619200626 -1.458936660
1750922001.099982977 1.576492014 0.409288584 -1.134067259 0.006581612 -0.002137562 -0.036673584 0.999303338 -0.236358344 -0.002411700 -1.756482490
1750922001.199982882 1.534562899 0.405392938 -1.304277122 0.005765497 0.048891421 -0.038104701 0.998060329 -0.334162823 -0.154946311 -1.731275595
1750922001.299983025 1.499388186 0.399806972 -1.471199499 0.007161556 0.104238572 -0.041148982 0.993674893 -0.114806532 -0.161964805 -1.837255009
1750922001.399982929 1.441323862 0.403950682 -1.663692307 0.006299661 0.169814730 -0.043330337 0.984502795 0.050189750 0.005649823 -1.893528950
1750922001.499983072 1.361467724 0.397431845 -1.819908429 0.003804992 0.226022656 -0.048867786 0.972888082 -0.131291258 -0.149321147 -1.904378007
1750922001.599982977 1.260057390 0.394801809 -1.971296136 0.008482491 0.281104272 -0.049927559 0.958340062 -0.235899582 -0.212477435 -1.881808893
1750922001.699981928 1.126803820 0.382694311 -2.108172583 0.009785111 0.337956552 -0.053740939 0.939575187 -0.218234008 -0.299599254 -1.850496850
1750922001.799982071 1.025857073 0.388669657 -2.214682400 0.015305038 0.388153359 -0.059165917 0.919566267 -0.108475567 -0.091981934 -1.533590293
1750922001.899981976 0.900407224 0.397257788 -2.308261468 0.014224827 0.437456037 -0.062777365 0.896933037 -0.186967378 -0.123073515 -1.830536408
1750922001.999982119 0.738489577 0.381413093 -2.413247501 0.018994637 0.493665571 -0.067771656 0.866799002 0.046539544 -0.011783938 -1.722141442
1750922002.099982023 0.586865339 0.391652350 -2.482718014 0.019875143 0.541266193 -0.069835983 0.837710464 0.020872769 -0.125006559 -1.699270476
1750922002.199981928 0.429056863 0.398926290 -2.529617361 0.023728688 0.586609769 -0.069527422 0.806530759 -0.536770956 -0.364969661 -1.836002629
1750922002.299982071 0.230076784 0.411200899 -2.568831088 0.029023164 0.635433688 -0.071830943 0.768259071 -0.183500941 -0.231168459 -1.905217325
1750922002.399981976 0.061081832 0.435597190 -2.576353816 0.028571945 0.676557979 -0.068168777 0.732670433 -0.225170052 -0.177085304 -1.875124380
1750922002.499982119 -0.111018683 0.445889820 -2.558798814 0.027602991 0.713831628 -0.067590734 0.696501238 -0.261963416 -0.136830280 -1.872057032
1750922002.599982023 -0.307717117 0.470828486 -2.528832958 0.029492723 0.756427804 -0.068376666 0.649824429 0.055573364 0.108720297 -1.848447523
1750922002.699980974 -0.478954023 0.476467417 -2.479148313 0.035205725 0.791564351 -0.071901109 0.605819004 -0.110246000 -0.301783361 -1.747166766
1750922002.799981117 -0.644390446 0.497767733 -2.411526982 0.034667458 0.824979188 -0.070615072 0.559661521 -0.135793826 -0.033977571 -1.865482547
1750922002.899981022 -0.814622990 0.524681900 -2.308181426 0.033501416 0.858661520 -0.067739219 0.506941266 -0.259665174 -0.028513085 -1.799065334
1750922002.999980927 -0.953554715 0.540702442 -2.203139104 0.034845624 0.885856679 -0.068503751 0.457548865 -0.082716002 -0.184821040 -1.827211330
1750922003.099981070 -1.068525464 0.552592532 -2.087010950 0.039492267 0.909656338 -0.068441468 0.407776254 -0.183529295 -0.060332147 -1.753459233
1750922003.199980974 -1.196337191 0.572760847 -1.938833616 0.038069174 0.934392168 -0.066574888 0.347893372 -0.128598439 -0.176043380 -1.872885351
1750922003.299981117 -1.280915257 0.586188159 -1.795675112 0.041032617 0.952511844 -0.064215191 0.294811669 -0.252843238 -0.099710736 -1.541559684
1750922003.399981022 -1.370325149 0.599257329 -1.628993684 0.037907706 0.968044555 -0.058007104 0.241014358 -0.054482120 -0.124782841 -2.268869514
1750922003.499980927 -1.425229112 0.604220355 -1.457495563 0.040716949 0.980769799 -0.058430487 0.181710236 -0.145876298 -0.293080908 -1.949939786
1750922003.599981070 -1.469856932 0.631853899 -1.286317038 0.033712053 0.989863076 -0.056050225 0.126067285 -0.308400901 0.038458122 -1.519939254
1750922003.699980021 -1.472414596 0.645103135 -1.140053031 0.034277552 0.995533524 -0.050787420 0.071824016 -0.414399191 0.006195883 -1.299468827
1750922003.799979925 -1.493560068 0.645664432 -0.934302826 0.033301317 0.998221859 -0.048691399 0.008560931 0.106909535 -0.284596224 -2.124997565
1750922003.899980068 -1.451538161 0.674574719 -0.783552474 0.033044425 0.997515572 -0.041010639 -0.046785431 -0.320528474 -0.315944822 -1.993516986
1750922003.999979973 -1.390439557 0.657816124 -0.594038784 0.035791052 0.993294026 -0.042423606 -0.101420987 -0.349026171 -0.218009854 -2.009331866
1750922004.099980116 -1.315856032 0.659591243 -0.413708772 0.031869692 0.984927308 -0.040795695 -0.165040093 -0.367747418 -0.203140809 -1.970278558
1750922004.199980021 -1.239875354 0.665704721 -0.277806205 0.032336536 0.974162741 -0.041348353 -0.219662505 -0.045741253 0.055647995 -1.624404769
1750922004.299979925 -1.152868386 0.678473190 -0.139359780 0.031263447 0.960704789 -0.041341890 -0.272689848 -0.515843706 0.003601752 -1.886320727
1750922004.399980068 -1.027539520 0.648967239 0.012522047 0.027670903 0.942565438 -0.041103016 -0.330325988 -0.197007454 -0.349848500 -1.767207203
1750922004.499979973 -0.861653552 0.649349258 0.121005489 0.029387239 0.925610443 -0.036773603 -0.375538814 -0.469543373 -0.252716991 -2.015896092
1750922004.599980116 -0.745849610 0.648950456 0.232517321 0.027529962 0.902532565 -0.036292255 -0.428205490 0.000436775 -0.197164142 -1.717335664
1750922004.699980021 -0.580747040 0.646348225 0.330417458 0.025588645 0.874386060 -0.032193919 -0.483485046 -0.217131045 -0.250230500 -1.863166310
1750922004.799978971 -0.417918301 0.642292511 0.401708433 -0.028274270 -0.846555931 0.026486222 0.530888031 -0.206191724 -0.073691242 -1.886250190
1750922004.899979115 -0.245565901 0.632692166 0.454020729 -0.029194636 -0.815777107 0.022601001 0.577186781 -0.135787669 -0.189698725 -1.792818738
1750922004.999979019 -0.054459742 0.614218124 0.494415213 -0.027800514 -0.777554175 0.016170553 0.627992953 -0.156786397 -0.037162134 -1.911072884
1750922005.099978924 0.123475201 0.587920276 0.503104927 -0.022753670 -0.741571492 0.016153907 0.670293252 -0.196585013 -0.216812790 -1.763204818
1750922005.199979067 0.299269214 0.581880921 0.502511102 -0.022918277 -0.698793885 0.010103944 0.714884444 -0.118669637 -0.148454017 -1.900493209
1750922005.299978971 0.497912734 0.561016880 0.475631120 -0.021000465 -0.649452463 0.005271728 0.760093868 -0.130654436 -0.148926178 -1.771393284
1750922005.399979115 0.658231358 0.547765014 0.425707519 -0.016415625 -0.606118387 0.001064151 0.795204310 -0.101551200 -0.090972188 -1.793196262
1750922005.499979019 0.824495869 0.535865571 0.360686899 -0.013650996 -0.559153776 -0.001763841 0.828949694 -0.122665516 -0.098153203 -1.817722482
1750922005.599978924 0.990167085 0.520526799 0.259516522 -0.011528485 -0.509313378 -0.004642428 0.860491386 -0.130781117 -0.090340372 -1.828757580
1750922005.699979067 1.123283970 0.506696150 0.159448711 -0.010641573 -0.461866670 -0.008243941 0.886847210 -0.198010387 -0.118399885 -1.722964118
1750922005.799978018 1.244769112 0.491451034 0.045499439 -0.008180109 -0.413557793 -0.009315364 0.910393465 -0.176399976 -0.064587278 -1.660852877
1750922005.899977922 1.365744696 0.479793620 -0.096842900 -0.005651567 -0.358781038 -0.014447950 0.933292818 -0.178278826 -0.041315705 -1.696111483
1750922005.999978065 1.468626208 0.463971642 -0.242658693 -0.002713254 -0.308269704 -0.019515854 0.951094927 -0.168665390 -0.120796240 -1.764187094
1750922006.099977970 1.544096117 0.455209164 -0.388553499 -0.001398575 -0.257371362 -0.022663506 0.966045750 -0.178297431 -0.095021376 -1.668589722
1750922006.199978113 1.611117360 0.447522849 -0.557463925 0.001968387 -0.198060931 -0.025158559 0.979864807 -0.015225107 -0.125299493 -1.686824384
1750922006.299978018 1.652318882 0.441357759 -0.720488792 0.006331377 -0.143005765 -0.026601816 0.989344029 -0.181875094 -0.004858496 -1.535785426
1750922006.399977922 1.674199753 0.444617929 -0.882827923 0.007511193 -0.086249270 -0.028923811 0.995825315 -0.208991737 -0.005933513 -1.644755275
1750922006.499978065 1.665298565 0.445029133 -1.070877437 0.001954749 -0.026737980 -0.031962693 0.999129444 -0.581747036 -0.077595566 -1.672019577
1750922006.599977970 1.652305810 0.443147162 -1.249149650 0.001824077 0.028805077 -0.034165266 0.998999337 -0.354527207 -0.182896413 -1.947932902
1750922006.699978113 1.635585108 0.453221973 -1.407677151 0.000223593 0.086508359 -0.039650315 0.995461755 0.152965847 -0.070161315 -1.644405683
1750922006.799978018 1.577634765 0.438326270 -1.594739505 0.000426896 0.152406059 -0.042111813 0.987420278 -0.212076561 -0.131187125 -1.741743956
1750922006.899976969 1.488305183 0.425938732 -1.739594169 0.004565254 0.205428498 -0.046882964 0.977537865 -0.392520659 -0.148450965 -1.688541748
1750922006.999977112 1.396100011 0.417659278 -1.893453581 0.003892590 0.261383783 -0.050118272 0.963925062 -0.063273433 -0.070654071 -1.818084974
1750922007.099977016 1.280377683 0.421332473 -2.038935639 0.005709434 0.322040495 -0.054931012 0.945113700 -0.136785771 -0.103494165 -1.977116163
1750922007.199976921 1.156683903 0.411046949 -2.169767428 0.010068088 0.373321134 -0.057215396 0.925881398 -0.016415597 -0.137058970 -1.719422665
1750922007.299977064 1.048668324 0.417668845 -2.268656116 0.010333574 0.423483004 -0.060594783 0.903816151 0.213128968 -0.176909863 -1.610267885
1750922007.399976969 0.906467970 0.424802149 -2.363323438 0.014244109 0.477419566 -0.065268971 0.876132196 -0.271535359 -0.343758787 -1.748395285
1750922007.499977112 0.757134492 0.419302481 -2.450024943 0.018353035 0.524036017 -0.067577693 0.848812508 -0.120389766 0.093457950 -1.646211712
1750922007.599977016 0.582792823 0.424585333 -2.506120982 0.018992173 0.567749301 -0.066615368 0.820281916 -0.331977629 -0.560477269 -2.062027424
1750922007.699976921 0.396070630 0.434235386 -2.546502071 0.023134800 0.618195437 -0.067156617 0.782808515 -0.059621482 -0.080984823 -1.913069968
1750922007.799977064 0.214619325 0.445755978 -2.551022518 0.026076724 0.659180519 -0.069967879 0.748268363 -0.338325608 0.128599853 -1.816368538
1750922007.899976015 0.028226650 0.465026315 -2.546674579 0.026320688 0.700900878 -0.066208367 0.709691224 -0.181801052 -0.190002195 -1.825578153
1750922007.999975920 -0.163639505 0.466941020 -2.503057362 0.031281177 0.741460604 -0.071090484 0.666486162 -0.299371438 -0.325090355 -1.862105084
1750922008.099976063 -0.335797035 0.484424989 -2.468245044 0.034999502 0.779871982 -0.071865083 0.620814092 -0.211614430 -0.311963338 -1.872505971
1750922008.199975967 -0.500644789 0.498731895 -2.403772964 0.036292129 0.812719883 -0.073445301 0.576866588 -0.143758824 -0.005432436 -1.884239764
1750922008.299976110 -0.683843767 0.523480586 -2.318421985 0.033362497 0.849403333 -0.071042347 0.521875375 -0.104389107 0.023389040 -1.752422030
1750922008.399976015 -0.810776601 0.539657082 -2.223373592 0.035616552 0.876876884 -0.069868840 0.474274959 -0.122181904 -0.148575634 -1.846151883
1750922008.499975920 -0.934774502 0.555314718 -2.109275069 0.036876905 0.902470856 -0.067556837 0.423818972 -0.160484683 -0.115505833 -1.735374441
1750922008.599976063 -1.064225177 0.573720166 -1.965519869 0.037454618 0.927820914 -0.065349385 0.365342253 -0.079118352 -0.095060781 -1.840204170
1750922008.699975967 -1.150370095 0.587234262 -1.834763317 0.037683540 0.947333236 -0.062683790 0.311785879 -0.124042899 -0.184889881 -1.773007140
1750922008.799976110 -1.235442562 0.600495568 -1.681990577 0.036976131 0.963959988 -0.060371084 0.256455141 -0.255909091 -0.048901181 -1.475470717
1750922008.899976015 -1.296998538 0.609894541 -1.504459886 0.037784621 0.977872328 -0.057861436 0.197459077 -0.171264925 -0.072372055 -1.701807589
1750922008.999974966 -1.328978029 0.620588922 -1.352003974 0.037951033 0.987245953 -0.055109852 0.144457782 -0.308474863 0.064112134 -1.397070142
1750922009.099975109 -1.353147109 0.642090359 -1.173936805 0.036035799 0.994137253 -0.050218509 0.088716650 -0.199982169 -0.025744667 -1.567283612
1750922009.199975014 -1.367702254 0.640766584 -0.975573439 0.036307002 0.997964651 -0.046215403 0.024748625 0.058758099 -0.012330258 -1.672183092
1750922009.299974918 -1.339436110 0.654203714 -0.818133324 0.035810784 0.997963540 -0.043642602 -0.029693152 -0.164905037 -0.052118195 -1.536589563
1750922009.399975061 -1.307770145 0.652615727 -0.652839575 0.033228484 0.994779023 -0.042353230 -0.086699288 -0.470435234 -0.378496003 -1.642196066
1750922009.499974966 -1.225763458 0.647346758 -0.478401234 0.031802908 0.987687741 -0.044290320 -0.146628337 -0.456475359 -0.290296483 -1.804737438
1750922009.599975109 -1.152833042 0.663970101 -0.339942249 0.035079586 0.978385911 -0.040332569 -0.199759145 -0.289317658 -0.210242969 -1.935832549
1750922009.699975014 -1.061841215 0.659944844 -0.201117741 0.032448669 0.966384705 -0.041086942 -0.251713230 0.254754549 -0.153942905 -1.170354986
1750922009.799974918 -0.941956895 0.654772158 -0.057133081 0.032671434 0.949234647 -0.039506511 -0.310363332 0.199211596 -0.054993750 -1.464300277
1750922009.899975061 -0.817939594 0.634141518 0.059132596 0.030364422 0.930999167 -0.035739255 -0.361996212 -0.210915469 -0.732786386 -2.201342331
1750922009.999974012 -0.680800523 0.624241666 0.185633039 0.027820501 0.908412088 -0.035016485 -0.415676970 -0.251350672 -0.265005946 -1.807974734
1750922010.099973917 -0.523978552 0.620565851 0.267407687 0.027913164 0.881600166 -0.034177989 -0.469929640 -0.174169343 -0.094438858 -1.623073314
1750922010.199974060 -0.373506166 0.612936317 0.333551354 -0.029377203 -0.854878951 0.028804622 0.517193631 -0.078598316 -0.036025658 -1.634379825
1750922010.299973965 -0.219468168 0.603321261 0.373783935 -0.030643081 -0.826075530 0.023212140 0.562246758 -0.215272893 0.236381594 -1.644055977
1750922010.399974108 -0.048759875 0.602510789 0.411135822 -0.031427657 -0.787442433 0.015899777 0.615381113 -0.400337906 0.049527598 -1.402710685
1750922010.499974012 0.122164508 0.570267783 0.405776780 -0.025533225 -0.754362274 0.016504977 0.655753917 -0.089057901 -0.497717694 -1.385017447
1750922010.599973917 0.269854510 0.546040243 0.407616024 -0.020792808 -0.715951791 0.014469380 0.697689995 0.393522970 -0.225419808 -1.465911372
1750922010.699974060 0.443878674 0.533172753 0.404382630 -0.018846221 -0.667079062 0.008988819 0.744694264 -0.429886271 -0.077268835 -1.640750960
1750922010.799973965 0.597194445 0.504652669 0.349340220 -0.012728237 -0.629324682 0.011443138 0.776953983 -0.305032696 -0.083248273 -1.656145383
1750922010.899974108 0.736829561 0.494537697 0.289717165 -0.009015007 -0.587146000 0.010011045 0.809368941 -0.287474996 0.143612711 -1.456390085
1750922010.999974012 0.891628098 0.486254069 0.207962472 -0.009051754 -0.536218368 0.003862869 0.844021923 -0.170266815 -0.034310893 -1.652691393
1750922011.099972963 1.016088040 0.476746346 0.115152705 -0.006997235 -0.490625081 0.000979895 0.871342130 -0.175299562 -0.139405623 -1.633397256
1750922011.199973106 1.132882929 0.463437983 0.009919033 -0.004420618 -0.442640307 -0.000579298 0.896688174 -0.237918124 -0.050540629 -1.598557800
1750922011.299973011 1.244515066 0.453619003 -0.117777361 -0.001712308 -0.385542341 -0.004483003 0.922677665 -0.143726562 -0.118434537 -1.591383404
1750922011.399972916 1.331033908 0.438817718 -0.246104177 -0.001690243 -0.335503422 -0.006047387 0.942018060 -0.193464843 -0.111605937 -1.569082505
1750922011.499973059 1.405819508 0.432790345 -0.378678807 0.000463647 -0.284175209 -0.008696687 0.958732811 -0.174124643 -0.040871440 -1.548704354
1750922011.599972963 1.470216969 0.427199279 -0.539715400 0.003050299 -0.224728980 -0.013381493 0.974324646 -0.118695719 -0.085265076 -1.502200430
1750922011.699973106 1.506978253 0.424565255 -0.685495227 0.004304376 -0.170955747 -0.015848801 0.985141828 -0.202560708 -0.053588491 -1.439006867
1750922011.799973011 1.515951509 0.423787672 -0.822063651 0.001570656 -0.118659507 -0.017246458 0.992783971 -0.338169669 -0.033394858 -1.544523542
1750922011.899972916 1.528158401 0.419962729 -1.005852098 0.003360420 -0.056761744 -0.020103686 0.998179670 -0.198218216 0.200523843 -1.689002401
1750922011.999973059 1.503583188 0.415188528 -1.167059464 0.000640894 -0.002729955 -0.020356168 0.999788859 -0.360067625 0.140854012 -1.494095422
1750922012.099972010 1.482924724 0.418464910 -1.309797134 -0.001965185 0.053814307 -0.022855436 0.998287427 0.094694564 0.008345445 -1.468027355
1750922012.199971914 1.430410553 0.404214723 -1.489415813 0.001076354 0.116453100 -0.028013566 0.992800462 -0.194927803 -0.272454011 -1.811056621
1750922012.299972057 1.369568905 0.395842781 -1.628718377 0.000442153 0.170852152 -0.031861032 0.984781306 -0.236088941 -0.106640154 -1.563684212
1750922012.399971962 1.293856222 0.388161358 -1.772731153 0.001013578 0.225726906 -0.036758428 0.973496356 -0.218368490 -0.125451487 -1.678361162
1750922012.499972105 1.185785099 0.378750925 -1.916930357 0.002500794 0.284863887 -0.040802828 0.957695902 -0.074790374 -0.185312723 -1.582154918
1750922012.599972010 1.080739798 0.375084201 -2.040055229 0.004198707 0.337641892 -0.044954864 0.940191142 -0.107134017 -0.147109869 -1.796247568
1750922012.699971914 0.970107207 0.370101346 -2.143723774 0.006392715 0.389761465 -0.049087370 0.919584451 -0.139480188 -0.164357417 -1.599269156
1750922012.799972057 0.838572144 0.369474573 -2.235013924 0.008266218 0.445583263 -0.051747807 0.893705427 -0.060489980 -0.049264249 -1.487028149
1750922012.899971962 0.708911528 0.365915861 -2.296786295 0.010514597 0.491838540 -0.054127486 0.868938726 -0.176027539 -0.178018849 -1.628263647
1750922012.999972105 0.563533350 0.383154429 -2.364182174 0.007657486 0.540478977 -0.053418433 0.839625101 -0.148812040 -0.001555004 -1.637038194
1750922013.099972010 0.384618643 0.370035219 -2.399792126 0.014383374 0.590613799 -0.055970247 0.804882470 -0.066755712 -0.249899303 -1.551718893
1750922013.199970961 0.238758045 0.381853581 -2.419772966 0.014729510 0.632916536 -0.057548015 0.771937773 -0.255550977 -0.130317365 -1.660197059
1750922013.299971104 0.087373230 0.390457366 -2.419044188 0.016764285 0.671825242 -0.055864693 0.738409737 -0.179744355 -0.096699894 -1.235166763
1750922013.399971008 -0.039440011 0.405875041 -2.414694829 0.017297503 0.714563629 -0.055423869 0.697156948 0.044347838 0.029761844 -1.132844320
1750922013.499970913 -0.123306469 0.401658744 -2.379730304 0.020350928 0.747897085 -0.056959587 0.661053247 -0.327584611 0.006095010 -0.752760302
1750922013.599971056 -0.179312473 0.408662953 -2.354771984 0.020759187 0.776185422 -0.057621342 0.627522930 -0.040583150 -0.055980795 -0.432406267
1750922013.699970961 -0.208147106 0.415232647 -2.338455605 0.020758022 0.797716662 -0.058926846 0.599787345 -0.064963718 0.084958936 -0.211996425
1750922013.799971104 -0.222904495 0.418056059 -2.327559989 0.020257254 0.810647591 -0.059626530 0.582138132 -0.184234083 0.031509927 -0.115198022
1750922013.899971008 -0.209535477 0.417293599 -2.307138812 0.021245133 0.821880992 -0.061097585 0.565974702 -0.205910676 0.056082241 0.085427705
1750922013.999970913 -0.190916517 0.418103361 -2.287558736 0.021731254 0.835551231 -0.061278739 0.545551839 -0.281565539 0.019544486 0.195254307
1750922014.099971056 -0.163357659 0.419861736 -2.279499073 0.021893567 0.846509850 -0.061471910 0.528358732 -0.211663291 0.055207130 0.220566014
1750922014.199970007 -0.142870259 0.418486351 -2.272058158 0.022285353 0.855988888 -0.061318732 0.512860994 -0.205398562 0.145436352 0.183358868
1750922014.299969912 -0.110770390 0.425404500 -2.273420063 0.020170260 0.865604474 -0.060902537 0.496601386 -0.369349239 0.169381219 0.317626014
1750922014.399970055 -0.159182225 0.326694689 -2.234241619 0.037216464 0.869413796 -0.066371650 0.488189913 0.031373668 -2.448558445 -1.257024013
1750922014.499969959 -0.140359313 0.409176692 -2.230914545 0.029326166 0.873984178 -0.065346960 0.480646863 2.012854899 -0.212353332 0.868420513
1750922014.599970102 -0.185082654 0.348877672 -2.257616279 0.052999544 0.870719121 -0.068282992 0.484124667 0.000000000 0.000000000 0.000000000
1750922014.699970007 -0.185082654 0.348877672 -2.257616279 0.052999544 0.870719121 -0.068282992 0.484124667 0.000000000 0.000000000 0.000000000
1750922014.799969912 -0.185082654 0.348877672 -2.257616279 0.052999544 0.870719121 -0.068282992 0.484124667 0.000000000 0.000000000 0.000000000
1750922014.899970055 -0.185082654 0.348877672 -2.257616279 0.052999544 0.870719121 -0.068282992 0.484124667 0.000000000 0.000000000 0.000000000
1750922014.999969959 -0.185082654 0.348877672 -2.257616279 0.052999544 0.870719121 -0.068282992 0.484124667 0.000000000 0.000000000 0.000000000
1750922015.099970102 -0.185082654 0.348877672 -2.257616279 0.052999544 0.870719121 -0.068282992 0.484124667 0.000000000 0.000000000 0.000000000
1750922015.199970007 -0.185082654 0.348877672 -2.257616279 0.052999544 0.870719121 -0.068282992 0.484124667 0.000000000 0.000000000 0.000000000
1750922015.299968958 -0.185082654 0.348877672 -2.257616279 0.052999544 0.870719121 -0.068282992 0.484124667 0.000000000 0.000000000 0.000000000
1750922015.399969101 -0.185082654 0.348877672 -2.257616279 0.052999544 0.870719121 -0.068282992 0.484124667 0.000000000 0.000000000 0.000000000
1750922015.499969006 -0.185082654 0.348877672 -2.257616279 0.052999544 0.870719121 -0.068282992 0.484124667 0.000000000 0.000000000 0.000000000
