1750921983.200000048 0.208173977 0.197714358 0.559483857 0.046944234 -0.671926963 0.035953244 0.738253181 -0.341974102 -0.064186304 -1.784298757
1750921983.299999952 0.372251258 0.211306595 0.516374811 0.046813224 -0.628080744 0.033576252 0.776012717 -0.012547465 0.051936936 -1.773979140
1750921983.400000095 0.546678526 0.216567060 0.436446112 0.048492918 -0.576900914 0.034534783 0.814641713 -0.424022354 -0.283161505 -1.728666384
1750921983.500000000 0.697227774 0.230044543 0.356887466 0.044278619 -0.527066033 0.031648423 0.848079700 -0.343954188 -0.208631912 -1.760342046
1750921983.599999905 0.826244271 0.240805497 0.260109836 0.044279365 -0.479541314 0.030535024 0.875869327 -0.098761581 0.029597385 -1.751704385
1750921983.700000048 0.981727259 0.248767620 0.138106632 0.046922778 -0.420507794 0.031395128 0.905530670 -0.154490581 -0.105979678 -1.705707597
1750921983.799998999 1.085461293 0.262114429 0.010498369 0.047918324 -0.371562144 0.030140864 0.926680601 -0.155136482 -0.055972569 -1.786556513
1750921983.899998903 1.177929714 0.271030093 -0.128720396 0.046060292 -0.323953178 0.031279705 0.944433358 -0.154294082 -0.139993312 -1.762954458
1750921983.999999046 1.266646609 0.279730527 -0.296781997 0.047918198 -0.271244270 0.029358720 0.960868595 -0.188705316 -0.114688502 -1.818852741
1750921984.099998951 1.330414156 0.288914661 -0.451635464 0.046538791 -0.225807445 0.029188000 0.972621817 -0.194881714 -0.138464520 -1.765341722
1750921984.199999094 1.376170542 0.296675645 -0.607780267 0.046909325 -0.180130803 0.028215934 0.982118257 -0.235185833 -0.153327955 -1.745568112
1750921984.299998999 1.413890615 0.302362653 -0.802385208 0.044753435 -0.128125610 0.026993903 0.990379870 -0.222816431 -0.187395989 -1.880662918
1750921984.399998903 1.429322595 0.312719300 -0.957746910 0.043016456 -0.080398330 0.026516519 0.995481073 -0.148533907 0.084583054 -1.719593040
1750921984.499999046 1.429832023 0.321518653 -1.123401288 0.043545606 -0.029549040 0.024549224 0.998312561 -0.156729478 0.044114859 -1.463962964
1750921984.599998951 1.400951527 0.335052307 -1.300077484 0.043150141 0.030717387 0.024943413 0.998284696 -0.229181081 -0.214785285 -1.907026932
1750921984.699999094 1.356209009 0.343620201 -1.471554692 0.041548270 0.083403018 0.024743787 0.995341862 -0.110952127 -0.147238671 -1.788679266
1750921984.799998999 1.325594170 0.361086092 -1.623263130 0.031278969 0.142237961 0.024091755 0.989044779 -0.086042000 0.206125904 -1.902633840
1750921984.899997950 1.247316238 0.377882448 -1.745693777 0.021133589 0.201660307 0.025233964 0.978902313 -0.162764835 -0.042076527 -1.537642346
1750921984.999998093 1.151989618 0.367037404 -1.898177531 0.020465048 0.256297241 0.021784765 0.966135772 -0.040259515 0.017365303 -1.651932315
1750921985.099997997 1.046061276 0.358568460 -2.026353262 0.019067713 0.310529572 0.020661957 0.950147826 -0.175659279 -0.200261593 -1.857720430
1750921985.199997902 0.912029978 0.351548904 -2.163918769 0.013952384 0.370450345 0.017395109 0.928584559 -0.116902665 -0.097420991 -1.799950014
1750921985.299998045 0.775628931 0.343968939 -2.258313042 0.012612799 0.420904923 0.013902396 0.906910518 -0.291973504 -0.132225087 -1.567632043
1750921985.399997950 0.636294656 0.321157101 -2.343212008 0.010160046 0.472746430 0.010283656 0.881079924 -0.106579489 -0.031201675 -1.714604244
1750921985.499998093 0.481650265 0.305836952 -2.420736022 0.009084232 0.528086576 0.006400920 0.849117820 -0.114452734 -0.179312163 -1.700863760
1750921985.599997997 0.336133718 0.299786500 -2.474277366 0.006429570 0.574423808 0.002490241 0.818529014 -0.052485729 0.010845131 -1.622589992
1750921985.699997902 0.180495292 0.283637959 -2.511187263 0.004285373 0.618979833 0.000111207 0.785395180 -0.030944102 -0.237037313 -1.654470429
1750921985.799998045 -0.003532074 0.282386730 -2.518746793 0.000895535 0.665721761 0.000284075 0.746199473 -0.135978610 -0.089684033 -1.604391435
1750921985.899996996 -0.170558080 0.276249434 -2.514301320 -0.001202170 0.705775993 0.000078856 0.708434045 0.041549110 -0.060750270 -1.751239209
1750921985.999996901 -0.338990613 0.270580457 -2.479687308 -0.001664709 0.741488795 -0.000911896 0.670962565 -0.264344318 0.010637599 -1.802565732
1750921986.099997044 -0.532095324 0.261910116 -2.424729555 -0.004819613 0.782180128 -0.002363016 0.623029240 -0.191609728 -0.156789498 -1.804446643
1750921986.199996948 -0.693516815 0.250218061 -2.352411216 -0.004707251 0.815182935 -0.004002621 0.579170617 -0.103689238 -0.055263672 -1.780341238
1750921986.299997091 -0.854477136 0.233386041 -2.266417618 -0.005863385 0.845867755 -0.008874880 0.533286601 -0.095983050 -0.109493539 -1.801156060
1750921986.399996996 -1.012977558 0.216400573 -2.156363563 -0.009245302 0.877698046 -0.013790071 0.478926402 -0.293442880 -0.372768144 -1.767863353
1750921986.499996901 -1.137513701 0.212527774 -2.046606935 -0.012736543 0.903582587 -0.015641098 0.427938833 -0.269535663 -0.071368226 -1.752582518
1750921986.599997044 -1.242818390 0.203684611 -1.919094935 -0.013989339 0.925127058 -0.015448902 0.379085156 -0.183641288 -0.149598470 -1.857574817
1750921986.699996948 -1.360682718 0.200897170 -1.760889382 -0.018343299 0.947016388 -0.013341149 0.320383360 -0.146428026 -0.004718744 -1.820186711
1750921986.799997091 -1.441992570 0.199451413 -1.612244729 -0.019809755 0.963488703 -0.017444284 0.266444721 -0.233275895 -0.081020715 -1.702008797
1750921986.899996996 -1.507074470 0.191365588 -1.449330379 -0.021619626 0.976935457 -0.018882038 0.211596724 -0.226519784 -0.176792104 -1.886482397
1750921986.999995947 -1.560208640 0.187245000 -1.259547171 -0.021892623 0.988264420 -0.018695703 0.150015400 -0.186376005 -0.174957027 -1.867214579
1750921987.099996090 -1.590462482 0.181836241 -1.085088706 -0.026395095 0.994980317 -0.017110733 0.094998371 -0.249290046 -0.106907830 -1.559245812
1750921987.199995995 -1.603394461 0.177391601 -0.888471806 -0.027715383 0.998627459 -0.019953613 0.039710304 -0.215394756 -0.098474114 -1.740208285
1750921987.299995899 -1.588336884 0.178014782 -0.701539580 -0.029881901 0.999065266 -0.020694458 -0.023396686 -0.106994965 -0.076544162 -2.050777670
1750921987.399996042 -1.536932888 0.167173350 -0.526431718 -0.032218437 0.996234076 -0.021555517 -0.077556417 -0.519375420 -0.023608708 -1.816184696
1750921987.499995947 -1.484020565 0.178128576 -0.369523740 -0.031946843 0.990262406 -0.018489354 -0.134230811 -0.094684366 -0.121991880 -1.564355425
1750921987.599996090 -1.420838487 0.214333386 -0.156650164 -0.034957365 0.978857311 -0.020404864 -0.200499350 0.311229870 0.097500342 -1.666679939
1750921987.699995995 -1.283691352 0.203406661 0.026034878 -0.037950129 0.966085066 -0.022326668 -0.254442437 -0.118091716 -0.981526770 -2.157554509
1750921987.799995899 -1.188092348 0.197066296 0.129730547 -0.039433866 0.950362256 -0.028177660 -0.307347641 0.141808683 0.074187069 -1.498950676
1750921987.899996042 -1.062942306 0.208605994 0.265256020 -0.039981052 0.929740174 -0.030374084 -0.364776834 0.083102159 0.161576575 -1.674054022
1750921987.999994993 -0.945323187 0.228222451 0.378546965 -0.039955095 0.907907963 -0.030463330 -0.416147457 0.661226076 0.052701264 -1.517371450
1750921988.099994898 -0.753597218 0.230315015 0.447443793 -0.042204461 0.886349861 -0.033411553 -0.459876479 -0.921571183 -0.055915738 -2.033723619
1750921988.199995041 -0.565681115 0.218449239 0.538183538 0.045160018 -0.856617000 0.035116308 0.512771619 -0.454892601 0.040636606 -1.763240898
1750921988.299994946 -0.402169740 0.228156457 0.606045810 0.045623889 -0.826399860 0.037141896 0.560001975 -0.117832047 -0.184255360 -1.919631807
1750921988.399995089 -0.227444335 0.243999460 0.654750611 0.045806181 -0.793483298 0.036108979 0.605790551 -0.178938933 -0.182453371 -1.880973805
1750921988.499994993 -0.025617527 0.255950939 0.666002597 0.041344905 -0.757947006 0.033566955 0.650138597 -0.309576779 -0.168779173 -1.939511512
1750921988.599994898 0.150838800 0.210596337 0.663255078 0.058368645 -0.722420226 0.040033525 0.687822241 -0.228225366 0.392915637 -1.700289078
1750921988.699995041 0.333957527 0.278142001 0.687948778 0.038743938 -0.671260903 0.027979879 0.739678872 0.157056685 -0.043858166 -1.939670578
1750921988.799994946 0.524796948 0.297569202 0.637114949 0.039442511 -0.621738436 0.028151950 0.781724423 -0.084622656 0.203838066 -1.848731225
1750921988.899995089 0.707907567 0.298304931 0.585389232 0.039245780 -0.571166373 0.024772548 0.819521240 0.184466684 -0.232534260 -2.047926042
1750921988.999994993 0.875665828 0.304891030 0.501635117 0.039665268 -0.522539130 0.023289631 0.851373665 -0.056103667 -0.260974649 -2.163198228
1750921989.099993944 1.049472840 0.307986694 0.376052085 0.041588384 -0.472719524 0.028753311 0.879761278 -0.104274124 0.148137350 -1.946214984
1750921989.199994087 1.200889034 0.323058863 0.249684791 0.039613663 -0.422711935 0.027871948 0.904968802 -0.159634556 -0.221341748 -2.061138102
1750921989.299993992 1.323827801 0.333664955 0.119933738 0.038681953 -0.374628016 0.026783398 0.925980672 -0.150106948 -0.074341504 -1.939039402
1750921989.399993896 1.451118325 0.338422554 -0.051962575 0.037673535 -0.317289436 0.024187568 0.947271387 -0.106006723 -0.154324660 -1.862765130
1750921989.499994040 1.552765575 0.346793571 -0.212418839 0.037198879 -0.263881508 0.020525102 0.963618967 -0.119678508 -0.091914560 -1.913431979
1750921989.599993944 1.618811583 0.349044119 -0.372773420 0.037566774 -0.212459989 0.020279974 0.976236761 -0.252546286 -0.135350735 -1.587724945
1750921989.699994087 1.686775934 0.358019247 -0.571532787 0.037936422 -0.151303733 0.019224882 0.987571978 -0.120749781 -0.117622097 -1.932067427
1750921989.799993992 1.710733716 0.359085535 -0.747779045 0.036380843 -0.099713971 0.019941532 0.994150840 -0.164653006 -0.090909732 -1.868050536
1750921989.899993896 1.730484626 0.360136476 -0.926983015 0.035885178 -0.044707951 0.018011226 0.998192892 -0.278870677 -0.075720308 -1.889845827
1750921989.999994040 1.703640230 0.360853714 -1.125184407 0.039974263 0.017944749 0.018410759 0.998869906 -0.177858738 -0.377372408 -2.100944652
1750921990.099992990 1.684416879 0.370552617 -1.303502630 0.039389861 0.078737174 0.017042604 0.995971107 -0.235415171 0.029875247 -1.717316082
1750921990.199992895 1.607185645 0.395666903 -1.436927807 0.028393825 0.128846423 0.015711377 0.991133464 -0.560188051 -0.551564680 -1.553806903
1750921990.299993038 1.541991153 0.404255368 -1.621081798 0.024861603 0.190759869 0.014996906 0.981207249 0.086702898 0.169047842 -1.637966229
1750921990.399992943 1.452034626 0.399462826 -1.779209492 0.023387372 0.238606768 0.011751709 0.970763482 -0.120545068 -0.153252909 -1.825422514
1750921990.499993086 1.347718226 0.407685552 -1.922394160 0.015997059 0.284732106 0.010040800 0.958421048 -0.127510868 0.006238280 -1.884322044
1750921990.599992990 1.203980618 0.384277746 -2.074327548 0.015640845 0.334256555 0.008075389 0.942317732 0.061733062 -0.041273056 -1.997090524
1750921990.699992895 1.063678036 0.369377058 -2.211181312 0.014595565 0.380325637 0.005250673 0.924722558 -0.207535632 -0.186164891 -1.957180626
1750921990.799993038 0.918392193 0.364400601 -2.309465676 0.014181171 0.422430591 0.003921983 0.906275846 -0.119335896 -0.067970290 -1.938024523
1750921990.899992943 0.727977051 0.351404309 -2.427794318 0.012436003 0.467725359 -0.001075593 0.883785708 -0.153533978 0.032076089 -1.967422183
1750921990.999993086 0.579299621 0.354115570 -2.511648656 0.011828010 0.508891160 -0.004587858 0.860737380 0.106641579 -0.075626719 -2.015261709
1750921991.099992990 0.379090701 0.325517186 -2.594610644 0.007962096 0.549757597 -0.011887971 0.835201692 0.170709595 -0.023371791 -2.069841879
1750921991.199991941 0.175002164 0.298708270 -2.620208995 0.012690220 0.590677980 -0.015208248 0.806664237 -0.630332624 -0.170696562 -1.844834899
1750921991.299992085 0.009779986 0.320153377 -2.653439175 0.006832275 0.632649500 -0.013036443 0.774298380 -0.124710852 -0.000048843 -1.966854376
1750921991.399991989 -0.189854622 0.307334649 -2.646150956 0.007031051 0.671814350 -0.013833301 0.740557009 0.338491643 0.043696513 -2.090449673
1750921991.499991894 -0.400369395 0.305430846 -2.662916008 0.005872278 0.721961214 -0.017727262 0.691681477 -0.432820077 -0.434916217 -2.085767406
1750921991.599992037 -0.574193705 0.294413451 -2.603463445 0.003925711 0.757554429 -0.016508626 0.652551409 -0.244474401 -0.039070851 -1.944274340
1750921991.699991941 -0.742548849 0.288533757 -2.536370586 0.003209114 0.791546901 -0.016640360 0.610873394 -0.426892038 0.015658123 -1.724407347
1750921991.799992085 -0.927201127 0.286488049 -2.464363704 0.002485045 0.830728195 -0.020760005 0.556285460 -0.112666016 -0.175374320 -1.841989583
1750921991.899991989 -1.067731745 0.278775895 -2.358009876 0.003216772 0.858394387 -0.023919774 0.512422261 -0.188561533 -0.139973093 -1.889912193
1750921991.999991894 -1.199175427 0.278951589 -2.249364113 0.002260989 0.884781770 -0.024722662 0.465343848 -0.191580759 -0.123112360 -1.837382392
1750921992.099992037 -1.331215144 0.280007341 -2.107036315 -0.000305970 0.911124939 -0.024846264 0.411380499 -0.155385127 -0.086041808 -1.803720866
1750921992.199990988 -1.434490076 0.275033422 -1.972476302 -0.001813399 0.932046884 -0.025842000 0.361410443 -0.186063674 -0.217136530 -1.795379772
1750921992.299990892 -1.515475529 0.279022801 -1.836441558 -0.002729534 0.950399179 -0.028023016 0.309755809 -0.164118807 -0.123383437 -1.785929784
1750921992.399991035 -1.602449519 0.272566133 -1.664823346 -0.003890728 0.967984052 -0.029361416 0.249258188 -0.124935499 -0.155446311 -1.819453473
1750921992.499990940 -1.657966715 0.275218960 -1.501877881 -0.005540740 0.980210309 -0.026982008 0.196033215 -0.286485636 -0.193554027 -1.935833909
1750921992.599991083 -1.690739613 0.268673071 -1.341335623 -0.007659996 0.989335100 -0.022025991 0.143778442 -0.423040388 -0.082090629 -1.589059963
1750921992.699990988 -1.714545555 0.269349261 -1.138265688 -0.007525077 0.996420678 -0.025097413 0.080369929 -0.229210598 -0.165715168 -1.779429501
1750921992.799990892 -1.707836689 0.275617285 -0.985181380 -0.012758842 0.999248870 -0.025578225 0.026166062 -0.027308698 -0.067702808 -1.858804085
1750921992.899991035 -1.684480805 0.274461073 -0.792351922 -0.014660454 0.999185294 -0.024611497 -0.028426999 -0.240008028 0.046980297 -1.762969286
1750921992.999990940 -1.641229006 0.272760865 -0.610739192 -0.015792170 0.995518064 -0.022017339 -0.090607003 -0.295999869 -0.092438078 -1.782932333
1750921993.099991083 -1.563572610 0.261067615 -0.452089675 -0.016277777 0.989126102 -0.023597656 -0.144248876 -0.017615798 0.026109303 -1.592269562
1750921993.199990988 -1.494935451 0.267852173 -0.276487627 -0.015444848 0.979166376 -0.023922958 -0.201053120 0.240838341 0.446701193 -1.439193536
1750921993.299989939 -1.379352083 0.269217812 -0.084858985 -0.018161025 0.964558226 -0.023770907 -0.262168932 -0.765753056 0.210151991 -2.087241921
1750921993.399990082 -1.248222148 0.269528525 0.006861894 -0.021462537 0.949376106 -0.028185463 -0.312137706 -0.303501165 -0.182241515 -1.711381641
1750921993.499989986 -1.159091638 0.284629159 0.109118525 -0.020693654 0.930669180 -0.029282992 -0.364100476 -0.131259024 -0.004837123 -1.730931583
1750921993.599989891 -0.958814774 0.273678450 0.228140808 -0.024835460 0.907464304 -0.031714481 -0.418193650 -0.490299237 -0.276150812 -2.085428971
1750921993.699990034 -0.824762490 0.284056952 0.305552927 -0.021654907 0.883827318 -0.030618880 -0.466307646 -0.191946495 0.215073245 -1.483682497
1750921993.799989939 -0.670334277 0.287125929 0.375975183 0.022468152 -0.856675938 0.031129033 0.514424439 0.122540016 -0.156512150 -1.639640608
1750921993.899990082 -0.485719630 0.295405845 0.443557543 0.021194582 -0.821872825 0.029098007 0.568532458 -0.263902967 -0.207605225 -1.782314672
1750921993.999989986 -0.321417532 0.297018577 0.462776297 0.021069442 -0.790646207 0.030670235 0.611141547 -0.251974793 -0.008709075 -1.708029278
1750921994.099989891 -0.147964777 0.295132382 0.482844020 0.020684724 -0.754921519 0.027776173 0.654900089 -0.350467150 -0.231782599 -1.906548104
1750921994.199990034 0.040937341 0.308342331 0.472231052 0.018306972 -0.713101437 0.024656224 0.700387940 -0.365793826 0.069553014 -1.685914859
1750921994.299988985 0.212647487 0.305441054 0.447401492 0.018040249 -0.672679348 0.023439821 0.739342694 -0.353898002 -0.210246565 -1.728917085
1750921994.399988890 0.374830551 0.313308115 0.393518280 0.020875250 -0.632309867 0.021994462 0.774121890 -0.303459648 -0.140117514 -1.777022130
1750921994.499989033 0.546413669 0.301192651 0.314878754 0.022665869 -0.583183117 0.019231460 0.811796688 -0.360707109 -0.312385193 -1.819769837
1750921994.599988937 0.680933531 0.304695087 0.239543869 0.023348952 -0.537299506 0.016909148 0.842898658 -0.280578386 -0.133847840 -1.495887380
1750921994.699989080 0.806393610 0.307618141 0.155372541 0.024531217 -0.488102477 0.015693647 0.872300350 -0.239775002 -0.171847747 -1.606536488
1750921994.799988985 0.921551914 0.314448906 0.040134422 0.025164608 -0.434410612 0.012035643 0.900282903 -0.249308194 0.047904391 -1.503024267
1750921994.899988890 1.018668505 0.312923864 -0.081742811 0.026563771 -0.385920260 0.010339712 0.922091649 -0.151852555 -0.016898936 -1.614352406
1750921994.999989033 1.102898915 0.318627755 -0.206299252 0.026917512 -0.336874788 0.008914111 0.941122396 -0.157490712 -0.090274337 -1.593852486
1750921995.099988937 1.177866435 0.314548032 -0.359542631 0.028318443 -0.284113289 0.009452743 0.958325806 -0.274146254 -0.117366504 -1.595912147
1750921995.199989080 1.236582109 0.316186425 -0.502171851 0.027169674 -0.236789710 0.007201313 0.971154253 -0.188573132 -0.028352519 -1.608164789
1750921995.299988985 1.290984800 0.310895317 -0.653949495 0.029110121 -0.188090496 0.005927349 0.981702314 -0.261060448 -0.227983129 -1.741560662
1750921995.399987936 1.331830370 0.312757039 -0.832645475 0.032312217 -0.132852125 0.004677365 0.990597979 -0.107046511 -0.055999853 -1.667480593
1750921995.499988079 1.346846351 0.312888278 -0.993487312 0.031727280 -0.082681339 0.004140034 0.996062265 -0.180087924 -0.113179430 -1.771330325
1750921995.599987984 1.350159942 0.322369673 -1.166085008 0.028620585 -0.030458536 0.001809858 0.999124549 -0.154750431 0.106178369 -1.578480981
1750921995.699987888 1.324163791 0.335232934 -1.341301954 0.025085900 0.030033473 -0.000253196 0.999234019 -0.499425444 0.043830382 -1.622234334
1750921995.799988031 1.297491856 0.357828027 -1.512642457 0.019819520 0.087361798 -0.002942079 0.995975124 -0.254183373 -0.128229899 -1.835309859
1750921995.899987936 1.238118158 0.357419887 -1.679863182 0.018442701 0.143436017 -0.003084826 0.989482925 -0.147467675 -0.091210628 -1.863793813
1750921995.999988079 1.148077532 0.342570512 -1.869061251 0.019576091 0.209058729 -0.006582312 0.977684968 -0.118267352 -0.200224141 -1.894139676
1750921996.099987984 1.054212943 0.339912933 -2.028033148 0.017929321 0.268034340 -0.008273175 0.963206980 -0.221878049 -0.025122400 -1.686419812
1750921996.199987888 0.948472694 0.332730749 -2.152005215 0.016973414 0.325483999 -0.012004178 0.945318978 -0.070787239 -0.168661516 -1.741781463
1750921996.299988031 0.816064688 0.328200033 -2.291243426 0.015894518 0.390270838 -0.016241441 0.920419607 0.006183885 -0.147423535 -1.782111418
1750921996.399986982 0.681339835 0.323076216 -2.401182696 0.014014794 0.446550282 -0.020671595 0.894409927 -0.039854925 -0.110565195 -1.790453478
1750921996.499986887 0.543454735 0.320572332 -2.493967337 0.013179351 0.499152934 -0.024477605 0.866067838 -0.009401299 -0.170433227 -1.762388194
1750921996.599987030 0.359860745 0.304225423 -2.571455494 0.011623347 0.551741502 -0.025831281 0.833534017 -0.187433435 -0.270859557 -1.725111160
1750921996.699986935 0.206680616 0.297257132 -2.620241460 0.017684689 0.596868793 -0.030300053 0.801571458 -0.185010104 -0.229871081 -1.730788033
1750921996.799987078 0.041531037 0.292513622 -2.641063151 0.018443470 0.638786384 -0.029845395 0.768583792 -0.024757195 -0.041982081 -1.843342264
1750921996.899986982 -0.163737274 0.297738369 -2.664753221 0.016752897 0.686683260 -0.032524463 0.726035536 -0.011471116 -0.332303634 -1.940853785
1750921996.999986887 -0.323268391 0.316298149 -2.643897625 0.014833487 0.724490943 -0.028463702 0.688536607 -0.144822721 -0.094004972 -1.763391738
1750921997.099987030 -0.533629738 0.300835903 -2.648060313 0.013806377 0.767499577 -0.031329324 0.640134562 0.058257635 -0.247840976 -1.994293661
1750921997.199986935 -0.715531098 0.311966861 -2.582664727 0.009823848 0.804189135 -0.032613882 0.593396716 -0.414179795 -0.034722484 -1.859513121
1750921997.299987078 -0.896137826 0.301053688 -2.516689186 0.013557566 0.837450092 -0.036329976 0.545136377 0.006723778 -0.333380463 -2.000348060
1750921997.399986982 -1.050457465 0.306629039 -2.417353957 0.014909439 0.865660254 -0.037897555 0.498972753 -0.273856793 -0.179623574 -1.897123216
1750921997.499985933 -1.211520558 0.318030457 -2.284457110 0.013989627 0.894881094 -0.035727044 0.444652332 -0.191524834 -0.101510208 -1.987522766
1750921997.599986076 -1.341470679 0.331655471 -2.158837608 0.009131560 0.919324210 -0.034960281 0.391838475 -0.224178380 -0.059968249 -1.796177202
1750921997.699985981 -1.458785279 0.334165620 -2.013880680 0.008269011 0.940432674 -0.035135866 0.338058397 -0.075243359 -0.085406852 -1.865975877
1750921997.799985886 -1.568428585 0.336257578 -1.843364827 0.006682679 0.960685225 -0.035838674 0.275235954 -0.162977185 -0.180446724 -1.921384465
1750921997.899986029 -1.642736151 0.329316113 -1.677138130 0.010114431 0.975039972 -0.035442610 0.218948788 -0.109390671 -0.172632089 -1.906278394
1750921997.999985933 -1.712030146 0.337753472 -1.503623634 0.003895688 0.986520339 -0.030699536 0.160685975 -0.202803368 -0.112729199 -1.855560646
1750921998.099986076 -1.734983145 0.328654017 -1.328523833 0.003303755 0.994569443 -0.028976133 0.099905412 -0.039030995 0.018830366 -1.916842871
1750921998.199985981 -1.760082499 0.343706380 -1.113388660 -0.001453441 0.998754764 -0.028440139 0.040963010 -0.067297232 -0.017867849 -2.318885738
1750921998.299985886 -1.752093130 0.347343466 -0.949862022 -0.004017921 0.999389638 -0.029842887 -0.017709061 -0.120129246 -0.083164297 -1.529014111
1750921998.399986029 -1.726429534 0.327641751 -0.730083539 -0.006743702 0.996120719 -0.026714026 -0.083572707 0.388062240 -0.607742482 -3.500464783
1750921998.499984980 -1.672748618 0.326453211 -0.559840470 -0.006482544 0.989789966 -0.027020495 -0.139798760 -0.138580181 0.220479336 -1.947964511
1750921998.599984884 -1.573732131 0.314671361 -0.379228649 -0.009679773 0.980402849 -0.028753378 -0.194653024 -0.443043918 -0.179436867 -2.058124770
1750921998.699985027 -1.471493570 0.328158021 -0.209741221 -0.006444660 0.965962046 -0.026864232 -0.257204405 -0.360661618 -0.047902038 -1.928433356
1750921998.799984932 -1.354603988 0.329052091 -0.064841889 -0.009621944 0.949861661 -0.029016628 -0.311172426 -0.188732560 -0.050831262 -1.871442911
1750921998.899985075 -1.222189580 0.334180732 0.072820176 -0.011129807 0.930451286 -0.031713884 -0.364870884 -0.233003689 -0.006320240 -1.908137768
1750921998.999984980 -1.073595701 0.336947462 0.199645405 -0.012326853 0.905861773 -0.033469917 -0.422069024 -0.013524933 -0.053490694 -1.712189819
1750921999.099984884 -0.946709722 0.351795901 0.300875500 -0.012081476 0.880954618 -0.033141492 -0.471884139 0.140030302 -0.392165163 -1.690727064
1750921999.199985027 -0.754149600 0.292083459 0.410341557 0.021395652 -0.852391132 0.039035871 0.521006512 -0.470577414 -0.266245695 -2.117931335
1750921999.299984932 -0.550269530 0.314964629 0.455655731 0.018415743 -0.821336155 0.036651145 0.568967903 -0.023706137 -0.039968624 -1.936498362
1750921999.399985075 -0.370340793 0.316253996 0.504191768 0.018127487 -0.787807971 0.034345739 0.614695344 -0.087465950 -0.230608504 -1.897975127
1750921999.499984980 -0.184406278 0.322592636 0.522772603 0.014261795 -0.753217923 0.031772692 0.656848428 -0.271831530 0.006613617 -1.888944569
1750921999.599983931 0.030463723 0.325333612 0.517314341 0.012493978 -0.710503246 0.028677706 0.702998312 -0.196176793 -0.214545573 -1.987326616
1750921999.699984074 0.220277211 0.351706167 0.496059583 0.008202051 -0.669278551 0.023591502 0.742591670 -0.094124615 -0.099556839 -1.891509019
1750921999.799983978 0.405806167 0.334805362 0.454551124 0.010044008 -0.626706889 0.019066221 0.778957042 -0.377749958 -0.193178852 -1.830015520
1750921999.899983883 0.592079668 0.384580925 0.371148909 0.001323764 -0.580190623 0.006844927 0.814450880 -0.203051229 0.043697570 -1.810437689
1750921999.999984026 0.760673908 0.360479004 0.287272755 0.008391511 -0.536358047 0.009984099 0.843889771 -0.016080369 -0.022851720 -1.937653766
1750922000.099983931 0.925475292 0.355904370 0.187771665 0.011227829 -0.488620348 0.005721689 0.872405499 -0.268480970 0.057213262 -1.715778606
1750922000.199984074 1.079454523 0.352096156 0.060342411 0.011918995 -0.433786388 0.003836338 0.900928737 -0.112649571 -0.126673280 -1.911452890
1750922000.299983978 1.213630960 0.348422004 -0.074096066 0.012880701 -0.383849184 0.000208697 0.923305934 -0.081957523 -0.132039466 -1.950709403
1750922000.399983883 1.324608803 0.343260653 -0.217536392 0.015556042 -0.332157954 -0.000842641 0.943095114 -0.076902486 -0.055689647 -1.885187614
1750922000.499984026 1.432330318 0.334618920 -0.391338623 0.016348930 -0.272777819 -0.004291419 0.961928562 -0.076746309 -0.090595489 -1.857178270
1750922000.599982977 1.511126250 0.328429947 -0.556446330 0.016442817 -0.220023048 -0.004906142 0.975343746 0.012668387 -0.124649029 -2.006288497
1750922000.699982882 1.572742215 0.324771370 -0.730977880 0.019339868 -0.167934430 -0.008462397 0.985572110 -0.048266260 -0.048346795 -1.776724341
1750922000.799983025 1.612285853 0.326880482 -0.912233749 0.020539086 -0.107907151 -0.011940440 0.993877064 -0.066041948 -0.030771354 -1.692839685
1750922000.899982929 1.632486690 0.329014027 -1.098265215 0.023515047 -0.052619949 -0.011751555 0.998268543 -0.300101251 -0.110234169 -1.750520049
1750922000.999983072 1.595827309 0.361156919 -1.258286464 0.018588780 -0.002027897 -0.015103559 0.999711072 -0.678455817 0.661502957 -1.558607783
1750922001.099982977 1.571200909 0.358404743 -1.460755464 0.015822930 0.063479579 -0.016639612 0.997718949 -0.252505790 -0.002576462 -1.876481245
1750922001.199982882 1.503283716 0.356083921 -1.635314303 0.013859498 0.114305260 -0.017447155 0.993195760 -0.356992042 -0.165531879 -1.849552274
1750922001.299983025 1.443043840 0.352192081 -1.807372192 0.013873294 0.169298079 -0.020022020 0.985263828 -0.122649844 -0.173029860 -1.962771952
1750922001.399982929 1.354609585 0.358210361 -2.003075682 0.011426347 0.234127673 -0.021568006 0.971899425 0.053618596 0.006035806 -2.022890397
1750922001.499983072 1.248610157 0.351072184 -2.157644467 0.007294949 0.289458115 -0.026514368 0.956795575 -0.140260768 -0.159522417 -2.034480636
1750922001.599982977 1.120307835 0.347005468 -2.304012956 0.010598949 0.343568428 -0.027533633 0.938664102 -0.252015687 -0.226993394 -2.010369653
1750922001.699981928 0.960721439 0.331070139 -2.430873496 0.010271810 0.399133725 -0.031145732 0.916306009 -0.233143242 -0.320067171 -1.976918445
1750922001.799982071 0.838799010 0.335224426 -2.529544126 0.014168377 0.448083322 -0.036742760 0.893124047 -0.115886363 -0.098265923 -1.638361577
1750922001.899981976 0.692634455 0.340777932 -2.611061803 0.011586472 0.495814311 -0.040164905 0.867421871 -0.199740550 -0.131481608 -1.955594352
1750922001.999982119 0.507308475 0.318862420 -2.700291477 0.014522474 0.550082791 -0.045420335 0.833747572 0.049719016 -0.012588989 -1.839794097
1750922002.099982023 0.336729883 0.324468648 -2.752614653 0.013957104 0.595717647 -0.047578241 0.801662020 0.022298748 -0.133546713 -1.815360640
1750922002.199981928 0.162873605 0.326136972 -2.780262347 0.016533912 0.638997883 -0.047631373 0.767554290 -0.573441886 -0.389903530 -1.961434012
1750922002.299982071 -0.053696783 0.331115426 -2.793941274 0.020224781 0.685348187 -0.050488496 0.726181611 -0.196037294 -0.246961345 -2.035377294
1750922002.399981976 -0.234626234 0.349688325 -2.777871275 0.018760405 0.724005437 -0.047054818 0.687931696 -0.240553141 -0.189183356 -2.003228470
1750922002.499982119 -0.414759252 0.352521178 -2.735204268 0.016650631 0.758808719 -0.046720720 0.649422250 -0.279860141 -0.146178203 -1.999951568
1750922002.599982023 -0.619811307 0.369601513 -2.675589832 0.017073266 0.798311939 -0.048086128 0.600078557 0.059370006 0.116147812 -1.974729112
1750922002.699980974 -0.794360890 0.366803385 -2.599146085 0.021315024 0.830657153 -0.052464432 0.553896964 -0.117777748 -0.322400491 -1.866529092
1750922002.799981117 -0.960929665 0.380586984 -2.504077740 0.019643813 0.860961236 -0.051700766 0.505654923 -0.145070941 -0.036298839 -1.992927929
1750922002.899981022 -1.127834701 0.399362367 -2.370360408 0.017368177 0.891073684 -0.049441093 0.450823263 -0.277404888 -0.030461032 -1.921973248
1750922002.999980927 -1.260919091 0.407888057 -2.239474049 0.017530852 0.915024648 -0.050983864 0.399778949 -0.088366965 -0.197447579 -1.952042113
1750922003.099981070 -1.366926942 0.412844414 -2.100274590 0.021106770 0.935621319 -0.051963961 0.348521158 -0.196067585 -0.064453897 -1.873251446
1750922003.199980974 -1.482408938 0.425353280 -1.925132236 0.018608478 0.956348916 -0.050944481 0.287150023 -0.137383982 -0.188070250 -2.000836475
1750922003.299981117 -1.552550100 0.432729474 -1.761467667 0.020732320 0.971002778 -0.049656589 0.232933467 -0.270116894 -0.106522739 -1.646875418
1750922003.399981022 -1.624514281 0.438990162 -1.572234783 0.017077425 0.982860332 -0.044177838 0.178163543 -0.058204210 -0.133307711 -2.423873345
1750922003.499980927 -1.658947914 0.438052082 -1.382895159 0.018904149 0.991756793 -0.045845960 0.118149251 -0.155842224 -0.313103507 -2.083155088
1750922003.599981070 -1.683499890 0.461777330 -1.194689311 0.011239416 0.997035438 -0.044045712 0.062080482 -0.329470126 0.041085490 -1.623777931
1750922003.699980021 -1.666392937 0.472596748 -1.039080269 0.011400695 0.999111651 -0.039873805 0.007484131 -0.442709970 0.006619171 -1.388245482
1750922003.799979925 -1.660143062 0.467734508 -0.818257037 0.009773952 0.997631026 -0.038979474 -0.055833743 0.114213343 -0.304039169 -2.270172403
1750922003.899980068 -1.595885670 0.497179889 -0.663628171 0.009389580 0.993229126 -0.032438419 -0.111155247 -0.342426226 -0.337529430 -2.129709380
1750922003.999979973 -1.504126367 0.477901954 -0.471846947 0.011489560 0.985533546 -0.035191108 -0.165388048 -0.372870819 -0.232903775 -2.146604695
1750922004.099980116 -1.400150432 0.479211769 -0.291144062 0.007115821 0.972946509 -0.034707649 -0.228297688 -0.392871057 -0.217018912 -2.104883357
1750922004.199980021 -1.301064609 0.486187459 -0.157562235 0.007131206 0.958667925 -0.036529373 -0.282082540 -0.048866188 0.059449735 -1.735380284
1750922004.299979925 -1.190233420 0.500706805 -0.022627332 0.005720246 0.941768322 -0.037691778 -0.334094352 -0.551084935 0.003847815 -2.015189725
1750922004.399980068 -1.035201156 0.471548477 0.120071264 0.001853060 0.919844394 -0.038606747 -0.390374661 -0.210466540 -0.373749327 -1.887938645
1750922004.499979973 -0.844540316 0.477065622 0.212029471 0.003668355 0.899971592 -0.035519224 -0.434483672 -0.501621472 -0.269982022 -2.153617374
1750922004.599980116 -0.706430484 0.479423166 0.314096937 0.001706563 0.873477084 -0.036261148 -0.485510041 0.000466614 -0.210633933 -1.834659999
1750922004.699980021 -0.517947592 0.481952180 0.394873671 0.000030474 -0.841712304 0.033501464 0.538885932 -0.231964928 -0.267325660 -1.990453452
1750922004.799978971 -0.335516010 0.483410394 0.447746222 -0.003038083 -0.810851654 0.029273017 0.584511297 -0.220278258 -0.078725654 -2.015114369
1750922004.899979115 -0.145415549 0.479797215 0.479051236 -0.004299987 -0.777106382 0.026759453 0.628785426 -0.145064363 -0.202658496 -1.915299900
1750922004.999979019 0.063245468 0.467821916 0.494898116 -0.003518272 -0.735564635 0.021734528 0.677096669 -0.167497675 -0.039700964 -2.041632891
1750922005.099978924 0.253878950 0.447597657 0.478775526 0.001271914 -0.696811367 0.022670604 0.716894933 -0.210015239 -0.231624930 -1.883662826
1750922005.199979067 0.440104915 0.449098777 0.453676686 0.000358279 -0.651166679 0.018052725 0.758719926 -0.126776868 -0.158596046 -2.030330437
1750922005.299978971 0.647474626 0.436386812 0.397173602 0.001474528 -0.598905294 0.014602934 0.800685350 -0.139580440 -0.159100464 -1.892410709
1750922005.399979115 0.810754277 0.430573409 0.321776258 0.005297467 -0.553247077 0.011326772 0.832923354 -0.108488939 -0.097187194 -1.915703215
1750922005.499979019 0.978167789 0.426802251 0.229606831 0.007304406 -0.504109062 0.009559660 0.863556201 -0.131045736 -0.104858799 -1.941905009
1750922005.599978924 1.140063184 0.420125945 0.099142855 0.008583186 -0.452258131 0.007772274 0.891811922 -0.139715775 -0.096512214 -1.953693999
1750922005.699979067 1.267594314 0.413565805 -0.025611315 0.008570930 -0.403149566 0.005210480 0.915079132 -0.211537991 -0.126488687 -1.840672976
1750922005.799978018 1.380940825 0.405275409 -0.163496548 0.010243938 -0.353361025 0.005022866 0.935417457 -0.188451208 -0.068999729 -1.774318441
1750922005.899977922 1.489643643 0.401412553 -0.331279930 0.011579950 -0.297113708 0.000841339 0.954771513 -0.190458416 -0.044138297 -1.811985832
1750922005.999978065 1.578886947 0.392365094 -0.500354996 0.013356860 -0.245445789 -0.003455908 0.969312135 -0.180188213 -0.129048755 -1.884712209
1750922006.099977970 1.638811776 0.389615850 -0.665529372 0.013598032 -0.193632838 -0.005785522 0.980962765 -0.190478292 -0.101513013 -1.782583849
1750922006.199978113 1.686544476 0.388137926 -0.853879014 0.015744189 -0.133467320 -0.007523148 0.990899590 -0.016265251 -0.133859660 -1.802064260
1750922006.299978018 1.707706182 0.386989286 -1.032384474 0.018988939 -0.077821255 -0.008414331 0.996750958 -0.194300373 -0.005190417 -1.640706676
1750922006.399977922 1.708120039 0.395011821 -1.207232704 0.018931412 -0.020727877 -0.010016375 0.999555716 -0.223269561 -0.006338877 -1.757121089
1750922006.499978065 1.672493881 0.399168220 -1.405130585 0.012013988 0.038777680 -0.011927952 0.999104439 -0.621490626 -0.082896713 -1.786248024
1750922006.599977970 1.633995003 0.400478670 -1.592172141 0.010604908 0.094202008 -0.013474601 0.995405421 -0.378747672 -0.195391466 -2.081011099
1750922006.699978113 1.593799300 0.413947931 -1.757459334 0.007432203 0.151567666 -0.018244655 0.988250544 0.163416114 -0.074954571 -1.756747614
1750922006.799978018 1.507039630 0.399534693 -1.947953045 0.006036225 0.216816629 -0.020112642 0.975986473 -0.226565133 -0.140149521 -1.860735809
1750922006.899976969 1.392841865 0.385457417 -2.089342508 0.008656973 0.269208497 -0.024727953 0.962725491 -0.419336748 -0.158592786 -1.803898951
1750922006.999977112 1.274174517 0.375831525 -2.239756912 0.006475037 0.324167304 -0.027540022 0.945576639 -0.067596125 -0.075480991 -1.942292265
1750922007.099977016 1.131283114 0.377716023 -2.377718974 0.006517633 0.383546985 -0.032139344 0.922938943 -0.146130653 -0.110564643 -2.112188091
1750922007.199976921 0.982579997 0.364023982 -2.499449749 0.009447046 0.433568206 -0.034499275 0.900410553 -0.017537072 -0.146422517 -1.836889579
1750922007.299977064 0.854210353 0.368382295 -2.589054695 0.008211772 0.482218079 -0.037755949 0.875198709 0.227689438 -0.188995929 -1.720277601
1750922007.399976969 0.690226917 0.371651246 -2.669449190 0.010386239 0.534357271 -0.042612479 0.844120021 -0.290086016 -0.367243579 -1.867841541
1750922007.499977112 0.520332595 0.360942672 -2.740770397 0.013066265 0.579194204 -0.045199671 0.813830656 -0.128614512 0.099842777 -1.758677026
1750922007.599977016 0.327780703 0.359941599 -2.775926380 0.012542964 0.620947300 -0.044356206 0.782495784 -0.354657560 -0.598767758 -2.202900290
1750922007.699976921 0.124131122 0.362698012 -2.792608554 0.015175617 0.668923927 -0.045345172 0.741791276 -0.063694681 -0.086517516 -2.043766411
1750922007.799977064 -0.069024238 0.366902870 -2.771992291 0.016689859 0.707654971 -0.048570500 0.704689150 -0.361439218 0.137385493 -1.940458567
1750922007.899976015 -0.266499074 0.378960537 -2.741087718 0.015878474 0.746725377 -0.045139051 0.663409038 -0.194221272 -0.202982698 -1.950297361
1750922007.999975920 -0.463571023 0.371390125 -2.668319976 0.019179728 0.784533269 -0.050743491 0.617709305 -0.319823791 -0.347299764 -1.989319726
1750922008.099976063 -0.641662392 0.381516541 -2.607171649 0.021524399 0.819964327 -0.052244701 0.569618902 -0.226071430 -0.333275940 -2.000431177
1750922008.199975967 -0.807753703 0.387932746 -2.515712572 0.021530336 0.849917347 -0.054421072 0.523655703 -0.153580089 -0.005803567 -2.012966595
1750922008.299976110 -0.990797296 0.404206311 -2.399318186 0.017376927 0.882845372 -0.052529878 0.466393292 -0.111520725 0.024986924 -1.872143383
1750922008.399976015 -1.112580693 0.413658811 -2.280669689 0.018588550 0.907186790 -0.052158672 0.417068420 -0.130529084 -0.158725972 -1.972276640
1750922008.499975920 -1.228583138 0.422272762 -2.142267637 0.018888184 0.929433744 -0.050667125 0.365005473 -0.171448619 -0.123396920 -1.853931143
1750922008.599976063 -1.346341728 0.432923312 -1.971630257 0.018411877 0.950902518 -0.049402002 0.304966960 -0.084523532 -0.101555110 -1.965922593
1750922008.699975967 -1.419871961 0.440593076 -1.820880040 0.017793727 0.966855415 -0.047624458 0.250211713 -0.132517218 -0.197521123 -1.894134820
1750922008.799976110 -1.489190530 0.447559206 -1.646970460 0.016256826 0.979799137 -0.046207724 0.193892274 -0.273392198 -0.052241995 -1.576271408
1750922008.899976015 -1.530010219 0.450922574 -1.450200497 0.016257869 0.989825009 -0.044799534 0.134071377 -0.182965342 -0.077316344 -1.818071083
1750922008.999974966 -1.543073194 0.457552270 -1.284037304 0.015796367 0.995697377 -0.043038506 0.080528851 -0.329549140 0.068492124 -1.492514690
1750922009.099975109 -1.544755949 0.475506036 -1.091534106 0.013416369 0.998847680 -0.039092086 0.024395134 -0.213644481 -0.027503482 -1.674356744
1750922009.199975014 -1.532480778 0.469091370 -0.879496461 0.013126784 0.998460821 -0.036377614 -0.039753550 0.062772314 -0.013172632 -1.786422710
1750922009.299974918 -1.481202204 0.481257450 -0.716308384 0.012167252 0.994875706 -0.034890040 -0.094111493 -0.176170961 -0.055678788 -1.641565750
1750922009.399975061 -1.424602131 0.477371021 -0.545687974 0.009078306 0.987920197 -0.034636323 -0.150770000 -0.502574263 -0.404353960 -1.754387041
1750922009.499974966 -1.313295083 0.471627851 -0.372444775 0.006979097 0.976938085 -0.037781653 -0.210037657 -0.487660682 -0.310128856 -1.928032857
1750922009.599975109 -1.217521894 0.489625385 -0.235444164 0.010078650 0.964220828 -0.035239266 -0.262554394 -0.309083160 -0.224606274 -2.068084078
1750922009.699975014 -1.101716978 0.486395026 -0.101123021 0.007046790 0.948821376 -0.037020452 -0.313556735 0.272158781 -0.164459922 -1.250310887
1750922009.799974918 -0.954566342 0.483130978 0.034636579 0.007041133 0.927880673 -0.036854660 -0.370984653 0.212821264 -0.058750794 -1.564337830
1750922009.899975061 -0.806254029 0.464164836 0.140044687 0.004757740 0.906236924 -0.034211959 -0.421356788 -0.225324718 -0.782848629 -2.351732864
1750922009.999974012 -0.643078263 0.457017884 0.254773081 0.002104876 0.880149204 -0.034683344 -0.473423714 -0.268522359 -0.283110529 -1.931491318
1750922010.099973917 -0.465560021 0.458380793 0.319588493 -0.002169413 -0.849862019 0.035271636 0.525819126 -0.186068183 -0.100890699 -1.733957867
1750922010.199974060 -0.296773162 0.455580398 0.368619848 -0.003976524 -0.820095617 0.031281485 0.571357011 -0.083967968 -0.038486846 -1.746036813
1750922010.299973965 -0.127737796 0.451389667 0.389664291 -0.005668385 -0.788389333 0.027038885 0.614555960 -0.229979831 0.252530629 -1.756374016
1750922010.399974108 0.058170900 0.457410025 0.405596355 -0.007098901 -0.746321083 0.021328274 0.665206398 -0.427688051 0.052911207 -1.498540581
1750922010.499974012 0.239677222 0.430832834 0.375401694 -0.001385803 -0.710578771 0.022756487 0.703248201 -0.095142127 -0.531720597 -1.479638583
1750922010.599973917 0.397259526 0.411603098 0.356263075 0.002913475 -0.669410051 0.021719149 0.742569845 0.420407534 -0.240819959 -1.566058991
1750922010.699974060 0.581530816 0.405795601 0.328425331 0.004046628 -0.617491282 0.017651892 0.786369221 -0.459255090 -0.082547660 -1.752843208
1750922010.799973965 0.737325674 0.383484998 0.248154278 0.009913514 -0.577630998 0.020798884 0.815972768 -0.325871813 -0.088935599 -1.769289342
1750922010.899974108 0.877232266 0.380298196 0.165431459 0.013039903 -0.533350887 0.020279855 0.845550424 -0.307114612 0.153423994 -1.555887232
1750922010.999974012 1.030028589 0.380234762 0.057225963 0.011965685 -0.480218913 0.015447415 0.876931010 -0.181899044 -0.036654933 -1.765599384
1750922011.099972963 1.149227097 0.377738140 -0.058526059 0.013214042 -0.432881054 0.013524598 0.901252721 -0.187275616 -0.148929487 -1.744987117
1750922011.199973106 1.258742179 0.371111959 -0.186479838 0.014997683 -0.383290664 0.012875865 0.923416238 -0.254172131 -0.053993446 -1.707767511
1750922011.299973011 1.359518744 0.368468510 -0.337411089 0.016581518 -0.324537138 0.009998597 0.945674747 -0.153545623 -0.126525706 -1.700102977
1750922011.399972916 1.433837027 0.359388784 -0.485675476 0.015704743 -0.273340566 0.009412230 0.961743056 -0.206681906 -0.119230592 -1.676278533
1750922011.499973059 1.494778004 0.359235617 -0.636574062 0.016827257 -0.220972600 0.007566140 0.975105485 -0.186020429 -0.043663681 -1.654508195
1750922011.599972963 1.540742504 0.359702736 -0.816164979 0.018070235 -0.160546717 0.003732572 0.986855758 -0.126804731 -0.091090186 -1.604827232
1750922011.699973106 1.559458420 0.361744108 -0.975697107 0.018188565 -0.106143990 0.002034607 0.994182322 -0.216399179 -0.057249531 -1.537316433
1750922011.799973011 1.549969257 0.364310809 -1.121581701 0.014391582 -0.053515224 0.001581363 0.998462069 -0.361272626 -0.035676316 -1.650041759
1750922011.899972916 1.537454206 0.364805841 -1.318002242 0.014790143 0.008655093 -0.000556813 0.999853005 -0.211760019 0.214223161 -1.804391074
1750922011.999973059 1.489194428 0.362133395 -1.485451057 0.010976403 0.062609514 0.000028443 0.997977738 -0.384666599 0.150476827 -1.596168509
1750922012.099972010 1.447314862 0.367824210 -1.633660342 0.007042178 0.118896289 -0.001669418 0.992880302 0.101163874 0.008915586 -1.568319533
1750922012.199971914 1.367318267 0.354182087 -1.817005126 0.008398268 0.181149692 -0.006398018 0.983398863 -0.208244812 -0.291067429 -1.934783752
1750922012.299972057 1.283876315 0.345553948 -1.956342724 0.006311558 0.234928019 -0.009727161 0.971943606 -0.252217982 -0.113925559 -1.670511441
1750922012.399971962 1.184010379 0.337094792 -2.098593362 0.005311613 0.289005112 -0.014243345 0.957206853 -0.233286912 -0.134022038 -1.793022851
1750922012.499972105 1.049943622 0.325334405 -2.236615584 0.005141363 0.347049060 -0.018010890 0.937659919 -0.079899877 -0.197972853 -1.690244023
1750922012.599972010 0.921773523 0.319378264 -2.352580491 0.005284323 0.398643882 -0.022008141 0.916826468 -0.114453161 -0.157160069 -1.918962979
1750922012.699971914 0.790454657 0.311339297 -2.447205492 0.005900890 0.449389824 -0.026089168 0.892935228 -0.149009147 -0.175585929 -1.708527465
1750922012.799972057 0.638554513 0.306734474 -2.525712167 0.006156768 0.503462267 -0.028745439 0.863516960 -0.064622513 -0.052629867 -1.588618416
1750922012.899971962 0.492871777 0.298438856 -2.573300255 0.007013098 0.548067928 -0.031234379 0.835821019 -0.188053327 -0.190180678 -1.739502792
1750922012.999972105 0.328899513 0.311750741 -2.624096889 0.002875772 0.594616960 -0.030374768 0.803430006 -0.158978529 -0.001661238 -1.748876795
1750922013.099972010 0.135131567 0.290456987 -2.637433991 0.007992667 0.642536860 -0.033485511 0.765481040 -0.071316305 -0.266971836 -1.657728680
1750922013.199970961 -0.022521072 0.296924351 -2.638102082 0.006989265 0.682618950 -0.035263459 0.729889723 -0.273009619 -0.139220341 -1.773617819
1750922013.299971104 -0.183001649 0.299258377 -2.616164148 0.007945254 0.719273787 -0.033949369 0.693851233 -0.192024067 -0.103306203 -1.319550453
1750922013.399971008 -0.317257610 0.309893290 -2.593601159 0.007154549 0.759230035 -0.033890282 0.649900004 0.047377578 0.031795103 -1.210237581
1750922013.499970913 -0.400973721 0.300843418 -2.545096408 0.009001104 0.790213482 -0.035971127 0.611708845 -0.349964422 0.006511407 -0.804187116
1750922013.599971056 -0.457066672 0.305243820 -2.510730166 0.008398592 0.816267284 -0.037013948 0.576426190 -0.043355695 -0.059805271 -0.461947247
1750922013.699970961 -0.485587466 0.310595983 -2.489283936 0.007550937 0.835956524 -0.038632474 0.547382138 -0.069401886 0.090763131 -0.226479522
1750922013.799971104 -0.499807235 0.312704339 -2.475627667 0.006536967 0.847705436 -0.039508050 0.528953566 -0.196820522 0.033662611 -0.123068080
1750922013.899971008 -0.482781988 0.312046652 -2.455871433 0.007009764 0.857896955 -0.041239432 0.512116185 -0.219978009 0.059913648 0.091263925
1750922013.999970913 -0.460383351 0.313322082 -2.437688337 0.006966781 0.870216974 -0.041710003 0.490850444 -0.300801435 0.020879719 0.208593622
1750922014.099971056 -0.430167066 0.316265596 -2.432914843 0.006692833 0.880035652 -0.042137032 0.472987239 -0.226123629 0.058978751 0.235634566
1750922014.199970007 -0.407389895 0.315559395 -2.427905406 0.006720239 0.888489323 -0.042216047 0.456901921 -0.219430909 0.155372222 0.195885515
1750922014.299969912 -0.373895773 0.324420408 -2.433594586 0.004252266 0.896975392 -0.041883453 0.440071404 -0.394582311 0.180952946 0.339325477
1750922014.399970055 -0.415541834 0.216040422 -2.388135468 0.020726169 0.900639481 -0.048576602 0.431345877 0.033517043 -2.615838202 -1.342900939
1750922014.499969959 -0.398612588 0.304836742 -2.384939265 0.012740628 0.904534910 -0.047141654 0.423594072 2.150368414 -0.226860812 0.927748961
1750922014.599970102 -0.447138751 0.239055990 -2.408696049 0.036273147 0.902021418 -0.051578629 0.427061197 0.000000000 0.000000000 0.000000000
1750922014.699970007 -0.447138751 0.239055990 -2.408696049 0.036273147 0.902021418 -0.051578629 0.427061197 0.000000000 0.000000000 0.000000000
1750922014.799969912 -0.447138751 0.239055990 -2.408696049 0.036273147 0.902021418 -0.051578629 0.427061197 0.000000000 0.000000000 0.000000000
1750922014.899970055 -0.447138751 0.239055990 -2.408696049 0.036273147 0.902021418 -0.051578629 0.427061197 0.000000000 0.000000000 0.000000000
1750922014.999969959 -0.447138751 0.239055990 -2.408696049 0.036273147 0.902021418 -0.051578629 0.427061197 0.000000000 0.000000000 0.000000000
1750922015.099970102 -0.447138751 0.239055990 -2.408696049 0.036273147 0.902021418 -0.051578629 0.427061197 0.000000000 0.000000000 0.000000000
1750922015.199970007 -0.447138751 0.239055990 -2.408696049 0.036273147 0.902021418 -0.051578629 0.427061197 0.000000000 0.000000000 0.000000000
1750922015.299968958 -0.447138751 0.239055990 -2.408696049 0.036273147 0.902021418 -0.051578629 0.427061197 0.000000000 0.000000000 0.000000000
1750922015.399969101 -0.447138751 0.239055990 -2.408696049 0.036273147 0.902021418 -0.051578629 0.427061197 0.000000000 0.000000000 0.000000000
1750922015.499969006 -0.447138751 0.239055990 -2.408696049 0.036273147 0.902021418 -0.051578629 0.427061197 0.000000000 0.000000000 0.000000000
