1750921983.200000048 -0.014278663 -0.007240886 -0.098107845 -0.000309700 0.032780215 -0.002965670 0.999458136 -0.320105263 -0.060081666 -1.670194963
1750921983.299999952 -0.050344117 -0.013209451 -0.253163032 -0.002193906 0.090332430 -0.007996533 0.995877148 -0.011745069 0.048615630 -1.660535274
1750921983.400000095 -0.120487123 -0.028578292 -0.417855666 -0.000231484 0.153826330 -0.012271974 0.988021662 -0.396906626 -0.265053662 -1.618120215
1750921983.500000000 -0.191017732 -0.033685749 -0.561255037 -0.004972020 0.212783972 -0.014944345 0.976972326 -0.321958725 -0.195290148 -1.647770256
1750921983.599999905 -0.278208096 -0.039200569 -0.684785032 -0.005285325 0.266084640 -0.018966154 0.963748574 -0.092445895 0.027704667 -1.639684963
1750921983.700000048 -0.388255902 -0.050576094 -0.833241928 -0.001997200 0.328918946 -0.024016629 0.944050602 -0.144611091 -0.099202403 -1.596629615
1750921983.799998999 -0.505000688 -0.051351113 -0.934347864 -0.001336629 0.378572950 -0.028653075 0.925126876 -0.145215688 -0.052393189 -1.672308339
1750921983.899998903 -0.632862533 -0.055173763 -1.024793500 -0.000944818 0.425122089 -0.029404058 0.904657791 -0.144427158 -0.131040905 -1.650215607
1750921983.999999046 -0.787808317 -0.059193159 -1.112463236 0.000225891 0.474125947 -0.035118687 0.879756337 -0.176637834 -0.107354308 -1.702539261
1750921984.099998951 -0.931073692 -0.059840155 -1.176666848 0.000247004 0.514867163 -0.036818622 0.856478916 -0.182419259 -0.129609878 -1.652450208
1750921984.199999094 -1.076016434 -0.059853145 -1.224010494 0.001076299 0.554108028 -0.040237933 0.831471012 -0.220145977 -0.143522814 -1.633941097
1750921984.299998999 -1.257135847 -0.061456784 -1.264636924 0.000213525 0.597100343 -0.042325819 0.801049099 -0.208567584 -0.175412237 -1.760396750
1750921984.399998903 -1.402191110 -0.055720679 -1.284068292 0.000157798 0.634850718 -0.043857784 0.771389030 -0.139035339 0.079174068 -1.609627100
1750921984.499999046 -1.557260736 -0.049941303 -1.289723912 0.000907168 0.673103651 -0.048094211 0.737982113 -0.146706813 0.041293766 -1.370344265
1750921984.599998951 -1.723486051 -0.036694466 -1.268871183 0.003117083 0.716250121 -0.050328203 0.696019482 -0.214525222 -0.201050020 -1.785074817
1750921984.699999094 -1.885219333 -0.026250319 -1.232600654 0.003906480 0.751959344 -0.051689173 0.657168254 -0.103856870 -0.137822932 -1.674295344
1750921984.799998999 -2.028175057 -0.008805036 -1.209933770 -0.001440619 0.790033408 -0.047503852 0.611218883 -0.080539716 0.192944396 -1.780962658
1750921984.899997950 -2.145014423 0.013658850 -1.142159117 -0.005250650 0.825930486 -0.042006353 0.562180335 -0.152356216 -0.039385783 -1.439311938
1750921984.999998093 -2.290124610 0.011874455 -1.056266180 -0.005527654 0.856015134 -0.046071530 0.514864010 -0.037684967 0.016254812 -1.546293199
1750921985.099997997 -2.412803986 0.013805137 -0.960164969 -0.004572974 0.883703062 -0.047827264 0.465575492 -0.164426076 -0.187455101 -1.738921407
1750921985.199997902 -2.545041116 0.020031921 -0.838348378 -0.007303689 0.911619880 -0.048588615 0.408086996 -0.109426878 -0.091191034 -1.684845341
1750921985.299998045 -2.636944911 0.026608475 -0.713169860 -0.007832410 0.932535214 -0.051696451 0.357273291 -0.273302144 -0.123769449 -1.467383829
1750921985.399997950 -2.719875349 0.019483033 -0.583348476 -0.009001917 0.951585792 -0.054031173 0.302463351 -0.099763857 -0.029206365 -1.604957332
1750921985.499998093 -2.796400905 0.021104341 -0.439937260 -0.008956838 0.968810611 -0.057449548 0.240884465 -0.107133617 -0.167845362 -1.592095536
1750921985.599997997 -2.850345116 0.030680176 -0.305417455 -0.010456063 0.980604450 -0.059422609 0.186479323 -0.049129329 0.010151598 -1.518827283
1750921985.699997902 -2.888889765 0.032215124 -0.159958219 -0.010471703 0.989404590 -0.060478522 0.131572219 -0.028965263 -0.221879057 -1.548669003
1750921985.799998045 -2.900903449 0.051125465 0.010988229 -0.009241718 0.995714860 -0.058719443 0.070841622 -0.127282939 -0.083948845 -1.501792502
1750921985.899996996 -2.901173455 0.063799710 0.166979683 -0.007662380 0.998168964 -0.057872907 0.015834550 0.038892094 -0.056865362 -1.639249534
1750921985.999996901 -2.873260874 0.077490332 0.324994064 -0.005632741 0.997623879 -0.058536142 -0.035894118 -0.247439812 0.009957337 -1.687293787
1750921986.099997044 -2.826945797 0.091384557 0.506781948 -0.005182505 0.993439383 -0.057501027 -0.098716592 -0.179356513 -0.146762995 -1.689054416
1750921986.199996948 -2.763501693 0.099241369 0.659903365 -0.002996706 0.986458766 -0.058668157 -0.153127952 -0.097058434 -0.051729626 -1.666490523
1750921986.299997091 -2.687193749 0.102463506 0.813509615 -0.003959794 0.976306591 -0.061084263 -0.207553542 -0.089845048 -0.102491557 -1.685974262
1750921986.399996996 -2.588306950 0.105613679 0.965459062 -0.006110890 0.961155640 -0.061723407 -0.268947419 -0.274677555 -0.348930062 -1.654810584
1750921986.499996901 -2.488929040 0.117223344 1.084398236 -0.006582929 0.944242257 -0.059942033 -0.323682217 -0.252299176 -0.066804312 -1.640506940
1750921986.599997044 -2.372366438 0.122355368 1.186465740 -0.004289591 0.925719928 -0.058133449 -0.373690670 -0.171897645 -0.140031825 -1.738785106
1750921986.699996948 -2.227492163 0.134927718 1.300318483 -0.002413772 0.900794051 -0.052449458 -0.431060675 -0.137064127 -0.004416986 -1.703787925
1750921986.799997091 -2.090593686 0.144603352 1.379813406 -0.003213448 0.874911814 -0.053144285 -0.481346733 -0.218358178 -0.075839536 -1.593167349
1750921986.899996996 -1.939834102 0.146529404 1.445322574 0.002473278 -0.846367480 0.051518862 0.530096009 -0.212034112 -0.165486458 -1.765844081
1750921986.999995947 -1.763658244 0.151211106 1.499977034 -0.000731090 -0.811640473 0.049454706 0.582059654 -0.174457480 -0.163768732 -1.747808417
1750921987.099996090 -1.601189898 0.151969596 1.533122592 -0.001407823 -0.778400317 0.043474063 0.626259508 -0.233348243 -0.100071201 -1.459533888
1750921987.199995995 -1.417534439 0.152038234 1.550630044 -0.001180415 -0.742452984 0.042724755 0.668533296 -0.201620516 -0.092176811 -1.628924025
1750921987.299995899 -1.242242415 0.153611065 1.541325259 -0.002054339 -0.698896121 0.039445747 0.714131658 -0.100152764 -0.071649253 -1.919632865
1750921987.399996042 -1.076907786 0.140374543 1.499207262 -0.002188094 -0.659226620 0.036312191 0.751063846 -0.486161977 -0.022098959 -1.700041834
1750921987.499995947 -0.928801505 0.146975070 1.452826784 -0.006922389 -0.615645528 0.031944844 0.787345027 -0.088629413 -0.114190644 -1.464316747
1750921987.599996090 -0.728336769 0.176710682 1.395549451 -0.006085571 -0.561389161 0.028254174 0.827047083 0.291327088 0.091265311 -1.560097730
1750921987.699995995 -0.553603408 0.154099553 1.273959733 -0.004635703 -0.514730544 0.024970506 0.856975759 -0.110539891 -0.918759295 -2.019581452
1750921987.799995899 -0.453941791 0.139190004 1.188463158 -0.001374922 -0.466444870 0.025450577 0.884182991 0.132740186 0.069442894 -1.403094554
1750921987.899996042 -0.323902450 0.138109731 1.074349995 -0.001356972 -0.411639424 0.023573341 0.911040856 0.077787874 0.151243944 -1.567000249
1750921987.999994993 -0.214957834 0.145048042 0.965780493 -0.002890353 -0.360260531 0.020753670 0.932616363 0.618941451 0.049331081 -1.420337342
1750921988.099994898 -0.145359097 0.126943321 0.789148230 -0.000461760 -0.314346789 0.018690663 0.949124092 -0.862637797 -0.052339993 -1.903669401
1750921988.199995041 -0.055272294 0.096591180 0.618147434 0.001483013 -0.256287301 0.014530259 0.966490296 -0.425802758 0.038037943 -1.650483730
1750921988.299994946 0.012514596 0.088643619 0.466868582 0.002148022 -0.201716743 0.012519403 0.979361530 -0.110296827 -0.172472448 -1.796873625
1750921988.399995089 0.062611827 0.084898488 0.304007099 0.000649238 -0.146348864 0.008443477 0.989196793 -0.167496000 -0.170785694 -1.760687757
1750921988.499994993 0.078441012 0.074034376 0.115437897 -0.005060020 -0.090007555 0.006450512 0.995907339 -0.289779710 -0.157985945 -1.815482046
1750921988.599994898 0.081123274 0.012488417 -0.043608375 0.011185112 -0.038683839 -0.003800538 0.999181670 -0.213630624 0.367789147 -1.591557604
1750921988.699995041 0.108409663 0.055540681 -0.220567876 -0.011768846 0.034181321 -0.003049058 0.999341701 0.147013096 -0.041053488 -1.815630940
1750921988.799994946 0.065772909 0.051951692 -0.401329302 -0.011275187 0.098866244 -0.007253533 0.995010413 -0.079211137 0.190802863 -1.730507051
1750921988.899995089 0.022300429 0.031823935 -0.572875385 -0.013658265 0.161214103 -0.013269094 0.986735728 0.172670258 -0.217663969 -1.916963596
1750921988.999994993 -0.051615858 0.018364463 -0.731614229 -0.014076696 0.218098591 -0.018047332 0.975658314 -0.052515904 -0.244285629 -2.024864262
1750921989.099993944 -0.164465735 0.000405526 -0.896653790 -0.008380491 0.273691866 -0.018827977 0.961596608 -0.097605917 0.138664142 -1.821756839
1750921989.199994087 -0.278784745 -0.003977009 -1.042224978 -0.009735190 0.327056110 -0.021329045 0.944714030 -0.149426115 -0.207187205 -1.929330760
1750921989.299993992 -0.396986919 -0.009435813 -1.160929249 -0.010363957 0.376075879 -0.024460721 0.926207965 -0.140507786 -0.069587453 -1.815040127
1750921989.399993896 -0.554438251 -0.021404278 -1.284105995 -0.011768946 0.431846296 -0.029056845 0.901402224 -0.099227719 -0.144455781 -1.743643505
1750921989.499994040 -0.701916706 -0.027040196 -1.383561101 -0.013449767 0.481294579 -0.034423817 0.875779443 -0.112025209 -0.086036733 -1.791070269
1750921989.599993944 -0.850190849 -0.034459633 -1.449259056 -0.012049745 0.526852989 -0.037702038 0.849034327 -0.236396250 -0.126695216 -1.486191814
1750921989.699994087 -1.034419207 -0.036382316 -1.518456366 -0.010794526 0.578448483 -0.041965028 0.814567227 -0.113027975 -0.110100303 -1.808514002
1750921989.799993992 -1.198681680 -0.040511996 -1.545319279 -0.009815860 0.620040199 -0.043001979 0.783329197 -0.154123641 -0.085096162 -1.748590915
1750921989.899993896 -1.365824482 -0.044236465 -1.568346656 -0.009677370 0.662149968 -0.046735908 0.747849933 -0.261037227 -0.070878084 -1.768992423
1750921989.999994040 -1.551992105 -0.043430286 -1.548523523 -0.004198978 0.707330078 -0.052223331 0.704939184 -0.166484882 -0.353239889 -1.966591728
1750921990.099992990 -1.719451253 -0.034830070 -1.536264263 -0.003198313 0.748780448 -0.055505906 0.660482176 -0.220360649 0.027964760 -1.607495751
1750921990.199992895 -1.846640938 -0.004905020 -1.470656998 -0.009926847 0.781620361 -0.050950368 0.621590806 -0.524364688 -0.516292772 -1.454442791
1750921990.299993038 -2.020785485 0.007621641 -1.415706932 -0.010214213 0.819121481 -0.051507120 0.571211594 0.081158350 0.158237433 -1.533220227
1750921990.399992943 -2.171098516 0.010794301 -1.335613405 -0.011283335 0.846001954 -0.054636475 0.530252993 -0.112836354 -0.143452567 -1.708688905
1750921990.499993086 -2.307961519 0.027850740 -1.243228165 -0.015494305 0.870617784 -0.052401160 0.488915862 -0.119356699 0.005839349 -1.763821880
1750921990.599992990 -2.453721222 0.019705784 -1.110954909 -0.014548717 0.894778621 -0.055262080 0.442838183 0.057785306 -0.038633693 -1.869378949
1750921990.699992895 -2.585374095 0.019304847 -0.982425807 -0.014752289 0.915413799 -0.058043508 0.398033789 -0.194263974 -0.174259867 -1.832021242
1750921990.799993038 -2.681185479 0.029220619 -0.849376781 -0.013569657 0.932665352 -0.059978247 0.355462818 -0.111704507 -0.063623670 -1.814090149
1750921990.899992943 -2.796876603 0.036347222 -0.674020538 -0.015587906 0.949265062 -0.063611784 0.307581533 -0.143715662 0.030024861 -1.841607863
1750921990.999993086 -2.879363656 0.053984792 -0.538298651 -0.015884710 0.962548186 -0.066761779 0.262281397 0.099821976 -0.070790480 -1.886388108
1750921991.099992990 -2.962056854 0.048183643 -0.351225721 -0.021044924 0.973830484 -0.070250215 0.215119053 0.159792918 -0.021877193 -1.937477941
1750921991.199991941 -2.991204978 0.045282839 -0.159285338 -0.017143734 0.982930693 -0.076762830 0.166315403 -0.590023599 -0.159780719 -1.726859891
1750921991.299992085 -3.026980892 0.082864016 -0.008962917 -0.016781110 0.990763009 -0.071885824 0.113751845 -0.116735741 -0.000045720 -1.841076367
1750921991.399991989 -3.025395270 0.092943941 0.178136326 -0.014189053 0.995268977 -0.073167675 0.062328364 0.316845503 0.040902173 -1.956767891
1750921991.499991894 -3.046727566 0.114022062 0.373532893 -0.013618578 0.997009561 -0.075673446 -0.007745863 -0.405141745 -0.407103840 -1.952385049
1750921991.599992037 -2.995662067 0.123684024 0.537777680 -0.011041125 0.995381659 -0.073656122 -0.060565845 -0.228840552 -0.036572316 -1.819940297
1750921991.699991941 -2.937357912 0.137629822 0.696569585 -0.008463926 0.990727182 -0.073293278 -0.114088159 -0.399592797 0.014656805 -1.614133538
1750921991.799992085 -2.874937419 0.156995959 0.870208264 -0.007878157 0.980617981 -0.075544835 -0.180608107 -0.105461158 -0.164159340 -1.724196529
1750921991.899991989 -2.779131325 0.166742750 1.004345568 -0.006503079 0.969721510 -0.077983535 -0.231336273 -0.176503246 -0.131021979 -1.769054545
1750921991.999991894 -2.681023517 0.182857240 1.129229687 -0.004593708 0.955843639 -0.077383530 -0.283467148 -0.179329396 -0.115239470 -1.719883963
1750921992.099992037 -2.551428634 0.200331650 1.255427696 -0.003047382 0.937233711 -0.074920792 -0.340544504 -0.145448432 -0.080539536 -1.688375052
1750921992.199990988 -2.428260085 0.208937264 1.355362750 -0.001734136 0.917443286 -0.073715302 -0.390974251 -0.174165122 -0.203250906 -1.680567361
1750921992.299990892 -2.303210823 0.223450863 1.433637506 -0.000839015 0.894564790 -0.073588561 -0.440837676 -0.153623604 -0.115493212 -1.671721688
1750921992.399991035 -2.144915379 0.229415029 1.519531342 0.000848574 0.865031348 -0.072327307 -0.496476392 -0.116946022 -0.145505703 -1.703101577
1750921992.499990940 -1.993987980 0.240274218 1.574972236 -0.004239380 -0.836913925 0.068084329 0.543066877 -0.268165219 -0.181176476 -1.812039622
1750921992.599991083 -1.844594857 0.240055093 1.610229615 -0.008928322 -0.807388565 0.061562707 0.586731644 -0.395987456 -0.076841030 -1.487441459
1750921992.699990988 -1.655251385 0.246167264 1.637442128 -0.010086129 -0.768187067 0.061850176 0.637151046 -0.214552852 -0.155117879 -1.665637091
1750921992.799990892 -1.511914665 0.253423585 1.634413006 -0.008621197 -0.732661520 0.056688913 0.678173384 -0.025562339 -0.063373294 -1.739935764
1750921992.899991035 -1.330862085 0.252515924 1.617743085 -0.010460075 -0.694739952 0.052662148 0.717254267 -0.224659799 0.043975963 -1.650229487
1750921992.999990940 -1.159762151 0.248762148 1.582360064 -0.014201428 -0.649006619 0.047560274 0.759161872 -0.277071028 -0.086526772 -1.668915921
1750921993.099991083 -1.009109666 0.231622185 1.515522942 -0.015004375 -0.607047600 0.046083612 0.793186221 -0.016489289 0.024439644 -1.490445808
1750921993.199990988 -0.843043710 0.232886200 1.455465101 -0.017639617 -0.560344080 0.044344627 0.826883855 0.225437014 0.418135180 -1.347158813
1750921993.299989939 -0.660659336 0.224192004 1.352787973 -0.018095670 -0.507465971 0.039420198 0.860579388 -0.716784054 0.196713020 -1.953765271
1750921993.399990082 -0.571318255 0.211398897 1.233239159 -0.014417338 -0.461744143 0.037740319 0.886092634 -0.284092625 -0.170587386 -1.601940811
1750921993.499989986 -0.473414400 0.217107683 1.151357808 -0.015923203 -0.412115914 0.036282296 0.910269477 -0.122865165 -0.004527795 -1.620240557
1750921993.599989891 -0.356543816 0.186650775 0.969490031 -0.012919386 -0.357904815 0.032074905 0.933117588 -0.458945181 -0.258491294 -1.952068257
1750921993.699990034 -0.280622703 0.182692749 0.845754123 -0.017317763 -0.307439324 0.030638685 0.950916625 -0.179671744 0.201319566 -1.388802757
1750921993.799989939 -0.210611805 0.169607230 0.703710907 -0.017611151 -0.254529155 0.027409529 0.966516153 0.114703727 -0.146503383 -1.534787532
1750921993.899990082 -0.142502813 0.158014864 0.532972465 -0.021162537 -0.192014316 0.023238869 0.980888681 -0.247026685 -0.194329117 -1.668337758
1750921993.999989986 -0.120115869 0.141768558 0.380611882 -0.020983316 -0.139936501 0.021436683 0.989705989 -0.235861303 -0.008152140 -1.598802827
1750921994.099989891 -0.096649541 0.121278563 0.220154892 -0.023985691 -0.084036883 0.016367882 0.996039448 -0.328055191 -0.216960376 -1.784626609
1750921994.199990034 -0.101639088 0.112692155 0.042900826 -0.028427546 -0.022508482 0.012178301 0.999268198 -0.342401744 0.065105181 -1.578102599
1750921994.299988985 -0.120214274 0.090814513 -0.116967408 -0.029782600 0.033483571 0.008187197 0.998961870 -0.331266644 -0.196801546 -1.618354884
1750921994.399988890 -0.166347674 0.079579690 -0.269906706 -0.028885527 0.086407510 0.002029831 0.995838967 -0.284053763 -0.131157165 -1.663383668
1750921994.499989033 -0.235168849 0.048390086 -0.430012134 -0.029464823 0.147591478 -0.004856093 0.988597490 -0.337640316 -0.292408530 -1.703397710
1750921994.599988937 -0.302068925 0.035828373 -0.557311910 -0.030344899 0.201941508 -0.010263792 0.978873572 -0.262635730 -0.125288429 -1.400227153
1750921994.699989080 -0.377473882 0.023596595 -0.676354252 -0.029896800 0.257512678 -0.015317680 0.965690826 -0.224441674 -0.160858287 -1.503800381
1750921994.799988985 -0.482265489 0.015687166 -0.787044254 -0.031310119 0.315220289 -0.021893773 0.948249181 -0.233365230 0.044840962 -1.406907644
1750921994.899988890 -0.593661950 0.001895540 -0.880219262 -0.030715306 0.364971583 -0.027130340 0.930116261 -0.142141764 -0.015818269 -1.511116480
1750921994.999989033 -0.707992014 -0.003801624 -0.962283666 -0.030531449 0.413237984 -0.031369441 0.909570315 -0.147419367 -0.084501400 -1.491927506
1750921995.099988937 -0.849302678 -0.017982749 -1.035394309 -0.028009831 0.462944821 -0.035036402 0.885251372 -0.256614926 -0.109861055 -1.493855454
1750921995.199989080 -0.981183594 -0.024916558 -1.093762529 -0.029251997 0.505679746 -0.038512993 0.861364653 -0.176514103 -0.026539409 -1.505324554
1750921995.299988985 -1.121663213 -0.037947801 -1.147593455 -0.027446711 0.547743949 -0.043419599 0.835067651 -0.244365941 -0.213403878 -1.630189919
1750921995.399987936 -1.287771748 -0.043224689 -1.190298593 -0.024404615 0.593293072 -0.049429198 0.803096818 -0.100201013 -0.052418729 -1.560847183
1750921995.499988079 -1.437852276 -0.047024996 -1.208357892 -0.023604455 0.632999781 -0.051932338 0.772047368 -0.168571514 -0.105941739 -1.658055847
1750921995.599987984 -1.599350105 -0.041017403 -1.216870854 -0.025669966 0.672513313 -0.053970460 0.737668006 -0.144854324 0.099388388 -1.477538991
1750921995.699987888 -1.764125071 -0.028689345 -1.198587428 -0.027414846 0.715918451 -0.055794065 0.695410828 -0.467487778 0.041027481 -1.518494368
1750921995.799988031 -1.925399118 -0.007186617 -1.180648067 -0.030794952 0.754750024 -0.056589995 0.652841209 -0.237928647 -0.120029749 -1.717943966
1750921995.899987936 -2.083444660 -0.003421007 -1.129686251 -0.029515775 0.790408863 -0.058093282 0.609104111 -0.138037292 -0.085377816 -1.744606405
1750921995.999988079 -2.262718074 -0.010026527 -1.049198616 -0.028177413 0.828961594 -0.063991610 0.554917816 -0.110704295 -0.187420044 -1.773011686
1750921996.099987984 -2.413949786 -0.004452812 -0.965730007 -0.027692004 0.861077940 -0.066255651 0.503376721 -0.207689210 -0.023515852 -1.578575261
1750921996.199987888 -2.532705393 -0.001287240 -0.869838196 -0.028030002 0.889609209 -0.070264433 0.450413902 -0.066260479 -0.157875812 -1.630396600
1750921996.299988031 -2.666491335 0.007051241 -0.749846351 -0.028213513 0.918493663 -0.074631952 0.387302802 0.005788433 -0.137995974 -1.668147502
1750921996.399986982 -2.772921051 0.015507033 -0.626891049 -0.029365976 0.940537195 -0.078145209 0.329273064 -0.037306250 -0.103494682 -1.675956097
1750921996.499986887 -2.863414999 0.026987307 -0.500851014 -0.029363915 0.958316620 -0.081682295 0.272204003 -0.008800097 -0.159534224 -1.649685555
1750921996.599987030 -2.940675100 0.030829344 -0.330425508 -0.027977307 0.973309112 -0.082807922 0.212201536 -0.175447289 -0.253538409 -1.614792343
1750921996.699986935 -2.990366369 0.040459713 -0.188562633 -0.023607674 0.982934465 -0.091139198 0.158038485 -0.173178927 -0.215171097 -1.620106187
1750921996.799987078 -3.014241194 0.053866223 -0.035110909 -0.019677540 0.989972466 -0.092070308 0.105310820 -0.023174002 -0.039297377 -1.725462708
1750921996.899986982 -3.041990143 0.080897016 0.154450158 -0.019018190 0.994581671 -0.093465044 0.041350868 -0.010737552 -0.311053210 -1.816738483
1750921996.999986887 -3.026978335 0.115937436 0.301177709 -0.014437592 0.995804458 -0.089595109 -0.011736899 -0.135561479 -0.087993465 -1.650624924
1750921997.099987030 -3.036365726 0.124574491 0.498243919 -0.013341844 0.992808464 -0.091143198 -0.076460883 0.054532128 -0.231991839 -1.866760942
1750921997.199986935 -2.980202481 0.155793110 0.667708605 -0.013570661 0.986629964 -0.089271506 -0.135675164 -0.387693487 -0.032502022 -1.740599458
1750921997.299987078 -2.923217861 0.166387991 0.838410198 -0.010024602 0.976541543 -0.094294872 -0.193325113 0.006293800 -0.312061177 -1.872428169
1750921997.399986982 -2.834496643 0.189898283 0.983720124 -0.006971090 0.964484505 -0.095966151 -0.245990937 -0.256343975 -0.168136859 -1.775804432
1750921997.499985933 -2.714621256 0.220038218 1.135509027 -0.002527017 0.947731351 -0.093127931 -0.305165673 -0.179277048 -0.095018750 -1.860423038
1750921997.599986076 -2.600741443 0.248730192 1.257957511 -0.002124021 0.928687014 -0.088387848 -0.360171496 -0.209842438 -0.056133350 -1.681313796
1750921997.699985981 -2.468306377 0.265978912 1.370379592 0.000404898 0.906392995 -0.086912600 -0.413397841 -0.070431635 -0.079945185 -1.746648928
1750921997.799985886 -2.311747247 0.282359314 1.476369606 0.002436383 0.877196094 -0.084938666 -0.472553171 -0.152554987 -0.168907370 -1.798514203
1750921997.899986029 -2.158149695 0.286407590 1.550409778 -0.008304241 -0.848192227 0.085637487 0.522654002 -0.102395267 -0.161592471 -1.784374147
1750921997.999985933 -1.997768864 0.304303778 1.618284788 -0.010276009 -0.816312790 0.076303565 0.572455762 -0.189834333 -0.105520300 -1.736899739
1750921998.099986076 -1.834463076 0.300840241 1.645068630 -0.014163968 -0.779878562 0.072794871 0.621522097 -0.036535009 0.017626186 -1.794263038
1750921998.199985981 -1.634025280 0.320627574 1.672208369 -0.014017190 -0.742056394 0.067126052 0.666820755 -0.062993654 -0.016725221 -2.170595740
1750921998.299985886 -1.480855145 0.325445767 1.668544471 -0.013947445 -0.701710767 0.064216136 0.709424947 -0.112447123 -0.077846039 -1.431235468
1750921998.399986029 -1.274321762 0.307428321 1.652456015 -0.017105340 -0.653782519 0.057505201 0.754300323 0.363246119 -0.568878070 -3.276614203
1750921998.499984980 -1.113584128 0.302845628 1.607036564 -0.019451197 -0.610100545 0.055544263 0.790135312 -0.129718142 0.206379943 -1.823394486
1750921998.599984884 -0.941807656 0.283591710 1.520919774 -0.018153226 -0.565246880 0.052106417 0.823074326 -0.414711784 -0.167962092 -1.926510127
1750921998.699985027 -0.780631986 0.287314097 1.428746110 -0.024150153 -0.511351066 0.050035123 0.857574104 -0.337597734 -0.044838759 -1.805112325
1750921998.799984932 -0.641927095 0.277377196 1.323718324 -0.022286462 -0.462289232 0.046632964 0.885221637 -0.176663336 -0.047580663 -1.751766352
1750921998.899985075 -0.509622236 0.269571483 1.203614654 -0.021104149 -0.410959338 0.044639055 0.910315546 -0.218103379 -0.005916068 -1.786114616
1750921998.999984980 -0.386994547 0.257642825 1.068460921 -0.020770878 -0.353519479 0.041819074 0.934261052 -0.012660030 -0.050070027 -1.602697307
1750921999.099984884 -0.289031780 0.258962434 0.951498227 -0.022566746 -0.301033573 0.038767924 0.952557913 0.131075530 -0.367086665 -1.582607069
1750921999.199985027 -0.180770218 0.183892601 0.781922295 -0.013023769 -0.246476278 0.033374144 0.968486444 -0.440484545 -0.249219598 -1.982492133
1750921999.299984932 -0.133138154 0.183444381 0.591109293 -0.017895637 -0.190874994 0.030537578 0.980976014 -0.022190158 -0.037412678 -1.812661584
1750921999.399985075 -0.082897689 0.165598693 0.425009591 -0.020591374 -0.135153563 0.025852286 0.990273280 -0.081872606 -0.215861363 -1.776601864
1750921999.499984980 -0.060577431 0.151363888 0.252011687 -0.025829072 -0.081040291 0.023547256 0.996097815 -0.254448225 0.006190684 -1.768148800
1750921999.599983931 -0.059929234 0.130271902 0.051910718 -0.029814781 -0.018432204 0.018885286 0.999207025 -0.183631519 -0.200825638 -1.860239431
1750921999.699984074 -0.074996326 0.133669605 -0.127908991 -0.036743717 0.038547474 0.014864962 0.998470342 -0.088105457 -0.093190297 -1.770549256
1750921999.799983978 -0.108649299 0.097028090 -0.299502054 -0.038693131 0.094045167 0.007033934 0.994790868 -0.353593295 -0.180825293 -1.712988194
1750921999.899983883 -0.182215717 0.121687748 -0.480188008 -0.053372051 0.151791572 0.000894264 0.986970082 -0.190066343 0.040903162 -1.694662342
1750921999.999984026 -0.255884120 0.079610424 -0.636330674 -0.045880393 0.203534482 -0.004891428 0.977979948 -0.015052048 -0.021390380 -1.813743101
1750922000.099983931 -0.344489374 0.055878529 -0.791494712 -0.046381437 0.257242637 -0.013176836 0.965143180 -0.251311930 0.053554542 -1.606056595
1750922000.199984074 -0.459524036 0.033650631 -0.937397439 -0.046502865 0.316223918 -0.018597246 0.947361631 -0.105445764 -0.118572674 -1.789217740
1750922000.299983978 -0.581651180 0.013619734 -1.065092160 -0.047538507 0.367332905 -0.024999879 0.928537362 -0.076716436 -0.123595698 -1.825963846
1750922000.399983883 -0.712808595 -0.005376932 -1.171295779 -0.045370417 0.417952601 -0.030737190 0.906814410 -0.071984663 -0.052128360 -1.764632097
1750922000.499984026 -0.872421727 -0.027681090 -1.274863077 -0.045890792 0.473368387 -0.037201469 0.878881366 -0.071838473 -0.084802015 -1.738413918
1750922000.599982977 -1.024706222 -0.044410441 -1.351600921 -0.044931970 0.520428867 -0.040644644 0.851752855 0.011858259 -0.116677871 -1.877988722
1750922000.699982882 -1.186298209 -0.057037183 -1.412892987 -0.043890745 0.564555472 -0.047995672 0.822828741 -0.045179690 -0.045255075 -1.663104922
1750922000.799983025 -1.354839564 -0.061977572 -1.454480689 -0.043629043 0.613091432 -0.054406273 0.786927798 -0.061818644 -0.028803562 -1.584584591
1750922000.899982929 -1.528370025 -0.064841700 -1.478218936 -0.039537007 0.655616068 -0.059065242 0.751741773 -0.280910131 -0.103184824 -1.638576364
1750922000.999983072 -1.679428347 -0.033208947 -1.451761509 -0.043600829 0.692854890 -0.060433316 0.717216065 -0.635069371 0.619200626 -1.458936660
1750922001.099982977 -1.869490631 -0.035931185 -1.433726258 -0.044146809 0.738383280 -0.062569829 0.670019558 -0.236358344 -0.002411700 -1.756482490
1750922001.199982882 -2.034610567 -0.033110358 -1.374801951 -0.044034437 0.771646706 -0.063969959 0.631292464 -0.334162823 -0.154946311 -1.731275595
1750922001.299983025 -2.197166527 -0.032556294 -1.322775072 -0.043425556 0.805365830 -0.068078569 0.587252424 -0.114806532 -0.161964805 -1.837255009
1750922001.399982929 -2.382714048 -0.020033565 -1.246241316 -0.043248234 0.842482994 -0.069994290 0.532402850 0.050189750 0.005649823 -1.893528950
1750922001.499983072 -2.530103362 -0.017231562 -1.150891886 -0.046911677 0.871495516 -0.072667362 0.482715562 -0.131291258 -0.149321147 -1.904378007
1750922001.599982977 -2.670454972 -0.009012901 -1.034947546 -0.042425341 0.897436278 -0.077536087 0.432199459 -0.235899582 -0.212477435 -1.881808893
1750922001.699981928 -2.793265959 -0.008119498 -0.888131572 -0.042092798 0.921490578 -0.081645549 0.377382187 -0.218234008 -0.299599254 -1.850496850
1750922001.799982071 -2.888910714 0.007715801 -0.777806526 -0.040323852 0.939989289 -0.089778036 0.326701742 -0.108475567 -0.091981934 -1.533590293
1750922001.899981976 -2.969175382 0.027752732 -0.644672882 -0.041606172 0.956201169 -0.091696449 0.274845433 -0.186967378 -0.123073515 -1.830536408
1750922001.999982119 -3.057405845 0.026442568 -0.472324065 -0.039605155 0.971256282 -0.098776407 0.212922258 0.046539544 -0.011783938 -1.722141442
1750922002.099982023 -3.111014101 0.049618785 -0.315767615 -0.038345815 0.981510196 -0.100861304 0.158095955 0.020872769 -0.125006559 -1.699270476
1750922002.199981928 -3.141580693 0.069843275 -0.155104528 -0.033365844 0.988653590 -0.103442918 0.103683953 -0.536770956 -0.364969661 -1.836002629
1750922002.299982071 -3.160264810 0.098026159 0.045240382 -0.029090241 0.992767732 -0.108681581 0.041884403 -0.183500941 -0.231168459 -1.905217325
1750922002.399981976 -3.150306683 0.135357591 0.211728412 -0.024554300 0.994030158 -0.105588840 -0.012334044 -0.225170052 -0.177085304 -1.875124380
1750922002.499982119 -3.115268833 0.158347650 0.379884619 -0.022767016 0.992233803 -0.104077245 -0.064200241 -0.261963416 -0.136830280 -1.872057032
1750922002.599982023 -3.065203573 0.197553098 0.570059712 -0.019675034 0.986089850 -0.105363423 -0.127036414 0.055573364 0.108720297 -1.848447523
1750922002.699980974 -2.998351620 0.215174782 0.734506458 -0.016356201 0.976743232 -0.111248330 -0.182562160 -0.110246000 -0.301783361 -1.747166766
1750922002.799981117 -2.914043117 0.247597487 0.890186908 -0.013670696 0.964957715 -0.109167934 -0.238226958 -0.135793826 -0.033977571 -1.865482547
1750922002.899981022 -2.793638968 0.285243739 1.046613875 -0.010078456 0.948540939 -0.105344896 -0.298447591 -0.259665174 -0.028513085 -1.799065334
1750922002.999980927 -2.674859458 0.309614121 1.172669751 -0.007789364 0.930084041 -0.105793953 -0.351696804 -0.082716002 -0.184821040 -1.827211330
1750922003.099981070 -2.547533709 0.327815238 1.274169841 -0.002779356 0.908978388 -0.108052276 -0.402585731 -0.183529295 -0.060332147 -1.753459233
1750922003.199980974 -2.386918496 0.354583858 1.384556956 -0.000251808 0.881244785 -0.104286473 -0.461011819 -0.128598439 -0.176043380 -1.872885351
1750922003.299981117 -2.235764310 0.371447234 1.453085329 -0.005215653 -0.853985357 0.103526886 0.509866640 -0.252843238 -0.099710736 -1.541559684
1750922003.399981022 -2.060725189 0.387835411 1.524080852 -0.009386375 -0.824746301 0.095596583 0.557285140 -0.054482120 -0.124782841 -2.268869514
1750922003.499980927 -1.884496059 0.393418285 1.560997077 -0.012640922 -0.789205644 0.096265799 0.606405437 -0.145876298 -0.293080908 -1.949939786
1750922003.599981070 -1.709334523 0.420826015 1.585988976 -0.011200067 -0.754331264 0.087825202 0.650496454 -0.308400901 0.038458122 -1.519939254
1750922003.699980021 -1.563406063 0.431208322 1.572861304 -0.016824705 -0.718011474 0.083039041 0.690855245 -0.414399191 0.006195883 -1.299468827
1750922003.799979925 -1.356582115 0.429127815 1.573206421 -0.019162041 -0.672990729 0.078868706 0.735184346 0.106909535 -0.284596224 -2.124997565
1750922003.899980068 -1.210507296 0.451638565 1.514191786 -0.025840075 -0.631659733 0.071680385 0.771492187 -0.320528474 -0.315944822 -1.993516986
1750922003.999979973 -1.028393201 0.426370897 1.435927299 -0.027657116 -0.588207034 0.072759941 0.804955626 -0.349026171 -0.218009854 -2.009331866
1750922004.099980116 -0.856542855 0.418743093 1.343764173 -0.027314941 -0.535603480 0.066472483 0.841406094 -0.367747418 -0.203140809 -1.970278558
1750922004.199980021 -0.728973253 0.416251269 1.254322945 -0.028024915 -0.487870841 0.065146559 0.870030213 -0.045741253 0.055647995 -1.624404769
1750922004.299979925 -0.599904946 0.419502412 1.153172260 -0.027994275 -0.439579192 0.062299970 0.895603242 -0.515843706 0.003601752 -1.886320727
1750922004.399980068 -0.461899565 0.377418031 1.015951872 -0.026390805 -0.384823030 0.057177182 0.920839580 -0.197007454 -0.349848500 -1.767207203
1750922004.499979973 -0.370791208 0.362939534 0.840519270 -0.031151148 -0.339981145 0.053687021 0.938381655 -0.469543373 -0.252716991 -2.015896092
1750922004.599980116 -0.271604593 0.351429929 0.714522662 -0.030620205 -0.285547874 0.049747866 0.956582440 0.000436775 -0.197164142 -1.717335664
1750922004.699980021 -0.190983182 0.334254602 0.541158124 -0.032601813 -0.225861598 0.043128359 0.972658010 -0.217131045 -0.250230500 -1.863166310
1750922004.799978971 -0.136619962 0.316352752 0.372824484 -0.038719070 -0.172107178 0.039128872 0.983538959 -0.206191724 -0.073691242 -1.886250190
1750922004.899979115 -0.102172701 0.292590943 0.197374049 -0.042181184 -0.117215545 0.035015565 0.991592242 -0.135787669 -0.189698725 -1.792818738
1750922004.999979019 -0.081595788 0.258802515 0.005203548 -0.045828503 -0.054126085 0.027172954 0.997111702 -0.156786397 -0.037162134 -1.911072884
1750922005.099978924 -0.091323571 0.218871266 -0.170121286 -0.042166887 0.001172249 0.021249621 0.998883894 -0.196585013 -0.216812790 -1.763204818
1750922005.199979067 -0.109808576 0.199490039 -0.343969019 -0.046292832 0.062765722 0.014926656 0.996842331 -0.118669637 -0.148454017 -1.900493209
1750922005.299978971 -0.156948794 0.164134850 -0.536699141 -0.047916177 0.129171966 0.007715381 0.990433802 -0.130654436 -0.148926178 -1.771393284
1750922005.399979115 -0.223029886 0.139759423 -0.689699687 -0.047273744 0.183991517 -0.000591346 0.981790184 -0.101551200 -0.090972188 -1.793196262
1750922005.499979019 -0.304714207 0.116591644 -0.847192833 -0.046678495 0.240321301 -0.006656472 0.969547565 -0.122665516 -0.098153203 -1.817722482
1750922005.599978924 -0.422343277 0.090786842 -1.000213057 -0.046408549 0.296964366 -0.012267627 0.953681245 -0.130781117 -0.090340372 -1.828757580
1750922005.699979067 -0.535556788 0.068939162 -1.121168993 -0.047471273 0.348184862 -0.017224008 0.936064695 -0.198010387 -0.118399885 -1.722964118
1750922005.799978018 -0.661418469 0.046852905 -1.229088058 -0.045514950 0.397901835 -0.021577678 0.916044171 -0.176399976 -0.064587278 -1.660852877
1750922005.899977922 -0.815426831 0.028968251 -1.333939820 -0.046295907 0.451383797 -0.028818346 0.890662035 -0.178278826 -0.041315705 -1.696111483
1750922005.999978065 -0.971110262 0.008380160 -1.420171983 -0.046787303 0.498217047 -0.036059376 0.865037828 -0.168665390 -0.120796240 -1.764187094
1750922006.099977970 -1.124003286 -0.003083521 -1.479754614 -0.046869340 0.543290648 -0.040723843 0.837245547 -0.178297431 -0.095021376 -1.668589722
1750922006.199978113 -1.298921388 -0.012356425 -1.528737563 -0.044789291 0.593106950 -0.046614230 0.802524255 -0.015225107 -0.125299493 -1.686824384
1750922006.299978018 -1.465348342 -0.018270225 -1.552816120 -0.041310928 0.636844417 -0.052303598 0.768106066 -0.181875094 -0.004858496 -1.535785426
1750922006.399977922 -1.629013700 -0.013332498 -1.558531363 -0.040496299 0.679586190 -0.056158675 0.730321069 -0.208991737 -0.005933513 -1.644755275
1750922006.499978065 -1.815171856 -0.008362329 -1.530918711 -0.044567127 0.722026577 -0.055453513 0.688197864 -0.581747036 -0.077595566 -1.672019577
1750922006.599977970 -1.991218709 -0.005568844 -1.500047408 -0.044441330 0.759100175 -0.058011787 0.646858968 -0.354527207 -0.182896413 -1.947932902
1750922006.699978113 -2.147092434 0.009020093 -1.468383594 -0.047589361 0.795073829 -0.061612581 0.601495427 0.152965847 -0.070161315 -1.644405683
1750922006.799978018 -2.327494536 0.002441844 -1.391025617 -0.046919484 0.833203262 -0.064550035 0.547178380 -0.212076561 -0.131187125 -1.741743956
1750922006.899976969 -2.462697254 -0.000120542 -1.286959492 -0.045713503 0.861161975 -0.071616579 0.501180001 -0.392520659 -0.148450965 -1.688541748
1750922006.999977112 -2.606513288 0.001817068 -1.179459465 -0.046415391 0.888512581 -0.074026278 0.450456563 -0.063273433 -0.070654071 -1.818084974
1750922007.099977016 -2.739458510 0.017286135 -1.050399577 -0.046351931 0.915042941 -0.079266042 0.392765591 -0.136785771 -0.103494165 -1.977116163
1750922007.199976921 -2.857201891 0.019143796 -0.913812808 -0.043013371 0.934949004 -0.084482384 0.341881467 -0.016415597 -0.137058970 -1.719422665
1750922007.299977064 -2.944540652 0.036003998 -0.797288725 -0.043205659 0.952117873 -0.087280092 0.289805130 0.213128968 -0.176909863 -1.610267885
1750922007.399976969 -3.024208958 0.055887337 -0.647317593 -0.041670691 0.967501806 -0.093541451 0.231200793 -0.271535359 -0.343758787 -1.748395285
1750922007.499977112 -3.095392800 0.063555150 -0.490085439 -0.038499919 0.978295295 -0.098221149 0.178349875 -0.120389766 0.093457950 -1.646211712
1750922007.599977016 -3.133457969 0.083242359 -0.311947435 -0.035299444 0.986430916 -0.098034987 0.126874498 -0.331977629 -0.560477269 -2.062027424
1750922007.699976921 -3.154579447 0.107900482 -0.123440689 -0.030452300 0.992299492 -0.101300132 0.064441122 -0.059621482 -0.080984823 -1.913069968
1750922007.799977064 -3.140538040 0.133281856 0.056104178 -0.028468953 0.993995346 -0.105091725 0.010885810 -0.338325608 0.128599853 -1.816368538
1750922007.899976015 -3.117074095 0.166581633 0.239060588 -0.023311613 0.993420655 -0.102362645 -0.045758706 -0.181801052 -0.190002195 -1.825578153
1750922007.999975920 -3.054215006 0.182185267 0.424866967 -0.021340503 0.988296825 -0.108741449 -0.104829699 -0.299371438 -0.325090355 -1.862105084
1750922008.099976063 -3.001911793 0.211992273 0.590793813 -0.017175305 0.980033545 -0.111319784 -0.163851046 -0.211614430 -0.311963338 -1.872505971
1750922008.199975967 -2.920885741 0.237463576 0.746749288 -0.015453904 0.969384667 -0.112578281 -0.217671024 -0.143758824 -0.005432436 -1.884239764
1750922008.299976110 -2.817095754 0.274309045 0.918006997 -0.013245801 0.953343495 -0.107753262 -0.281691257 -0.104389107 0.023389040 -1.752422030
1750922008.399976015 -2.709471950 0.298128490 1.033148524 -0.008939354 0.936412679 -0.107643781 -0.333862546 -0.122181904 -0.148575634 -1.846151883
1750922008.499975920 -2.583201824 0.320814051 1.143513077 -0.004456183 0.916162903 -0.105900036 -0.386537009 -0.160484683 -0.115505833 -1.735374441
1750922008.599976063 -2.426842192 0.346041282 1.256105473 -0.000345022 0.889824113 -0.103448878 -0.444422387 -0.079118352 -0.095060781 -1.840204170
1750922008.699975967 -2.287865151 0.363366457 1.327422189 0.003573477 0.863243115 -0.100471085 -0.494675769 -0.124042899 -0.184889881 -1.773007140
1750922008.799976110 -2.127099064 0.379903425 1.395491939 -0.006545095 -0.833437009 0.096915200 0.544010439 -0.255909091 -0.048901181 -1.475470717
1750922008.899976015 -1.944137656 0.390289903 1.438057997 -0.010666363 -0.799048968 0.094171651 0.593749674 -0.171264925 -0.072372055 -1.701807589
1750922008.999974966 -1.789100700 0.400235609 1.453694114 -0.014258406 -0.766090666 0.090892244 0.636113504 -0.308474863 0.064112134 -1.397070142
1750922009.099975109 -1.609238968 0.419831737 1.458179838 -0.018018072 -0.729552822 0.084492216 0.678446088 -0.199982169 -0.025744667 -1.567283612
1750922009.199975014 -1.410455396 0.415523221 1.452873440 -0.022657776 -0.684771874 0.079969821 0.724002025 0.058758099 -0.012330258 -1.672183092
1750922009.299974918 -1.256530849 0.423517242 1.408037621 -0.025392899 -0.644483007 0.076071355 0.760401212 -0.164905037 -0.052118195 -1.536589563
1750922009.399975061 -1.095331727 0.416112093 1.360212047 -0.025727945 -0.600202165 0.071333323 0.796245560 -0.470435234 -0.378496003 -1.642196066
1750922009.499974966 -0.930185225 0.401019087 1.261822884 -0.024378727 -0.551029869 0.069434195 0.831234416 -0.456475359 -0.290296483 -1.804737438
1750922009.599975109 -0.799628160 0.409183676 1.174334233 -0.030331695 -0.505385881 0.067250094 0.859733985 -0.289317658 -0.210242969 -1.935832549
1750922009.699975014 -0.670803774 0.395382405 1.070498971 -0.028718785 -0.458901348 0.063825048 0.885726339 0.254754549 -0.153942905 -1.170354986
1750922009.799974918 -0.539789230 0.378132823 0.937577075 -0.030720473 -0.403958275 0.060619289 0.912249564 0.199211596 -0.054993750 -1.464300277
1750922009.899975061 -0.436966477 0.345731364 0.804531035 -0.032462847 -0.353620651 0.054282760 0.933248081 -0.210915469 -0.732786386 -2.201342331
1750922009.999974012 -0.325154265 0.322817769 0.656610480 -0.031688744 -0.298792368 0.049649630 0.952498745 -0.251350672 -0.265005946 -1.807974734
1750922010.099973917 -0.259748557 0.305535098 0.493156701 -0.032638858 -0.240624515 0.046784526 0.968940533 -0.174169343 -0.094438858 -1.623073314
1750922010.199974060 -0.209299410 0.285116804 0.337872735 -0.037723670 -0.187749502 0.042131679 0.980587564 -0.078598316 -0.036025658 -1.634379825
1750922010.299973965 -0.185012701 0.262982974 0.181798829 -0.042721930 -0.135129686 0.037214125 0.989206709 -0.215272893 0.236381594 -1.644055977
1750922010.399974108 -0.165167802 0.248417682 0.008792547 -0.048518730 -0.069985956 0.030309777 0.995906229 -0.400337906 0.049527598 -1.402710685
1750922010.499974012 -0.188236843 0.203383176 -0.157710271 -0.043883505 -0.018076041 0.024300555 0.998577477 -0.089057901 -0.497717694 -1.385017447
1750922010.599973917 -0.201687309 0.167958031 -0.302509571 -0.041835563 0.038545998 0.017212076 0.998232306 0.393522970 -0.225419808 -1.465911372
1750922010.699974060 -0.222706589 0.141959056 -0.473806622 -0.043974077 0.105954030 0.009495512 0.993352837 -0.429886271 -0.077268835 -1.640750960
1750922010.799973965 -0.293366502 0.103001337 -0.618161257 -0.037490220 0.155013074 0.004729076 0.987189478 -0.305032696 -0.083248273 -1.656145383
1750922010.899974108 -0.366959667 0.083526759 -0.749918510 -0.035355089 0.207148369 -0.000957898 0.977670013 -0.287474996 0.143612711 -1.456390085
1750922010.999974012 -0.464081896 0.065181328 -0.894644987 -0.038985876 0.266828335 -0.007285313 0.962927653 -0.170266815 -0.034310893 -1.652691393
1750922011.099972963 -0.569142324 0.048151795 -1.008076148 -0.038815720 0.317498569 -0.012618378 0.947379953 -0.175299562 -0.139405623 -1.633397256
1750922011.199973106 -0.685833726 0.028173088 -1.112365421 -0.037192962 0.368318423 -0.017437035 0.928791781 -0.237918124 -0.050540629 -1.598557800
1750922011.299973011 -0.824302163 0.012529488 -1.209557422 -0.036931291 0.425666590 -0.024139678 0.903803801 -0.143726562 -0.118434537 -1.591383404
1750922011.399972916 -0.960916646 -0.006157490 -1.281388053 -0.036827703 0.473495170 -0.026912501 0.879614553 -0.193464843 -0.111605937 -1.569082505
1750922011.499973059 -1.100454630 -0.015117574 -1.341837335 -0.036001371 0.520147200 -0.031932922 0.852719813 -0.174124643 -0.040871440 -1.548704354
1750922011.599972963 -1.267247211 -0.022264743 -1.389168406 -0.036100723 0.571347928 -0.038773658 0.818996268 -0.118695719 -0.085265076 -1.502200430
1750922011.699973106 -1.416023893 -0.024676788 -1.410842563 -0.035535488 0.615299755 -0.042861465 0.786324574 -0.202560708 -0.053588491 -1.439006867
1750922011.799973011 -1.552797184 -0.023314500 -1.406018723 -0.036830374 0.656063419 -0.043139493 0.752571124 -0.338169669 -0.033394858 -1.544523542
1750922011.899972916 -1.736910377 -0.024261010 -1.399440892 -0.035810109 0.701413300 -0.047878884 0.710242656 -0.198218216 0.200523843 -1.689002401
1750922011.999973059 -1.894845029 -0.023822040 -1.358563003 -0.036060350 0.738891260 -0.047236955 0.671198948 -0.360067625 0.140854012 -1.494095422
1750922012.099972010 -2.034699960 -0.016036877 -1.324044327 -0.037750516 0.775694868 -0.048134736 0.628136464 0.094694564 0.008345445 -1.468027355
1750922012.199971914 -2.208239977 -0.022538865 -1.252873670 -0.037340785 0.813382973 -0.054998274 0.577917810 -0.194927803 -0.272454011 -1.811056621
1750922012.299972057 -2.340755182 -0.023379919 -1.177933607 -0.038641582 0.843823362 -0.057999098 0.532076185 -0.236088941 -0.106640154 -1.563684212
1750922012.399971962 -2.476439900 -0.022304076 -1.087824818 -0.039827591 0.872099033 -0.062498873 0.483684744 -0.218368490 -0.125451487 -1.678361162
1750922012.499972105 -2.609052831 -0.020486457 -0.965465342 -0.039529989 0.899870604 -0.067047040 0.429156115 -0.074790374 -0.185312723 -1.582154918
1750922012.599972010 -2.720934430 -0.013608352 -0.848662544 -0.039345742 0.922109053 -0.071631425 0.378200668 -0.107134017 -0.147109869 -1.796247568
1750922012.699971914 -2.812912179 -0.008019012 -0.728161842 -0.038770385 0.941590759 -0.076453513 0.325666332 -0.139480188 -0.164357417 -1.599269156
1750922012.799972057 -2.890401786 0.003247334 -0.588504449 -0.037083226 0.959686338 -0.079955669 0.266897094 -0.060489980 -0.049264249 -1.487028149
1750922012.899971962 -2.938755773 0.010838745 -0.453431772 -0.035277982 0.972190696 -0.083380657 0.215982363 -0.176027539 -0.178018849 -1.628263647
1750922012.999972105 -2.990843189 0.040474508 -0.303822915 -0.034427462 0.983157555 -0.080851325 0.160246794 -0.148812040 -0.001555004 -1.637038194
1750922013.099972010 -3.008302854 0.041741764 -0.121767405 -0.029408618 0.990713378 -0.087462555 0.099862090 -0.066755712 -0.249899303 -1.551718893
1750922013.199970961 -3.013244197 0.065031790 0.023997404 -0.028240237 0.994587234 -0.088584428 0.046384494 -0.255550977 -0.130317365 -1.660197059
1750922013.299971104 -2.997065784 0.085109835 0.173419790 -0.023623165 0.995768174 -0.088681585 -0.004823602 -0.179744355 -0.096699894 -1.235166763
1750922013.399971008 -2.979688334 0.110036608 0.297576546 -0.020641467 0.993811666 -0.088323283 -0.064119421 0.044347838 0.029761844 -1.132844320
1750922013.499970913 -2.936461243 0.111491284 0.377596421 -0.017858440 0.989245470 -0.091127977 -0.113005172 -0.327584611 0.006095010 -0.752760302
1750922013.599971056 -2.905867204 0.122218789 0.430109035 -0.016422008 0.983313301 -0.091364070 -0.156454074 -0.040583150 -0.055980795 -0.432406267
1750922013.699970961 -2.886629273 0.130624613 0.456567782 -0.016084876 0.977149709 -0.091776249 -0.191041469 -0.064963718 0.084958936 -0.211996425
1750922013.799971104 -2.874258678 0.134336869 0.469896479 -0.016133759 0.972730937 -0.091563626 -0.212486068 -0.184234083 0.031509927 -0.115198022
1750922013.899971008 -2.855309102 0.132138093 0.454651301 -0.015845127 0.968210470 -0.092984519 -0.231670666 -0.205910676 0.056082241 0.085427705
1750922013.999970913 -2.837708066 0.131124645 0.434160396 -0.014764761 0.962209121 -0.093079807 -0.255483382 -0.281565539 0.019544486 0.195254307
1750922014.099971056 -2.832461004 0.130614676 0.405880562 -0.014069079 0.956795858 -0.092992497 -0.275129321 -0.211663291 0.055207130 0.220566014
1750922014.199970007 -2.827153104 0.127531411 0.384920788 -0.013048134 0.951647904 -0.092867989 -0.292526152 -0.205398562 0.145436352 0.183358868
1750922014.299969912 -2.831672125 0.132014270 0.352677966 -0.013490992 0.946115441 -0.090686460 -0.310579347 -0.369349239 0.169381219 0.317626014
1750922014.399970055 -2.789062744 0.036485343 0.404455837 -0.005819129 0.941749605 -0.106789565 -0.318857034 0.031373668 -2.448558445 -1.257024013
1750922014.499969959 -2.786599081 0.117210115 0.379037459 -0.010033373 0.939503469 -0.100100778 -0.327433043 2.012854899 -0.212353332 0.868420513
1750922014.599970102 -2.809404585 0.061052264 0.430761114 0.003468222 0.939045890 -0.119663523 -0.322275392 0.000000000 0.000000000 0.000000000
1750922014.699970007 -2.809404585 0.061052264 0.430761114 0.003468222 0.939045890 -0.119663523 -0.322275392 0.000000000 0.000000000 0.000000000
1750922014.799969912 -2.809404585 0.061052264 0.430761114 0.003468222 0.939045890 -0.119663523 -0.322275392 0.000000000 0.000000000 0.000000000
1750922014.899970055 -2.809404585 0.061052264 0.430761114 0.003468222 0.939045890 -0.119663523 -0.322275392 0.000000000 0.000000000 0.000000000
1750922014.999969959 -2.809404585 0.061052264 0.430761114 0.003468222 0.939045890 -0.119663523 -0.322275392 0.000000000 0.000000000 0.000000000
1750922015.099970102 -2.809404585 0.061052264 0.430761114 0.003468222 0.939045890 -0.119663523 -0.322275392 0.000000000 0.000000000 0.000000000
1750922015.199970007 -2.809404585 0.061052264 0.430761114 0.003468222 0.939045890 -0.119663523 -0.322275392 0.000000000 0.000000000 0.000000000
1750922015.299968958 -2.809404585 0.061052264 0.430761114 0.003468222 0.939045890 -0.119663523 -0.322275392 0.000000000 0.000000000 0.000000000
1750922015.399969101 -2.809404585 0.061052264 0.430761114 0.003468222 0.939045890 -0.119663523 -0.322275392 0.000000000 0.000000000 0.000000000
1750922015.499969006 -2.809404585 0.061052264 0.430761114 0.003468222 0.939045890 -0.119663523 -0.322275392 0.000000000 0.000000000 0.000000000
