961.800000000 -0.006492625 -0.056873398 -0.005287951 -0.000522616 0.000224941 -0.001793866 0.999998229 -0.020637229 -0.569273852 0.006965755
961.900000000 -0.008462337 -0.111777359 -0.015755843 -0.001144650 0.000373991 -0.002712456 0.999995596 -0.020094417 -0.566201394 -0.015598566
962.000000000 -0.009247913 -0.163388444 -0.000818826 -0.003418193 0.000171133 -0.003904694 0.999986520 -0.019267949 -0.562955323 -0.039999309
962.100000000 -0.011457022 -0.223826099 -0.015634494 -0.005444182 0.000274302 -0.004366335 0.999975610 -0.019256861 -0.559502450 -0.064106472
962.200000000 -0.015460892 -0.278343289 -0.021630057 -0.006753228 0.000443135 -0.006793976 0.999954019 -0.017025231 -0.556398855 -0.087968583
962.300000000 -0.019408926 -0.334141253 -0.032757967 -0.006347351 0.000378904 -0.005991227 0.999961836 -0.015309978 -0.552436864 -0.102110592
962.400000000 -0.018677896 -0.392459184 -0.039586152 -0.005467607 0.000731725 -0.006987953 0.999960368 -0.011340059 -0.548047698 -0.118354752
962.500000000 -0.021221951 -0.440138007 -0.046635701 -0.006866605 0.001157731 -0.006098600 0.999957157 -0.010878574 -0.542640188 -0.132323578
962.600000000 -0.026778858 -0.499030267 -0.078395412 -0.007414783 0.001452765 -0.006988275 0.999947036 -0.007929088 -0.537085147 -0.135641875
962.700000000 -0.030026936 -0.560527548 -0.109628040 -0.008976275 0.001525776 -0.006028870 0.999940374 -0.005975286 -0.531556198 -0.132708279
962.800000000 -0.024666896 -0.604333264 -0.098548027 -0.009699624 0.001874601 -0.007024077 0.999926530 -0.002462942 -0.526707821 -0.120899297
962.900000000 -0.027462266 -0.659990498 -0.124131511 -0.010359328 0.002219505 -0.006195234 0.999924686 -0.000428423 -0.521366462 -0.103548429
963.000000000 -0.032772583 -0.706330124 -0.112767455 -0.009492182 0.002815926 -0.007725466 0.999921140 0.006668912 -0.514834954 -0.080920464
963.100000000 -0.025407124 -0.760171687 -0.122519452 -0.009023526 0.003026016 -0.008642696 0.999917358 0.009944508 -0.503325839 -0.065122839
963.200000000 -0.026699439 -0.809421377 -0.125877209 -0.009132335 0.002931381 -0.008209554 0.999920302 0.004286365 -0.489679051 -0.063501797
963.300000000 -0.026623205 -0.859478981 -0.126480407 -0.009504607 0.002820828 -0.008832939 0.999911838 0.003355877 -0.454727195 -0.054900981
963.400000000 -0.024324748 -0.912731842 -0.134539240 -0.009600678 0.002964654 -0.008639903 0.999912191 0.001785370 -0.407483108 -0.046893914
963.500000000 -0.026361415 -0.958730935 -0.147038418 -0.012651355 0.003010881 -0.008230956 0.999881558 -0.000278516 -0.349028731 -0.030592787
963.600000000 -0.030077030 -0.998325026 -0.145686257 -0.044290085 0.003703719 -0.010116311 0.998960625 -0.000605161 -0.281486139 -0.022459066
963.700000000 -0.031429220 -1.010699730 -0.149714834 -0.051724876 0.003641217 -0.010309859 0.998601515 -0.000507287 -0.213336277 0.000813679
963.800000000 -0.031003846 -1.022935609 -0.147869183 -0.038913375 0.003266187 -0.011748437 0.999168182 -0.000520344 -0.147920001 0.030603046
963.900000000 -0.030333805 -1.033701828 -0.134484692 -0.022413073 0.004300319 -0.011852923 0.999669280 -0.000659970 -0.092304256 0.048553302
964.000000000 -0.031513749 -1.038549054 -0.119620911 -0.013629094 0.005719229 -0.009886650 0.999841884 0.001301377 -0.052541216 0.054077267
964.100000000 -0.029757903 -1.036826363 -0.110432925 -0.011678326 0.006223926 -0.009534938 0.999866973 0.002208604 -0.027814738 0.050085711
964.200000000 -0.029757903 -1.036826363 -0.110432925 -0.011678326 0.006223926 -0.009534938 0.999866973 0.002285332 -0.014373537 0.040605080
964.300000000 -0.029757903 -1.036826363 -0.110432925 -0.011678326 0.006223926 -0.009534938 0.999866973 0.001158504 -0.004483278 0.023643286
964.400000000 -0.029757903 -1.036826363 -0.110432925 -0.011678326 0.006223926 -0.009534938 0.999866973 0.001732476 0.000983465 0.007776126
964.500000000 -0.029757903 -1.036826363 -0.110432925 -0.011678326 0.006223926 -0.009534938 0.999866973 0.000965700 0.002007085 -0.005205867
964.600000000 -0.029757903 -1.036826363 -0.110432925 -0.011678326 0.006223926 -0.009534938 0.999866973 0.000954617 0.002778308 -0.008748040
964.700000000 -0.029757903 -1.036826363 -0.110432925 -0.011678326 0.006223926 -0.009534938 0.999866973 -0.019819297 0.000119694 -0.034643024
964.800000000 -0.029757903 -1.036826363 -0.110432925 -0.011678326 0.006223926 -0.009534938 0.999866973 -0.048568482 -0.004001083 -0.068653891
964.900000000 -0.029347174 -1.034814891 -0.118371423 -0.012475147 0.006189930 -0.008913839 0.999863290 -0.069910121 -0.007044090 -0.093066388
965.000000000 -0.029347174 -1.034814891 -0.118371423 -0.012475147 0.006189930 -0.008913839 0.999863290 -0.083812824 -0.009438560 -0.107873746
965.100000000 -0.029347174 -1.034814891 -0.118371423 -0.012475147 0.006189930 -0.008913839 0.999863290 -0.090216699 -0.011006930 -0.112985150
965.200000000 -0.089851448 -1.044160695 -0.185849363 -0.012671380 0.006166927 -0.008652320 0.999863262 -0.089205330 -0.011667808 -0.108492573
965.300000000 -0.089851448 -1.044160695 -0.185849363 -0.012671380 0.006166927 -0.008652320 0.999863262 -0.080753561 -0.011609679 -0.094397201
965.400000000 -0.089851448 -1.044160695 -0.185849363 -0.012671380 0.006166927 -0.008652320 0.999863262 -0.063789615 -0.009284654 -0.073368523
965.500000000 -0.089851448 -1.044160695 -0.185849363 -0.012671380 0.006166927 -0.008652320 0.999863262 -0.039958506 -0.005816008 -0.045958838
965.600000000 -0.089851448 -1.044160695 -0.185849363 -0.012671380 0.006166927 -0.008652320 0.999863262 -0.008639677 -0.001257515 -0.009937046
965.700000000 -0.089851448 -1.044160695 -0.185849363 -0.012671380 0.006166927 -0.008652320 0.999863262 0.000000000 0.000000000 0.000000000
965.800000000 -0.089851448 -1.044160695 -0.185849363 -0.012671380 0.006166927 -0.008652320 0.999863262 0.000000000 0.000000000 0.000000000
965.900000000 -0.089851448 -1.044160695 -0.185849363 -0.012671380 0.006166927 -0.008652320 0.999863262 0.000000000 0.000000000 0.000000000
966.000000000 -0.089851448 -1.044160695 -0.185849363 -0.012671380 0.006166927 -0.008652320 0.999863262 0.000000000 0.000000000 0.000000000
966.100000000 -0.089851448 -1.044160695 -0.185849363 -0.012671380 0.006166927 -0.008652320 0.999863262 0.000000000 0.000000000 0.000000000
966.200000000 -0.089851448 -1.044160695 -0.185849363 -0.012671380 0.006166927 -0.008652320 0.999863262 -0.003892852 0.000781949 -0.004645024
966.300000000 -0.089851448 -1.044160695 -0.185849363 -0.012671380 0.006166927 -0.008652320 0.999863262 -0.010713661 0.002152032 -0.012783741
966.400000000 -0.089851448 -1.044160695 -0.185849363 -0.012671380 0.006166927 -0.008652320 0.999863262 -0.015804314 0.003174581 -0.018858003
966.500000000 -0.089851448 -1.044160695 -0.185849363 -0.012671380 0.006166927 -0.008652320 0.999863262 -0.019164810 0.003849597 -0.022867810
966.600000000 -0.089851448 -1.044160695 -0.185849363 -0.012671380 0.006166927 -0.008652320 0.999863262 -0.020795150 0.004177080 -0.024813161
966.700000000 -0.103757676 -1.041573849 -0.202154222 -0.013172055 0.006406552 -0.008390443 0.999857517 -0.020681690 0.004192773 -0.024699445
966.800000000 -0.103757676 -1.041573849 -0.202154222 -0.013172055 0.006406552 -0.008390443 0.999857517 -0.018852923 0.003822029 -0.022515411
966.900000000 -0.103757676 -1.041573849 -0.202154222 -0.013172055 0.006406552 -0.008390443 0.999857517 -0.015278515 0.003097394 -0.018246616
967.000000000 -0.103757676 -1.041573849 -0.202154222 -0.013172055 0.006406552 -0.008390443 0.999857517 -0.009975092 0.002022238 -0.011912916
967.100000000 -0.103757676 -1.041573849 -0.202154222 -0.013172055 0.006406552 -0.008390443 0.999857517 -0.002942652 0.000596560 -0.003514310
967.200000000 -0.103757676 -1.041573849 -0.202154222 -0.013172055 0.006406552 -0.008390443 0.999857517 0.000000000 -0.000000000 0.000000000
967.300000000 -0.103757676 -1.041573849 -0.202154222 -0.013172055 0.006406552 -0.008390443 0.999857517 0.000000000 -0.000000000 0.000000000
967.400000000 -0.103757676 -1.041573849 -0.202154222 -0.013172055 0.006406552 -0.008390443 0.999857517 0.000000000 -0.000000000 0.000000000
967.500000000 -0.103757676 -1.041573849 -0.202154222 -0.013172055 0.006406552 -0.008390443 0.999857517 0.000000000 -0.000000000 0.000000000
967.600000000 -0.103757676 -1.041573849 -0.202154222 -0.013172055 0.006406552 -0.008390443 0.999857517 0.000000000 -0.000000000 0.000000000
967.700000000 -0.103757676 -1.041573849 -0.202154222 -0.013172055 0.006406552 -0.008390443 0.999857517 0.000000000 -0.000000000 0.000000000
967.800000000 -0.103757676 -1.041573849 -0.202154222 -0.013172055 0.006406552 -0.008390443 0.999857517 0.000000000 -0.000000000 0.000000000
967.900000000 -0.103757676 -1.041573849 -0.202154222 -0.013172055 0.006406552 -0.008390443 0.999857517 0.000000000 -0.000000000 0.000000000
968.000000000 -0.103757676 -1.041573849 -0.202154222 -0.013172055 0.006406552 -0.008390443 0.999857517 0.000000000 -0.000000000 0.000000000
968.100000000 -0.103757676 -1.041573849 -0.202154222 -0.013172055 0.006406552 -0.008390443 0.999857517 0.000000000 -0.000000000 0.000000000
968.200000000 -0.103757676 -1.041573849 -0.202154222 -0.013172055 0.006406552 -0.008390443 0.999857517 0.000000000 -0.000000000 0.000000000
968.300000000 -0.103757676 -1.041573849 -0.202154222 -0.013172055 0.006406552 -0.008390443 0.999857517 0.000000000 -0.000000000 0.000000000
968.400000000 -0.103757676 -1.041573849 -0.202154222 -0.013172055 0.006406552 -0.008390443 0.999857517 0.000000000 -0.000000000 0.000000000
968.500000000 -0.103757676 -1.041573849 -0.202154222 -0.013172055 0.006406552 -0.008390443 0.999857517 0.000000000 -0.000000000 0.000000000
968.600000000 -0.103757676 -1.041573849 -0.202154222 -0.013172055 0.006406552 -0.008390443 0.999857517 0.000000000 -0.000000000 0.000000000
968.700000000 -0.103757676 -1.041573849 -0.202154222 -0.013172055 0.006406552 -0.008390443 0.999857517 0.000000000 -0.000000000 0.000000000
968.800000000 -0.103757676 -1.041573849 -0.202154222 -0.013172055 0.006406552 -0.008390443 0.999857517 0.000000000 -0.000000000 0.000000000
968.900000000 -0.103757676 -1.041573849 -0.202154222 -0.013172055 0.006406552 -0.008390443 0.999857517 0.000000000 -0.000000000 0.000000000
969.000000000 -0.103757676 -1.041573849 -0.202154222 -0.013172055 0.006406552 -0.008390443 0.999857517 0.000000000 -0.000000000 0.000000000
969.100000000 -0.103757676 -1.041573849 -0.202154222 -0.013172055 0.006406552 -0.008390443 0.999857517 0.002138305 -0.000432243 0.002597559
969.200000000 -0.103757676 -1.041573849 -0.202154222 -0.013172055 0.006406552 -0.008390443 0.999857517 -0.000204954 0.004636187 0.006817776
969.300000000 -0.103757676 -1.041573849 -0.202154222 -0.013172055 0.006406552 -0.008390443 0.999857517 -0.010062338 0.019008220 0.019442768
969.400000000 -0.103757676 -1.041573849 -0.202154222 -0.013172055 0.006406552 -0.008390443 0.999857517 -0.034586763 0.042226629 0.043859731
969.500000000 -0.101407639 -1.042794890 -0.199930948 -0.015118245 0.005760817 -0.003369182 0.999863441 -0.083201930 0.073906595 0.084333707
969.600000000 -0.104658126 -1.037331927 -0.194328909 -0.074334792 0.003221300 -0.022574014 0.996972605 -0.174741852 0.093192602 0.148080740
969.700000000 -0.110504117 -1.027182952 -0.189635893 -0.103774939 -0.010132933 -0.097861233 0.989722822 -0.323451382 0.077645169 0.224406173
969.800000000 -0.132651572 -0.998403935 -0.154802423 -0.089754744 -0.034377809 -0.157495675 0.982831300 -0.515643537 0.045892748 0.318776796
969.900000000 -0.176369160 -0.975644004 -0.129363990 -0.067181508 -0.063482503 -0.193144802 0.976806891 -0.747435016 0.002971828 0.437339024
970.000000000 -0.249763069 -0.939251764 -0.083606770 -0.058246905 -0.092376431 -0.215135092 0.970459059 -1.012044277 -0.067808147 0.595733593
970.100000000 -0.358991359 -0.903568245 -0.072154800 -0.060576346 -0.121902973 -0.232698453 0.962975390 -1.288255401 -0.180918358 0.785089553
970.200000000 -0.524282532 -0.824677239 0.014685860 -0.067800030 -0.155060990 -0.245191349 0.954589151 -1.559777793 -0.322325321 1.008830556
970.300000000 -0.692058230 -0.765986237 0.028102950 -0.074791258 -0.185382666 -0.252992702 0.946590845 -1.809083634 -0.468659026 1.233717677
970.400000000 -0.939223061 -0.678505501 0.114933986 -0.081483702 -0.216638961 -0.257737863 0.938082705 -2.024060869 -0.615030305 1.461070666
970.500000000 -1.215039524 -0.591942493 0.162166278 -0.089440070 -0.249205934 -0.258428516 0.929037986 -2.222910860 -0.773500488 1.731779278
970.600000000 -1.516498709 -0.504974572 0.187314534 -0.096824552 -0.281859150 -0.256534398 0.919440334 -2.407026925 -0.944253678 2.041232942
970.700000000 -1.861401602 -0.417868791 0.247610510 -0.104163680 -0.314466709 -0.253009737 0.908981127 -2.543421174 -1.112204621 2.376230030
970.800000000 -2.146220792 -0.333986457 0.207879982 -0.112092053 -0.348702024 -0.244918713 0.897695435 -2.631574123 -1.258955127 2.745478191
970.900000000 -2.569636754 -0.243969749 0.258830865 -0.119615225 -0.377864744 -0.236883419 0.887015603 -2.692566283 -1.402488608 3.106773871
971.000000000 -3.071058281 -0.138260724 0.283134345 -0.126888975 -0.405783922 -0.228678259 0.875753875 -2.705291043 -1.539272947 3.478941745
971.100000000 -3.543627190 -0.051034985 0.301293499 -0.133603445 -0.433405693 -0.221667083 0.863234226 -2.668955750 -1.699695615 3.879761443
971.200000000 -4.039149467 0.031595039 0.310843086 -0.135844485 -0.460286637 -0.210541403 0.851677642 -2.598822397 -1.807010666 4.304659579
971.300000000 -4.602261145 0.119734291 0.335953482 -0.136704967 -0.486016912 -0.202894400 0.839007256 -2.475299009 -1.925272401 4.673853149
971.400000000 -5.206768842 0.214149541 0.354522656 -0.135497317 -0.512796323 -0.194190553 0.825209329 -2.290753929 -2.007919711 5.014220331
971.500000000 -5.776500077 0.282601846 0.381339428 -0.129000949 -0.536969820 -0.180108479 0.813992078 -2.118694219 -1.995016449 5.347887406
971.600000000 -6.400654975 0.353454729 0.401130561 -0.119991799 -0.560498956 -0.166798320 0.802260063 -1.918921676 -1.958355852 5.662725872
971.700000000 -7.036411932 0.406552374 0.411615587 -0.113594447 -0.582884482 -0.156048491 0.789297695 -1.689799659 -1.944625933 5.901077059
971.800000000 -7.705485845 0.453837400 0.419532727 -0.108604551 -0.604190365 -0.147323957 0.775535109 -1.445288109 -1.946684874 6.086952451
971.900000000 -8.372981773 0.494269918 0.433886970 -0.104576198 -0.624984251 -0.141050276 0.760633502 -1.180085927 -1.963131113 6.203401512
972.000000000 -9.099181715 0.524747378 0.435684242 -0.098054913 -0.647587763 -0.133654294 0.743741792 -0.875757987 -1.929650020 6.278731101
972.100000000 -9.730070780 0.541425508 0.426070825 -0.091818501 -0.668217668 -0.124929889 0.727631111 -0.589699010 -1.878522876 6.320984649
972.200000000 -10.363896038 0.551036937 0.419036579 -0.086690647 -0.688308523 -0.116873803 0.710673359 -0.285177978 -1.818839189 6.292171489
972.300000000 -11.025815676 0.553334992 0.399412090 -0.081657756 -0.708653470 -0.109388357 0.692225728 0.008027744 -1.750357655 6.221246345
972.400000000 -11.689837560 0.545536674 0.374101830 -0.076652650 -0.728090805 -0.101753412 0.673538710 0.295213576 -1.675042083 6.103238788
972.500000000 -12.342237187 0.522316037 0.347063600 -0.067348944 -0.747635840 -0.092282972 0.654208395 0.605834484 -1.533342121 5.900885909
972.600000000 -12.961695328 0.501949491 0.350216430 -0.056120720 -0.768653055 -0.084827002 0.631527771 0.931827616 -1.384299346 5.629131670
972.700000000 -13.525080926 0.484095210 0.291266760 -0.046242475 -0.787040407 -0.077575582 0.610254915 1.184937284 -1.245715544 5.293100565
972.800000000 -14.119903642 0.453181670 0.234982393 -0.037429003 -0.804274725 -0.071078673 0.588803073 1.382932081 -1.123295762 4.920590817
972.900000000 -14.567917867 0.396218056 0.271816377 -0.026284909 -0.821909968 -0.062624204 0.565553992 1.547884299 -0.972873249 4.524470497
973.000000000 -15.019723291 0.352195199 0.250809696 -0.008370588 -0.839134772 -0.048916883 0.541654784 1.670907167 -0.758087387 4.172232973
973.100000000 -15.452846294 0.307924309 0.221492695 0.010705396 -0.854743890 -0.035835173 0.517700799 1.747897721 -0.569295560 3.865077039
973.200000000 -15.880431540 0.255485969 0.192425030 -0.028985691 0.870943289 0.024976282 -0.489891622 1.834346606 -0.404255728 3.604415364
973.300000000 -16.205250670 0.204599686 0.170215231 -0.041298921 0.885129842 0.022456985 -0.462963548 1.895552382 -0.310261994 3.411208704
973.400000000 -16.574858592 0.168865997 0.118675934 -0.050937728 0.898369783 0.022969174 -0.435671318 1.955317700 -0.247891281 3.236877653
973.500000000 -16.920873247 0.112246919 0.062090485 -0.059988286 0.911310199 0.023425704 -0.406652632 2.020251702 -0.184381958 3.045997791
973.600000000 -17.331351326 0.060025893 -0.019541673 -0.069507038 0.923240160 0.023560076 -0.377148911 2.067939336 -0.114151155 2.846640734
973.700000000 -17.708619934 0.017761219 -0.087856480 -0.081509379 0.933423397 0.024077380 -0.348564575 2.076328803 -0.030052794 2.629870745
973.800000000 -18.045053637 -0.026958725 -0.145675761 -0.097178253 0.943075814 0.022002390 -0.317301576 2.047334848 0.073387474 2.384016119
973.900000000 -18.302113297 -0.068289242 -0.201509297 -0.110855128 0.950914770 0.018938029 -0.288294281 1.941019071 0.152047833 2.121863807
974.000000000 -18.587357765 -0.098041602 -0.284686843 -0.123854059 0.957788697 0.017167800 -0.258855655 1.767126006 0.206111793 1.851630727
974.100000000 -18.812672926 -0.118204773 -0.351024511 -0.138019475 0.963966277 0.016385663 -0.226828464 1.546178271 0.234573395 1.594206012
974.200000000 -19.000127563 -0.144743435 -0.417319360 -0.152374580 0.969099205 0.015202530 -0.193384592 1.300350885 0.251716295 1.388074827
974.300000000 -19.168747071 -0.163483144 -0.501281132 -0.165487512 0.973137904 0.015002504 -0.159346882 1.028595200 0.244480285 1.208274814
974.400000000 -19.298995356 -0.175850870 -0.598008155 -0.178909274 0.976134489 0.016090265 -0.122041121 0.726097793 0.207919193 1.053405426
974.500000000 -19.378310143 -0.180826772 -0.680601196 -0.188176771 0.977952257 0.019031278 -0.088525120 0.398798015 0.151349876 0.956913422
974.600000000 -19.412349385 -0.176132746 -0.775124181 -0.196890094 0.978626895 0.022571655 -0.054901845 0.049517258 0.076992257 0.900689535
974.700000000 -19.412466530 -0.166368703 -0.862770546 -0.204586458 0.978279068 0.026692507 -0.020048868 -0.314208022 -0.015532749 0.889947414
974.800000000 -19.366871586 -0.153188928 -0.945172898 -0.211258674 0.976817024 0.031330393 0.014720093 -0.677388651 -0.120655712 0.933339009
974.900000000 -19.279236645 -0.122253255 -1.035520297 -0.218673177 0.973879059 0.036137124 0.049353094 -1.024941775 -0.244339492 1.018037358
975.000000000 -19.132324045 -0.074999477 -1.149059389 -0.223729606 0.969905139 0.040613934 0.087060856 -1.356530478 -0.382592775 1.159621746
975.100000000 -18.955368905 -0.038776418 -1.222214389 -0.225265085 0.965721035 0.044761926 0.120974770 -1.667233910 -0.522421711 1.340893975
975.200000000 -18.738089275 0.010917497 -1.318512973 -0.224808576 0.960730011 0.048936973 0.155126149 -1.889673033 -0.631986847 1.501609364
975.300000000 -18.484171588 0.066981883 -1.412796398 -0.223844669 0.954226375 0.055143921 0.190538020 -2.028479514 -0.719525775 1.626826409
975.400000000 -18.180221180 0.113793604 -1.478993132 -0.221995456 0.946600796 0.063171328 0.225109605 -2.135904725 -0.801327958 1.729734988
975.500000000 -17.830130367 0.171989766 -1.567591578 -0.218948176 0.937992385 0.072502078 0.258796116 -2.234556169 -0.877355646 1.832486109
975.600000000 -17.550115873 0.218756600 -1.584320365 -0.215749707 0.927426142 0.082582179 0.294130921 -2.341301074 -0.980339162 2.027232076
975.700000000 -17.320226566 0.267254221 -1.568673565 -0.210521102 0.917664776 0.089685591 0.324851842 -2.474121615 -1.094390086 2.290551832
975.800000000 -16.999869680 0.314697407 -1.568076080 -0.206986098 0.906681261 0.097023478 0.354502879 -2.572059084 -1.239134357 2.619586686
975.900000000 -16.640725267 0.365844814 -1.542284486 -0.202127716 0.894788029 0.105630569 0.383850169 -2.635022891 -1.402508795 3.002951480
976.000000000 -16.157139367 0.426012116 -1.581898530 -0.198466647 0.882084632 0.112186196 0.412252289 -2.663254925 -1.607265036 3.477495767
976.100000000 -15.586538883 0.492251612 -1.643011021 -0.190927197 0.870024376 0.114905594 0.439773912 -2.636688358 -1.789239932 4.032000994
976.200000000 -14.995805359 0.539100247 -1.685453431 -0.175730715 0.858553610 0.114035483 0.467974703 -2.531142222 -1.851920483 4.538381919
976.300000000 -14.480444084 0.571759405 -1.706998602 -0.166388359 0.847097093 0.112250759 0.492078444 -2.389622571 -1.936859310 4.968203556
976.400000000 -13.882409104 0.613326831 -1.754204246 -0.159606571 0.834300271 0.108263456 0.516476354 -2.194574169 -2.020827684 5.402152145
976.500000000 -13.234885189 0.644545471 -1.815309398 -0.150236718 0.820689537 0.102646421 0.541628401 -1.952532976 -2.054944173 5.849202068
976.600000000 -12.636702755 0.662520432 -1.843838996 -0.145838006 0.805179834 0.099479061 0.566145413 -1.652532634 -2.144602615 6.269782613
