961.800000000 -0.754870364 -0.991162323 6.773112695 -0.024136504 -0.704588353 0.005568887 0.709183806 -0.020637229 -0.569273852 0.006965755
961.900000000 -0.745794203 -1.046346498 6.773593983 -0.023931221 -0.704508295 0.004475485 0.709278033 -0.020094417 -0.566201394 -0.015598566
962.000000000 -0.762024022 -1.097545042 6.775248588 -0.024701362 -0.704691974 0.002033002 0.709080342 -0.019267949 -0.562955323 -0.039999309
962.100000000 -0.748741735 -1.158376396 6.775719307 -0.025812995 -0.704637307 0.000275310 0.709097933 -0.019256861 -0.559502450 -0.064106472
962.200000000 -0.744140323 -1.213153636 6.774175714 -0.025031062 -0.704572589 -0.002372819 0.709186352 -0.017025231 -0.556398855 -0.087968583
962.300000000 -0.734439991 -1.269337340 6.772717936 -0.025308714 -0.704600620 -0.001515963 0.709150998 -0.015309978 -0.552436864 -0.102110592
962.400000000 -0.729069745 -1.327715782 6.776073160 -0.023985068 -0.704368026 -0.001611554 0.709427800 -0.011340059 -0.548047698 -0.118354752
962.500000000 -0.723233671 -1.375624195 6.775669755 -0.025606715 -0.704051547 -0.001977539 0.709684299 -0.010878574 -0.542640188 -0.132323578
962.600000000 -0.692996730 -1.435493676 6.772631756 -0.025370309 -0.703861450 -0.003002100 0.709877732 -0.007929088 -0.537085147 -0.135641875
962.700000000 -0.663336489 -1.497846229 6.772022009 -0.027153901 -0.703792242 -0.003424116 0.709878455 -0.005975286 -0.531556198 -0.132708279
962.800000000 -0.675474003 -1.541068006 6.779437957 -0.026967623 -0.703565287 -0.004648319 0.710103533 -0.002462942 -0.526707821 -0.120899297
962.900000000 -0.651311719 -1.597424781 6.779045088 -0.028021899 -0.703303456 -0.004534187 0.710322788 -0.000428423 -0.521366462 -0.103548429
963.000000000 -0.663868031 -1.643655402 6.775919244 -0.026332928 -0.702910122 -0.005023037 0.710773315 0.006668912 -0.514834954 -0.080920464
963.100000000 -0.655418459 -1.697335684 6.785681281 -0.025355687 -0.702778073 -0.005348401 0.710937032 0.009944508 -0.503325839 -0.065122839
963.200000000 -0.653303904 -1.746662382 6.786620477 -0.025737462 -0.702837191 -0.005115580 0.710866582 0.004286365 -0.489679051 -0.063501797
963.300000000 -0.653954059 -1.796663866 6.788978927 -0.025561104 -0.702927900 -0.005817211 0.710777854 0.003355877 -0.454727195 -0.054900981
963.400000000 -0.647216240 -1.849943948 6.793661827 -0.025766299 -0.702822034 -0.005751642 0.710875661 0.001785370 -0.407483108 -0.046893914
963.500000000 -0.635886906 -1.896289824 6.793658376 -0.028217063 -0.702779444 -0.007612879 0.710807213 -0.000278516 -0.349028731 -0.030592787
963.600000000 -0.638255081 -1.935965029 6.791762061 -0.049303105 -0.701914675 -0.031269457 0.709864223 -0.000605161 -0.281486139 -0.022459066
963.700000000 -0.634546821 -1.948486491 6.790954008 -0.054428738 -0.701764409 -0.036647015 0.709380873 -0.000507287 -0.213336277 0.000813679
963.800000000 -0.636695446 -1.960639671 6.791947852 -0.044342753 -0.702373220 -0.028625260 0.709849403 -0.000520344 -0.147920001 0.030603046
963.900000000 -0.650340589 -1.971021850 6.793182946 -0.032589970 -0.701876687 -0.017093841 0.711347180 -0.000659970 -0.092304256 0.048553302
964.000000000 -0.665328665 -1.975539792 6.792307948 -0.027762085 -0.700879689 -0.009543895 0.712675131 0.001301377 -0.052541216 0.054077267
964.100000000 -0.674458672 -1.973506867 6.794034195 -0.026631059 -0.700516649 -0.007932266 0.713094868 0.002208604 -0.027814738 0.050085711
964.200000000 -0.674458672 -1.973506867 6.794034195 -0.026631059 -0.700516649 -0.007932266 0.713094868 0.002285332 -0.014373537 0.040605080
964.300000000 -0.674458672 -1.973506867 6.794034195 -0.026631059 -0.700516649 -0.007932266 0.713094868 0.001158504 -0.004483278 0.023643286
964.400000000 -0.674458672 -1.973506867 6.794034195 -0.026631059 -0.700516649 -0.007932266 0.713094868 0.001732476 0.000983465 0.007776126
964.500000000 -0.674458672 -1.973506867 6.794034195 -0.026631059 -0.700516649 -0.007932266 0.713094868 0.000965700 0.002007085 -0.005205867
964.600000000 -0.674458672 -1.973506867 6.794034195 -0.026631059 -0.700516649 -0.007932266 0.713094868 0.000954617 0.002778308 -0.008748040
964.700000000 -0.674458672 -1.973506867 6.794034195 -0.026631059 -0.700516649 -0.007932266 0.713094868 -0.019819297 0.000119694 -0.034643024
964.800000000 -0.674458672 -1.973506867 6.794034195 -0.026631059 -0.700516649 -0.007932266 0.713094868 -0.048568482 -0.004001083 -0.068653891
964.900000000 -0.666469718 -1.971680463 6.794308651 -0.027633377 -0.700528361 -0.008052586 0.713043875 -0.069910121 -0.007044090 -0.093066388
965.000000000 -0.666469718 -1.971680463 6.794308651 -0.027633377 -0.700528361 -0.008052586 0.713043875 -0.083812824 -0.009438560 -0.107873746
965.100000000 -0.666469718 -1.971680463 6.794308651 -0.027633377 -0.700528361 -0.008052586 0.713043875 -0.090216699 -0.011006930 -0.112985150
965.200000000 -0.599653319 -1.985475663 6.733921195 -0.027956638 -0.700539521 -0.008004872 0.713020847 -0.089205330 -0.011667808 -0.108492573
965.300000000 -0.599653319 -1.985475663 6.733921195 -0.027956638 -0.700539521 -0.008004872 0.713020847 -0.080753561 -0.011609679 -0.094397201
965.400000000 -0.599653319 -1.985475663 6.733921195 -0.027956638 -0.700539521 -0.008004872 0.713020847 -0.063789615 -0.009284654 -0.073368523
965.500000000 -0.599653319 -1.985475663 6.733921195 -0.027956638 -0.700539521 -0.008004872 0.713020847 -0.039958506 -0.005816008 -0.045958838
965.600000000 -0.599653319 -1.985475663 6.733921195 -0.027956638 -0.700539521 -0.008004872 0.713020847 -0.008639677 -0.001257515 -0.009937046
965.700000000 -0.599653319 -1.985475663 6.733921195 -0.027956638 -0.700539521 -0.008004872 0.713020847 0.000000000 0.000000000 0.000000000
965.800000000 -0.599653319 -1.985475663 6.733921195 -0.027956638 -0.700539521 -0.008004872 0.713020847 0.000000000 0.000000000 0.000000000
965.900000000 -0.599653319 -1.985475663 6.733921195 -0.027956638 -0.700539521 -0.008004872 0.713020847 0.000000000 0.000000000 0.000000000
966.000000000 -0.599653319 -1.985475663 6.733921195 -0.027956638 -0.700539521 -0.008004872 0.713020847 0.000000000 0.000000000 0.000000000
966.100000000 -0.599653319 -1.985475663 6.733921195 -0.027956638 -0.700539521 -0.008004872 0.713020847 0.000000000 0.000000000 0.000000000
966.200000000 -0.599653319 -1.985475663 6.733921195 -0.027956638 -0.700539521 -0.008004872 0.713020847 -0.003892852 0.000781949 -0.004645024
966.300000000 -0.599653319 -1.985475663 6.733921195 -0.027956638 -0.700539521 -0.008004872 0.713020847 -0.010713661 0.002152032 -0.012783741
966.400000000 -0.599653319 -1.985475663 6.733921195 -0.027956638 -0.700539521 -0.008004872 0.713020847 -0.015804314 0.003174581 -0.018858003
966.500000000 -0.599653319 -1.985475663 6.733921195 -0.027956638 -0.700539521 -0.008004872 0.713020847 -0.019164810 0.003849597 -0.022867810
966.600000000 -0.599653319 -1.985475663 6.733921195 -0.027956638 -0.700539521 -0.008004872 0.713020847 -0.020795150 0.004177080 -0.024813161
966.700000000 -0.583382193 -1.983938039 6.719821211 -0.028497760 -0.700362630 -0.008178059 0.713171216 -0.020681690 0.004192773 -0.024699445
966.800000000 -0.583382193 -1.983938039 6.719821211 -0.028497760 -0.700362630 -0.008178059 0.713171216 -0.018852923 0.003822029 -0.022515411
966.900000000 -0.583382193 -1.983938039 6.719821211 -0.028497760 -0.700362630 -0.008178059 0.713171216 -0.015278515 0.003097394 -0.018246616
967.000000000 -0.583382193 -1.983938039 6.719821211 -0.028497760 -0.700362630 -0.008178059 0.713171216 -0.009975092 0.002022238 -0.011912916
967.100000000 -0.583382193 -1.983938039 6.719821211 -0.028497760 -0.700362630 -0.008178059 0.713171216 -0.002942652 0.000596560 -0.003514310
967.200000000 -0.583382193 -1.983938039 6.719821211 -0.028497760 -0.700362630 -0.008178059 0.713171216 0.000000000 0.000000000 0.000000000
967.300000000 -0.583382193 -1.983938039 6.719821211 -0.028497760 -0.700362630 -0.008178059 0.713171216 0.000000000 0.000000000 0.000000000
967.400000000 -0.583382193 -1.983938039 6.719821211 -0.028497760 -0.700362630 -0.008178059 0.713171216 0.000000000 0.000000000 0.000000000
967.500000000 -0.583382193 -1.983938039 6.719821211 -0.028497760 -0.700362630 -0.008178059 0.713171216 0.000000000 0.000000000 0.000000000
967.600000000 -0.583382193 -1.983938039 6.719821211 -0.028497760 -0.700362630 -0.008178059 0.713171216 0.000000000 0.000000000 0.000000000
967.700000000 -0.583382193 -1.983938039 6.719821211 -0.028497760 -0.700362630 -0.008178059 0.713171216 0.000000000 0.000000000 0.000000000
967.800000000 -0.583382193 -1.983938039 6.719821211 -0.028497760 -0.700362630 -0.008178059 0.713171216 0.000000000 0.000000000 0.000000000
967.900000000 -0.583382193 -1.983938039 6.719821211 -0.028497760 -0.700362630 -0.008178059 0.713171216 0.000000000 0.000000000 0.000000000
968.000000000 -0.583382193 -1.983938039 6.719821211 -0.028497760 -0.700362630 -0.008178059 0.713171216 0.000000000 0.000000000 0.000000000
968.100000000 -0.583382193 -1.983938039 6.719821211 -0.028497760 -0.700362630 -0.008178059 0.713171216 0.000000000 0.000000000 0.000000000
968.200000000 -0.583382193 -1.983938039 6.719821211 -0.028497760 -0.700362630 -0.008178059 0.713171216 0.000000000 0.000000000 0.000000000
968.300000000 -0.583382193 -1.983938039 6.719821211 -0.028497760 -0.700362630 -0.008178059 0.713171216 0.000000000 0.000000000 0.000000000
968.400000000 -0.583382193 -1.983938039 6.719821211 -0.028497760 -0.700362630 -0.008178059 0.713171216 0.000000000 0.000000000 0.000000000
968.500000000 -0.583382193 -1.983938039 6.719821211 -0.028497760 -0.700362630 -0.008178059 0.713171216 0.000000000 0.000000000 0.000000000
968.600000000 -0.583382193 -1.983938039 6.719821211 -0.028497760 -0.700362630 -0.008178059 0.713171216 0.000000000 0.000000000 0.000000000
968.700000000 -0.583382193 -1.983938039 6.719821211 -0.028497760 -0.700362630 -0.008178059 0.713171216 0.000000000 0.000000000 0.000000000
968.800000000 -0.583382193 -1.983938039 6.719821211 -0.028497760 -0.700362630 -0.008178059 0.713171216 0.000000000 0.000000000 0.000000000
968.900000000 -0.583382193 -1.983938039 6.719821211 -0.028497760 -0.700362630 -0.008178059 0.713171216 0.000000000 0.000000000 0.000000000
969.000000000 -0.583382193 -1.983938039 6.719821211 -0.028497760 -0.700362630 -0.008178059 0.713171216 0.000000000 0.000000000 0.000000000
969.100000000 -0.583382193 -1.983938039 6.719821211 -0.028497760 -0.700362630 -0.008178059 0.713171216 0.002138305 -0.000432243 0.002597559
969.200000000 -0.583382193 -1.983938039 6.719821211 -0.028497760 -0.700362630 -0.008178059 0.713171216 -0.000204954 0.004636187 0.006817776
969.300000000 -0.583382193 -1.983938039 6.719821211 -0.028497760 -0.700362630 -0.008178059 0.713171216 -0.010062338 0.019008220 0.019442768
969.400000000 -0.583382193 -1.983938039 6.719821211 -0.028497760 -0.700362630 -0.008178059 0.713171216 -0.034586763 0.042226629 0.043859731
969.500000000 -0.585619577 -1.984994181 6.722236834 -0.033411634 -0.700713014 -0.005973127 0.712635430 -0.083201930 0.073906595 0.084333707
969.600000000 -0.591104665 -1.979544686 6.718771393 -0.061773418 -0.701384326 -0.061277087 0.707452607 -0.174741852 0.093192602 0.148080740
969.700000000 -0.595581042 -1.969556668 6.712494192 -0.029314534 -0.707840638 -0.135122287 0.692707916 -0.323451382 0.077645169 0.224406173
969.800000000 -0.629830232 -1.940942446 6.689249161 0.022997979 -0.721565853 -0.166967567 0.671517419 -0.515643537 0.045892748 0.318776796
969.900000000 -0.654982603 -1.919558629 6.644679592 0.064485724 -0.738685839 -0.175651398 0.647558035 -0.747435016 0.002971828 0.437339024
970.000000000 -0.700304070 -1.885396913 6.569955259 0.086684501 -0.755185009 -0.184269507 0.623077963 -1.012044277 -0.067808147 0.595733593
970.100000000 -0.711589316 -1.854442363 6.459276717 0.097810104 -0.771302761 -0.197678944 0.597032888 -1.288255401 -0.180918358 0.785089553
970.200000000 -0.797530904 -1.780981063 6.291039552 0.101941189 -0.789267690 -0.210857882 0.567629687 -1.559777793 -0.322325321 1.008830556
970.300000000 -0.810596115 -1.729664748 6.120835930 0.102900787 -0.805375853 -0.220614770 0.540472281 -1.809083634 -0.468659026 1.233717677
970.400000000 -0.896860736 -1.651351366 5.870419495 0.101938034 -0.821708759 -0.227974469 0.512280191 -2.024060869 -0.615030305 1.461070666
970.500000000 -0.943754599 -1.576261062 5.591204207 -0.097244797 0.838500483 0.233321169 -0.482723131 -2.222910860 -0.773500488 1.731779278
970.600000000 -0.968733269 -1.502492535 5.286232463 -0.091150016 0.854894886 0.236434019 -0.452708917 -2.407026925 -0.944253678 2.041232942
970.700000000 -1.029135057 -1.429673230 4.938051475 -0.083959581 0.870608640 0.238366168 -0.422105383 -2.543421174 -1.112204621 2.376230030
970.800000000 -0.989222692 -1.359871830 4.649483460 -0.073165867 0.886784055 0.237441108 -0.389721075 -2.631574123 -1.258955127 2.745478191
970.900000000 -1.040734919 -1.287955018 4.222687795 -0.062646963 0.899788285 0.236392605 -0.361351542 -2.692566283 -1.402488608 3.106773871
971.000000000 -1.065737592 -1.204591709 3.717104933 -0.052190794 0.911494699 0.235083217 -0.333450771 -2.705291043 -1.539272947 3.478941745
971.100000000 -1.084867867 -1.138529231 3.241154054 -0.043001908 0.922129633 0.234242790 -0.304890295 -2.668955750 -1.699695615 3.879761443
971.200000000 -1.095660135 -1.078318773 2.742436227 -0.034055862 0.932782718 0.227344235 -0.277616997 -2.598822397 -1.807010666 4.304659579
971.300000000 -1.122322216 -1.015288238 2.176035215 -0.028559669 0.941912159 0.221976111 -0.250424513 -2.475299009 -1.925272401 4.673853149
971.400000000 -1.142565057 -0.948039637 1.567959182 -0.023820868 0.950949514 0.214383119 -0.221737382 -2.290753929 -2.007919711 5.014220331
971.500000000 -1.171470276 -0.904927354 0.995853984 -0.018958479 0.959785044 0.199296462 -0.196809974 -2.118694219 -1.995016449 5.347887406
971.600000000 -1.193656219 -0.862072269 0.369234178 -0.016429923 0.967802141 0.183006196 -0.172040127 -1.918921676 -1.958355852 5.662725872
971.700000000 -1.207061476 -0.837711955 -0.268216274 -0.013876341 0.974224283 0.170409307 -0.147156932 -1.689799659 -1.944625933 5.901077059
971.800000000 -1.218268190 -0.820737523 -0.938697246 -0.011764300 0.979377860 0.160273036 -0.122446571 -1.445288109 -1.946684874 6.086952451
971.900000000 -1.236070903 -0.810371484 -1.607253344 -0.010722432 0.983434026 0.152573118 -0.097283035 -1.180085927 -1.963131113 6.203401512
972.000000000 -1.241962944 -0.812936368 -2.334066364 -0.010720097 0.987324765 0.142289753 -0.069487516 -0.875757987 -1.929650020 6.278731101
972.100000000 -1.236156045 -0.825233590 -2.965102534 -0.009545853 0.990335361 0.131309013 -0.043619854 -0.589699010 -1.878522876 6.320984649
972.200000000 -1.233124077 -0.844656226 -3.598734830 -0.008073889 0.992391551 0.121602934 -0.017508542 -0.285177978 -1.818839189 6.292171489
972.300000000 -1.217877221 -0.872979603 -4.260167615 -0.006975846 0.993592947 0.112372763 0.009836453 0.008027744 -1.750357655 6.221246345
972.400000000 -1.197213428 -0.911625301 -4.923270927 -0.005752193 0.993978585 0.103080617 0.036713359 0.295213576 -1.675042083 6.103238788
972.500000000 -1.175130728 -0.965187265 -5.574069673 -0.006299767 0.993910300 0.089459776 0.064027931 0.605834484 -1.533342121 5.900885909
972.600000000 -1.182937068 -1.013635435 -6.191924803 -0.009725948 0.992561401 0.075898365 0.094692706 0.931827616 -1.384299346 5.629131670
972.700000000 -1.128223704 -1.058595751 -6.754225602 -0.012284896 0.990354773 0.063488981 0.122538383 1.184937284 -1.245715544 5.293100565
972.800000000 -1.076712139 -1.117960690 -7.347319189 -0.014616757 0.987231047 0.052395061 0.149719627 1.382932081 -1.123295762 4.920590817
972.900000000 -1.117957814 -1.194301611 -7.792054166 -0.017269472 0.983059264 0.038273721 0.178413486 1.547884299 -0.972873249 4.524470497
973.000000000 -1.101083533 -1.259356576 -8.241487747 -0.021034083 0.977958008 0.015671950 0.207147514 1.670907167 -0.758087387 4.172232973
973.100000000 -1.075782942 -1.324019519 -8.672293408 -0.026052926 0.971679861 -0.007264037 0.234748218 1.747897721 -0.569295560 3.865077039
973.200000000 -1.050899100 -1.396580514 -9.097192864 -0.032174774 0.963164860 -0.028050224 0.265502205 1.834346606 -0.404255728 3.604415364
973.300000000 -1.032144391 -1.462741412 -9.419467829 -0.039906155 0.954095388 -0.038674401 0.294302192 1.895552382 -0.310261994 3.411208704
973.400000000 -0.983990213 -1.516551160 -9.787338591 -0.047879872 0.944193292 -0.045238187 0.322738363 1.955317700 -0.247891281 3.236877653
973.500000000 -0.931156788 -1.590272106 -10.130715390 -0.055438332 0.932865041 -0.051406945 0.352202687 2.020251702 -0.184381958 3.045997791
973.600000000 -0.853606220 -1.663168710 -10.538827007 -0.063106579 0.920467105 -0.058105269 0.381289451 2.067939336 -0.114151155 2.846640734
973.700000000 -0.788896988 -1.724274001 -10.914145108 -0.072769996 0.907470252 -0.066245184 0.408428506 2.076328803 -0.030052794 2.629870745
973.800000000 -0.734468038 -1.785707212 -11.248501250 -0.083269505 0.892118045 -0.078774302 0.437019671 2.047334848 0.073387474 2.384016119
973.900000000 -0.681408226 -1.840093310 -11.503711110 -0.091589884 0.877059249 -0.090572033 0.462790529 1.941019071 0.152047833 2.121863807
974.000000000 -0.600912197 -1.884891983 -11.787756145 -0.100345390 0.861049545 -0.100947178 0.488194788 1.767126006 0.206111793 1.851630727
974.100000000 -0.536609272 -1.916960891 -12.012279819 -0.110684038 0.842738263 -0.111407657 0.514907368 1.546178271 0.234573395 1.594206012
974.200000000 -0.472255516 -1.953672670 -12.198691696 -0.120902519 0.822676556 -0.122249760 0.541886391 1.300350885 0.251716295 1.388074827
974.300000000 -0.389919437 -1.982186353 -12.366742386 -0.130940031 0.801454100 -0.131487782 0.568539354 1.028595200 0.244480285 1.208274814
974.400000000 -0.294406090 -2.002913835 -12.496824150 -0.142178291 0.777219764 -0.139980702 0.596758054 0.726097793 0.207919193 1.053405426
974.500000000 -0.212496080 -2.013583820 -12.576285507 -0.151673697 0.754896617 -0.144229942 0.621549605 0.398798015 0.151349876 0.956913422
974.600000000 -0.118115041 -2.012838793 -12.611026879 -0.161192989 0.731706363 -0.147634305 0.645621197 0.049517258 0.076992257 0.900689535
974.700000000 -0.030254379 -2.005312829 -12.612075445 -0.170423691 0.706946449 -0.149875982 0.669865415 -0.314208022 -0.015532749 0.889947414
974.800000000 0.052755415 -1.992162795 -12.567587203 -0.179282458 0.681476061 -0.151002070 0.693286776 -0.677388651 -0.120655712 0.933339009
974.900000000 0.144433541 -1.959569078 -12.481958224 -0.188772460 0.655053887 -0.152495572 0.715551860 -1.024941775 -0.244339492 1.018037358
975.000000000 0.260100842 -1.908569196 -12.337987934 -0.196427511 0.625739163 -0.152513150 0.739328393 -1.356530478 -0.382592775 1.159621746
975.100000000 0.335322365 -1.866195288 -12.163279434 -0.201257926 0.598966112 -0.150304765 0.760357365 -1.667233910 -0.522421711 1.340893975
975.200000000 0.434286855 -1.809119867 -11.949032459 -0.204695156 0.571468640 -0.146651532 0.781035732 -1.889673033 -0.631986847 1.501609364
975.300000000 0.531641537 -1.743964335 -11.698465913 -0.209225144 0.542064933 -0.141153112 0.801539922 -2.028479514 -0.719525775 1.626826409
975.400000000 0.601021983 -1.685060872 -11.397341469 -0.214381179 0.512509839 -0.133718044 0.820666716 -2.135904725 -0.801327958 1.729734988
975.500000000 0.693390434 -1.613256034 -11.050769413 -0.219576975 0.482922868 -0.124496379 0.838493952 -2.234556169 -0.877355646 1.832486109
975.600000000 0.713158289 -1.554233933 -10.773279360 -0.225220772 0.450806034 -0.114575968 0.856108563 -2.341301074 -0.980339162 2.027232076
975.700000000 0.700269420 -1.494944534 -10.545761055 -0.227217803 0.422451430 -0.105388904 0.871091292 -2.474121615 -1.094390086 2.290551832
975.800000000 0.703003677 -1.432972416 -10.227906170 -0.230545281 0.393977887 -0.097206203 0.884410116 -2.572059084 -1.239134357 2.619586686
975.900000000 0.680904570 -1.364898037 -9.871334324 -0.233814692 0.365114695 -0.087170440 0.896896462 -2.635022891 -1.402508795 3.002951480
976.000000000 0.725247598 -1.283809449 -9.391227007 -0.236457861 0.336283152 -0.079419508 0.908126568 -2.663254925 -1.607265036 3.477495767
976.100000000 0.791816096 -1.193241628 -8.824593594 -0.233630365 0.308460068 -0.071677918 0.919310348 -2.636688358 -1.789239932 4.032000994
976.200000000 0.839369857 -1.120649392 -8.236859593 -0.222865551 0.280541740 -0.061095325 0.931608630 -2.531142222 -1.851920483 4.538381919
976.300000000 0.865173754 -1.065128085 -7.723654368 -0.215504501 0.255455580 -0.055316539 0.940872115 -2.389622571 -1.936859310 4.968203556
976.400000000 0.917405734 -0.997598251 -7.128411894 -0.208404496 0.229138207 -0.052868205 0.949351463 -2.194574169 -2.020827684 5.402152145
976.500000000 0.983604480 -0.938503097 -6.483337362 -0.198334015 0.201690190 -0.049725772 0.957868484 -1.952532976 -2.054944173 5.849202068
976.600000000 1.016576818 -0.894054065 -5.886766855 -0.193484897 0.173368709 -0.048306672 0.964454950 -1.652532634 -2.144602615 6.269782613
