961.800000000 -0.554696000 -1.051466000 7.061944000 0.031204415 -0.705869392 0.041636554 0.706428399 -0.020637229 -0.569273852 0.006965755
961.900000000 -0.538577763 -1.105011760 7.060966485 0.031407201 -0.705761341 0.040553077 0.706590380 -0.020094417 -0.566201394 -0.015598566
962.000000000 -0.548070004 -1.157901291 7.061141091 0.030651971 -0.705960408 0.038099342 0.706561249 -0.019267949 -0.562955323 -0.039999309
962.100000000 -0.527052297 -1.216502440 7.060020512 0.029542416 -0.705953510 0.036345525 0.706707783 -0.019256861 -0.559502450 -0.064106472
962.200000000 -0.515420762 -1.270165542 7.057007105 0.030324101 -0.705802077 0.033711098 0.706956461 -0.017025231 -0.556398855 -0.087968583
962.300000000 -0.498551617 -1.324567923 7.054067204 0.030046949 -0.705859731 0.034562946 0.706869594 -0.015309978 -0.552436864 -0.102110592
962.400000000 -0.485700741 -1.381837402 7.055856445 0.031356644 -0.705541261 0.034490867 0.707134124 -0.011340059 -0.548047698 -0.118354752
962.500000000 -0.473732702 -1.428564077 7.054176438 0.029722237 -0.705325649 0.034143905 0.707436578 -0.010878574 -0.542640188 -0.132323578
962.600000000 -0.436020645 -1.483928979 7.049661451 0.029950219 -0.705106901 0.033137096 0.707692854 -0.007929088 -0.537085147 -0.135641875
962.700000000 -0.398563932 -1.541896891 7.047503110 0.028166769 -0.705147284 0.032714023 0.707745529 -0.005975286 -0.531556198 -0.132708279
962.800000000 -0.405036013 -1.586511389 7.053675325 0.028343122 -0.704892301 0.031510478 0.708047033 -0.002462942 -0.526707821 -0.120899297
962.900000000 -0.373805096 -1.639250597 7.051869178 0.027277062 -0.704701106 0.031640373 0.708273393 -0.000428423 -0.521366462 -0.103548429
963.000000000 -0.380287948 -1.686609596 7.047419458 0.028943946 -0.704193514 0.031189944 0.708731917 0.006668912 -0.514834954 -0.080920464
963.100000000 -0.364999495 -1.739002488 7.055756930 0.029913317 -0.703994399 0.030879322 0.708903059 0.009944508 -0.503325839 -0.065122839
963.200000000 -0.356541007 -1.787651990 7.055361288 0.029534837 -0.704081146 0.031105630 0.708822878 0.004286365 -0.489679051 -0.063501797
963.300000000 -0.350739287 -1.837366095 7.056351809 0.029716621 -0.704150448 0.030398845 0.708777101 0.003355877 -0.454727195 -0.054900981
963.400000000 -0.337192010 -1.889442219 7.059614259 0.029506271 -0.704059139 0.030471706 0.708873461 0.001785370 -0.407483108 -0.046893914
963.500000000 -0.319978802 -1.933922963 7.058404765 0.027060282 -0.704149253 0.028606607 0.708959260 -0.000278516 -0.349028731 -0.030592787
963.600000000 -0.317206202 -1.973504527 7.055415000 0.005991007 -0.704321463 0.004917490 0.709838857 -0.000605161 -0.281486139 -0.022459066
963.700000000 -0.311912425 -1.985416267 7.054284728 0.000869200 -0.704427849 -0.000486039 0.709774904 -0.000507287 -0.213336277 0.000813679
963.800000000 -0.312476900 -1.997767852 7.054935744 0.010965521 -0.704494878 0.007556921 0.709584116 -0.000520344 -0.147920001 0.030603046
963.900000000 -0.324670655 -2.009852554 7.055817410 0.022661884 -0.703401340 0.019186392 0.710172427 -0.000659970 -0.092304256 0.048553302
964.000000000 -0.338949317 -2.016238869 7.054742863 0.027420465 -0.702200774 0.026827441 0.710944780 0.001301377 -0.052541216 0.054077267
964.100000000 -0.348267959 -2.015448432 7.056477187 0.028528647 -0.701788345 0.028469560 0.711244487 0.002208604 -0.027814738 0.050085711
964.200000000 -0.348267959 -2.015448432 7.056477187 0.028528647 -0.701788345 0.028469560 0.711244487 0.002285332 -0.014373537 0.040605080
964.300000000 -0.348267959 -2.015448432 7.056477187 0.028528647 -0.701788345 0.028469560 0.711244487 0.001158504 -0.004483278 0.023643286
964.400000000 -0.348267959 -2.015448432 7.056477187 0.028528647 -0.701788345 0.028469560 0.711244487 0.001732476 0.000983465 0.007776126
964.500000000 -0.348267959 -2.015448432 7.056477187 0.028528647 -0.701788345 0.028469560 0.711244487 0.000965700 0.002007085 -0.005205867
964.600000000 -0.348267959 -2.015448432 7.056477187 0.028528647 -0.701788345 0.028469560 0.711244487 0.000954617 0.002778308 -0.008748040
964.700000000 -0.348267959 -2.015448432 7.056477187 0.028528647 -0.701788345 0.028469560 0.711244487 -0.019819297 0.000119694 -0.034643024
964.800000000 -0.348267959 -2.015448432 7.056477187 0.028528647 -0.701788345 0.028469560 0.711244487 -0.048568482 -0.004001083 -0.068653891
964.900000000 -0.340581793 -2.012615751 7.056842216 0.027528776 -0.701863056 0.028344371 0.711215167 -0.069910121 -0.007044090 -0.093066388
965.000000000 -0.340581793 -2.012615751 7.056842216 0.027528776 -0.701863056 0.028344371 0.711215167 -0.083812824 -0.009438560 -0.107873746
965.100000000 -0.340581793 -2.012615751 7.056842216 0.027528776 -0.701863056 0.028344371 0.711215167 -0.090216699 -0.011006930 -0.112985150
965.200000000 -0.272450285 -2.016004424 6.996443556 0.027206546 -0.701895699 0.028389799 0.711193540 -0.089205330 -0.011667808 -0.108492573
965.300000000 -0.272450285 -2.016004424 6.996443556 0.027206546 -0.701895699 0.028389799 0.711193540 -0.080753561 -0.011609679 -0.094397201
965.400000000 -0.272450285 -2.016004424 6.996443556 0.027206546 -0.701895699 0.028389799 0.711193540 -0.063789615 -0.009284654 -0.073368523
965.500000000 -0.272450285 -2.016004424 6.996443556 0.027206546 -0.701895699 0.028389799 0.711193540 -0.039958506 -0.005816008 -0.045958838
965.600000000 -0.272450285 -2.016004424 6.996443556 0.027206546 -0.701895699 0.028389799 0.711193540 -0.008639677 -0.001257515 -0.009937046
965.700000000 -0.272450285 -2.016004424 6.996443556 0.027206546 -0.701895699 0.028389799 0.711193540 0.000000000 0.000000000 0.000000000
965.800000000 -0.272450285 -2.016004424 6.996443556 0.027206546 -0.701895699 0.028389799 0.711193540 0.000000000 0.000000000 0.000000000
965.900000000 -0.272450285 -2.016004424 6.996443556 0.027206546 -0.701895699 0.028389799 0.711193540 0.000000000 0.000000000 0.000000000
966.000000000 -0.272450285 -2.016004424 6.996443556 0.027206546 -0.701895699 0.028389799 0.711193540 0.000000000 0.000000000 0.000000000
966.100000000 -0.272450285 -2.016004424 6.996443556 0.027206546 -0.701895699 0.028389799 0.711193540 0.000000000 0.000000000 0.000000000
966.200000000 -0.272450285 -2.016004424 6.996443556 0.027206546 -0.701895699 0.028389799 0.711193540 -0.003892852 0.000781949 -0.004645024
966.300000000 -0.272450285 -2.016004424 6.996443556 0.027206546 -0.701895699 0.028389799 0.711193540 -0.010713661 0.002152032 -0.012783741
966.400000000 -0.272450285 -2.016004424 6.996443556 0.027206546 -0.701895699 0.028389799 0.711193540 -0.015804314 0.003174581 -0.018858003
966.500000000 -0.272450285 -2.016004424 6.996443556 0.027206546 -0.701895699 0.028389799 0.711193540 -0.019164810 0.003849597 -0.022867810
966.600000000 -0.272450285 -2.016004424 6.996443556 0.027206546 -0.701895699 0.028389799 0.711193540 -0.020795150 0.004177080 -0.024813161
966.700000000 -0.256491555 -2.011992133 6.982474167 0.026657538 -0.701752026 0.028228240 0.711362521 -0.020681690 0.004192773 -0.024699445
966.800000000 -0.256491555 -2.011992133 6.982474167 0.026657538 -0.701752026 0.028228240 0.711362521 -0.018852923 0.003822029 -0.022515411
966.900000000 -0.256491555 -2.011992133 6.982474167 0.026657538 -0.701752026 0.028228240 0.711362521 -0.015278515 0.003097394 -0.018246616
967.000000000 -0.256491555 -2.011992133 6.982474167 0.026657538 -0.701752026 0.028228240 0.711362521 -0.009975092 0.002022238 -0.011912916
967.100000000 -0.256491555 -2.011992133 6.982474167 0.026657538 -0.701752026 0.028228240 0.711362521 -0.002942652 0.000596560 -0.003514310
967.200000000 -0.256491555 -2.011992133 6.982474167 0.026657538 -0.701752026 0.028228240 0.711362521 0.000000000 0.000000000 0.000000000
967.300000000 -0.256491555 -2.011992133 6.982474167 0.026657538 -0.701752026 0.028228240 0.711362521 0.000000000 0.000000000 0.000000000
967.400000000 -0.256491555 -2.011992133 6.982474167 0.026657538 -0.701752026 0.028228240 0.711362521 0.000000000 0.000000000 0.000000000
967.500000000 -0.256491555 -2.011992133 6.982474167 0.026657538 -0.701752026 0.028228240 0.711362521 0.000000000 0.000000000 0.000000000
967.600000000 -0.256491555 -2.011992133 6.982474167 0.026657538 -0.701752026 0.028228240 0.711362521 0.000000000 0.000000000 0.000000000
967.700000000 -0.256491555 -2.011992133 6.982474167 0.026657538 -0.701752026 0.028228240 0.711362521 0.000000000 0.000000000 0.000000000
967.800000000 -0.256491555 -2.011992133 6.982474167 0.026657538 -0.701752026 0.028228240 0.711362521 0.000000000 0.000000000 0.000000000
967.900000000 -0.256491555 -2.011992133 6.982474167 0.026657538 -0.701752026 0.028228240 0.711362521 0.000000000 0.000000000 0.000000000
968.000000000 -0.256491555 -2.011992133 6.982474167 0.026657538 -0.701752026 0.028228240 0.711362521 0.000000000 0.000000000 0.000000000
968.100000000 -0.256491555 -2.011992133 6.982474167 0.026657538 -0.701752026 0.028228240 0.711362521 0.000000000 0.000000000 0.000000000
968.200000000 -0.256491555 -2.011992133 6.982474167 0.026657538 -0.701752026 0.028228240 0.711362521 0.000000000 0.000000000 0.000000000
968.300000000 -0.256491555 -2.011992133 6.982474167 0.026657538 -0.701752026 0.028228240 0.711362521 0.000000000 0.000000000 0.000000000
968.400000000 -0.256491555 -2.011992133 6.982474167 0.026657538 -0.701752026 0.028228240 0.711362521 0.000000000 0.000000000 0.000000000
968.500000000 -0.256491555 -2.011992133 6.982474167 0.026657538 -0.701752026 0.028228240 0.711362521 0.000000000 0.000000000 0.000000000
968.600000000 -0.256491555 -2.011992133 6.982474167 0.026657538 -0.701752026 0.028228240 0.711362521 0.000000000 0.000000000 0.000000000
968.700000000 -0.256491555 -2.011992133 6.982474167 0.026657538 -0.701752026 0.028228240 0.711362521 0.000000000 0.000000000 0.000000000
968.800000000 -0.256491555 -2.011992133 6.982474167 0.026657538 -0.701752026 0.028228240 0.711362521 0.000000000 0.000000000 0.000000000
968.900000000 -0.256491555 -2.011992133 6.982474167 0.026657538 -0.701752026 0.028228240 0.711362521 0.000000000 0.000000000 0.000000000
969.000000000 -0.256491555 -2.011992133 6.982474167 0.026657538 -0.701752026 0.028228240 0.711362521 0.000000000 0.000000000 0.000000000
969.100000000 -0.256491555 -2.011992133 6.982474167 0.026657538 -0.701752026 0.028228240 0.711362521 0.002138305 -0.000432243 0.002597559
969.200000000 -0.256491555 -2.011992133 6.982474167 0.026657538 -0.701752026 0.028228240 0.711362521 -0.000204954 0.004636187 0.006817776
969.300000000 -0.256491555 -2.011992133 6.982474167 0.026657538 -0.701752026 0.028228240 0.711362521 -0.010062338 0.019008220 0.019442768
969.400000000 -0.256491555 -2.011992133 6.982474167 0.026657538 -0.701752026 0.028228240 0.711362521 -0.034586763 0.042226629 0.043859731
969.500000000 -0.258577758 -2.013394392 6.984848612 0.021765983 -0.702448643 0.030380691 0.710752530 -0.083201930 0.073906595 0.084333707
969.600000000 -0.264714597 -2.008603525 6.981505072 -0.006469382 -0.704180698 -0.025193900 0.709544191 -0.174741852 0.093192602 0.148080740
969.700000000 -0.270432245 -1.999105828 6.975479795 0.026256031 -0.707483651 -0.099865100 0.699145526 -0.323451382 0.077645169 0.224406173
969.800000000 -0.308050279 -1.974512348 6.952848920 0.079102386 -0.717324487 -0.133111667 0.679315595 -0.515643537 0.045892748 0.318776796
969.900000000 -0.335681643 -1.955322715 6.908751057 0.121290154 -0.731566553 -0.143491194 0.655369632 -0.747435016 0.002971828 0.437339024
970.000000000 -0.384915001 -1.925231222 6.834755364 0.144183728 -0.746435599 -0.153862473 0.631166609 -1.012044277 -0.067808147 0.595733593
970.100000000 -0.399926936 -1.892935299 6.724905941 0.155990142 -0.761570968 -0.169128981 0.605864774 -1.288255401 -0.180918358 0.785089553
970.200000000 -0.494365156 -1.826532730 6.558297465 0.160890048 -0.778999005 -0.184419622 0.577290521 -1.559777793 -0.322325321 1.008830556
970.300000000 -0.513676260 -1.772633110 6.389492106 0.162530638 -0.794830161 -0.196130300 0.550782818 -1.809083634 -0.468659026 1.233717677
970.400000000 -0.608932945 -1.699185680 6.140866684 0.162249343 -0.811041076 -0.205522198 0.523113898 -2.024060869 -0.615030305 1.461070666
970.500000000 -0.664687318 -1.623060177 5.863566985 -0.158253203 0.827976308 0.213006252 -0.494003536 -2.222910860 -0.773500488 1.731779278
970.600000000 -0.698499076 -1.544706322 5.560596801 -0.152822878 0.844635658 0.218287751 -0.464312644 -2.407026925 -0.944253678 2.041232942
970.700000000 -0.767248307 -1.470662550 5.214226926 -0.146245222 0.860701925 0.222421666 -0.433973655 -2.543421174 -1.112204621 2.376230030
970.800000000 -0.736225039 -1.388330793 4.927877890 -0.136072693 0.877498059 0.223832068 -0.401722024 -2.631574123 -1.258955127 2.745478191
970.900000000 -0.795920336 -1.311857690 4.502944468 -0.126024554 0.891120593 0.224815732 -0.373469927 -2.692566283 -1.402488608 3.106773871
971.000000000 -0.830681678 -1.218437973 3.999701971 -0.115961173 0.903448472 0.225490809 -0.345670015 -2.705291043 -1.539272947 3.478941745
971.100000000 -0.857433989 -1.142232011 3.525638238 -0.107084764 0.914617764 0.226659573 -0.317226477 -2.668955750 -1.699695615 3.879761443
971.200000000 -0.875127668 -1.070121397 3.028699373 -0.098459444 0.925875075 0.221700124 -0.289672467 -2.598822397 -1.807010666 4.304659579
971.300000000 -0.908817090 -0.995385880 2.464099119 -0.093181650 0.935368206 0.218235785 -0.262253012 -2.475299009 -1.925272401 4.673853149
971.400000000 -0.936620237 -0.914487032 1.857987767 -0.088629336 0.944748660 0.212645489 -0.233188134 -2.290753929 -2.007919711 5.014220331
971.500000000 -0.969955762 -0.859626994 1.287130817 -0.083979928 0.954045223 0.199332394 -0.207392578 -2.118694219 -1.995016449 5.347887406
971.600000000 -0.996510217 -0.802645422 0.661807607 -0.081606524 0.962391178 0.184792968 -0.181645683 -1.918921676 -1.958355852 5.662725872
971.700000000 -1.011954724 -0.762565206 0.025198427 -0.079109699 0.969096218 0.173924238 -0.156027355 -1.689799659 -1.944625933 5.901077059
971.800000000 -1.024214936 -0.728607874 -0.644618744 -0.076977971 0.974473330 0.165481368 -0.130736521 -1.445288109 -1.946684874 6.086952451
971.900000000 -1.042166549 -0.702104836 -1.312725753 -0.075840992 0.978651962 0.159481901 -0.105138025 -1.180085927 -1.963131113 6.203401512
972.000000000 -1.046548369 -0.685270457 -2.039358992 -0.075690013 0.982629543 0.151070692 -0.076732322 -0.875757987 -1.929650020 6.278731101
972.100000000 -1.038222478 -0.679228887 -2.670457851 -0.074338205 0.985817460 0.141828895 -0.050222813 -0.589699010 -1.878522876 6.320984649
972.200000000 -1.031725125 -0.680536303 -3.304360362 -0.072626429 0.988054330 0.133862065 -0.023558247 -0.285177978 -1.818839189 6.292171489
972.300000000 -1.011923550 -0.688321965 -3.966232925 -0.071216325 0.989405496 0.126437422 0.004310275 0.008027744 -1.750357655 6.221246345
972.400000000 -0.985416143 -0.705595271 -4.630029185 -0.069634518 0.989952440 0.118909666 0.031712642 0.295213576 -1.675042083 6.103238788
972.500000000 -0.955596645 -0.737812612 -5.281925172 -0.069777470 0.989990896 0.107081747 0.059855067 0.605834484 -1.533342121 5.900885909
972.600000000 -0.956127317 -0.769726394 -5.900903648 -0.072663938 0.988559113 0.095507159 0.091374041 0.931827616 -1.384299346 5.629131670
972.700000000 -0.895197034 -0.791662725 -6.463934259 -0.074670401 0.986316355 0.084889550 0.119992260 1.184937284 -1.245715544 5.293100565
972.800000000 -0.835535742 -0.827437539 -7.058155038 -0.076402365 0.983156171 0.075529343 0.147857838 1.382932081 -1.123295762 4.920590817
972.900000000 -0.865897380 -0.896107402 -7.505011796 -0.078360863 0.978968660 0.063231103 0.177431014 1.547884299 -0.972873249 4.524470497
973.000000000 -0.840073302 -0.945967636 -7.955960249 -0.081354039 0.973898610 0.042458907 0.207606019 1.670907167 -0.758087387 4.172232973
973.100000000 -0.805972861 -0.994869155 -8.388234162 -0.085537711 0.967579694 0.021261687 0.236687083 1.747897721 -0.569295560 3.865077039
973.200000000 -0.771276035 -1.051817126 -8.814821679 -0.090637594 0.958922659 0.002380668 0.268787077 1.834346606 -0.404255728 3.604415364
973.300000000 -0.743642296 -1.106054175 -9.138681024 -0.097351561 0.949471648 -0.006497149 0.298301944 1.895552382 -0.310261994 3.411208704
973.400000000 -0.688377144 -1.142994894 -9.507631370 -0.104265329 0.939118853 -0.011358835 0.327193366 1.955317700 -0.247891281 3.236877653
973.500000000 -0.625941422 -1.199748402 -9.852616289 -0.110659091 0.927362693 -0.015778871 0.357077062 2.020251702 -0.184381958 3.045997791
973.600000000 -0.539000784 -1.250705089 -10.262162184 -0.117097595 0.914540019 -0.020766630 0.386617969 2.067939336 -0.114151155 2.846640734
973.700000000 -0.466366226 -1.292537278 -10.638671290 -0.125512627 0.901013926 -0.027330269 0.414335059 2.076328803 -0.030052794 2.629870745
973.800000000 -0.403947434 -1.337154572 -10.974295739 -0.134582388 0.885141636 -0.038213524 0.443792284 2.047334848 0.073387474 2.384016119
973.900000000 -0.343918470 -1.377155518 -11.230619191 -0.141536813 0.869697565 -0.048541548 0.470358581 1.941019071 0.152047833 2.121863807
974.000000000 -0.257874482 -1.403317159 -11.515364892 -0.148871397 0.853257564 -0.057487611 0.496471560 1.767126006 0.206111793 1.851630727
974.100000000 -0.189622952 -1.420596605 -11.740347804 -0.157618775 0.834417709 -0.066468631 0.523913476 1.546178271 0.234573395 1.594206012
974.200000000 -0.120781352 -1.443527726 -11.927359959 -0.166128833 0.813843831 -0.075837134 0.551641331 1.300350885 0.251716295 1.388074827
974.300000000 -0.035193787 -1.456522985 -12.095702427 -0.174390485 0.792101885 -0.083641819 0.578935755 1.028595200 0.244480285 1.208274814
974.400000000 0.062397486 -1.461153318 -12.225810831 -0.183635317 0.767264175 -0.090645351 0.607755853 0.726097793 0.207919193 1.053405426
974.500000000 0.145122986 -1.458969956 -12.305113605 -0.191318902 0.744393366 -0.093606696 0.632861265 0.398798015 0.151349876 0.956913422
974.600000000 0.238673251 -1.445102613 -12.339338500 -0.198981619 0.720645368 -0.095783518 0.657192579 0.049517258 0.076992257 0.900689535
974.700000000 0.324830506 -1.426287512 -12.339731979 -0.206254516 0.695333486 -0.096810180 0.681614413 -0.314208022 -0.015532749 0.889947414
974.800000000 0.405381129 -1.403784347 -12.294477611 -0.213123580 0.669322724 -0.096786028 0.705136792 -0.677388651 -0.120655712 0.933339009
974.900000000 0.491955474 -1.362029652 -12.207523719 -0.220576310 0.642328463 -0.097217368 0.727536268 -1.024941775 -0.244339492 1.018037358
975.000000000 0.599853452 -1.300553478 -12.061626277 -0.225992840 0.612543689 -0.096115122 0.751318407 -1.356530478 -0.382592775 1.159621746
975.100000000 0.668708574 -1.253693288 -11.885444609 -0.228796712 0.585451481 -0.092929589 0.772180497 -1.667233910 -0.522421711 1.340893975
975.200000000 0.759150309 -1.190294732 -11.669217285 -0.230170878 0.557707145 -0.088332673 0.792578984 -1.889673033 -0.631986847 1.501609364
975.300000000 0.846896893 -1.120100357 -11.416472239 -0.232517720 0.527965004 -0.081933942 0.812696311 -2.028479514 -0.719525775 1.626826409
975.400000000 0.907630901 -1.061110232 -11.113502371 -0.235501668 0.498006978 -0.073694933 0.831322483 -2.135904725 -0.801327958 1.729734988
975.500000000 0.989425893 -0.987627195 -10.764632943 -0.238544118 0.467992138 -0.063757714 0.848536986 -2.234556169 -0.877355646 1.832486109
975.600000000 1.000983338 -0.934260049 -10.485538910 -0.241874211 0.435414748 -0.053172612 0.865496122 -2.341301074 -0.980339162 2.027232076
975.700000000 0.980200171 -0.883453128 -10.256557139 -0.241843645 0.406841506 -0.043431401 0.879832571 -2.474121615 -1.094390086 2.290551832
975.800000000 0.974423046 -0.830475768 -9.937120492 -0.243154174 0.378080232 -0.034803735 0.892591780 -2.572059084 -1.239134357 2.619586686
975.900000000 0.943172692 -0.775723253 -9.578942393 -0.244396148 0.348909778 -0.024386122 0.904399141 -2.635022891 -1.402508795 3.002951480
976.000000000 0.975938360 -0.702927896 -9.096581588 -0.245028780 0.319844943 -0.016328038 0.915092074 -2.663254925 -1.607265036 3.477495767
976.100000000 1.029386428 -0.620268270 -8.527355789 -0.240268494 0.292140067 -0.008259235 0.925665715 -2.636688358 -1.789239932 4.032000994
976.200000000 1.066264665 -0.558463007 -7.937625042 -0.227571487 0.264812050 0.002728328 0.937058351 -2.531142222 -1.851920483 4.538381919
976.300000000 1.083892796 -0.514318510 -7.422971205 -0.218487583 0.240161308 0.008759812 0.945784853 -2.389622571 -1.936859310 4.968203556
976.400000000 1.126051526 -0.457136425 -6.825849014 -0.209589832 0.214312363 0.011400059 0.953945676 -2.194574169 -2.020827684 5.402152145
976.500000000 1.183070886 -0.407895577 -6.179072549 -0.197655680 0.187517566 0.014724713 0.962056431 -1.952532976 -2.054944173 5.849202068
976.600000000 1.209106236 -0.376112273 -5.581350838 -0.190898748 0.159540789 0.016184295 0.968422673 -1.652532634 -2.144602615 6.269782613
