961.800000000 -0.007988709 -0.057658259 -0.008606481 -0.000522616 0.000224941 -0.001793866 0.999998229 -0.045955591 -0.607099363 -0.062278941
961.900000000 -0.010550457 -0.113444105 -0.010136531 -0.001144650 0.000373991 -0.002712456 0.999995596 -0.032561601 -0.592319393 -0.050900089
962.000000000 -0.013947642 -0.171647720 -0.010242047 -0.003418193 0.000171133 -0.003904694 0.999986520 -0.018940052 -0.577398743 -0.041368911
962.100000000 -0.015552614 -0.229209299 -0.012888641 -0.005444182 0.000274302 -0.004366335 0.999975610 -0.006184972 -0.562522633 -0.031440374
962.200000000 -0.012991678 -0.281500619 -0.013678281 -0.006753228 0.000443135 -0.006793976 0.999954019 0.008751909 -0.547835628 -0.020760509
962.300000000 -0.014022614 -0.336638963 -0.018314188 -0.006347351 0.000378904 -0.005991227 0.999961836 0.018779027 -0.534582307 -0.012650372
962.400000000 -0.023996372 -0.397531418 -0.027523812 -0.005467607 0.000731725 -0.006987953 0.999960368 0.025948136 -0.522597946 -0.010953610
962.500000000 -0.010443327 -0.445516769 -0.020240438 -0.006866605 0.001157731 -0.006098600 0.999957157 0.028808139 -0.509975618 -0.015348105
962.600000000 -0.005360272 -0.489052742 -0.015533018 -0.007414783 0.001452765 -0.006988275 0.999947036 0.028620413 -0.501011269 -0.028747535
962.700000000 -0.001240330 -0.541162591 -0.016248952 -0.008976275 0.001525776 -0.006028870 0.999940374 0.030554839 -0.492773374 -0.037257108
962.800000000 0.002824582 -0.588552210 -0.016883392 -0.009699624 0.001874601 -0.007024077 0.999926530 0.033586261 -0.487420760 -0.042085206
962.900000000 -0.000936739 -0.640113434 -0.034678571 -0.010359328 0.002219505 -0.006195234 0.999924686 0.027193161 -0.491164272 -0.060302161
963.000000000 0.002051716 -0.688476616 -0.040494231 -0.009492182 0.002815926 -0.007725466 0.999921140 0.021667748 -0.497684109 -0.072487924
963.100000000 0.003520935 -0.734777195 -0.046231373 -0.009023526 0.003026016 -0.008642696 0.999917358 0.018152270 -0.495110488 -0.072708584
963.200000000 0.009019279 -0.782218216 -0.046470966 -0.009132335 0.002931381 -0.008209554 0.999920302 0.013212123 -0.482585804 -0.064570878
963.300000000 0.004576793 -0.840023481 -0.058007559 -0.009504607 0.002820828 -0.008832939 0.999911838 0.009761112 -0.451410522 -0.050988893
963.400000000 0.002510562 -0.895969396 -0.069488208 -0.009600678 0.002964654 -0.008639903 0.999912191 0.004411701 -0.406225628 -0.035077534
963.500000000 0.004732743 -0.934167984 -0.067355190 -0.012651355 0.003010881 -0.008230956 0.999881558 -0.000600989 -0.348340798 -0.015937086
963.600000000 0.001838639 -0.977655906 -0.067726009 -0.044290085 0.003703719 -0.010116311 0.998960625 -0.003242770 -0.284144512 -0.008037993
963.700000000 0.002442246 -0.986941791 -0.061021328 -0.050664794 0.003632414 -0.010864617 0.998650011 -0.002245011 -0.216095592 0.027353787
963.800000000 0.002526068 -0.998813521 -0.059027720 -0.037852841 0.003251746 -0.012303284 0.999202291 0.002310696 -0.148732709 0.070769682
963.900000000 0.001721547 -1.006208938 -0.047480082 -0.021351439 0.004276775 -0.012406152 0.999685907 0.005188443 -0.088479838 0.102511949
964.000000000 0.001470960 -1.014399120 -0.032363289 -0.012566589 0.005688701 -0.010438048 0.999850372 0.007026319 -0.043982054 0.117594451
964.100000000 -0.002038578 -1.019590586 -0.020931783 -0.009722349 0.006781949 -0.010178287 0.999877934 0.006839752 -0.017972130 0.115836305
964.200000000 0.005766001 -1.013060702 0.004929113 -0.008023503 0.007747713 -0.010502213 0.999882643 0.006355713 0.000524252 0.108682954
964.300000000 0.005766001 -1.013060702 0.004929113 -0.008023503 0.007747713 -0.010502213 0.999882643 -0.019498728 0.016227814 0.063235211
964.400000000 0.010465577 -1.000258140 0.030156484 -0.007193220 0.008007479 -0.011019706 0.999881345 -0.048711212 0.029709948 0.022098698
964.500000000 0.004486007 -1.006036035 0.017380485 -0.007006236 0.008141696 -0.011391863 0.999877418 -0.066950695 0.046628173 0.003450041
964.600000000 0.004236501 -1.005103040 0.017854463 -0.006806390 0.008195970 -0.011420484 0.999878028 -0.088506586 0.054557592 -0.018239473
964.700000000 -0.015948135 -0.995612847 -0.001234724 -0.005623014 0.008349078 -0.012031820 0.999876947 -0.113611574 0.057333060 -0.041720775
964.800000000 -0.056280129 -0.995334011 -0.029617756 -0.006128314 0.008299718 -0.011756468 0.999877664 -0.126605218 0.055615945 -0.056647708
964.900000000 -0.053486005 -0.977297831 0.000242937 -0.007362358 0.008163291 -0.010916287 0.999879988 -0.126195441 0.060462026 -0.057520966
965.000000000 -0.051558815 -0.962554231 0.010153835 -0.008067067 0.008074987 -0.011150023 0.999872689 -0.110556344 0.057915855 -0.048690709
965.100000000 -0.081406271 -0.965102230 -0.016846877 -0.008462552 0.007900837 -0.010596525 0.999876830 -0.090222518 0.043460122 -0.048069010
965.200000000 -0.088522772 -0.962992351 -0.023750706 -0.008953228 0.007815700 -0.010284913 0.999876480 -0.067793967 0.026429642 -0.055266824
965.300000000 -0.084924534 -0.953943377 -0.013908890 -0.008828087 0.007810549 -0.010190041 0.999878604 -0.063690817 0.008374871 -0.086211283
965.400000000 -0.084598150 -0.956737378 -0.028937310 -0.007893769 0.007674603 -0.010468129 0.999884597 -0.057262979 -0.005988541 -0.101312421
965.500000000 -0.084598150 -0.956737378 -0.028937310 -0.007893769 0.007674603 -0.010468129 0.999884597 -0.020452198 0.015881440 -0.007683902
965.600000000 -0.108423313 -0.968541443 -0.075726812 -0.007836093 0.008155377 -0.010041077 0.999885625 0.012727783 0.043847154 0.105216950
965.700000000 -0.108423313 -0.968541443 -0.075726812 -0.007836093 0.008155377 -0.010041077 0.999885625 0.028755871 0.063313583 0.185777937
965.800000000 -0.108423313 -0.968541443 -0.075726812 -0.007836093 0.008155377 -0.010041077 0.999885625 0.045327022 0.069870352 0.253683026
965.900000000 -0.084965271 -0.963296316 -0.046547340 -0.007913663 0.008399182 -0.009776854 0.999885614 0.054543854 0.073458001 0.292753702
966.000000000 -0.056299198 -0.901899905 0.134177227 -0.008334150 0.008617239 -0.010309511 0.999874992 0.050893652 0.064298334 0.304547253
966.100000000 -0.056299198 -0.901899905 0.134177227 -0.008334150 0.008617239 -0.010309511 0.999874992 0.030370112 0.043945390 0.265050895
966.200000000 -0.063404411 -0.903811146 0.129704668 -0.008033660 0.008554110 -0.010631240 0.999874624 0.000930942 0.022832564 0.193395599
966.300000000 -0.050643648 -0.917384787 0.147132224 -0.007995569 0.008482667 -0.010448874 0.999877461 -0.029867464 -0.002497264 0.097512026
966.400000000 -0.075563291 -0.929903329 0.136169442 -0.008499800 0.008419666 -0.009895451 0.999879464 -0.052190085 -0.002013209 -0.009016105
966.500000000 -0.097411128 -0.937501481 0.100598700 -0.008688062 0.008388982 -0.009755651 0.999879478 -0.019788504 0.075381812 0.019446498
966.600000000 -0.097531458 -0.930622278 0.110701395 -0.009170392 0.008517391 -0.010033694 0.999871333 0.028854564 0.138637240 0.080637494
966.700000000 -0.100131126 -0.927129279 0.107863942 -0.010508014 0.008882128 -0.009512551 0.999860091 0.071453796 0.185934822 0.134683993
966.800000000 -0.100131126 -0.927129279 0.107863942 -0.010508014 0.008882128 -0.009512551 0.999860091 0.111091423 0.188231742 0.184038896
966.900000000 -0.058668370 -0.774427902 0.167475412 -0.010305655 0.008583806 -0.009814174 0.999861887 0.168300003 0.148517573 0.171037026
967.000000000 0.000563852 -0.788431674 0.237898251 -0.010265249 0.008500013 -0.010514248 0.999855902 0.192955714 0.095455232 0.137723267
967.100000000 0.000563852 -0.788431674 0.237898251 -0.010265249 0.008500013 -0.010514248 0.999855902 0.189819434 0.031655213 0.079006808
967.200000000 0.010087926 -0.789505859 0.257888429 -0.010515483 0.008413825 -0.010574775 0.999853392 0.164931837 -0.035106605 0.022964203
967.300000000 0.053642414 -0.880406562 0.173092758 -0.010804173 0.008578881 -0.010494342 0.999849759 0.115116741 -0.142363998 -0.058780629
967.400000000 0.053642414 -0.880406562 0.173092758 -0.010804173 0.008578881 -0.010494342 0.999849759 0.058721093 -0.231687865 -0.192886650
967.500000000 0.045665221 -0.883104443 0.160214721 -0.011454720 0.008698152 -0.010203223 0.999844501 0.014850240 -0.255434268 -0.295566310
967.600000000 0.045665221 -0.883104443 0.160214721 -0.011454720 0.008698152 -0.010203223 0.999844501 -0.013762228 -0.253094790 -0.340986654
967.700000000 0.019478596 -0.902707707 0.216506271 -0.011430690 0.008712259 -0.009926676 0.999847437 -0.038605358 -0.223394515 -0.340298392
967.800000000 0.035615041 -1.005169621 0.055453419 -0.011377075 0.008671758 -0.010046879 0.999847200 -0.061435876 -0.199161452 -0.312016354
967.900000000 -0.016871445 -1.026242948 -0.061118914 -0.011445625 0.008577956 -0.009961534 0.999848081 -0.052242645 -0.179834062 -0.295490123
968.000000000 0.001701991 -1.018256253 -0.032833557 -0.011157873 0.008495778 -0.010147742 0.999850162 -0.037769004 -0.141753630 -0.250450149
968.100000000 0.001701991 -1.018256253 -0.032833557 -0.011157873 0.008495778 -0.010147742 0.999850162 -0.022273723 -0.082371392 -0.167092629
968.200000000 0.001701991 -1.018256253 -0.032833557 -0.011157873 0.008495778 -0.010147742 0.999850162 0.004664986 -0.009846597 -0.030219221
968.300000000 0.001701991 -1.018256253 -0.032833557 -0.011157873 0.008495778 -0.010147742 0.999850162 0.030136942 0.027156099 0.089755359
968.400000000 0.011421379 -1.016143594 -0.029283355 -0.010980826 0.008544365 -0.010297402 0.999850178 0.036275462 0.024655591 0.117557675
968.500000000 0.008556692 -1.000948679 0.013685352 -0.010939781 0.008579767 -0.010128838 0.999852047 0.027644652 0.015882744 0.103482820
968.600000000 0.008556692 -1.000948679 0.013685352 -0.010939781 0.008579767 -0.010128838 0.999852047 0.016169933 0.002495835 0.075168720
968.700000000 0.037885670 -0.993713217 0.064231277 -0.010772942 0.008593717 -0.010452858 0.999850404 -0.000311111 -0.020185908 0.019926308
968.800000000 0.030063076 -1.000425649 0.049822056 -0.010757875 0.008619435 -0.010545176 0.999849375 -0.016139357 -0.039790713 -0.034052224
968.900000000 0.014417890 -1.013850514 0.021003614 -0.010727740 0.008670870 -0.010729812 0.999847290 -0.035404018 -0.059371766 -0.091731474
969.000000000 0.014417890 -1.013850514 0.021003614 -0.010727740 0.008670870 -0.010729812 0.999847290 -0.059103893 -0.076038307 -0.143203582
969.100000000 -0.004063903 -1.043124326 -0.042245614 -0.010980497 0.008774999 -0.010677256 0.999844200 -0.073728311 -0.078707303 -0.161896139
969.200000000 -0.004063903 -1.043124326 -0.042245614 -0.010980497 0.008774999 -0.010677256 0.999844200 -0.069697904 -0.066777382 -0.135138050
969.300000000 -0.004063903 -1.043124326 -0.042245614 -0.010980497 0.008774999 -0.010677256 0.999844200 -0.065503527 -0.042965280 -0.085156494
969.400000000 -0.034469481 -1.059851114 -0.068627816 -0.010699865 0.008896836 -0.010935549 0.999843374 -0.080008084 -0.015641063 -0.030610292
969.500000000 -0.028953997 -1.059329844 -0.061568789 -0.012635466 0.008243736 -0.005911209 0.999868713 -0.113812481 0.027159795 0.041913052
969.600000000 -0.028185510 -1.050841040 -0.046854402 -0.071911980 0.005898335 -0.024970414 0.997080917 -0.191102839 0.056363647 0.119235435
969.700000000 -0.037973440 -1.044688951 -0.041972174 -0.101587818 -0.007210649 -0.100199483 0.989741373 -0.320513963 0.046033823 0.199111424
969.800000000 -0.056651846 -1.033868182 -0.018060704 -0.087792954 -0.031360775 -0.159909678 0.982719591 -0.488259165 0.026714200 0.275802332
969.900000000 -0.092245715 -1.002467431 0.024310551 -0.065397164 -0.060450137 -0.195669899 0.976617777 -0.705568933 -0.009012758 0.371324054
970.000000000 -0.167670171 -0.973315734 0.055250406 -0.056606862 -0.089327975 -0.217736830 0.970261227 -0.969092347 -0.076671026 0.507638600
970.100000000 -0.279784046 -0.932450994 0.073902443 -0.059074170 -0.118822935 -0.235348058 0.962809765 -1.248559416 -0.181625536 0.700442472
970.200000000 -0.416960214 -0.868455067 0.089721964 -0.066434977 -0.151951397 -0.247883598 0.954489858 -1.525547809 -0.317204091 0.935561125
970.300000000 -0.607863847 -0.801167870 0.149623573 -0.073543587 -0.182254820 -0.255722189 0.946562562 -1.790883684 -0.465742497 1.167796163
970.400000000 -0.813612066 -0.728310326 0.190487449 -0.080349657 -0.213502439 -0.260506337 0.938134899 -2.038420736 -0.628195666 1.445179274
970.500000000 -1.096428338 -0.637783487 0.279850354 -0.088414492 -0.246068791 -0.261234790 0.929187501 -2.234962208 -0.782294645 1.726202026
970.600000000 -1.400071819 -0.548089396 0.331004279 -0.095902744 -0.278730617 -0.259378668 0.919692673 -2.403553159 -0.941849403 2.033793679
970.700000000 -1.717439424 -0.459901375 0.329666182 -0.103343685 -0.311353039 -0.255889782 0.909340303 -2.513252653 -1.090744547 2.359407694
970.800000000 -2.146594244 -0.352983151 0.364957082 -0.111369011 -0.345614995 -0.247835029 0.898178722 -2.578602846 -1.216102045 2.692485268
970.900000000 -2.501795779 -0.268338747 0.382923423 -0.118974620 -0.374803840 -0.239826001 0.887609492 -2.643439226 -1.350913858 3.019502561
971.000000000 -2.919361282 -0.175114285 0.388610591 -0.126328611 -0.402751641 -0.231643129 0.876455167 -2.672544609 -1.490876976 3.381366574
971.100000000 -3.400733018 -0.082011962 0.413709661 -0.133128580 -0.430403594 -0.224651592 0.864037725 -2.647400915 -1.650853553 3.778712351
971.200000000 -3.836240003 -0.005565200 0.429002340 -0.135440831 -0.457334172 -0.213557150 0.852581128 -2.586165860 -1.763227538 4.203146274
971.300000000 -4.389519949 0.088694814 0.450862386 -0.136380786 -0.483111772 -0.205938976 0.839995497 -2.473413363 -1.888533706 4.588511684
971.400000000 -5.029678445 0.189474594 0.464863891 -0.135255566 -0.509949224 -0.197268680 0.826282511 -2.302827378 -1.988100026 4.976054917
971.500000000 -5.618617907 0.266271817 0.485277510 -0.128815429 -0.534201535 -0.183233329 0.815144682 -2.138003907 -1.973033517 5.307562319
971.600000000 -6.234547062 0.333171952 0.507305980 -0.119864018 -0.557815351 -0.169973076 0.803482299 -1.937896943 -1.929823612 5.601461722
971.700000000 -6.877491211 0.396585622 0.532416580 -0.113530696 -0.580275451 -0.159260744 0.790586616 -1.700626867 -1.903080078 5.798964001
971.800000000 -7.492324710 0.442300834 0.532395895 -0.108608933 -0.601649201 -0.150565512 0.776886327 -1.448977381 -1.894323977 5.937204203
971.900000000 -8.157022357 0.486668299 0.541103754 -0.104656166 -0.622505171 -0.144314545 0.762041804 -1.187000144 -1.910374204 6.053609652
972.000000000 -8.846407762 0.519889268 0.537941125 -0.098217377 -0.645184841 -0.136946680 0.745208343 -0.889258235 -1.880324249 6.143102964
972.100000000 -9.455983650 0.540643466 0.533913915 -0.092053172 -0.665891572 -0.128246848 0.729155247 -0.610901342 -1.829968362 6.195855856
972.200000000 -10.078870538 0.554812507 0.525862159 -0.086999840 -0.686056791 -0.120209098 0.712254785 -0.322798982 -1.778260092 6.192081896
972.300000000 -10.763757762 0.560297861 0.510471615 -0.082047209 -0.706478069 -0.112738516 0.693863834 -0.030619168 -1.718018293 6.146380558
972.400000000 -11.412751843 0.556907981 0.494133459 -0.077120237 -0.725992625 -0.105115501 0.675231744 0.246630452 -1.653173557 6.079832356
972.500000000 -12.070282073 0.548805206 0.455838323 -0.067892108 -0.745632141 -0.095666077 0.655950741 0.545944705 -1.516357631 5.910688615
972.600000000 -12.674986764 0.527960435 0.430791164 -0.056756500 -0.766751986 -0.088230747 0.633313056 0.874501104 -1.368498522 5.657773026
972.700000000 -13.215311893 0.500581752 0.408957659 -0.046961048 -0.785234556 -0.080993816 0.612079532 1.132095159 -1.231189339 5.341423444
972.800000000 -13.822971307 0.485783885 0.346449091 -0.038229651 -0.802559910 -0.074505477 0.590664896 1.347886112 -1.112649537 5.011066581
972.900000000 -14.329689660 0.443679201 0.331665443 -0.027168377 -0.820301453 -0.066061604 0.567453320 1.557376524 -0.968227071 4.703500460
973.000000000 -14.777839354 0.398396345 0.327673373 -0.009324689 -0.837664712 -0.052378717 0.543587482 1.727338131 -0.748975759 4.404277697
973.100000000 -15.213382743 0.359670677 0.318930306 0.009683182 -0.853413896 -0.039320121 0.519658432 1.864547359 -0.554079043 4.084627633
973.200000000 -15.693643608 0.306977427 0.281193254 -0.027878879 0.869755179 0.028473849 -0.491871871 2.001550099 -0.394351977 3.705051060
973.300000000 -16.135551218 0.271781416 0.239417160 -0.040094656 0.884045360 0.025949859 -0.464954647 2.090775058 -0.319583386 3.376791380
973.400000000 -16.475596156 0.230574735 0.214972764 -0.049630205 0.897375385 0.026447524 -0.437669727 2.162845974 -0.271484819 3.103313864
973.500000000 -16.861123771 0.178286359 0.154768385 -0.058574148 0.910408703 0.026882878 -0.408659238 2.205151606 -0.228310942 2.794282612
973.600000000 -17.143827027 0.096498922 0.205238734 -0.067988484 0.922434771 0.026993457 -0.379160933 2.202950543 -0.182882625 2.474181520
973.700000000 -17.480689580 0.060903928 0.160453959 -0.079892261 0.932717383 0.027491074 -0.350570608 2.146563230 -0.125861721 2.182939348
973.800000000 -17.788972762 -0.005394910 0.149807966 -0.095463593 0.942491634 0.025397090 -0.319297995 2.062273677 -0.037622693 1.937040234
973.900000000 -18.068349286 -0.037651520 0.102963329 -0.109055645 0.950444230 0.022310252 -0.290284146 1.930365182 0.042593264 1.747018409
974.000000000 -18.275338651 -0.083671960 0.074492203 -0.121968040 0.957427894 0.020512375 -0.260834942 1.754268203 0.117180350 1.610539820
974.100000000 -18.491811598 -0.124296975 0.031513968 -0.136039900 0.963722100 0.019696983 -0.228790051 1.547185522 0.169673135 1.468544989
974.200000000 -18.699936570 -0.145614756 -0.048257363 -0.150301625 0.968976602 0.018474800 -0.195326517 1.299063100 0.203646236 1.318032815
974.300000000 -18.864255159 -0.166884070 -0.128181351 -0.163320160 0.973132673 0.018228439 -0.161267012 1.024527503 0.208266335 1.185851221
974.400000000 -19.009298690 -0.171768104 -0.245203543 -0.176638997 0.976252214 0.019259550 -0.123932844 0.733401767 0.195583186 1.075170821
974.500000000 -19.085708708 -0.175917938 -0.339260663 -0.185811536 0.978168354 0.022140686 -0.090391010 0.408470100 0.154135734 1.000309019
974.600000000 -19.126500384 -0.174079911 -0.424406056 -0.194431144 0.978938715 0.025616722 -0.056738936 0.054505440 0.082689155 0.939095589
974.700000000 -19.123238486 -0.165855328 -0.510268855 -0.202031997 0.978685540 0.029665029 -0.021855693 -0.314073844 -0.009900544 0.919209840
974.800000000 -19.075269910 -0.149134006 -0.593022290 -0.208610549 0.977314019 0.034225329 0.012945053 -0.676173008 -0.114199547 0.955743357
974.900000000 -18.986457299 -0.117249244 -0.690821467 -0.215935133 0.974467766 0.038952979 0.047615711 -1.031157032 -0.239389449 1.042480500
975.000000000 -18.841996839 -0.075501529 -0.791941084 -0.220897544 0.970587759 0.043334428 0.085356930 -1.358114223 -0.373355387 1.200103695
975.100000000 -18.669176305 -0.029142551 -0.891139239 -0.222349777 0.966480010 0.047387804 0.119295276 -1.662920675 -0.510192125 1.389501308
975.200000000 -18.455209695 0.024467931 -0.993450792 -0.221811480 0.961560696 0.051460770 0.153468189 -1.915946511 -0.638237237 1.590226513
975.300000000 -18.197784081 0.071269669 -1.077262555 -0.220761642 0.955125505 0.057557366 0.188909279 -2.085390405 -0.747672510 1.762667800
975.400000000 -17.889278555 0.123818736 -1.169204603 -0.218827064 0.947559532 0.065471649 0.223515353 -2.214532087 -0.855457610 1.922175618
975.500000000 -17.544014157 0.182848090 -1.269248440 -0.215695995 0.939002246 0.074686207 0.257239170 -2.312869102 -0.950902932 2.059054286
975.600000000 -17.143804004 0.238191786 -1.349911497 -0.212412909 0.928488913 0.084640617 0.292617602 -2.402061488 -1.063759590 2.247832635
975.700000000 -16.892146396 0.287583217 -1.326262047 -0.207116296 0.918771317 0.091627380 0.323367485 -2.515417348 -1.176282500 2.481804678
975.800000000 -16.561723681 0.331300241 -1.347268794 -0.203518514 0.907832789 0.098852490 0.353055274 -2.593318525 -1.306648232 2.753959084
975.900000000 -16.187943265 0.372698558 -1.351488487 -0.198597387 0.895977238 0.107342103 0.382441550 -2.643333237 -1.454000389 3.088014578
976.000000000 -15.745003405 0.425150468 -1.363302143 -0.194883000 0.883317413 0.113783634 0.410882281 -2.648469286 -1.625516295 3.479574302
976.100000000 -15.196339330 0.478485737 -1.406622598 -0.187300126 0.871298019 0.116383401 0.438421406 -2.603758376 -1.763922878 3.919628699
976.200000000 -14.644396203 0.527620226 -1.438440765 -0.172065823 0.859858793 0.115374740 0.466609985 -2.510027550 -1.810881459 4.375917670
976.300000000 -14.082323669 0.566019199 -1.478067337 -0.162697928 0.848441285 0.113476395 0.490713642 -2.382242957 -1.882540324 4.772344161
976.400000000 -13.496707552 0.601137321 -1.516231656 -0.155898689 0.835696295 0.109377647 0.515115358 -2.204868387 -1.954533522 5.173439897
976.500000000 -12.924678968 0.620694918 -1.547515034 -0.146515623 0.822136561 0.103638906 0.540262552 -1.984426012 -1.979303951 5.588206183
976.600000000 -12.339072494 0.631180467 -1.581864268 -0.142104181 0.806683156 0.100358871 0.564798003 -1.710302251 -2.058509639 5.978649604
