961.800000000 -0.554696000 -1.051466000 7.061944000 0.031204415 -0.705869392 0.041636554 0.706428399 -0.045955591 -0.607099363 -0.062278941
961.900000000 -0.547375102 -1.106828322 7.060400650 0.031407201 -0.705761341 0.040553077 0.706590380 -0.032561601 -0.592319393 -0.050900089
962.000000000 -0.541219119 -1.164758232 7.058067786 0.030651971 -0.705960408 0.038099342 0.706561249 -0.018940052 -0.577398743 -0.041368911
962.100000000 -0.532603948 -1.221752846 7.057512262 0.029542416 -0.705953510 0.036345525 0.706707783 -0.006184972 -0.562522633 -0.031440374
962.200000000 -0.526386634 -1.273623366 7.061027690 0.030324101 -0.705802077 0.033711098 0.706956461 0.008751909 -0.547835628 -0.020760509
962.300000000 -0.516045189 -1.327991051 7.060999591 0.030046949 -0.705859731 0.034562946 0.706869594 0.018779027 -0.534582307 -0.012650372
962.400000000 -0.500549786 -1.387769066 7.052130238 0.031356644 -0.705541261 0.034490867 0.707134124 0.025948136 -0.522597946 -0.010953610
962.500000000 -0.502817911 -1.435995448 7.066566240 0.029722237 -0.705325649 0.034143905 0.707436578 0.028808139 -0.509975618 -0.015348105
962.600000000 -0.502979715 -1.479684573 7.072449469 0.029950219 -0.705106901 0.033137096 0.707692854 0.028620413 -0.501011269 -0.028747535
962.700000000 -0.496855795 -1.531353772 7.077520406 0.028166769 -0.705147284 0.032714023 0.707745529 0.030554839 -0.492773374 -0.037257108
962.800000000 -0.491303399 -1.578338564 7.082450135 0.028343122 -0.704892301 0.031510478 0.708047033 0.033586261 -0.487420760 -0.042085206
962.900000000 -0.468243502 -1.627831614 7.079612029 0.027277062 -0.704701106 0.031640373 0.708273393 0.027193161 -0.491164272 -0.060302161
963.000000000 -0.457435919 -1.675265827 7.083477490 0.028943946 -0.704193514 0.031189944 0.708731917 0.021667748 -0.497684109 -0.072487924
963.100000000 -0.446919571 -1.720684904 7.085786357 0.029913317 -0.703994399 0.030879322 0.708903059 0.018152270 -0.495110488 -0.072708584
963.200000000 -0.441755672 -1.767735616 7.092150658 0.029534837 -0.704081146 0.031105630 0.708822878 0.013212123 -0.482585804 -0.064570878
963.300000000 -0.424271075 -1.824100671 7.088752622 0.029716621 -0.704150448 0.030398845 0.708777101 0.009761112 -0.451410522 -0.050988893
963.400000000 -0.407037211 -1.878579095 7.087696519 0.029506271 -0.704059139 0.030471706 0.708873461 0.004411701 -0.406225628 -0.035077534
963.500000000 -0.405190941 -1.916745452 7.090618919 0.027060282 -0.704149253 0.028606607 0.708959260 -0.000600989 -0.348340798 -0.015937086
963.600000000 -0.400300702 -1.960005039 7.088519776 0.005991007 -0.704321463 0.004917490 0.709838857 -0.003242770 -0.284144512 -0.008037993
963.700000000 -0.406004594 -1.969924759 7.089300501 0.002011350 -0.704405623 -0.000127483 0.709794799 -0.002245011 -0.216095592 0.027353787
963.800000000 -0.406753797 -1.981935851 7.089603532 0.012107861 -0.704466453 0.007914941 0.709589860 0.002310696 -0.148732709 0.070769682
963.900000000 -0.417469765 -1.990504670 7.088947219 0.023803722 -0.703367002 0.019545298 0.710159295 0.005188443 -0.088479838 0.102511949
964.000000000 -0.431653412 -2.000224569 7.088863259 0.028561681 -0.702165639 0.027187691 0.710920864 0.007026319 -0.043982054 0.117594451
964.100000000 -0.442480772 -2.006639161 7.085461968 0.030340347 -0.701297890 0.029413673 0.711614762 0.006839752 -0.017972130 0.115836305
964.200000000 -0.468886372 -2.002690253 7.093174763 0.031727104 -0.700535892 0.030413895 0.712262487 0.006355713 0.000524252 0.108682954
964.300000000 -0.468886372 -2.002690253 7.093174763 0.031727104 -0.700535892 0.030413895 0.712262487 -0.019498728 0.016227814 0.063235211
964.400000000 -0.495311267 -1.992494657 7.097667714 0.032667534 -0.700299923 0.030642503 0.712442199 -0.048711212 0.029709948 0.022098698
964.500000000 -0.481999302 -1.997022091 7.091780490 0.033056418 -0.700182997 0.030515616 0.712544624 -0.066950695 0.046628173 0.003450041
964.600000000 -0.482567471 -1.996148122 7.091514501 0.033215423 -0.700135587 0.030638179 0.712578556 -0.088506586 0.054557592 -0.018239473
964.700000000 -0.464551912 -1.985096553 7.071138466 0.034476080 -0.699956969 0.031046599 0.712676470 -0.113611574 0.057333060 -0.041720775
964.800000000 -0.436319717 -1.982607767 7.030776441 0.033926990 -0.700022542 0.030882808 0.712645531 -0.126605218 0.055615945 -0.056647708
964.900000000 -0.467895207 -1.967724096 7.033273771 0.032468290 -0.700199387 0.030600778 0.712551907 -0.126195441 0.060462026 -0.057520966
965.000000000 -0.479286078 -1.954057420 7.034942217 0.032139272 -0.700279996 0.029935159 0.712515881 -0.110556344 0.057915855 -0.048690709
965.100000000 -0.452143232 -1.954331512 7.005116185 0.031476846 -0.700439791 0.030041689 0.712383888 -0.090222518 0.043460122 -0.048069010
965.200000000 -0.445490422 -1.951646204 6.997954602 0.030913997 -0.700530342 0.029912699 0.712324922 -0.067793967 0.026429642 -0.055266824
965.300000000 -0.456222134 -1.943604615 7.001397827 0.030935671 -0.700532942 0.030067989 0.712314887 -0.063690817 0.008374871 -0.086211283
965.400000000 -0.440984996 -1.944815382 7.001758443 0.031797876 -0.700584320 0.030527433 0.712206839 -0.057262979 -0.005988541 -0.101312421
965.500000000 -0.440984996 -1.944815382 7.001758443 0.031797876 -0.700584320 0.030527433 0.712206839 -0.020452198 0.015881440 -0.007683902
965.600000000 -0.393203389 -1.952127354 6.978100781 0.031516311 -0.700255986 0.030884350 0.712526795 0.012727783 0.043847154 0.105216950
965.700000000 -0.393203389 -1.952127354 6.978100781 0.031516311 -0.700255986 0.030884350 0.712526795 0.028755871 0.063313583 0.185777937
965.800000000 -0.393203389 -1.952127354 6.978100781 0.031516311 -0.700255986 0.030884350 0.712526795 0.045327022 0.069870352 0.253683026
965.900000000 -0.422788437 -1.949514491 7.001491604 0.031264426 -0.700095175 0.031023560 0.712689849 0.054543854 0.073458001 0.292753702
966.000000000 -0.608937253 -1.906716191 7.029232471 0.031333820 -0.699935732 0.030356671 0.712872103 0.050893652 0.064298334 0.304547253
966.100000000 -0.608937253 -1.906716191 7.029232471 0.031333820 -0.699935732 0.030356671 0.712872103 0.030370112 0.043945390 0.265050895
966.200000000 -0.604284695 -1.908281995 7.022158389 0.031775900 -0.699957299 0.030339708 0.712832080 0.000930942 0.022832564 0.193395599
966.300000000 -0.620217422 -1.923357374 7.035184579 0.031677214 -0.700013633 0.030493342 0.712774595 -0.029867464 -0.002497264 0.097512026
966.400000000 -0.607993447 -1.935122765 7.010485691 0.030933173 -0.700098132 0.030526316 0.712722870 -0.052190085 -0.002013209 -0.009016105
966.500000000 -0.571808485 -1.939381915 6.988740675 0.030702848 -0.700132193 0.030491185 0.712700873 -0.019788504 0.075381812 0.019446498
966.600000000 -0.582571253 -1.933593127 6.988505907 0.030552750 -0.700048202 0.029957824 0.712812439 0.028854564 0.138637240 0.080637494
966.700000000 -0.580110095 -1.929872337 6.985839660 0.029224071 -0.699856367 0.029391971 0.713080031 0.071453796 0.185934822 0.134683993
966.800000000 -0.580110095 -1.929872337 6.985839660 0.029224071 -0.699856367 0.029391971 0.713080031 0.111091423 0.188231742 0.184038896
966.900000000 -0.655299820 -1.783459241 7.024570897 0.029592899 -0.700050405 0.029312883 0.712877581 0.168300003 0.148517573 0.171037026
967.000000000 -0.723932855 -1.803619096 7.084127800 0.030119171 -0.700082380 0.028844237 0.712843256 0.192955714 0.095455232 0.137723267
967.100000000 -0.723932855 -1.803619096 7.084127800 0.030119171 -0.700082380 0.028844237 0.712843256 0.189819434 0.031655213 0.079006808
967.200000000 -0.743710686 -1.806590301 7.093692236 0.029988850 -0.700150463 0.028622092 0.712790835 0.164931837 -0.035106605 0.022964203
967.300000000 -0.649962337 -1.887375265 7.138806243 0.029720942 -0.700046268 0.028479906 0.712910081 0.115116741 -0.142363998 -0.058780629
967.400000000 -0.649962337 -1.887375265 7.138806243 0.029720942 -0.700046268 0.028479906 0.712910081 0.058721093 -0.231687865 -0.192886650
967.500000000 -0.636867377 -1.888865822 7.130865318 0.029050673 -0.699995301 0.028229550 0.712997707 0.014850240 -0.255434268 -0.295566310
967.600000000 -0.636867377 -1.888865822 7.130865318 0.029050673 -0.699995301 0.028229550 0.712997707 -0.013762228 -0.253094790 -0.340986654
967.700000000 -0.690796370 -1.914688251 7.105104267 0.028871862 -0.699994756 0.028442362 0.712997047 -0.038605358 -0.223394515 -0.340298392
967.800000000 -0.519980686 -1.999547312 7.122930986 0.028996339 -0.700017226 0.028394095 0.712971859 -0.061435876 -0.199161452 -0.312016354
967.900000000 -0.401808233 -2.009349749 7.070708303 0.028891757 -0.700089642 0.028403158 0.712904637 -0.052242645 -0.179834062 -0.295490123
968.000000000 -0.430785050 -2.004007077 7.089164229 0.029230054 -0.700131049 0.028472431 0.712847417 -0.037769004 -0.141753630 -0.250450149
968.100000000 -0.430785050 -2.004007077 7.089164229 0.029230054 -0.700131049 0.028472431 0.712847417 -0.022273723 -0.082371392 -0.167092629
968.200000000 -0.430785050 -2.004007077 7.089164229 0.029230054 -0.700131049 0.028472431 0.712847417 0.004664986 -0.009846597 -0.030219221
968.300000000 -0.430785050 -2.004007077 7.089164229 0.029230054 -0.700131049 0.028472431 0.712847417 0.030136942 0.027156099 0.089755359
968.400000000 -0.434543238 -2.002097306 7.098847336 0.029458648 -0.700084552 0.028493224 0.712882841 0.036275462 0.024655591 0.117557675
968.500000000 -0.478856051 -1.991504680 7.095753377 0.029367142 -0.700064205 0.028642395 0.712900619 0.027644652 0.015882744 0.103482820
968.600000000 -0.478856051 -1.991504680 7.095753377 0.029367142 -0.700064205 0.028642395 0.712900619 0.016169933 0.002495835 0.075168720
968.700000000 -0.529903327 -1.989025460 7.125001633 0.029713084 -0.700036152 0.028531729 0.712918269 -0.000311111 -0.020185908 0.019926308
968.800000000 -0.514868414 -1.994346218 7.117286951 0.029787762 -0.700013814 0.028477910 0.712939239 -0.016139357 -0.039790713 -0.034052224
968.900000000 -0.484798590 -2.004987735 7.101857590 0.029937119 -0.699969118 0.028370270 0.712981157 -0.035404018 -0.059371766 -0.091731474
969.000000000 -0.484798590 -2.004987735 7.101857590 0.029937119 -0.699969118 0.028370270 0.712981157 -0.059103893 -0.076038307 -0.143203582
969.100000000 -0.418835183 -2.027863779 7.083843339 0.029716921 -0.699905932 0.028231946 0.713057886 -0.073728311 -0.078707303 -0.161896139
969.200000000 -0.418835183 -2.027863779 7.083843339 0.029716921 -0.699905932 0.028231946 0.713057886 -0.069697904 -0.066777382 -0.135138050
969.300000000 -0.418835183 -2.027863779 7.083843339 0.029716921 -0.699905932 0.028231946 0.713057886 -0.065503527 -0.042965280 -0.085156494
969.400000000 -0.390833637 -2.042311996 7.053719136 0.030092171 -0.699799338 0.028251346 0.713145994 -0.080008084 -0.015641063 -0.030610292
969.500000000 -0.397912964 -2.042426261 7.059232050 0.025206827 -0.700514500 0.030414065 0.712544059 -0.113812481 0.027159795 0.041913052
969.600000000 -0.413430421 -2.035499816 7.059861680 -0.003178981 -0.702189236 -0.025089685 0.711541059 -0.191102839 0.056363647 0.119235435
969.700000000 -0.418917802 -2.030068476 7.049968393 0.029325602 -0.705267583 -0.099882682 0.701256797 -0.320513963 0.046033823 0.199111424
969.800000000 -0.443809537 -2.022134582 7.031122036 0.082058271 -0.714956989 -0.133344604 0.681411887 -0.488259165 0.026714200 0.275802332
969.900000000 -0.489186380 -1.995963295 6.995007499 0.124196160 -0.729137886 -0.143930755 0.657432274 -0.705568933 -0.009012758 0.371324054
970.000000000 -0.522928581 -1.971569343 6.919097397 0.147040985 -0.743993334 -0.154457931 0.633242146 -0.969092347 -0.076671026 0.507638600
970.100000000 -0.545637741 -1.934922103 6.806276210 0.158783447 -0.759133654 -0.169853233 0.607991604 -1.248559416 -0.181625536 0.700442472
970.200000000 -0.567913679 -1.875436983 6.667970968 0.163617362 -0.776592294 -0.185267039 0.579491063 -1.525547809 -0.317204091 0.935561125
970.300000000 -0.634332667 -1.818242693 6.475936341 0.165202714 -0.792464647 -0.197083267 0.553051564 -1.790883684 -0.465742497 1.167796163
970.400000000 -0.682384144 -1.753802448 6.268936539 0.164870771 -0.808729992 -0.206579179 0.525450732 -2.038420736 -0.628195666 1.445179274
970.500000000 -0.780447408 -1.678241276 5.984612803 -0.160827647 0.825737047 0.214162282 -0.496414459 -2.234962208 -0.782294645 1.726202026
970.600000000 -0.840405604 -1.599918791 5.679437901 -0.155354359 0.842478414 0.219539693 -0.466794889 -2.403553159 -0.941849403 2.033793679
970.700000000 -0.847988655 -1.517890390 5.360510083 -0.148733947 0.858633931 0.223766586 -0.436525487 -2.513252653 -1.090744547 2.359407694
970.800000000 -0.893860591 -1.423087817 4.929512344 -0.138523476 0.875539603 0.225266494 -0.404347198 -2.578602846 -1.216102045 2.692485268
970.900000000 -0.920245471 -1.347281449 4.572843271 -0.128440151 0.889261449 0.226322919 -0.376158396 -2.643439226 -1.350913858 3.019502561
971.000000000 -0.935260084 -1.262807918 4.153650144 -0.118340336 0.901688169 0.227066611 -0.348417516 -2.672544609 -1.490876976 3.381366574
971.100000000 -0.969518470 -1.181640383 3.670685396 -0.109421821 0.912954043 0.228306104 -0.320028286 -2.647400915 -1.650853553 3.778712351
971.200000000 -0.992328941 -1.115177295 3.233871193 -0.100773448 0.924319136 0.223416173 -0.292513351 -2.586165860 -1.763227538 4.203146274
971.300000000 -1.023429420 -1.033837548 2.678985514 -0.095464504 0.933908093 0.220026073 -0.265123989 -2.473413363 -1.888533706 4.588511684
971.400000000 -1.047322891 -0.946787301 2.037107907 -0.090882755 0.943392057 0.214515755 -0.236082065 -2.302827378 -1.988100026 4.976054917
971.500000000 -1.075141960 -0.883314972 1.446886269 -0.086232445 0.952801369 0.201274311 -0.210290674 -2.138003907 -1.973033517 5.307562319
971.600000000 -1.103517369 -0.830346080 0.829862170 -0.083859279 0.961257274 0.186810448 -0.184537072 -1.937896943 -1.929823612 5.601461722
971.700000000 -1.134574605 -0.781658723 0.185894777 -0.081348960 0.968063693 0.176012784 -0.158916745 -1.700626867 -1.903080078 5.798964001
971.800000000 -1.138819626 -0.747445233 -0.429671247 -0.079194632 0.973534776 0.167638074 -0.133625318 -1.448977381 -1.894323977 5.937204203
971.900000000 -1.151566543 -0.716391277 -1.095058674 -0.078024731 0.977800137 0.161707428 -0.108026573 -1.187000144 -1.910374204 6.053609652
972.000000000 -1.151329455 -0.695639759 -1.784939236 -0.077840408 0.981875344 0.153374111 -0.079611950 -0.889258235 -1.880324249 6.143102964
972.100000000 -1.148999912 -0.685735425 -2.394796757 -0.076460029 0.985160551 0.144200486 -0.053092114 -0.610901342 -1.829968362 6.195855856
972.200000000 -1.141972801 -0.682204813 -3.017847174 -0.074713528 0.987493054 0.136298998 -0.026418552 -0.322798982 -1.778260092 6.192081896
972.300000000 -1.126695345 -0.687681138 -3.702737002 -0.073262261 0.988941165 0.128941382 0.001460761 -0.030619168 -1.718018293 6.146380558
972.400000000 -1.109581431 -0.701228002 -4.351578539 -0.071638708 0.989584442 0.121477182 0.028875977 0.246630452 -1.653173557 6.079832356
972.500000000 -1.070132935 -0.717335984 -5.008893171 -0.071748711 0.989727068 0.109718197 0.057047088 0.545944705 -1.516357631 5.910688615
972.600000000 -1.042578245 -0.746525019 -5.613143423 -0.074590090 0.988401459 0.098224831 0.088604502 0.874501104 -1.368498522 5.657773026
972.700000000 -1.017591608 -0.781367582 -6.152901890 -0.076553629 0.986256856 0.087677096 0.117259039 1.132095159 -1.231189339 5.341423444
972.800000000 -0.953404385 -0.800704752 -6.760258734 -0.078238750 0.983190519 0.078382041 0.145159760 1.347886112 -1.112649537 5.011066581
972.900000000 -0.933925660 -0.850308842 -7.266139020 -0.080151981 0.979107819 0.066151359 0.174778537 1.557376524 -0.968227071 4.703500460
973.000000000 -0.924896017 -0.903123219 -7.713390324 -0.083119532 0.974161418 0.045449043 0.205024536 1.727338131 -0.748975759 4.404277697
973.100000000 -0.911832450 -0.948692676 -8.148162598 -0.087278240 0.967961266 0.024319405 0.234183822 1.864547359 -0.554079043 4.084627633
973.200000000 -0.868445135 -1.005956988 -8.627421924 -0.092334116 0.959423671 0.005510351 0.266364913 2.001550099 -0.394351977 3.705051060
973.300000000 -0.822889165 -1.044700325 -9.068658759 -0.098980762 0.950057861 -0.003299299 0.295942534 2.090775058 -0.319583386 3.376791380
973.400000000 -0.794026795 -1.089358162 -9.407920781 -0.105815476 0.939778749 -0.008095921 0.324889896 2.162845974 -0.271484819 3.103313864
973.500000000 -0.728410602 -1.142151993 -9.792495235 -0.112123265 0.928099238 -0.012453172 0.354831083 2.205151606 -0.228310942 2.794282612
973.600000000 -0.769885554 -1.233899676 -10.073599776 -0.118475556 0.915353494 -0.017381330 0.384433886 2.202950543 -0.182882625 2.474181520
973.700000000 -0.721378596 -1.270805273 -10.409805235 -0.126811202 0.901898211 -0.023886008 0.412223234 2.146563230 -0.125861721 2.182939348
973.800000000 -0.703657466 -1.341267954 -10.716836774 -0.135803650 0.886109965 -0.034709695 0.441771134 2.062273677 -0.037622693 1.937040234
973.900000000 -0.653494062 -1.373588017 -10.995629165 -0.142687023 0.870745868 -0.044989974 0.468420697 1.930365182 0.042593264 1.747018409
974.000000000 -0.620231491 -1.420179989 -11.201774436 -0.149945403 0.854380475 -0.053890677 0.494617201 1.754268203 0.117180350 1.610539820
974.100000000 -0.573093554 -1.460072665 -11.417516519 -0.158607743 0.835615537 -0.062824822 0.522152563 1.547185522 0.169673135 1.468544989
974.200000000 -0.491374672 -1.476789824 -11.625306023 -0.167028951 0.815118852 -0.072150433 0.549979001 1.299063100 0.203646236 1.318032815
974.300000000 -0.409543553 -1.492641463 -11.789297546 -0.175195643 0.793449893 -0.079916688 0.577370831 1.024527503 0.208266335 1.185851221
974.400000000 -0.292533010 -1.487991608 -11.934358171 -0.184332253 0.768685125 -0.086882596 0.606297134 0.733401767 0.195583186 1.075170821
974.500000000 -0.198493635 -1.483742363 -12.010784565 -0.191909977 0.745871468 -0.089815079 0.631489957 0.408470100 0.154135734 1.000309019
974.600000000 -0.113968075 -1.473813082 -12.051698086 -0.199464354 0.722176739 -0.091967021 0.655909137 0.054505440 0.082689155 0.939095589
974.700000000 -0.029427418 -1.456652364 -12.048682957 -0.206621759 0.696916660 -0.092973297 0.680419418 -0.314073844 -0.009900544 0.919209840
974.800000000 0.051102487 -1.430547512 -12.001120482 -0.213372852 0.670953786 -0.092933682 0.704028674 -0.676173008 -0.114199547 0.955743357
974.900000000 0.144988708 -1.387053133 -11.913014787 -0.220709074 0.644003989 -0.093352970 0.726520192 -1.031157032 -0.239389449 1.042480500
975.000000000 0.241108563 -1.332387711 -11.769454562 -0.225994928 0.614268870 -0.092247388 0.750393542 -1.358114223 -0.373355387 1.200103695
975.100000000 0.334815798 -1.272817571 -11.597621160 -0.228675772 0.587219802 -0.089066522 0.771328367 -1.662920675 -0.510192125 1.389501308
975.200000000 0.430833561 -1.204960091 -11.384784604 -0.229922556 0.559517535 -0.084480840 0.791794629 -1.915946511 -0.638237237 1.590226513
975.300000000 0.509124961 -1.145000635 -11.128351218 -0.232132876 0.529810162 -0.078096026 0.811983086 -2.085390405 -0.747672510 1.762667800
975.400000000 0.594865086 -1.077546547 -10.820960618 -0.234978202 0.499877000 -0.069873331 0.830678005 -2.214532087 -0.855457610 1.922175618
975.500000000 0.687960724 -1.002133932 -10.476944807 -0.237880524 0.469879070 -0.059955839 0.847957436 -2.312869102 -0.950902932 2.059054286
975.600000000 0.762120176 -0.931395080 -10.077903442 -0.241063084 0.437315712 -0.049396260 0.864987611 -2.402061488 -1.063759590 2.247832635
975.700000000 0.733267635 -0.880132665 -9.827164420 -0.240903146 0.408759410 -0.039686826 0.879378403 -2.515417348 -1.176282500 2.481804678
975.800000000 0.749357041 -0.828431521 -9.497619651 -0.242090547 0.380010090 -0.031091523 0.892198305 -2.593318525 -1.306648232 2.753959084
975.900000000 0.748957035 -0.779987303 -9.124663322 -0.243205714 0.350844996 -0.020709739 0.904062983 -2.643333237 -1.454000389 3.088014578
976.000000000 0.754906662 -0.718496766 -8.682769668 -0.243720850 0.321789435 -0.012691590 0.914817266 -2.648469286 -1.625516295 3.479574302
976.100000000 0.792017303 -0.650919519 -8.135220862 -0.238846669 0.294106562 -0.004674611 0.925435977 -2.603758376 -1.763922878 3.919628699
976.200000000 0.818121880 -0.588654862 -7.584303923 -0.226026864 0.266815277 0.006242243 0.936847106 -2.510027550 -1.810881459 4.375917670
976.300000000 0.853100199 -0.536069069 -7.023071769 -0.216846392 0.242196691 0.012212701 0.945605232 -2.382242957 -1.882540324 4.772344161
976.400000000 0.886946548 -0.486467019 -6.438238378 -0.207859757 0.216385795 0.014788306 0.953809632 -2.204868387 -1.954533522 5.173439897
976.500000000 0.915576936 -0.453302254 -5.866698134 -0.195832696 0.189634702 0.018037679 0.961957835 -1.984426012 -1.979303951 5.588206183
976.600000000 0.948188612 -0.428591896 -5.281419879 -0.188989096 0.161688629 0.019429185 0.968381338 -1.710302251 -2.058509639 5.978649604
