961.800000000 -0.633845965 -1.032821928 6.635560733 -0.005799655 -0.706878186 0.024411731 0.706890134 -0.045955591 -0.607099363 -0.062278941
961.900000000 -0.630787645 -1.088603739 6.635584094 -0.005593650 -0.706793344 0.023321722 0.707013420 -0.032561601 -0.592319393 -0.050900089
962.000000000 -0.629086276 -1.146877485 6.634885096 -0.006352066 -0.706997491 0.020872877 0.706879425 -0.018940052 -0.577398743 -0.041368911
962.100000000 -0.624864299 -1.204357610 6.635946218 -0.007460038 -0.706972737 0.019113266 0.706943124 -0.006184972 -0.562522633 -0.031440374
962.200000000 -0.622647298 -1.256433127 6.640925120 -0.006673007 -0.706888508 0.016470474 0.707101712 0.008751909 -0.547835628 -0.020760509
962.300000000 -0.616503670 -1.311412494 6.642447127 -0.006952111 -0.706923480 0.017325361 0.707043629 0.018779027 -0.534582307 -0.012650372
962.400000000 -0.605620872 -1.372426333 6.635301484 -0.005634889 -0.706656861 0.017240577 0.707323894 0.025948136 -0.522597946 -0.010953610
962.500000000 -0.611603647 -1.419914377 6.651062785 -0.007263406 -0.706384029 0.016877028 0.707590285 0.028808139 -0.509975618 -0.015348105
962.600000000 -0.615123904 -1.463280975 6.658156738 -0.007029404 -0.706188611 0.015858498 0.707811233 0.028620413 -0.501011269 -0.028747535
962.700000000 -0.612987247 -1.515105146 6.664684585 -0.008813062 -0.706166561 0.015431842 0.707822701 0.030554839 -0.492773374 -0.037257108
962.800000000 -0.611061117 -1.562220695 6.670938951 -0.008629615 -0.705935767 0.014214428 0.708080626 0.033586261 -0.487420760 -0.042085206
962.900000000 -0.591858023 -1.613394231 6.669565577 -0.009690796 -0.705702361 0.014331386 0.708297167 0.027193161 -0.491164272 -0.060302161
963.000000000 -0.584724808 -1.661389911 6.674788799 -0.008011613 -0.705266022 0.013858987 0.708762006 0.021667748 -0.497684109 -0.072487924
963.100000000 -0.577724847 -1.707398437 6.678398938 -0.007037374 -0.705108810 0.013540632 0.708934900 0.018152270 -0.495110488 -0.072708584
963.200000000 -0.576193575 -1.754509780 6.686087648 -0.007418059 -0.705177705 0.013770509 0.708858061 0.013212123 -0.482585804 -0.064570878
963.300000000 -0.563075168 -1.812121188 6.684324013 -0.007237462 -0.705263717 0.013067288 0.708787665 0.009761112 -0.451410522 -0.050988893
963.400000000 -0.550066142 -1.867767488 6.684848016 -0.007445582 -0.705163537 0.013134828 0.708883929 0.004411701 -0.406225628 -0.035077534
963.500000000 -0.551155847 -1.905866354 6.688836611 -0.009891592 -0.705185945 0.011265851 0.708863893 -0.000600989 -0.348340798 -0.015937086
963.600000000 -0.549592377 -1.949415152 6.687958839 -0.030929254 -0.704882036 -0.012464123 0.708540290 -0.003242770 -0.284144512 -0.008037993
963.700000000 -0.556041184 -1.958843217 6.688992875 -0.034901193 -0.704883891 -0.017507558 0.708247198 -0.002245011 -0.216095592 0.027353787
963.800000000 -0.557709379 -1.970748469 6.689626565 -0.024823749 -0.705219244 -0.009449099 0.708491576 0.002310696 -0.148732709 0.070769682
963.900000000 -0.569049506 -1.978486557 6.689167317 -0.013119598 -0.704407609 0.002150646 0.709671171 0.005188443 -0.088479838 0.102511949
964.000000000 -0.583936313 -1.987090334 6.689298831 -0.008340797 -0.703284074 0.009747320 0.710793171 0.007026319 -0.043982054 0.117594451
964.100000000 -0.595217689 -1.992749677 6.686035413 -0.006543122 -0.702455142 0.011935205 0.711597858 0.006839752 -0.017972130 0.115836305
964.200000000 -0.621256038 -1.986576006 6.693533878 -0.005138736 -0.701733888 0.012901055 0.712303802 0.006355713 0.000524252 0.108682954
964.300000000 -0.621256038 -1.986576006 6.693533878 -0.005138736 -0.701733888 0.012901055 0.712303802 -0.019498728 0.016227814 0.063235211
964.400000000 -0.646829302 -1.974265098 6.697640161 -0.004192868 -0.701531231 0.013120597 0.712505580 -0.048711212 0.029709948 0.022098698
964.500000000 -0.633893509 -1.979961621 6.691932241 -0.003801079 -0.701431225 0.012988797 0.712608644 -0.066950695 0.046628173 0.003450041
964.600000000 -0.634392559 -1.979054500 6.691639893 -0.003641033 -0.701388287 0.013109517 0.712649531 -0.088506586 0.054557592 -0.018239473
964.700000000 -0.615548106 -1.969989644 6.671034181 -0.002376513 -0.701252587 0.013513102 0.712780862 -0.113611574 0.057333060 -0.041720775
964.800000000 -0.587139322 -1.970800862 6.630727520 -0.002926999 -0.701299296 0.013350785 0.712735916 -0.126605218 0.055615945 -0.056647708
964.900000000 -0.617485260 -1.953478943 6.632688919 -0.004389565 -0.701423875 0.013073021 0.712610956 -0.126195441 0.060462026 -0.057520966
965.000000000 -0.627797864 -1.938938806 6.633933228 -0.004719971 -0.701501040 0.012410005 0.712544738 -0.110556344 0.057915855 -0.048690709
965.100000000 -0.600704996 -1.942125357 6.604230976 -0.005386277 -0.701633636 0.012522816 0.712407473 -0.090222518 0.043460122 -0.048069010
965.200000000 -0.593853704 -1.940158900 6.597023211 -0.005951126 -0.701704251 0.012396675 0.712335631 -0.067793967 0.026429642 -0.055266824
965.300000000 -0.603943297 -1.931225917 6.600200399 -0.005929646 -0.701705498 0.012552287 0.712331856 -0.063690817 0.008374871 -0.086211283
965.400000000 -0.588844435 -1.933589342 6.600653134 -0.005069261 -0.701783328 0.013017406 0.712253473 -0.057262979 -0.005988541 -0.101312421
965.500000000 -0.588844435 -1.933589342 6.600653134 -0.005069261 -0.701783328 0.013017406 0.712253473 -0.020452198 0.015881440 -0.007683902
965.600000000 -0.541723563 -1.945198087 6.577391744 -0.005342964 -0.701439936 0.013356785 0.712583374 0.012727783 0.043847154 0.105216950
965.700000000 -0.541723563 -1.945198087 6.577391744 -0.005342964 -0.701439936 0.013356785 0.712583374 0.028755871 0.063313583 0.185777937
965.800000000 -0.541723563 -1.945198087 6.577391744 -0.005342964 -0.701439936 0.013356785 0.712583374 0.045327022 0.069870352 0.253683026
965.900000000 -0.571061182 -1.939673678 6.600586951 -0.005590942 -0.701267887 0.013487034 0.712748337 0.054543854 0.073458001 0.292753702
966.000000000 -0.753428821 -1.881986980 6.626411769 -0.005517110 -0.701120797 0.012811585 0.712906062 0.050893652 0.064298334 0.304547253
966.100000000 -0.753428821 -1.881986980 6.626411769 -0.005517110 -0.701120797 0.012811585 0.712906062 0.030370112 0.043945390 0.265050895
966.200000000 -0.748897901 -1.884101862 6.619401868 -0.005075644 -0.701159475 0.012797086 0.712871561 0.000930942 0.022832564 0.193395599
966.300000000 -0.765961539 -1.897542366 6.632780418 -0.005175818 -0.701209756 0.012953445 0.712818559 -0.029867464 -0.002497264 0.097512026
966.400000000 -0.754633219 -1.910896026 6.608465114 -0.005921802 -0.701265126 0.012988519 0.712757640 -0.052190085 -0.002013209 -0.009016105
966.500000000 -0.718844114 -1.918520559 6.586986193 -0.006152886 -0.701290788 0.012954416 0.712731054 -0.019788504 0.075381812 0.019446498
966.600000000 -0.729131075 -1.911933456 6.586549297 -0.006300454 -0.701208711 0.012415841 0.712820100 0.028854564 0.138637240 0.080637494
966.700000000 -0.726387400 -1.908488151 6.583790206 -0.007623618 -0.700974364 0.011835677 0.713047501 0.071453796 0.185934822 0.134683993
966.800000000 -0.726387400 -1.908488151 6.583790206 -0.007623618 -0.700974364 0.011835677 0.713047501 0.111091423 0.188231742 0.184038896
966.900000000 -0.790198993 -1.755720653 6.618149631 -0.007259602 -0.701183202 0.011767638 0.712847065 0.168300003 0.148517573 0.171037026
967.000000000 -0.860277002 -1.768890664 6.677979068 -0.006733863 -0.701241819 0.011301875 0.712802100 0.192955714 0.095455232 0.137723267
967.100000000 -0.860277002 -1.768890664 6.677979068 -0.006733863 -0.701241819 0.011301875 0.712802100 0.189819434 0.031655213 0.079006808
967.200000000 -0.880240697 -1.770069756 6.687546183 -0.006865646 -0.701307877 0.011082694 0.712739292 0.164931837 -0.035106605 0.022964203
967.300000000 -0.793037716 -1.856501691 6.735247314 -0.007130802 -0.701195647 0.010934229 0.712849394 0.115116741 -0.142363998 -0.058780629
967.400000000 -0.793037716 -1.856501691 6.735247314 -0.007130802 -0.701195647 0.010934229 0.712849394 0.058721093 -0.231687865 -0.192886650
967.500000000 -0.780081998 -1.859212319 6.727401304 -0.007799434 -0.701122640 0.010679079 0.712918066 0.014850240 -0.255434268 -0.295566310
967.600000000 -0.780081998 -1.859212319 6.727401304 -0.007799434 -0.701122640 0.010679079 0.712918066 -0.013762228 -0.253094790 -0.340986654
967.700000000 -0.835787612 -1.881540287 6.702160222 -0.007978361 -0.701112270 0.010891483 0.712923072 -0.038605358 -0.223394515 -0.340298392
967.800000000 -0.672009847 -1.978698027 6.722994498 -0.007854430 -0.701140132 0.010844709 0.712897760 -0.061435876 -0.199161452 -0.312016354
967.900000000 -0.554847455 -1.998978734 6.671519340 -0.007960776 -0.701208258 0.010857206 0.712829381 -0.052242645 -0.179834062 -0.295490123
968.000000000 -0.583360960 -1.990918319 6.689708099 -0.007623647 -0.701261554 0.010929663 0.712779528 -0.037769004 -0.141753630 -0.250450149
968.100000000 -0.583360960 -1.990918319 6.689708099 -0.007623647 -0.701261554 0.010929663 0.712779528 -0.022273723 -0.082371392 -0.167092629
968.200000000 -0.583360960 -1.990918319 6.689708099 -0.007623647 -0.701261554 0.010929663 0.712779528 0.004664986 -0.009846597 -0.030219221
968.300000000 -0.583360960 -1.990918319 6.689708099 -0.007623647 -0.701261554 0.010929663 0.712779528 0.030136942 0.027156099 0.089755359
968.400000000 -0.586978232 -1.988456068 6.699319885 -0.007393984 -0.701223619 0.010948750 0.712818974 0.036275462 0.024655591 0.117557675
968.500000000 -0.630343370 -1.974592062 6.695762388 -0.007485090 -0.701197725 0.011096703 0.712841208 0.027644652 0.015882744 0.103482820
968.600000000 -0.630343370 -1.974592062 6.695762388 -0.007485090 -0.701197725 0.011096703 0.712841208 0.016169933 0.002495835 0.075168720
968.700000000 -0.681100288 -1.967393415 6.724733860 -0.007138452 -0.701184527 0.010985543 0.712859467 -0.000311111 -0.020185908 0.019926308
968.800000000 -0.666504309 -1.974063712 6.717227869 -0.007063198 -0.701165850 0.010930757 0.712879429 -0.016139357 -0.039790713 -0.034052224
968.900000000 -0.637312351 -1.987404306 6.702215888 -0.006912688 -0.701128478 0.010821184 0.712919332 -0.035404018 -0.059371766 -0.091731474
969.000000000 -0.637312351 -1.987404306 6.702215888 -0.006912688 -0.701128478 0.010821184 0.712919332 -0.059103893 -0.076038307 -0.143203582
969.100000000 -0.573265861 -2.015759604 6.685098008 -0.007131158 -0.701058940 0.010678845 0.712987708 -0.073728311 -0.078707303 -0.161896139
969.200000000 -0.573265861 -2.015759604 6.685098008 -0.007131158 -0.701058940 0.010678845 0.712987708 -0.069697904 -0.066777382 -0.135138050
969.300000000 -0.573265861 -2.015759604 6.685098008 -0.007131158 -0.701058940 0.010678845 0.712987708 -0.065503527 -0.042965280 -0.085156494
969.400000000 -0.546402794 -2.033147194 6.655494755 -0.006753390 -0.700966673 0.010693885 0.713081872 -0.080008084 -0.015641063 -0.030610292
969.500000000 -0.553479455 -2.032564658 6.660981437 -0.011656687 -0.701462923 0.012881068 0.712494188 -0.113812481 0.027159795 0.041913052
969.600000000 -0.568421380 -2.024455399 6.661358701 -0.039991896 -0.702821126 -0.042554044 0.708965632 -0.191102839 0.056363647 0.119235435
969.700000000 -0.573459389 -2.018898884 6.651297313 -0.007384957 -0.708172511 -0.116802268 0.696271777 -0.320513963 0.046033823 0.199111424
969.800000000 -0.597637517 -2.009612878 6.632142196 0.045255712 -0.720314916 -0.149266958 0.675882917 -0.488259165 0.026714200 0.275802332
969.900000000 -0.640813025 -1.981064930 6.595140249 0.087164136 -0.736213905 -0.158668474 0.652085742 -0.705568933 -0.009012758 0.371324054
970.000000000 -0.672456422 -1.956293305 6.518452527 0.109772574 -0.752046094 -0.168020396 0.627810323 -0.969092347 -0.076671026 0.507638600
970.100000000 -0.692096980 -1.921187279 6.404570299 0.121298546 -0.767803725 -0.182207189 0.602133410 -1.248559416 -0.181625536 0.700442472
970.200000000 -0.709511494 -1.864065944 6.264581282 0.125878227 -0.785608617 -0.196265120 0.573108868 -1.525547809 -0.317204091 0.935561125
970.300000000 -0.771022970 -1.807351585 6.070777808 0.127239108 -0.801656662 -0.206834141 0.546238450 -1.790883684 -0.465742497 1.167796163
970.400000000 -0.813640026 -1.745240801 5.861884427 0.126682206 -0.817989870 -0.215037437 0.518269325 -2.038420736 -0.628195666 1.445179274
970.500000000 -0.905137172 -1.670380962 5.575196168 -0.122406152 0.834893199 0.221269293 -0.488886469 -2.234962208 -0.782294645 1.726202026
970.600000000 -0.958394148 -1.596270577 5.267734849 -0.116716387 0.851444642 0.225280629 -0.458985779 -2.403553159 -0.941849403 2.033793679
970.700000000 -0.959122600 -1.522862220 4.946624592 -0.109910384 0.867349784 0.228127261 -0.428464715 -2.513252653 -1.090744547 2.359407694
970.800000000 -0.996856689 -1.436927379 4.512986315 -0.099511403 0.883826110 0.228170520 -0.396089764 -2.578602846 -1.216102045 2.692485268
970.900000000 -1.016744114 -1.369337068 4.154250151 -0.089305237 0.897125496 0.227967870 -0.367724177 -2.643439226 -1.350913858 3.019502561
971.000000000 -1.024523616 -1.295729338 3.732817505 -0.079125564 0.909126460 0.227488016 -0.339819697 -2.672544609 -1.490876976 3.381366574
971.100000000 -1.051634764 -1.225728142 3.247656118 -0.070180448 0.920018854 0.227493250 -0.311266499 -2.647400915 -1.650853553 3.778712351
971.200000000 -1.068537634 -1.169967188 2.809079652 -0.061480724 0.930936423 0.221405930 -0.283825493 -2.586165860 -1.763227538 4.203146274
971.300000000 -1.092364162 -1.102049426 2.252032989 -0.056186073 0.940228470 0.216842148 -0.256501523 -2.473413363 -1.888533706 4.588511684
971.400000000 -1.108418625 -1.031427184 1.607897709 -0.051642150 0.949411609 0.210097012 -0.227617949 -2.302827378 -1.988100026 4.976054917
971.500000000 -1.130282647 -0.982557775 1.016037958 -0.046976480 0.958414161 0.195752954 -0.202277748 -2.138003907 -1.973033517 5.307562319
971.600000000 -1.153460718 -0.944864505 0.397675928 -0.044620381 0.966534398 0.180199084 -0.177055272 -1.937896943 -1.929823612 5.601461722
971.700000000 -1.179594906 -0.911987368 -0.247510179 -0.042193719 0.973052612 0.168336675 -0.151825782 -1.700626867 -1.903080078 5.798964001
971.800000000 -1.180153759 -0.894794029 -0.863800849 -0.040172725 0.978284520 0.158925949 -0.126838848 -1.448977381 -1.894323977 5.937204203
971.900000000 -1.189346595 -0.881493304 -1.529838267 -0.039189248 0.982383131 0.151960925 -0.101466562 -1.187000144 -1.910374204 6.053609652
972.000000000 -1.186341531 -0.880140595 -2.220023033 -0.039233774 0.986292090 0.142488559 -0.073386878 -0.889258235 -1.880324249 6.143102964
972.100000000 -1.182218280 -0.887519132 -2.829906854 -0.038085918 0.989356761 0.132261916 -0.047217027 -0.610901342 -1.829968362 6.195855856
972.200000000 -1.173877323 -0.901979192 -3.452783248 -0.036612686 0.991473024 0.123314260 -0.020841021 -0.322798982 -1.778260092 6.192081896
972.300000000 -1.157895117 -0.927779021 -4.137192779 -0.035485930 0.992722863 0.114875726 0.006755234 -0.030619168 -1.718018293 6.146380558
972.400000000 -1.140762041 -0.960754061 -4.785336936 -0.034211262 0.993161093 0.106359961 0.033884978 0.246630452 -1.653173557 6.079832356
972.500000000 -1.101541976 -0.998229146 -5.441793774 -0.034692479 0.993104569 0.093528587 0.061580442 0.545944705 -1.516357631 5.910688615
972.600000000 -1.075274012 -1.046345556 -6.044889482 -0.038006709 0.991684750 0.080849476 0.092629414 0.874501104 -1.368498522 5.657773026
972.700000000 -1.052110024 -1.098094729 -6.583371601 -0.040436037 0.989430197 0.069239150 0.120825295 1.132095159 -1.231189339 5.341423444
972.800000000 -0.988556884 -1.139284170 -7.189705411 -0.042613739 0.986262532 0.058922609 0.148318619 1.347886112 -1.112649537 5.011066581
972.900000000 -0.972073953 -1.204375619 -7.693933798 -0.045078220 0.982044743 0.045620886 0.177411421 1.557376524 -0.968227071 4.703500460
973.000000000 -0.966355536 -1.270225349 -8.139507288 -0.048626234 0.976885303 0.023841132 0.206790217 1.727338131 -0.748975759 4.404277697
973.100000000 -0.956081036 -1.328813856 -8.572792394 -0.053396720 0.970514374 0.001691914 0.235048458 1.864547359 -0.554079043 4.084627633
973.200000000 -0.916392525 -1.402625634 -9.050105505 -0.059198636 0.961870528 -0.018223133 0.266399185 2.001550099 -0.394351977 3.705051060
973.300000000 -0.873186990 -1.457079812 -9.489917239 -0.066599316 0.952603304 -0.028037954 0.295508629 2.090775058 -0.319583386 3.376791380
973.400000000 -0.847253404 -1.513295944 -9.827694199 -0.074219706 0.942487625 -0.033806444 0.324138300 2.162845974 -0.271484819 3.103313864
973.500000000 -0.785220455 -1.581703822 -10.210398339 -0.081381778 0.930957262 -0.039153758 0.353783218 2.205151606 -0.228310942 2.794282612
973.600000000 -0.833126012 -1.677838969 -10.489003190 -0.088623678 0.918355766 -0.045043711 0.383066044 2.202950543 -0.182882625 2.474181520
973.700000000 -0.787016655 -1.727747392 -10.823864558 -0.097846985 0.905101883 -0.052432201 0.410447821 2.146563230 -0.125861721 2.182939348
973.800000000 -0.774224558 -1.807927104 -11.128749732 -0.107834526 0.889479447 -0.064171877 0.439408691 2.062273677 -0.037622693 1.937040234
973.900000000 -0.726210174 -1.851784959 -11.406341624 -0.115658799 0.874211559 -0.075260466 0.465524494 1.930365182 0.042593264 1.747018409
974.000000000 -0.696264902 -1.906539445 -11.610983531 -0.123891751 0.857977468 -0.084939809 0.491233882 1.754268203 0.117180350 1.610539820
974.100000000 -0.651955202 -1.955948085 -11.825351192 -0.133638125 0.839397332 -0.094672363 0.518256804 1.547185522 0.169673135 1.468544989
974.200000000 -0.571403467 -1.984683785 -12.032280152 -0.143213478 0.819071780 -0.104782714 0.545556507 1.299063100 0.203646236 1.318032815
974.300000000 -0.490748267 -2.011339421 -12.195451970 -0.152575574 0.797587537 -0.113301635 0.572483672 1.024527503 0.208266335 1.185851221
974.400000000 -0.373478033 -2.019725754 -12.340134500 -0.163047994 0.773056287 -0.121037853 0.600956876 0.733401767 0.195583186 1.075170821
974.500000000 -0.279259254 -2.024831096 -12.416287051 -0.171841532 0.750476231 -0.124625931 0.625878816 0.408470100 0.154135734 1.000309019
974.600000000 -0.194151535 -2.022552691 -12.457135090 -0.180635811 0.727026909 -0.127392130 0.650056784 0.054505440 0.082689155 0.939095589
974.700000000 -0.108549467 -2.011838403 -12.454272585 -0.189096326 0.702014184 -0.128994716 0.674373064 -0.314073844 -0.009900544 0.919209840
974.800000000 -0.026336822 -1.990655637 -12.407144150 -0.197166692 0.676299519 -0.129507366 0.697833862 -0.676173008 -0.114199547 0.955743357
974.900000000 0.070456545 -1.952029086 -12.319920125 -0.205843301 0.649616337 -0.130422725 0.720150723 -1.031157032 -0.239389449 1.042480500
975.000000000 0.170238568 -1.900887404 -12.177565113 -0.212599440 0.620090904 -0.129825746 0.743931465 -1.358114223 -0.373355387 1.200103695
975.100000000 0.267942755 -1.843881148 -12.007093578 -0.216611639 0.593182455 -0.127076414 0.764895782 -1.662920675 -0.510192125 1.389501308
975.200000000 0.368515897 -1.777644283 -11.795856345 -0.219211430 0.565586626 -0.122894366 0.785464890 -1.915946511 -0.638237237 1.590226513
975.300000000 0.450735008 -1.716701363 -11.540888230 -0.222849451 0.536049795 -0.116877392 0.805809168 -2.085390405 -0.747672510 1.762667800
975.400000000 0.540868388 -1.647432722 -11.235162482 -0.227112318 0.506339432 -0.108964541 0.824722440 -2.214532087 -0.855457610 1.922175618
975.500000000 0.638883130 -1.569770062 -10.893018711 -0.231417220 0.476592158 -0.099303213 0.842285496 -2.312869102 -0.950902932 2.059054286
975.600000000 0.717565212 -1.493775257 -10.495814054 -0.236097896 0.444301645 -0.088955368 0.859616644 -2.402061488 -1.063759590 2.247832635
975.700000000 0.692298843 -1.433455279 -10.246708710 -0.237247222 0.415878506 -0.079407038 0.874330227 -2.515417348 -1.176282500 2.481804678
975.800000000 0.711741194 -1.373933481 -9.918667885 -0.239726693 0.387300801 -0.070910864 0.887412447 -2.593318525 -1.306648232 2.753959084
975.900000000 0.714418892 -1.315179886 -9.547205544 -0.242139084 0.358331156 -0.060587174 0.899609160 -2.643333237 -1.454000389 3.088014578
976.000000000 0.724309850 -1.241979893 -9.107170983 -0.243928964 0.329416509 -0.052583271 0.910614311 -2.648469286 -1.625516295 3.479574302
976.100000000 0.765556245 -1.162142042 -8.561572016 -0.240279500 0.301666957 -0.044587004 0.921561071 -2.603758376 -1.763922878 3.919628699
976.200000000 0.795416000 -1.086662022 -8.012501009 -0.228691110 0.274043406 -0.033718081 0.933522190 -2.510027550 -1.810881459 4.375917670
976.300000000 0.833363852 -1.021219400 -7.452815826 -0.220592655 0.249164516 -0.027732072 0.942595808 -2.382242957 -1.882540324 4.772344161
976.400000000 0.869914053 -0.958003248 -6.869460159 -0.212721141 0.223055137 -0.025100488 0.950981644 -2.204868387 -1.954533522 5.173439897
976.500000000 0.900026386 -0.911142354 -6.298955860 -0.201847934 0.195899258 -0.021776198 0.959378283 -1.984426012 -1.979303951 5.588206183
976.600000000 0.933436777 -0.872628026 -5.714468776 -0.196173031 0.167724596 -0.020232631 0.965906436 -1.710302251 -2.058509639 5.978649604
